times:
  edit-metadata: 0.4505527066066861
  landing: 0.04741798993200064
  view-data: 0.20757602155208588
