times:
  edit-metadata: 0.44137253146618605
  landing: 0.048022186383605
  view-data: 0.3261450221762061
