times:
  edit-metadata: 0.4260366251692176
  landing: 0.052337540313601494
  view-data: 0.3278955603018403
