times:
  edit-metadata: 0.44899664260447025
  landing: 0.052297186106443405
  view-data: 0.19928982760757208
