times:
  edit-metadata: 0.4271794557571411
  landing: 0.05706331040710211
  view-data: 0.20789173617959023
