times:
  edit-metadata: 0.4115039696916938
  landing: 0.059482174925506115
  view-data: 0.31862180307507515
