times:
  edit-metadata: 0.41077345237135887
  landing: 0.05435442738234997
  view-data: 0.20003692712634802
