times:
  edit-metadata: 0.4463634970597923
  landing: 0.046686071902513504
  view-data: 0.42975453892722726
