times:
  edit-metadata: 0.45759678119793534
  landing: 0.04614309314638376
  view-data: 0.33417195500805974
