times:
  edit-metadata: 0.4100662022829056
  landing: 0.05586076620966196
  view-data: 0.3156215911731124
