times:
  edit-metadata: 0.43623907398432493
  landing: 0.04727786406874657
  view-data: 0.6138498359359801
