times:
  edit-metadata: 0.4546763258986175
  landing: 0.049511055927723646
  view-data: 0.3253354108892381
