times:
  edit-metadata: 0.4875674797222018
  landing: 0.05245240963995457
  view-data: 0.22317094262689352
