times:
  edit-metadata: 0.4652276998385787
  landing: 0.053100897930562496
  view-data: 0.3164210789836943
