times:
  edit-metadata: 1.364832242950797
  landing: 0.02436906471848488
  view-data: 0.1416750643402338
