times:
  edit-metadata: 0.5206566238775849
  landing: 0.07569936476647854
  view-data: 0.207447849214077
