times:
  edit-metadata: 1.3887115884572268
  landing: 0.021744733676314354
  view-data: 0.027595004066824913
