times:
  edit-metadata: 1.458949200809002
  landing: 0.1610049605369568
  view-data: 0.3340531624853611
