times:
  edit-metadata: 0.5180419608950615
  landing: 0.07188422232866287
  view-data: 0.20355669083073735
