times:
  edit-metadata: 0.5065512731671333
  landing: 0.06215848494321108
  view-data: 0.29705869825556874
