times:
  edit-metadata: 0.7455464666709304
  landing: 0.19917853036895394
  view-data: 0.2077795872464776
