times:
  edit-metadata: 1.7681636605411768
  landing: 0.1809137761592865
  view-data: 0.17021453566849232
