times:
  edit-metadata: 1.5324072279036045
  landing: 0.1383084673434496
  view-data: 0.02492588385939598
