times:
  edit-metadata: 1.5273187179118395
  landing: 0.273862948641181
  view-data: 0.49606153927743435
