times:
  edit-metadata: 0.6604764009825885
  landing: 0.08495262078940868
  view-data: 0.21743950620293617
