times:
  edit-metadata: 1.722866851836443
  landing: 0.24596931971609592
  view-data: 0.33452875912189484
