times:
  edit-metadata: 1.3306202031672
  landing: 0.02076057344675064
  view-data: 0.12352020293474197
