times:
  edit-metadata: 1.418472845107317
  landing: 0.020040784031152725
  view-data: 0.024134136736392975
