times:
  edit-metadata: 1.4158177897334099
  landing: 0.19658258743584156
  view-data: 0.3014122527092695
