times:
  edit-metadata: 0.5595706319436431
  landing: 0.06789641361683607
  view-data: 0.279089551884681
