times:
  edit-metadata: 1.6820163205265999
  landing: 0.3605520576238632
  view-data: 0.32481077313423157
