times:
  edit-metadata: 1.365202167071402
  landing: 0.019212648272514343
  view-data: 0.025780058465898037
