times:
  edit-metadata: 1.3779888451099396
  landing: 0.14708373975008726
  view-data: 0.027273140847682953
