times:
  edit-metadata: 1.414569305256009
  landing: 0.019930090755224228
  view-data: 0.023955078795552254
