times:
  edit-metadata: 0.5380986551754177
  landing: 0.06792749091982841
  view-data: 0.21058971574530005
