times:
  edit-metadata: 1.6944013684988022
  landing: 0.3042084239423275
  view-data: 0.4905071221292019
