times:
  edit-metadata: 1.3677511159330606
  landing: 0.020714836195111275
  view-data: 0.024784529581665993
