times:
  edit-metadata: 1.4703505989164114
  landing: 0.290259413421154
  view-data: 0.1796861570328474
