times:
  edit-metadata: 1.7274546157568693
  landing: 0.252482857555151
  view-data: 0.32789317332208157
