times:
  edit-metadata: 1.3061023727059364
  landing: 0.019885201007127762
  view-data: 0.12250243872404099
