times:
  edit-metadata: 1.677388358861208
  landing: 0.025762373581528664
  view-data: 0.17648598179221153
