times:
  edit-metadata: 0.8379702931270003
  landing: 0.041459979955106974
  view-data: 0.20369635615497828
