times:
  edit-metadata: 1.431025067344308
  landing: 0.019663093611598015
  view-data: 0.12629853375256062
