times:
  edit-metadata: 1.4224687358364463
  landing: 0.13141272123903036
  view-data: 0.11837696563452482
