times:
  edit-metadata: 1.4760987283661962
  landing: 0.018905779346823692
  view-data: 0.5220172852277756
