times:
  edit-metadata: 1.598858067765832
  landing: 0.01954999566078186
  view-data: 0.14376300759613514
