times:
  edit-metadata: 1.3163149766623974
  landing: 0.023455526679754257
  view-data: 0.025992965325713158
