times:
  edit-metadata: 1.3086544871330261
  landing: 0.19507517851889133
  view-data: 0.14205977879464626
