times:
  edit-metadata: 0.5470186471939087
  landing: 0.07582407677546144
  view-data: 0.28990329802036285
