times:
  edit-metadata: 1.4320046566426754
  landing: 0.021069830283522606
  view-data: 0.30809513479471207
