times:
  edit-metadata: 1.4796389499679208
  landing: 0.20983160100877285
  view-data: 0.2683289498090744
