times:
  edit-metadata: 1.363673696294427
  landing: 0.1349126398563385
  view-data: 0.31006485410034657
