times:
  edit-metadata: 1.320218889042735
  landing: 0.09625954367220402
  view-data: 0.028185183182358742
