times:
  edit-metadata: 1.4414322841912508
  landing: 0.02186613902449608
  view-data: 0.3608223907649517
