times:
  edit-metadata: 1.3865149691700935
  landing: 0.12633397616446018
  view-data: 0.33344712294638157
