times:
  edit-metadata: 1.3327652662992477
  landing: 0.022851075045764446
  view-data: 0.13279012218117714
