times:
  edit-metadata: 1.352139737457037
  landing: 0.020830487832427025
  view-data: 0.023874884471297264
