times:
  edit-metadata: 1.4619694128632545
  landing: 0.023992870002985
  view-data: 0.025678297504782677
