times:
  edit-metadata: 1.5285982266068459
  landing: 0.13812827318906784
  view-data: 0.3245334140956402
