times:
  edit-metadata: 1.2570205628871918
  landing: 0.13959450647234917
  view-data: 0.4700816487893462
