times:
  edit-metadata: 0.5174227780662477
  landing: 0.10191634809598327
  view-data: 0.2068232037127018
