times:
  edit-metadata: 1.32122921384871
  landing: 0.0211018193513155
  view-data: 0.02597104385495186
