times:
  edit-metadata: 1.3309882190078497
  landing: 0.0193522647023201
  view-data: 0.023603804409503937
