times:
  edit-metadata: 1.487159714102745
  landing: 0.20412448048591614
  view-data: 0.03741610422730446
