times:
  edit-metadata: 1.5146372150629759
  landing: 0.22508925944566727
  view-data: 0.35809959657490253
