times:
  edit-metadata: 1.355350756086409
  landing: 0.2172586154192686
  view-data: 0.13483788538724184
