times:
  edit-metadata: 1.9057414140552282
  landing: 0.32841585483402014
  view-data: 0.47787821386009455
