times:
  edit-metadata: 1.3799364492297173
  landing: 0.02081904746592045
  view-data: 0.0270307045429945
