times:
  edit-metadata: 1.4245488699525595
  landing: 0.019970659166574478
  view-data: 0.09692728519439697
