times:
  edit-metadata: 1.5422559268772602
  landing: 0.2172769345343113
  view-data: 0.43763893097639084
