times:
  edit-metadata: 2.7090612184256315
  landing: 0.2757642548531294
  view-data: 0.18516794219613075
