times:
  edit-metadata: 1.3386566136032343
  landing: 0.19809298403561115
  view-data: 0.12477072514593601
