times:
  edit-metadata: 1.3722136840224266
  landing: 0.023348674178123474
  view-data: 0.028604354709386826
