times:
  edit-metadata: 1.3730670399963856
  landing: 0.1183428168296814
  view-data: 0.02352934144437313
