times:
  edit-metadata: 2.152672041207552
  landing: 0.1955900527536869
  view-data: 0.39608896523714066
