times:
  edit-metadata: 1.314186904579401
  landing: 0.020542362704873085
  view-data: 0.13839753903448582
