times:
  edit-metadata: 1.4509254097938538
  landing: 0.021231679245829582
  view-data: 0.12767709977924824
