times:
  edit-metadata: 1.3227193234488368
  landing: 0.021084795705974102
  view-data: 0.024375789798796177
