times:
  edit-metadata: 1.4560100948438048
  landing: 0.019105606712400913
  view-data: 0.468587807379663
