times:
  edit-metadata: 1.4160753320902586
  landing: 0.018484491854906082
  view-data: 0.02795252576470375
