times:
  edit-metadata: 1.3873502733185887
  landing: 0.020367931574583054
  view-data: 0.1307794051244855
