times:
  edit-metadata: 1.4020678363740444
  landing: 0.020448055118322372
  view-data: 0.12590861320495605
