times:
  edit-metadata: 1.5903308428823948
  landing: 0.020007284358143806
  view-data: 0.3890846688300371
