times:
  edit-metadata: 1.407459083944559
  landing: 0.03251984342932701
  view-data: 0.15757574327290058
