times:
  edit-metadata: 1.5387128870934248
  landing: 0.20594105683267117
  view-data: 0.31597545742988586
