times:
  edit-metadata: 1.286253210157156
  landing: 0.020759303122758865
  view-data: 0.023109424859285355
