times:
  edit-metadata: 0.5006058872677386
  landing: 0.1084934794344008
  view-data: 0.28581560496240854
