times:
  edit-metadata: 1.2936081355437636
  landing: 0.11516452021896839
  view-data: 0.02725992165505886
