times:
  edit-metadata: 1.368359829299152
  landing: 0.1454470856115222
  view-data: 0.023838598281145096
