times:
  edit-metadata: 2.335725286975503
  landing: 0.05060695298016071
  view-data: 0.6137388199567795
