times:
  edit-metadata: 1.2922152280807495
  landing: 0.019929347559809685
  view-data: 0.024490632116794586
