times:
  edit-metadata: 1.407219922170043
  landing: 0.022345365025103092
  view-data: 0.21215238329023123
