times:
  edit-metadata: 2.498526906594634
  landing: 0.24750515073537827
  view-data: 0.16291131731122732
