times:
  edit-metadata: 1.370076327584684
  landing: 0.11187930125743151
  view-data: 0.13047798722982407
