times:
  edit-metadata: 1.3574332613497972
  landing: 0.019313501194119453
  view-data: 0.0241417046636343
