times:
  edit-metadata: 1.4860684350132942
  landing: 0.01992475613951683
  view-data: 0.026054849848151207
