times:
  edit-metadata: 0.5074283429421484
  landing: 0.07676167320460081
  view-data: 0.20435472996905446
