times:
  edit-metadata: 0.6079073678702116
  landing: 0.058425080962479115
  view-data: 0.287599157076329
