times:
  edit-metadata: 0.6024769740179181
  landing: 0.09700417006388307
  view-data: 0.28388315020129085
