times:
  edit-metadata: 1.3876131400465965
  landing: 0.13163637649267912
  view-data: 0.4751193020492792
