times:
  edit-metadata: 1.3062320295721292
  landing: 0.18670463282614946
  view-data: 0.025548645295202732
