times:
  edit-metadata: 1.4890197608619928
  landing: 0.01896144077181816
  view-data: 0.031171482987701893
