times:
  edit-metadata: 1.321277566254139
  landing: 0.023127075284719467
  view-data: 0.3529206644743681
