times:
  edit-metadata: 1.5909357257187366
  landing: 0.2580030746757984
  view-data: 0.028648268431425095
