times:
  edit-metadata: 1.2946324422955513
  landing: 0.022028455510735512
  view-data: 0.023648040369153023
