times:
  edit-metadata: 1.5290327295660973
  landing: 0.19884573109447956
  view-data: 0.14454082772135735
