times:
  edit-metadata: 1.3394292052835226
  landing: 0.14734088443219662
  view-data: 0.02220408245921135
