times:
  edit-metadata: 1.5876474939286709
  landing: 0.2887566201388836
  view-data: 0.24935066141188145
