times:
  edit-metadata: 1.3531610071659088
  landing: 0.12013483606278896
  view-data: 0.02327715791761875
