times:
  edit-metadata: 1.3901834301650524
  landing: 0.20442944578826427
  view-data: 0.22759974095970392
