times:
  edit-metadata: 1.5965228471904993
  landing: 0.16475979797542095
  view-data: 0.32944702357053757
