times:
  edit-metadata: 1.331109305843711
  landing: 0.11833520047366619
  view-data: 0.3876859284937382
