times:
  edit-metadata: 1.4876701217144728
  landing: 0.12716692127287388
  view-data: 0.13881180062890053
