times:
  edit-metadata: 1.3416387718170881
  landing: 0.19518651627004147
  view-data: 0.026111643761396408
