times:
  edit-metadata: 1.5038265939801931
  landing: 0.21918372996151447
  view-data: 0.13248788937926292
