times:
  edit-metadata: 0.7287687263451517
  landing: 0.05664213094860315
  view-data: 0.2031995407305658
