times:
  edit-metadata: 1.9230445083230734
  landing: 0.18539808131754398
  view-data: 0.46855687722563744
