times:
  edit-metadata: 0.5066280988976359
  landing: 0.07061132974922657
  view-data: 0.21953946817666292
