times:
  edit-metadata: 1.3200460132211447
  landing: 0.019565442577004433
  view-data: 0.025851072743535042
