times:
  edit-metadata: 1.3510495442897081
  landing: 0.019028525799512863
  view-data: 0.029149165377020836
