times:
  edit-metadata: 1.5970483776181936
  landing: 0.19063838943839073
  view-data: 0.17895656265318394
