times:
  edit-metadata: 1.4749917294830084
  landing: 0.1906015444546938
  view-data: 0.02952667325735092
