times:
  edit-metadata: 1.3482107426971197
  landing: 0.0198032408952713
  view-data: 0.027516178786754608
