times:
  edit-metadata: 0.6860888777300715
  landing: 0.06584777729585767
  view-data: 0.22760348999872804
