times:
  edit-metadata: 1.5469450410455465
  landing: 0.1210680790245533
  view-data: 0.12223687954246998
