times:
  edit-metadata: 1.3602204658091068
  landing: 0.020462388172745705
  view-data: 0.02774810791015625
