times:
  edit-metadata: 0.7722371141426265
  landing: 0.05778662674129009
  view-data: 0.21153206611052155
