times:
  edit-metadata: 1.2969671301543713
  landing: 0.01975521631538868
  view-data: 0.022719811648130417
