times:
  edit-metadata: 0.5185130280442536
  landing: 0.10457391617819667
  view-data: 0.2060115491040051
