times:
  edit-metadata: 1.3520209267735481
  landing: 0.019772246479988098
  view-data: 0.0243550855666399
