times:
  edit-metadata: 1.417216358706355
  landing: 0.020243603736162186
  view-data: 0.0234601479023695
