times:
  edit-metadata: 1.6771201640367508
  landing: 0.25789977237582207
  view-data: 0.14822929166257381
