times:
  edit-metadata: 1.367936259135604
  landing: 0.17499662935733795
  view-data: 0.12156872637569904
