times:
  edit-metadata: 1.3434177413582802
  landing: 0.10635433718562126
  view-data: 0.023856868967413902
