times:
  edit-metadata: 0.6909806029871106
  landing: 0.10757501376792789
  view-data: 0.22165521001443267
