times:
  edit-metadata: 1.415022362023592
  landing: 0.020953137427568436
  view-data: 0.1256106235086918
