times:
  edit-metadata: 1.3670153394341469
  landing: 0.019539546221494675
  view-data: 0.024457158520817757
