times:
  edit-metadata: 1.3064160272479057
  landing: 0.02077735960483551
  view-data: 0.28780332766473293
