times:
  edit-metadata: 1.6559750065207481
  landing: 0.17987100593745708
  view-data: 0.3394630718976259
