times:
  edit-metadata: 1.4130990263074636
  landing: 0.1589443814009428
  view-data: 0.14342084154486656
