times:
  edit-metadata: 1.308466598391533
  landing: 0.20569427870213985
  view-data: 0.12510079145431519
