times:
  edit-metadata: 2.2646922450512648
  landing: 0.4391349498182535
  view-data: 0.6847326699644327
