times:
  edit-metadata: 1.36756338365376
  landing: 0.021145591512322426
  view-data: 0.0247799139469862
