times:
  edit-metadata: 1.2918340051546693
  landing: 0.22217303607612848
  view-data: 0.4082028781995177
