times:
  edit-metadata: 1.6827628370374441
  landing: 0.1931871846318245
  view-data: 0.05541432648897171
