times:
  edit-metadata: 1.469663405790925
  landing: 0.024792680516839027
  view-data: 0.02513277530670166
