times:
  edit-metadata: 1.380229216068983
  landing: 0.13666481897234917
  view-data: 0.026566913351416588
