times:
  edit-metadata: 1.4591563511639833
  landing: 0.20628261379897594
  view-data: 0.2947149761021137
