times:
  edit-metadata: 1.657729720696807
  landing: 0.3437516540288925
  view-data: 0.02840486913919449
