times:
  edit-metadata: 1.5492759197950363
  landing: 0.12412361428141594
  view-data: 0.35955112613737583
