times:
  edit-metadata: 1.383356329984963
  landing: 0.2190157873556018
  view-data: 0.13844624906778336
