times:
  edit-metadata: 1.3282935339957476
  landing: 0.023763388395309448
  view-data: 0.319422360509634
