times:
  edit-metadata: 0.7585980277508497
  landing: 0.09333625435829163
  view-data: 0.2973220990970731
