times:
  edit-metadata: 1.4482565987855196
  landing: 0.018967898562550545
  view-data: 0.23344694543629885
