times:
  edit-metadata: 0.526339144911617
  landing: 0.06394103774800897
  view-data: 0.22281622607260942
