times:
  edit-metadata: 1.841740084812045
  landing: 0.02090095542371273
  view-data: 0.46438360773026943
