times:
  edit-metadata: 1.4113582000136375
  landing: 0.2557532638311386
  view-data: 0.4105138462036848
