times:
  edit-metadata: 1.4615712072700262
  landing: 0.019776826724410057
  view-data: 0.31615789979696274
