times:
  edit-metadata: 1.3771777097135782
  landing: 0.021155094727873802
  view-data: 0.02385782077908516
