times:
  edit-metadata: 1.345051120966673
  landing: 0.20091264881193638
  view-data: 0.10190480761229992
