times:
  edit-metadata: 1.336735613644123
  landing: 0.02106323093175888
  view-data: 0.11520299129188061
