times:
  edit-metadata: 1.4443801501765847
  landing: 0.018665635026991367
  view-data: 0.022964988835155964
