times:
  edit-metadata: 1.3638689890503883
  landing: 0.2050970420241356
  view-data: 0.1376633159816265
