times:
  edit-metadata: 1.532616015523672
  landing: 0.019846225157380104
  view-data: 0.37755961529910564
