times:
  edit-metadata: 1.3251453898847103
  landing: 0.021508032456040382
  view-data: 0.025021672248840332
