times:
  edit-metadata: 1.4550855197012424
  landing: 0.020725850015878677
  view-data: 0.025519132614135742
