times:
  edit-metadata: 1.3457783628255129
  landing: 0.019295157864689827
  view-data: 0.13515925966203213
