times:
  edit-metadata: 0.5031619518995285
  landing: 0.07125115627422929
  view-data: 0.20759952999651432
