times:
  edit-metadata: 0.5222518742084503
  landing: 0.0733607211150229
  view-data: 0.20603456906974316
