times:
  edit-metadata: 1.3867738153785467
  landing: 0.12164821662008762
  view-data: 0.02236311510205269
