times:
  edit-metadata: 1.3904087897390127
  landing: 0.19017045386135578
  view-data: 0.12334026768803596
