times:
  edit-metadata: 1.683131230995059
  landing: 0.3486571703106165
  view-data: 0.38376630656421185
