times:
  edit-metadata: 1.332286112010479
  landing: 0.021004432812333107
  view-data: 0.02731192298233509
