times:
  edit-metadata: 1.400954868644476
  landing: 0.09636331908404827
  view-data: 0.31231481581926346
