times:
  edit-metadata: 1.4413123447448015
  landing: 0.2284873891621828
  view-data: 0.03240107744932175
