times:
  edit-metadata: 0.7676926390267909
  landing: 0.06636110972613096
  view-data: 0.2773412689566612
