times:
  edit-metadata: 0.5652081570588052
  landing: 0.06442424328997731
  view-data: 0.27064071083441377
