times:
  edit-metadata: 1.5600708071142435
  landing: 0.025804875418543816
  view-data: 0.17406055890023708
