times:
  edit-metadata: 0.500506766140461
  landing: 0.07077751541510224
  view-data: 0.206949298735708
