times:
  edit-metadata: 1.6845278851687908
  landing: 0.2860896475613117
  view-data: 0.380465691909194
