times:
  edit-metadata: 1.3336964324116707
  landing: 0.024277707561850548
  view-data: 0.0980663150548935
