times:
  edit-metadata: 2.5641981288790703
  landing: 0.023515932261943817
  view-data: 0.026370945386588573
