times:
  edit-metadata: 3.7554364558309317
  landing: 0.025174962356686592
  view-data: 0.022436590865254402
