times:
  edit-metadata: 2.6074844310060143
  landing: 0.021073518320918083
  view-data: 0.024768627248704433
