times:
  edit-metadata: 1.675946755334735
  landing: 0.05477665923535824
  view-data: 0.25335364509373903
