times:
  edit-metadata: 4.195757208392024
  landing: 0.27591012604534626
  view-data: 0.044908083975315094
