times:
  edit-metadata: 5.005697149783373
  landing: 0.23316352907568216
  view-data: 0.15079545695334673
