times:
  edit-metadata: 3.471999302506447
  landing: 0.020101534202694893
  view-data: 0.325730511918664
