times:
  edit-metadata: 2.4929227540269494
  landing: 0.01950925774872303
  view-data: 0.11748187895864248
