times:
  edit-metadata: 3.092616676352918
  landing: 0.06773130409419537
  view-data: 0.5409022900275886
