times:
  edit-metadata: 3.7483097948133945
  landing: 0.020668162032961845
  view-data: 0.02396652102470398
