times:
  edit-metadata: 4.1443589106202126
  landing: 0.2130494099110365
  view-data: 0.02279353141784668
