times:
  edit-metadata: 3.4626780953258276
  landing: 0.01967884600162506
  view-data: 0.04670280031859875
