times:
  edit-metadata: 2.9347552061080933
  landing: 0.05919020716100931
  view-data: 0.41269463999196887
