times:
  edit-metadata: 2.741627672687173
  landing: 0.022143246605992317
  view-data: 0.12847179267555475
