times:
  edit-metadata: 3.8054404463618994
  landing: 0.1483972817659378
  view-data: 0.14679621532559395
