times:
  edit-metadata: 4.2475920636206865
  landing: 0.21529766730964184
  view-data: 0.02785518579185009
