times:
  edit-metadata: 2.59276223462075
  landing: 0.019872001372277737
  view-data: 0.02484802156686783
