times:
  edit-metadata: 2.5490524573251605
  landing: 0.019854655489325523
  view-data: 0.11682013981044292
