times:
  edit-metadata: 2.505542772822082
  landing: 0.0671722088009119
  view-data: 0.3223132132552564
