times:
  edit-metadata: 1.5993908336386085
  landing: 0.04766257107257843
  view-data: 0.2649510409682989
