times:
  edit-metadata: 2.620428567752242
  landing: 0.20968111604452133
  view-data: 0.024581577628850937
