times:
  edit-metadata: 2.5899488758295774
  landing: 0.12820141948759556
  view-data: 0.12668986152857542
