times:
  edit-metadata: 2.5862685535103083
  landing: 0.01799789909273386
  view-data: 0.027656864374876022
