times:
  edit-metadata: 2.620684222318232
  landing: 0.019803323782980442
  view-data: 0.025867451913654804
