times:
  edit-metadata: 3.3651982499286532
  landing: 0.1957987667992711
  view-data: 0.023441930301487446
