times:
  edit-metadata: 3.5896812826395035
  landing: 0.11906705237925053
  view-data: 0.023423979058861732
