times:
  edit-metadata: 1.5452838679775596
  landing: 0.04441772308200598
  view-data: 0.38879858050495386
