times:
  edit-metadata: 2.5786928283050656
  landing: 0.021819481626152992
  view-data: 0.026179825887084007
