times:
  edit-metadata: 2.773190404754132
  landing: 0.04314728267490864
  view-data: 0.3487482201308012
