times:
  edit-metadata: 2.634637776762247
  landing: 0.021421128883957863
  view-data: 0.11813261825591326
