times:
  edit-metadata: 3.7109117582440376
  landing: 0.13898590579628944
  view-data: 0.14845617674291134
