times:
  edit-metadata: 5.001135231927037
  landing: 0.3332303836941719
  view-data: 0.3718681577593088
