times:
  edit-metadata: 3.6414283271878958
  landing: 0.02195664495229721
  view-data: 0.3132253997027874
