times:
  edit-metadata: 3.807504288852215
  landing: 0.11248868890106678
  view-data: 0.3543439041823149
