times:
  edit-metadata: 3.6820849757641554
  landing: 0.05597241409122944
  view-data: 0.15048485063016415
