times:
  edit-metadata: 2.5230984408408403
  landing: 0.02116134576499462
  view-data: 0.19601417612284422
