times:
  edit-metadata: 4.1117742490023375
  landing: 0.026619108393788338
  view-data: 0.3565343879163265
