times:
  edit-metadata: 3.578695258125663
  landing: 0.17708034813404083
  view-data: 0.023352546617388725
