times:
  edit-metadata: 3.5068204067647457
  landing: 0.020061327144503593
  view-data: 0.02785559557378292
