times:
  edit-metadata: 3.563926327973604
  landing: 0.021438850089907646
  view-data: 0.31506121158599854
