times:
  edit-metadata: 2.5565716614946723
  landing: 0.01951437257230282
  view-data: 0.10119722876697779
