times:
  edit-metadata: 3.477890169247985
  landing: 0.027175135910511017
  view-data: 0.1384791824966669
