times:
  edit-metadata: 4.362104399129748
  landing: 0.22100810706615448
  view-data: 0.31181004270911217
