times:
  edit-metadata: 3.892186228185892
  landing: 0.20709644816815853
  view-data: 0.389219855889678
