times:
  edit-metadata: 1.5936346426606178
  landing: 0.04587937239557505
  view-data: 0.24890559259802103
