times:
  edit-metadata: 2.912735073361546
  landing: 0.054297428112477064
  view-data: 0.32967387419193983
