times:
  edit-metadata: 3.8537216186523438
  landing: 0.027523119002580643
  view-data: 0.14399397373199463
