times:
  edit-metadata: 2.583355128765106
  landing: 0.021076833829283714
  view-data: 0.025277649983763695
