times:
  edit-metadata: 3.391571167856455
  landing: 0.12677044607698917
  view-data: 0.3225514739751816
