times:
  edit-metadata: 4.4411192033439875
  landing: 0.21560177020728588
  view-data: 0.3400771766901016
