times:
  edit-metadata: 5.565963797271252
  landing: 0.3985976856201887
  view-data: 0.5195900686085224
