times:
  edit-metadata: 3.0748737221583724
  landing: 0.07409034483134747
  view-data: 0.3484587240964174
