times:
  edit-metadata: 1.6716155549511313
  landing: 0.044033938087522984
  view-data: 0.49795523192733526
