times:
  edit-metadata: 1.5767141338437796
  landing: 0.04559371341019869
  view-data: 0.4019453916698694
