times:
  edit-metadata: 3.4773307275027037
  landing: 0.021614518016576767
  view-data: 0.15154817327857018
