times:
  edit-metadata: 3.5355143127962947
  landing: 0.22184572368860245
  view-data: 0.4210168858990073
