times:
  edit-metadata: 3.582549488171935
  landing: 0.018990449607372284
  view-data: 0.13948987424373627
