times:
  edit-metadata: 3.2984999353066087
  landing: 0.14068788569420576
  view-data: 0.024213114753365517
