times:
  edit-metadata: 3.7301883716136217
  landing: 0.020511651411652565
  view-data: 0.025715187191963196
