times:
  edit-metadata: 2.9358852128498256
  landing: 0.07786689000204206
  view-data: 0.37791934004053473
