times:
  edit-metadata: 2.874871646054089
  landing: 0.07858283910900354
  view-data: 0.3300678408704698
