times:
  edit-metadata: 3.686328001320362
  landing: 0.021697651594877243
  view-data: 0.3271314464509487
