times:
  edit-metadata: 3.6238296423107386
  landing: 0.20386013388633728
  view-data: 0.29912155121564865
