times:
  edit-metadata: 3.885997613891959
  landing: 0.021333830431103706
  view-data: 0.3822947684675455
