times:
  edit-metadata: 3.4566117068752646
  landing: 0.215232671238482
  view-data: 0.17093224823474884
