times:
  edit-metadata: 1.6212954530492425
  landing: 0.050681802444159985
  view-data: 0.2536066370084882
