times:
  edit-metadata: 3.8226458355784416
  landing: 0.020607249811291695
  view-data: 0.02306157909333706
