times:
  edit-metadata: 4.076693246141076
  landing: 0.019199060276150703
  view-data: 0.35064995661377907
