times:
  edit-metadata: 2.8739311480894685
  landing: 0.055374136194586754
  view-data: 0.3208652916364372
