times:
  edit-metadata: 2.6081105452030897
  landing: 0.021033944562077522
  view-data: 0.02818202506750822
