times:
  edit-metadata: 4.052626417949796
  landing: 0.25440784730017185
  view-data: 0.13326955772936344
