times:
  edit-metadata: 3.5734120458364487
  landing: 0.020044611766934395
  view-data: 0.02978970855474472
