times:
  edit-metadata: 3.5735580660402775
  landing: 0.022408686578273773
  view-data: 0.026978224515914917
