times:
  edit-metadata: 3.1740468498319387
  landing: 0.018192820250988007
  view-data: 0.13116011954843998
