times:
  edit-metadata: 2.6102644726634026
  landing: 0.023602569475769997
  view-data: 0.4257361553609371
