times:
  edit-metadata: 2.6367762060835958
  landing: 0.09998686704784632
  view-data: 0.2271655537188053
