times:
  edit-metadata: 3.724219612777233
  landing: 0.13646173104643822
  view-data: 0.023137591779232025
