times:
  edit-metadata: 3.805403131991625
  landing: 0.020346375182271004
  view-data: 0.026907574385404587
