times:
  edit-metadata: 3.808251840993762
  landing: 0.18350786343216896
  view-data: 0.3216704335063696
