times:
  edit-metadata: 1.6123210918158293
  landing: 0.04814469255506992
  view-data: 0.3713100664317608
