times:
  edit-metadata: 1.555999062024057
  landing: 0.0506376214325428
  view-data: 0.29159958846867085
