times:
  edit-metadata: 3.12681679520756
  landing: 0.022066512145102024
  view-data: 0.4350334033370018
