times:
  edit-metadata: 3.487824624404311
  landing: 0.021784037351608276
  view-data: 0.02529202401638031
