times:
  edit-metadata: 2.640100340358913
  landing: 0.02102080825716257
  view-data: 0.02558982651680708
