times:
  edit-metadata: 3.752816490828991
  landing: 0.16573049314320087
  view-data: 0.12878206931054592
