times:
  edit-metadata: 2.5951326470822096
  landing: 0.020050816237926483
  view-data: 0.023285530507564545
