times:
  edit-metadata: 3.1717071309685707
  landing: 0.06558162486180663
  view-data: 0.3642947352491319
