times:
  edit-metadata: 2.5929771326482296
  landing: 0.02083437517285347
  view-data: 0.026361381635069847
