times:
  edit-metadata: 3.641148552298546
  landing: 0.1727764904499054
  view-data: 0.025152230635285378
