times:
  edit-metadata: 3.4075609548017383
  landing: 0.019160673953592777
  view-data: 0.24900449439883232
