times:
  edit-metadata: 2.6479047536849976
  landing: 0.019716957584023476
  view-data: 0.027382656931877136
