times:
  edit-metadata: 3.5104003846645355
  landing: 0.022565610706806183
  view-data: 0.29743707925081253
