times:
  edit-metadata: 2.652511492371559
  landing: 0.1129373973235488
  view-data: 0.02681876439601183
