times:
  edit-metadata: 2.624913740903139
  landing: 0.019931374117732048
  view-data: 0.026061822660267353
