times:
  edit-metadata: 1.5672498000785708
  landing: 0.047953139059245586
  view-data: 0.3983593536540866
