times:
  edit-metadata: 1.5823011314496398
  landing: 0.045939886942505836
  view-data: 0.5175246056169271
