times:
  edit-metadata: 4.381933130323887
  landing: 0.2394755482673645
  view-data: 0.17265265993773937
