times:
  edit-metadata: 3.64707013592124
  landing: 0.021444492042064667
  view-data: 0.3259690962731838
