times:
  edit-metadata: 4.415812728926539
  landing: 0.018300872296094894
  view-data: 0.36667310260236263
