times:
  edit-metadata: 3.073820342309773
  landing: 0.06248719012364745
  view-data: 0.5228078663349152
