times:
  edit-metadata: 1.5922056632116437
  landing: 0.04982448648661375
  view-data: 0.3987967576831579
