times:
  edit-metadata: 2.6352321673184633
  landing: 0.13211925607174635
  view-data: 0.02907922212034464
