times:
  edit-metadata: 3.5736164152622223
  landing: 0.02099778689444065
  view-data: 0.025952540338039398
