times:
  edit-metadata: 3.8621832467615604
  landing: 0.11996046081185341
  view-data: 0.2682111766189337
