times:
  edit-metadata: 2.6101128347218037
  landing: 0.02391994185745716
  view-data: 0.025763018988072872
