times:
  edit-metadata: 3.708315931260586
  landing: 0.02161373384296894
  view-data: 0.36662134900689125
