times:
  edit-metadata: 3.1969969738274813
  landing: 0.019820784218609333
  view-data: 0.1350754089653492
