times:
  edit-metadata: 3.6182166188955307
  landing: 0.019988344982266426
  view-data: 0.026773827150464058
