times:
  edit-metadata: 4.360434450209141
  landing: 0.2985639441758394
  view-data: 0.3423791453242302
