times:
  edit-metadata: 2.644576597958803
  landing: 0.02093349862843752
  view-data: 0.026294459588825703
