times:
  edit-metadata: 3.753535119816661
  landing: 0.023905813694000244
  view-data: 0.026294924318790436
