times:
  edit-metadata: 3.0249593039043248
  landing: 0.04713652515783906
  view-data: 0.4366797339171171
