times:
  edit-metadata: 2.6015988355502486
  landing: 0.021695474162697792
  view-data: 0.10110616404563189
