times:
  edit-metadata: 3.7202488761395216
  landing: 0.019243750721216202
  view-data: 0.10529274493455887
