times:
  edit-metadata: 2.5899150669574738
  landing: 0.021001575514674187
  view-data: 0.48750784806907177
