times:
  edit-metadata: 3.891385095193982
  landing: 0.13919025287032127
  view-data: 0.1262090653181076
