times:
  edit-metadata: 1.5675974823534489
  landing: 0.04547976702451706
  view-data: 0.26725647132843733
