times:
  edit-metadata: 4.291793745011091
  landing: 0.1993806753307581
  view-data: 0.36668734811246395
