times:
  edit-metadata: 4.173385392874479
  landing: 0.30653578974306583
  view-data: 0.30596187338232994
