times:
  edit-metadata: 2.584464536048472
  landing: 0.023212566040456295
  view-data: 0.09925084933638573
