times:
  edit-metadata: 2.612703023478389
  landing: 0.02033101674169302
  view-data: 0.1224684789776802
