times:
  edit-metadata: 2.91401407122612
  landing: 0.09901446802541614
  view-data: 0.3486165842041373
