times:
  edit-metadata: 2.49178718123585
  landing: 0.06459643971174955
  view-data: 0.3118670522235334
