times:
  edit-metadata: 2.424791218712926
  landing: 0.06464497931301594
  view-data: 0.31549207493662834
