times:
  edit-metadata: 3.0468279370106757
  landing: 0.06470386916771531
  view-data: 0.36015291325747967
