times:
  edit-metadata: 3.6689078472554684
  landing: 0.20615366101264954
  view-data: 0.29145440459251404
