times:
  edit-metadata: 2.5154999056831002
  landing: 0.021359589882194996
  view-data: 0.026219735853374004
