times:
  edit-metadata: 3.5595834460109472
  landing: 0.019187211990356445
  view-data: 0.1434246450662613
