times:
  edit-metadata: 2.6266222102567554
  landing: 0.021407890133559704
  view-data: 0.027520189061760902
