times:
  edit-metadata: 2.6388685135170817
  landing: 0.019992762245237827
  view-data: 0.47522510681301355
