times:
  edit-metadata: 2.6896970542147756
  landing: 0.023109540343284607
  view-data: 0.11642704997211695
