times:
  edit-metadata: 3.802791552618146
  landing: 0.018538065254688263
  view-data: 0.029288893565535545
