times:
  edit-metadata: 2.551663047634065
  landing: 0.01938003394752741
  view-data: 0.12165726441890001
