times:
  edit-metadata: 2.601523194462061
  landing: 0.01945914886891842
  view-data: 0.13696677144616842
