times:
  edit-metadata: 3.5521586686372757
  landing: 0.0202710572630167
  view-data: 0.12472017295658588
