times:
  edit-metadata: 3.5338644310832024
  landing: 0.02075326442718506
  view-data: 0.1229869294911623
