times:
  edit-metadata: 2.5648468313738704
  landing: 0.02101178467273712
  view-data: 0.027443422004580498
