times:
  edit-metadata: 2.5935210967436433
  landing: 0.019868328236043453
  view-data: 0.025056026875972748
