times:
  edit-metadata: 2.593751044012606
  landing: 0.023390138521790504
  view-data: 0.10718739032745361
