times:
  edit-metadata: 3.1508640851825476
  landing: 0.02223316580057144
  view-data: 0.46836005337536335
