times:
  edit-metadata: 3.5972151048481464
  landing: 0.02114342339336872
  view-data: 0.34271777980029583
