times:
  edit-metadata: 2.648856402374804
  landing: 0.02131444588303566
  view-data: 0.22604293935000896
