times:
  edit-metadata: 3.514056032523513
  landing: 0.20915486104786396
  view-data: 0.3343277871608734
