times:
  edit-metadata: 3.2836804520338774
  landing: 0.12834823224693537
  view-data: 0.41868390422314405
