times:
  edit-metadata: 1.5878443410620093
  landing: 0.05147845298051834
  view-data: 0.39321982581168413
