times:
  edit-metadata: 3.9522649236023426
  landing: 0.16058137267827988
  view-data: 0.38197013549506664
