times:
  edit-metadata: 3.669761611148715
  landing: 0.204227140173316
  view-data: 0.10039673745632172
