times:
  edit-metadata: 1.5747137553989887
  landing: 0.052342237904667854
  view-data: 0.259609529748559
