times:
  edit-metadata: 4.204519214108586
  landing: 0.02065337635576725
  view-data: 0.16485088504850864
