times:
  edit-metadata: 2.74597639311105
  landing: 0.022260405123233795
  view-data: 0.024771579541265965
