times:
  edit-metadata: 2.5341778732836246
  landing: 0.020906023681163788
  view-data: 0.025958244688808918
