times:
  edit-metadata: 3.955560004338622
  landing: 0.21319676376879215
  view-data: 0.3442592490464449
