times:
  edit-metadata: 3.384758712723851
  landing: 0.020740926265716553
  view-data: 0.02516219951212406
