times:
  edit-metadata: 4.641647005453706
  landing: 0.16752111539244652
  view-data: 0.1628077831119299
