times:
  edit-metadata: 3.437704974785447
  landing: 0.13843912165611982
  view-data: 0.1260845558717847
