times:
  edit-metadata: 3.500335091724992
  landing: 0.019156742841005325
  view-data: 0.12640118598937988
