times:
  edit-metadata: 3.688092865049839
  landing: 0.11530788615345955
  view-data: 0.025225624442100525
