times:
  edit-metadata: 2.6210752753540874
  landing: 0.021541408263146877
  view-data: 0.026379987597465515
