times:
  edit-metadata: 3.9632566310465336
  landing: 0.1916951797902584
  view-data: 0.055926015600562096
