times:
  edit-metadata: 1.5629946207627654
  landing: 0.04115501046180725
  view-data: 0.3846548208966851
