times:
  edit-metadata: 3.795509336516261
  landing: 0.1990519054234028
  view-data: 0.27739167027175426
