times:
  edit-metadata: 3.3752512568607926
  landing: 0.04492825921624899
  view-data: 0.14959475211799145
