times:
  edit-metadata: 3.4514611130580306
  landing: 0.13604144006967545
  view-data: 0.3029231382533908
