times:
  edit-metadata: 1.5239024800248444
  landing: 0.044156834948807955
  view-data: 0.5183563148602843
