times:
  edit-metadata: 2.619918618351221
  landing: 0.020457297563552856
  view-data: 0.026656579226255417
