times:
  edit-metadata: 2.633754479698837
  landing: 0.023875614628195763
  view-data: 0.02387120481580496
