times:
  edit-metadata: 3.9666146151721478
  landing: 0.18371654488146305
  view-data: 0.27744172140955925
