times:
  edit-metadata: 1.5917200520634651
  landing: 0.04362500598654151
  view-data: 0.5148813701234758
