times:
  edit-metadata: 4.412706825882196
  landing: 0.17122924886643887
  view-data: 0.463033365085721
