times:
  edit-metadata: 1.5248950687237084
  landing: 0.04427275387570262
  view-data: 0.2750897309742868
