times:
  edit-metadata: 1.607995848171413
  landing: 0.04827228654175997
  view-data: 0.5210229307413101
