times:
  edit-metadata: 4.0772144217044115
  landing: 0.1640433855354786
  view-data: 0.3554511237889528
