times:
  edit-metadata: 2.6904702596366405
  landing: 0.022394663654267788
  view-data: 0.025557170622050762
