times:
  edit-metadata: 3.0945905949920416
  landing: 0.061749949119985104
  view-data: 0.3529788563027978
