times:
  edit-metadata: 2.5582336438819766
  landing: 0.02452598698437214
  view-data: 0.02623485866934061
