times:
  edit-metadata: 3.5770208463072777
  landing: 0.0199850145727396
  view-data: 0.023667067289352417
