times:
  edit-metadata: 1.5754644200205803
  landing: 0.04993530921638012
  view-data: 0.39252684358507395
