times:
  edit-metadata: 3.782619033008814
  landing: 0.021108660846948624
  view-data: 0.025674059987068176
