times:
  edit-metadata: 3.816840721294284
  landing: 0.13490197993814945
  view-data: 0.24774988926947117
