times:
  edit-metadata: 2.8586849491111934
  landing: 0.057731322944164276
  view-data: 0.33513880893588066
