times:
  edit-metadata: 3.4856250267475843
  landing: 0.02074309065937996
  view-data: 0.025289546698331833
