times:
  edit-metadata: 1.568353126756847
  landing: 0.03905513882637024
  view-data: 0.2691008234396577
