times:
  edit-metadata: 2.612715896219015
  landing: 0.020795474760234356
  view-data: 0.12726524844765663
