times:
  edit-metadata: 2.576549512334168
  landing: 0.13431606255471706
  view-data: 0.025415976531803608
