times:
  edit-metadata: 2.546464811079204
  landing: 0.023023564368486404
  view-data: 0.026803779415786266
