times:
  edit-metadata: 3.1752145513892174
  landing: 0.23979052249342203
  view-data: 0.2776734735816717
