times:
  edit-metadata: 2.627911876887083
  landing: 0.022511493414640427
  view-data: 0.024715788662433624
