times:
  edit-metadata: 3.3954674545675516
  landing: 0.020465116947889328
  view-data: 0.025520404800772667
