times:
  edit-metadata: 2.5879040947183967
  landing: 0.09292215947061777
  view-data: 0.026247192174196243
