times:
  edit-metadata: 3.353236568160355
  landing: 0.27957232389599085
  view-data: 0.44759051129221916
