times:
  edit-metadata: 3.0410824450664222
  landing: 0.11819325387477875
  view-data: 0.4661584557034075
