times:
  edit-metadata: 1.5509698018431664
  landing: 0.043926065787672997
  view-data: 0.26980866119265556
