times:
  edit-metadata: 3.6635538656264544
  landing: 0.018268592655658722
  view-data: 0.3315390720963478
