times:
  edit-metadata: 2.571070405654609
  landing: 0.12553684320300817
  view-data: 0.024112236686050892
