times:
  edit-metadata: 3.972173666988965
  landing: 0.02500093799608294
  view-data: 0.3531407870032126
