times:
  edit-metadata: 3.647048057988286
  landing: 0.22274915874004364
  view-data: 0.12806381471455097
