times:
  edit-metadata: 3.9628452006727457
  landing: 0.29185110703110695
  view-data: 0.2699152622371912
