times:
  edit-metadata: 1.6023284019902349
  landing: 0.051309316419065
  view-data: 0.25645903684198856
