times:
  edit-metadata: 2.5701420018449426
  landing: 0.02245230134576559
  view-data: 0.025216504000127316
