times:
  edit-metadata: 2.6132428608834743
  landing: 0.02226646989583969
  view-data: 0.027222173288464546
