times:
  edit-metadata: 2.509766045026481
  landing: 0.022363435477018356
  view-data: 0.026138298213481903
