times:
  edit-metadata: 2.6429657293483615
  landing: 0.020674112252891064
  view-data: 0.025550629943609238
