times:
  edit-metadata: 2.5375208337791264
  landing: 0.049088544212281704
  view-data: 0.31322257313877344
