times:
  edit-metadata: 3.3735734624788165
  landing: 0.019672631286084652
  view-data: 0.02313534263521433
