times:
  edit-metadata: 2.581057040952146
  landing: 0.01890056300908327
  view-data: 0.12183245085179806
