times:
  edit-metadata: 1.6126436796039343
  landing: 0.05124141089618206
  view-data: 0.258518585935235
