times:
  edit-metadata: 3.8367201406508684
  landing: 0.021066566929221153
  view-data: 0.02523713931441307
