times:
  edit-metadata: 2.5762982293963432
  landing: 0.022256307303905487
  view-data: 0.11654272861778736
