times:
  edit-metadata: 2.5834904108196497
  landing: 0.022986378520727158
  view-data: 0.11979833338409662
