times:
  edit-metadata: 3.3548682015389204
  landing: 0.020663142204284668
  view-data: 0.026139169931411743
