times:
  edit-metadata: 2.605298489332199
  landing: 0.022008487954735756
  view-data: 0.10366282146424055
