times:
  edit-metadata: 2.6240593753755093
  landing: 0.02384389378130436
  view-data: 0.02840049285441637
