times:
  edit-metadata: 1.5816141264513135
  landing: 0.052410030737519264
  view-data: 0.40297440253198147
