times:
  edit-metadata: 2.621807064861059
  landing: 0.022939620539546013
  view-data: 0.027194179594516754
