times:
  edit-metadata: 2.543384537100792
  landing: 0.020903922617435455
  view-data: 0.024459926411509514
