times:
  edit-metadata: 2.6594300884753466
  landing: 0.01985249388962984
  view-data: 0.10159241687506437
