times:
  edit-metadata: 3.6150705367326736
  landing: 0.01863899640738964
  view-data: 0.022441323846578598
