times:
  edit-metadata: 3.2851118836551905
  landing: 0.1173585681244731
  view-data: 0.21259309072047472
