times:
  edit-metadata: 3.656397068873048
  landing: 0.05190694518387318
  view-data: 0.31013338454067707
