times:
  edit-metadata: 3.4459364525973797
  landing: 0.19669095240533352
  view-data: 0.09574816562235355
