times:
  edit-metadata: 3.8005910962820053
  landing: 0.09968257136642933
  view-data: 0.3013147357851267
