times:
  edit-metadata: 3.4591467902064323
  landing: 0.02091093175113201
  view-data: 0.026331031695008278
