times:
  edit-metadata: 3.6176540087908506
  landing: 0.021900570020079613
  view-data: 0.104108402505517
