times:
  edit-metadata: 3.642990341410041
  landing: 0.018501965329051018
  view-data: 0.3146813940256834
