times:
  edit-metadata: 3.455920798704028
  landing: 0.02091202698647976
  view-data: 0.028106577694416046
