times:
  edit-metadata: 2.4491116092540324
  landing: 0.04289671825245023
  view-data: 0.3197778877802193
