times:
  edit-metadata: 4.47613281942904
  landing: 0.25810457207262516
  view-data: 0.3847031444311142
