times:
  edit-metadata: 3.612315148115158
  landing: 0.021746207028627396
  view-data: 0.42765577509999275
