times:
  edit-metadata: 2.571973918005824
  landing: 0.01913350261747837
  view-data: 0.02671617828309536
