times:
  edit-metadata: 3.554126128554344
  landing: 0.19893468357622623
  view-data: 0.1323840357363224
