times:
  edit-metadata: 1.5959345297887921
  landing: 0.04205671604722738
  view-data: 0.394937795586884
