times:
  edit-metadata: 2.6064933510497212
  landing: 0.024088123813271523
  view-data: 0.02796706836670637
