times:
  edit-metadata: 3.0298561439849436
  landing: 0.0494657470844686
  view-data: 0.5302672828547657
