times:
  edit-metadata: 3.3896948844194412
  landing: 0.1910473331809044
  view-data: 0.14078837633132935
