times:
  edit-metadata: 4.351222466677427
  landing: 0.153870714828372
  view-data: 0.3392119510099292
