times:
  edit-metadata: 3.6250708624720573
  landing: 0.020807133056223392
  view-data: 0.02559493947774172
