times:
  edit-metadata: 2.5491774016991258
  landing: 0.020845284685492516
  view-data: 0.02458955440670252
