times:
  edit-metadata: 2.6025038985535502
  landing: 0.022722489200532436
  view-data: 0.026174431666731834
