times:
  edit-metadata: 2.551569540053606
  landing: 0.02270575426518917
  view-data: 0.12608330324292183
