times:
  edit-metadata: 2.5924067506566644
  landing: 0.1664136629551649
  view-data: 0.11756722256541252
