times:
  edit-metadata: 2.9250765228644013
  landing: 0.06489547388628125
  view-data: 0.3309342721477151
