times:
  edit-metadata: 2.5822514723986387
  landing: 0.02331194095313549
  view-data: 0.1251342035830021
