times:
  edit-metadata: 2.7609602231532335
  landing: 0.19822395220398903
  view-data: 0.11614953726530075
