times:
  edit-metadata: 5.080719955265522
  landing: 0.24313043989241123
  view-data: 0.3605227265506983
