times:
  edit-metadata: 3.4492429681122303
  landing: 0.020365724340081215
  view-data: 0.024223746731877327
