times:
  edit-metadata: 2.5877285040915012
  landing: 0.021723292768001556
  view-data: 0.025943512097001076
