times:
  edit-metadata: 2.56912374868989
  landing: 0.020014734007418156
  view-data: 0.025620833039283752
