times:
  edit-metadata: 4.356889484450221
  landing: 0.25066913291811943
  view-data: 0.3035858366638422
