times:
  edit-metadata: 1.5768100963905454
  landing: 0.050103883258998394
  view-data: 0.26191110722720623
