times:
  edit-metadata: 2.6196389868855476
  landing: 0.2359641119837761
  view-data: 0.1239971611648798
