times:
  edit-metadata: 1.543954361230135
  landing: 0.05450411420315504
  view-data: 0.2598128532990813
