times:
  edit-metadata: 3.6946154925972223
  landing: 0.02147793024778366
  view-data: 0.291562682017684
