times:
  edit-metadata: 1.5212250920012593
  landing: 0.05132703948765993
  view-data: 0.27296303398907185
