times:
  edit-metadata: 4.111273542046547
  landing: 0.17377415113151073
  view-data: 0.03430854715406895
