times:
  edit-metadata: 1.5718251140788198
  landing: 0.046499110758304596
  view-data: 0.25836297404021025
