times:
  edit-metadata: 2.572666969150305
  landing: 0.021231427788734436
  view-data: 0.122007648460567
