times:
  edit-metadata: 2.6095681227743626
  landing: 0.022052476182579994
  view-data: 0.09931369218975306
