times:
  edit-metadata: 2.6090088356286287
  landing: 0.020590826869010925
  view-data: 0.026178104802966118
