times:
  edit-metadata: 2.9216409930959344
  landing: 0.02113124541938305
  view-data: 0.105533292517066
