times:
  edit-metadata: 2.6584555003792048
  landing: 0.01988379191607237
  view-data: 0.02666730247437954
