times:
  edit-metadata: 1.5663286400958896
  landing: 0.04141386691480875
  view-data: 0.2681763684377074
