times:
  edit-metadata: 2.6212111124768853
  landing: 0.126236486248672
  view-data: 0.11964732687920332
