times:
  edit-metadata: 2.6027049431577325
  landing: 0.021984866820275784
  view-data: 0.09970675501972437
