times:
  edit-metadata: 2.5743860881775618
  landing: 0.1851894147694111
  view-data: 0.02678599115461111
