times:
  edit-metadata: 2.653735059313476
  landing: 0.11326124239712954
  view-data: 0.10282858740538359
