times:
  edit-metadata: 3.3575719501823187
  landing: 0.02560638915747404
  view-data: 0.13449727930128574
