times:
  edit-metadata: 3.808903221040964
  landing: 0.021774208173155785
  view-data: 0.02684059366583824
