times:
  edit-metadata: 1.5618344899266958
  landing: 0.039797292090952396
  view-data: 0.26661075185984373
