times:
  edit-metadata: 2.6100638723000884
  landing: 0.023886021226644516
  view-data: 0.13323580846190453
