times:
  edit-metadata: 3.5633970592170954
  landing: 0.02050434984266758
  view-data: 0.1024030651897192
