times:
  edit-metadata: 2.6208716006949544
  landing: 0.12461074441671371
  view-data: 0.024257415905594826
