times:
  edit-metadata: 2.527484036050737
  landing: 0.021988391876220703
  view-data: 0.1201652493327856
