times:
  edit-metadata: 2.6418090956285596
  landing: 0.020924539305269718
  view-data: 0.023992118425667286
