times:
  edit-metadata: 4.172700060531497
  landing: 0.14475849643349648
  view-data: 0.3236901070922613
