times:
  edit-metadata: 2.500688536092639
  landing: 0.05569182708859444
  view-data: 0.3310049781575799
