times:
  edit-metadata: 4.404164312407374
  landing: 0.22007597982883453
  view-data: 0.4743436109274626
