times:
  edit-metadata: 1.5744394501671195
  landing: 0.043477014638483524
  view-data: 0.25989589001983404
