times:
  edit-metadata: 1.5859843045473099
  landing: 0.04418766498565674
  view-data: 0.38898550905287266
