times:
  edit-metadata: 2.672024198807776
  landing: 0.019870544783771038
  view-data: 0.027606507763266563
