times:
  edit-metadata: 2.8560654069297016
  landing: 0.055442912969738245
  view-data: 0.3676027040928602
