times:
  edit-metadata: 2.7415114752948284
  landing: 0.02334900200366974
  view-data: 0.026693440042436123
