times:
  edit-metadata: 1.6089229099452496
  landing: 0.04482725076377392
  view-data: 0.2519889287650585
