times:
  edit-metadata: 3.9944398142397404
  landing: 0.021004991605877876
  view-data: 0.1383210513740778
