times:
  edit-metadata: 3.909122521057725
  landing: 0.023462101817131042
  view-data: 0.377771882340312
