times:
  edit-metadata: 2.4913179520517588
  landing: 0.04877324169501662
  view-data: 0.32677362114191055
