times:
  edit-metadata: 1.5990137653425336
  landing: 0.051582351326942444
  view-data: 0.2523282850161195
