times:
  edit-metadata: 4.293563388288021
  landing: 0.201387582346797
  view-data: 0.13592655211687088
