times:
  edit-metadata: 2.881840130779892
  landing: 0.07400516793131828
  view-data: 0.3401603880338371
