times:
  edit-metadata: 2.5574412355199456
  landing: 0.12135298829525709
  view-data: 0.025380718521773815
