times:
  edit-metadata: 4.272586103528738
  landing: 0.02811609022319317
  view-data: 0.12676789797842503
