times:
  edit-metadata: 3.518422055989504
  landing: 0.020023679360747337
  view-data: 0.345391184091568
