times:
  edit-metadata: 2.6301790149882436
  landing: 0.023019508458673954
  view-data: 0.09986199531704187
