times:
  edit-metadata: 4.038428448140621
  landing: 0.05234037712216377
  view-data: 0.2786128632724285
