times:
  edit-metadata: 4.422960232943296
  landing: 0.0205660630017519
  view-data: 0.36930870451033115
