times:
  edit-metadata: 0.4370907936245203
  landing: 0.04273074958473444
  view-data: 0.35143730975687504
