times:
  edit-metadata: 0.45082958694547415
  landing: 0.0512727415189147
  view-data: 0.2101822653785348
