times:
  edit-metadata: 0.46844659000635147
  landing: 0.05018093669787049
  view-data: 0.35365928523242474
