times:
  edit-metadata: 0.45321227703243494
  landing: 0.05080551793798804
  view-data: 0.3309226776473224
