times:
  edit-metadata: 0.44833148596808314
  landing: 0.049360962118953466
  view-data: 0.33286780305206776
