times:
  edit-metadata: 0.4346776120364666
  landing: 0.04857319826260209
  view-data: 0.2225058269686997
