times:
  edit-metadata: 0.4610733212903142
  landing: 0.0519525520503521
  view-data: 0.5922635281458497
