times:
  edit-metadata: 0.4414667962118983
  landing: 0.04336472041904926
  view-data: 0.34195988718420267
