times:
  edit-metadata: 0.4593764217570424
  landing: 0.04073900496587157
  view-data: 0.9615954728797078
