times:
  edit-metadata: 0.4548863982781768
  landing: 0.04080854635685682
  view-data: 0.2035468677058816
