times:
  edit-metadata: 1.8282239846885204
  landing: 0.17645364813506603
  view-data: 0.02619834430515766
