times:
  edit-metadata: 1.0812446791678667
  landing: 0.0583853661082685
  view-data: 0.3301887260749936
