times:
  edit-metadata: 2.1166419126093388
  landing: 0.01921026036143303
  view-data: 0.02260546013712883
