times:
  edit-metadata: 1.9334903694689274
  landing: 0.02204001508653164
  view-data: 0.12211238965392113
