times:
  edit-metadata: 1.8412510864436626
  landing: 0.020425796508789062
  view-data: 0.02539413422346115
