times:
  edit-metadata: 1.9245859123766422
  landing: 0.021498331800103188
  view-data: 0.13561106473207474
