times:
  edit-metadata: 1.8533268813043833
  landing: 0.206592608243227
  view-data: 0.10197292640805244
