times:
  edit-metadata: 1.8949831482023
  landing: 0.22923356853425503
  view-data: 0.31872918270528316
