times:
  edit-metadata: 1.841839361935854
  landing: 0.023455100134015083
  view-data: 0.3040181789547205
