times:
  edit-metadata: 1.1288981409743428
  landing: 0.05420325417071581
  view-data: 0.24528302904218435
