times:
  edit-metadata: 1.9871474988758564
  landing: 0.023899247869849205
  view-data: 0.29532935470342636
