times:
  edit-metadata: 1.147554897237569
  landing: 0.04626607894897461
  view-data: 0.24858957715332508
