times:
  edit-metadata: 1.8140023220330477
  landing: 0.023908279836177826
  view-data: 0.027388690039515495
