times:
  edit-metadata: 2.383900985994842
  landing: 0.31914136599516496
  view-data: 0.44450048299040645
