times:
  edit-metadata: 1.8112387675791979
  landing: 0.01961011067032814
  view-data: 0.027616845443844795
