times:
  edit-metadata: 1.8202543370425701
  landing: 0.024708217009902
  view-data: 0.2958381026983261
