times:
  edit-metadata: 1.8760281689465046
  landing: 0.02272748574614525
  view-data: 0.3171772938221693
