times:
  edit-metadata: 2.146281247958541
  landing: 0.16566631942987442
  view-data: 0.3448718823492527
