times:
  edit-metadata: 2.0556783992797136
  landing: 0.2256812360137701
  view-data: 0.026682330295443535
