times:
  edit-metadata: 2.243166159838438
  landing: 0.022431574761867523
  view-data: 0.3252917155623436
