times:
  edit-metadata: 1.9120123088359833
  landing: 0.023693101480603218
  view-data: 0.028749793767929077
