times:
  edit-metadata: 1.9267497090622783
  landing: 0.026890434324741364
  view-data: 0.03064846619963646
