times:
  edit-metadata: 1.8037487883120775
  landing: 0.0209189485758543
  view-data: 0.2729930430650711
