times:
  edit-metadata: 2.0445345155894756
  landing: 0.1654566489160061
  view-data: 0.027197852730751038
