times:
  edit-metadata: 1.8352974206209183
  landing: 0.02145364321768284
  view-data: 0.025722786784172058
