times:
  edit-metadata: 1.8472033850848675
  landing: 0.1899581030011177
  view-data: 0.11591346096247435
