times:
  edit-metadata: 0.9389579039998353
  landing: 0.050825852900743484
  view-data: 0.23377294605597854
