times:
  edit-metadata: 1.2051049210131168
  landing: 0.05582674918696284
  view-data: 0.24305629078298807
