times:
  edit-metadata: 2.0247626900672913
  landing: 0.13957428745925426
  view-data: 0.024786047637462616
