times:
  edit-metadata: 2.0277547631412745
  landing: 0.2036326378583908
  view-data: 0.4221475627273321
