times:
  edit-metadata: 1.8415432907640934
  landing: 0.3024501148611307
  view-data: 0.1038940753787756
