times:
  edit-metadata: 1.8439675532281399
  landing: 0.1886675599962473
  view-data: 0.02270098216831684
