times:
  edit-metadata: 2.2301847944036126
  landing: 0.018566669896245003
  view-data: 0.02299029380083084
