times:
  edit-metadata: 1.8013525512069464
  landing: 0.020301688462495804
  view-data: 0.025462599471211433
