times:
  edit-metadata: 1.813237614929676
  landing: 0.021160170435905457
  view-data: 0.028669314458966255
