times:
  edit-metadata: 1.100690936204046
  landing: 0.11711966898292303
  view-data: 0.2327264379709959
