times:
  edit-metadata: 1.7617046479135752
  landing: 0.019360325299203396
  view-data: 0.02390480600297451
