times:
  edit-metadata: 2.5996185801923275
  landing: 0.14316506497561932
  view-data: 0.36997993290424347
