times:
  edit-metadata: 2.1162572875618935
  landing: 0.023129703477025032
  view-data: 0.4666577894240618
