times:
  edit-metadata: 4.059283755952492
  landing: 0.5538112529902719
  view-data: 0.7499044249998406
