times:
  edit-metadata: 1.7122004888951778
  landing: 0.02006810810416937
  view-data: 0.29492975398898125
