times:
  edit-metadata: 2.2288823910057545
  landing: 0.3027188070118427
  view-data: 0.29319107718765736
