times:
  edit-metadata: 1.7903515081852674
  landing: 0.21053791791200638
  view-data: 0.024840528145432472
