times:
  edit-metadata: 1.205055397003889
  landing: 0.08198676677420735
  view-data: 0.23557313904166222
