times:
  edit-metadata: 2.213411984965205
  landing: 0.02560671977698803
  view-data: 0.13190336152911186
