times:
  edit-metadata: 1.8570754770189524
  landing: 0.024149220436811447
  view-data: 0.024759050458669662
