times:
  edit-metadata: 0.9537390740588307
  landing: 0.04663534229621291
  view-data: 0.2384379836730659
