times:
  edit-metadata: 1.841157454997301
  landing: 0.021173866465687752
  view-data: 0.12934727407991886
