times:
  edit-metadata: 1.1411364981904626
  landing: 0.04541925201192498
  view-data: 0.24658930581063032
