times:
  edit-metadata: 1.776750572025776
  landing: 0.11843854002654552
  view-data: 0.29101729579269886
