times:
  edit-metadata: 1.940985107794404
  landing: 0.019548237323760986
  view-data: 0.4169264007359743
