times:
  edit-metadata: 1.9163585165515542
  landing: 0.12848834600299597
  view-data: 0.2168641183525324
