times:
  edit-metadata: 1.9995671976357698
  landing: 0.0202926192432642
  view-data: 0.31130375154316425
