times:
  edit-metadata: 1.90233557485044
  landing: 0.24580351077020168
  view-data: 0.022861715406179428
