times:
  edit-metadata: 2.287946978583932
  landing: 0.337872926145792
  view-data: 0.41840641014277935
