times:
  edit-metadata: 1.833125182427466
  landing: 0.02282385155558586
  view-data: 0.13798505533486605
