times:
  edit-metadata: 1.8508262261748314
  landing: 0.15032153204083443
  view-data: 0.02752414345741272
