times:
  edit-metadata: 2.225983751937747
  landing: 0.30471936240792274
  view-data: 0.35934590734541416
