times:
  edit-metadata: 2.1630520410835743
  landing: 0.22439271956682205
  view-data: 0.40275305323302746
