times:
  edit-metadata: 1.854101344011724
  landing: 0.020142625086009502
  view-data: 0.02417561784386635
