times:
  edit-metadata: 1.902248004451394
  landing: 0.021171122789382935
  view-data: 0.1061690654605627
