times:
  edit-metadata: 1.262797289993614
  landing: 0.06154229398816824
  view-data: 0.2452780669555068
