times:
  edit-metadata: 2.018034255132079
  landing: 0.1666640993207693
  view-data: 0.03255266509950161
