times:
  edit-metadata: 1.862025598064065
  landing: 0.1342749409377575
  view-data: 0.025258159264922142
