times:
  edit-metadata: 0.9324127519503236
  landing: 0.056309827137738466
  view-data: 0.23557871719822288
