times:
  edit-metadata: 1.7811278467997909
  landing: 0.020192335359752178
  view-data: 0.02540204394608736
