times:
  edit-metadata: 1.2137823677621782
  landing: 0.09315033163875341
  view-data: 0.26987323397770524
