times:
  edit-metadata: 1.7972067836672068
  landing: 0.01928980089724064
  view-data: 0.022748097777366638
