times:
  edit-metadata: 1.877814419567585
  landing: 0.023414896801114082
  view-data: 0.026071881875395775
