times:
  edit-metadata: 1.7798488829284906
  landing: 0.02028745785355568
  view-data: 0.13977860659360886
