times:
  edit-metadata: 1.7698914855718613
  landing: 0.021501501090824604
  view-data: 0.02548770233988762
