times:
  edit-metadata: 1.8607066497206688
  landing: 0.019052712246775627
  view-data: 0.3067029230296612
