times:
  edit-metadata: 2.2932511046528816
  landing: 0.2507227435708046
  view-data: 0.4712656196206808
