times:
  edit-metadata: 2.080612652003765
  landing: 0.025539647787809372
  view-data: 0.27903123013675213
