times:
  edit-metadata: 1.872253586538136
  landing: 0.02182738482952118
  view-data: 0.4304514657706022
