times:
  edit-metadata: 1.8963493127375841
  landing: 0.019804034382104874
  view-data: 0.1360742785036564
