times:
  edit-metadata: 0.9702698979526758
  landing: 0.05346538685262203
  view-data: 0.24037765292450786
