times:
  edit-metadata: 1.7389850625768304
  landing: 0.019141636788845062
  view-data: 0.025475225411355495
