times:
  edit-metadata: 1.7892490848898888
  landing: 0.019286775961518288
  view-data: 0.02633148431777954
