times:
  edit-metadata: 2.47039963491261
  landing: 0.2544421125203371
  view-data: 0.3537004981189966
