times:
  edit-metadata: 1.8303137682378292
  landing: 0.18786465749144554
  view-data: 0.02309611067175865
