times:
  edit-metadata: 1.9738491103053093
  landing: 0.02173662558197975
  view-data: 0.02891225926578045
