times:
  edit-metadata: 2.137773444876075
  landing: 0.2955442741513252
  view-data: 0.3030476104468107
