times:
  edit-metadata: 1.80066173709929
  landing: 0.024136025458574295
  view-data: 0.025660423561930656
