times:
  edit-metadata: 2.0505375172942877
  landing: 0.24397621676325798
  view-data: 0.3193763829767704
