times:
  edit-metadata: 1.0993969799019396
  landing: 0.11781874485313892
  view-data: 0.35010238410905004
