times:
  edit-metadata: 1.839228456839919
  landing: 0.1330854669213295
  view-data: 0.02343133930116892
