times:
  edit-metadata: 2.1102374978363514
  landing: 0.20136265456676483
  view-data: 0.02872796170413494
