times:
  edit-metadata: 1.9566867128014565
  landing: 0.03317174315452576
  view-data: 0.3498170804232359
