times:
  edit-metadata: 3.010976692661643
  landing: 0.20763511769473553
  view-data: 0.47759539633989334
