times:
  edit-metadata: 1.0991852940060198
  landing: 0.10881421715021133
  view-data: 0.25774906389415264
