times:
  edit-metadata: 2.097895408049226
  landing: 0.1868617758154869
  view-data: 0.443454772233963
