times:
  edit-metadata: 1.0267354366369545
  landing: 0.1905156448483467
  view-data: 0.21721445675939322
