times:
  edit-metadata: 2.1158633697777987
  landing: 0.18141455948352814
  view-data: 0.3813109155744314
