times:
  edit-metadata: 1.8180539514869452
  landing: 0.021150745451450348
  view-data: 0.027241693809628487
