times:
  edit-metadata: 1.1603209530003369
  landing: 0.06483072973787785
  view-data: 0.34282233426347375
