times:
  edit-metadata: 1.8377157431095839
  landing: 0.020267324522137642
  view-data: 0.27161651104688644
