times:
  edit-metadata: 1.9694629907608032
  landing: 0.023560330271720886
  view-data: 0.025457972660660744
