times:
  edit-metadata: 1.8900960553437471
  landing: 0.019566360861063004
  view-data: 0.026022128760814667
