times:
  edit-metadata: 2.0563645996153355
  landing: 0.020948147401213646
  view-data: 0.15007174015045166
