times:
  edit-metadata: 1.8771962579339743
  landing: 0.019444700330495834
  view-data: 0.3222240228205919
