times:
  edit-metadata: 2.1273794937878847
  landing: 0.021651150658726692
  view-data: 0.027914464473724365
