times:
  edit-metadata: 1.9501880314201117
  landing: 0.2060654480010271
  view-data: 0.024815166369080544
