times:
  edit-metadata: 1.806955823674798
  landing: 0.2322401013225317
  view-data: 0.49524345342069864
