times:
  edit-metadata: 1.7550189979374409
  landing: 0.12423544935882092
  view-data: 0.12159745953977108
