times:
  edit-metadata: 1.0800805566832423
  landing: 0.11431626509875059
  view-data: 0.3145898203365505
