times:
  edit-metadata: 2.1376038398593664
  landing: 0.16530959866940975
  view-data: 0.16767418570816517
