times:
  edit-metadata: 1.8583899391815066
  landing: 0.021401869133114815
  view-data: 0.025950536131858826
