times:
  edit-metadata: 1.8553383313119411
  landing: 0.02082877606153488
  view-data: 0.02684788405895233
