times:
  edit-metadata: 1.9214842468500137
  landing: 0.02311200648546219
  view-data: 0.14432980306446552
