times:
  edit-metadata: 2.076248599216342
  landing: 0.2716816533356905
  view-data: 0.34067264944314957
