times:
  edit-metadata: 1.8651295844465494
  landing: 0.021568479016423225
  view-data: 0.3689969563856721
