times:
  edit-metadata: 2.1146838795393705
  landing: 0.16969829611480236
  view-data: 0.3437993489205837
