times:
  edit-metadata: 2.2767653688788414
  landing: 0.026800325140357018
  view-data: 0.1633545644581318
