times:
  edit-metadata: 1.8944168724119663
  landing: 0.18023834377527237
  view-data: 0.02475833147764206
