times:
  edit-metadata: 2.0922637013718486
  landing: 0.11893499456346035
  view-data: 0.19375541806221008
