times:
  edit-metadata: 1.836036629974842
  landing: 0.19857514183968306
  view-data: 0.023286614567041397
