times:
  edit-metadata: 1.8413646090775728
  landing: 0.026927044615149498
  view-data: 0.02447277493774891
