times:
  edit-metadata: 1.8297040909528732
  landing: 0.12782878801226616
  view-data: 0.025334734469652176
