times:
  edit-metadata: 1.857594721019268
  landing: 0.14794883504509926
  view-data: 0.023775391280651093
