times:
  edit-metadata: 0.9393828227184713
  landing: 0.04881956102326512
  view-data: 0.23459079070016742
