times:
  edit-metadata: 2.1731207901611924
  landing: 0.020493926480412483
  view-data: 0.520021996460855
