times:
  edit-metadata: 1.921629429794848
  landing: 0.12142146099358797
  view-data: 0.1897776946425438
