times:
  edit-metadata: 1.8589261397719383
  landing: 0.02226945199072361
  view-data: 0.025976425036787987
