times:
  edit-metadata: 1.1022122036665678
  landing: 0.11852735606953502
  view-data: 0.24955292185768485
