times:
  edit-metadata: 1.855034925043583
  landing: 0.020582128316164017
  view-data: 0.3163703363388777
