times:
  edit-metadata: 0.997488075401634
  landing: 0.0699602859094739
  view-data: 0.44243015721440315
