times:
  edit-metadata: 2.0324647184461355
  landing: 0.02067655138671398
  view-data: 0.10603505373001099
