times:
  edit-metadata: 1.824824158102274
  landing: 0.020137643441557884
  view-data: 0.10519529692828655
