times:
  edit-metadata: 1.805087711662054
  landing: 0.02030249498784542
  view-data: 0.02354532852768898
