times:
  edit-metadata: 1.8453688435256481
  landing: 0.0231122225522995
  view-data: 0.4140308881178498
