times:
  edit-metadata: 1.9323978181928396
  landing: 0.022864533588290215
  view-data: 0.4337335415184498
