times:
  edit-metadata: 1.8601262047886848
  landing: 0.020490087568759918
  view-data: 0.2758578918874264
