times:
  edit-metadata: 1.9117898605763912
  landing: 0.21150783635675907
  view-data: 0.05158201977610588
