times:
  edit-metadata: 1.8575889468193054
  landing: 0.021083462983369827
  view-data: 0.02883216366171837
