times:
  edit-metadata: 1.8342291433364153
  landing: 0.13778083585202694
  view-data: 0.1357126384973526
