times:
  edit-metadata: 1.0254362360574305
  landing: 0.045049716252833605
  view-data: 0.27378095174208283
