times:
  edit-metadata: 0.9689318458549678
  landing: 0.04469418292865157
  view-data: 0.2398576121777296
