times:
  edit-metadata: 1.7889665262773633
  landing: 0.1946174018085003
  view-data: 0.45396427623927593
