times:
  edit-metadata: 1.8369957068935037
  landing: 0.19140356220304966
  view-data: 0.10189245827496052
