times:
  edit-metadata: 2.4031003788113594
  landing: 0.31280588544905186
  view-data: 0.13652021624147892
