times:
  edit-metadata: 2.071497157216072
  landing: 0.02461228333413601
  view-data: 0.04728064872324467
