times:
  edit-metadata: 2.227670757099986
  landing: 0.025791017338633537
  view-data: 0.024365220218896866
