times:
  edit-metadata: 1.8273184215649962
  landing: 0.20470501948148012
  view-data: 0.3862634031102061
