times:
  edit-metadata: 1.8779146634042263
  landing: 0.13307732343673706
  view-data: 0.5703619234263897
