times:
  edit-metadata: 1.8584077432751656
  landing: 0.02050003595650196
  view-data: 0.02819853648543358
