times:
  edit-metadata: 2.2489484027028084
  landing: 0.28508094511926174
  view-data: 0.42515347711741924
