times:
  edit-metadata: 1.9994124211370945
  landing: 0.019707055762410164
  view-data: 0.024238891899585724
