times:
  edit-metadata: 2.015720745548606
  landing: 0.2832604590803385
  view-data: 0.062197742983698845
