times:
  edit-metadata: 1.934726670384407
  landing: 0.2802084721624851
  view-data: 0.3324032984673977
