times:
  edit-metadata: 1.9064250467345119
  landing: 0.1585533618927002
  view-data: 0.4593212017789483
