times:
  edit-metadata: 1.7795861260965466
  landing: 0.1393728982657194
  view-data: 0.24201722629368305
