times:
  edit-metadata: 1.8514949036762118
  landing: 0.2624457776546478
  view-data: 0.41863282956182957
