times:
  edit-metadata: 1.174679365940392
  landing: 0.041847669053822756
  view-data: 0.23862903425469995
