times:
  edit-metadata: 1.8863133722916245
  landing: 0.01984595973044634
  view-data: 0.024434962309896946
