times:
  edit-metadata: 0.9492669398896396
  landing: 0.05326943704858422
  view-data: 0.2336215367540717
