times:
  edit-metadata: 1.9639436323195696
  landing: 0.13630813732743263
  view-data: 0.02568950690329075
