times:
  edit-metadata: 1.9198917653411627
  landing: 0.021091457456350327
  view-data: 0.026681076735258102
