times:
  edit-metadata: 2.9890312291681767
  landing: 0.3423404172062874
  view-data: 0.03042508102953434
