times:
  edit-metadata: 1.9403741359710693
  landing: 0.02279006689786911
  view-data: 0.02437656745314598
