times:
  edit-metadata: 2.0355295464396477
  landing: 0.2641485594213009
  view-data: 0.18826709873974323
