times:
  edit-metadata: 1.8469953555613756
  landing: 0.02307957224547863
  view-data: 0.3483768217265606
