times:
  edit-metadata: 1.8917596284300089
  landing: 0.022024502977728844
  view-data: 0.13955153338611126
