times:
  edit-metadata: 1.9359593372792006
  landing: 0.020919684320688248
  view-data: 0.31178105995059013
