times:
  edit-metadata: 1.0439359499141574
  landing: 0.06241156905889511
  view-data: 0.23778193956241012
