times:
  edit-metadata: 1.8414987605065107
  landing: 0.022349901497364044
  view-data: 0.2972363643348217
