times:
  edit-metadata: 1.857185460627079
  landing: 0.13573810644447803
  view-data: 0.28673011995851994
