times:
  edit-metadata: 2.08148349262774
  landing: 0.23669875599443913
  view-data: 0.6786088608205318
