times:
  edit-metadata: 1.2439341740682721
  landing: 0.09320738818496466
  view-data: 0.3858384722843766
