times:
  edit-metadata: 1.8396434420719743
  landing: 0.25740455463528633
  view-data: 0.4826667495071888
