times:
  edit-metadata: 0.691580240149051
  landing: 0.10686055524274707
  view-data: 0.3043199349194765
