times:
  edit-metadata: 0.7914494299329817
  landing: 0.06040073465555906
  view-data: 0.21150909969583154
