times:
  edit-metadata: 0.5405749189667404
  landing: 0.06394646409898996
  view-data: 0.2133254949003458
