times:
  edit-metadata: 0.6513153840787709
  landing: 0.06650868197903037
  view-data: 0.271661174017936
