times:
  edit-metadata: 0.7322370670735836
  landing: 0.09075848804786801
  view-data: 0.29551052628085017
