times:
  edit-metadata: 0.6949642687104642
  landing: 0.12747899303212762
  view-data: 0.31221526814624667
