times:
  edit-metadata: 1.6207650769501925
  landing: 0.1918551567941904
  view-data: 0.13027649000287056
