times:
  edit-metadata: 0.6062388755381107
  landing: 0.06300845090299845
  view-data: 0.19851324008777738
