times:
  edit-metadata: 0.5455480259843171
  landing: 0.047287540044635534
  view-data: 0.2170906332321465
