times:
  edit-metadata: 0.6883546160534024
  landing: 0.05435755709186196
  view-data: 0.30761817609891295
