times:
  edit-metadata: 0.7173208920285106
  landing: 0.07436044607311487
  view-data: 0.3064681771211326
