times:
  edit-metadata: 0.530605984851718
  landing: 0.07020972389727831
  view-data: 0.2060742829926312
