times:
  edit-metadata: 0.5102873481810093
  landing: 0.06515296874567866
  view-data: 0.2190567390061915
