times:
  edit-metadata: 1.5549307558685541
  landing: 0.028273381292819977
  view-data: 0.35076598823070526
