times:
  edit-metadata: 0.6274607349187136
  landing: 0.053879746701568365
  view-data: 0.2268268777988851
