times:
  edit-metadata: 0.5168384462594986
  landing: 0.06997425621375442
  view-data: 0.21274943696334958
