times:
  edit-metadata: 0.6076028868556023
  landing: 0.06140694301575422
  view-data: 0.21307687275111675
