times:
  edit-metadata: 0.537119603715837
  landing: 0.06915317755192518
  view-data: 0.20515961106866598
