times:
  edit-metadata: 1.7161584924906492
  landing: 0.02367844432592392
  view-data: 0.03101561963558197
