times:
  edit-metadata: 0.5549581781961024
  landing: 0.07748001674190164
  view-data: 0.30881035095080733
