times:
  edit-metadata: 0.545427727047354
  landing: 0.11649850010871887
  view-data: 0.3104270310141146
