times:
  edit-metadata: 0.5579141187481582
  landing: 0.04713702015578747
  view-data: 0.21312391897663474
