times:
  edit-metadata: 0.5280959811061621
  landing: 0.12449646973982453
  view-data: 0.3068656590767205
