times:
  edit-metadata: 0.8042565742507577
  landing: 0.04860474681481719
  view-data: 0.21100938925519586
