times:
  edit-metadata: 1.5815704837441444
  landing: 0.2701690997928381
  view-data: 0.27932005748152733
