times:
  edit-metadata: 0.511541545856744
  landing: 0.12846760172396898
  view-data: 0.2963318289257586
