times:
  edit-metadata: 0.537642418872565
  landing: 0.05598525609821081
  view-data: 0.2106047049164772
