times:
  edit-metadata: 0.5316375433467329
  landing: 0.12328330194577575
  view-data: 0.22012178413569927
