times:
  edit-metadata: 0.6937217637896538
  landing: 0.11701314384117723
  view-data: 0.22499273531138897
