times:
  edit-metadata: 0.5195283526554704
  landing: 0.07594970799982548
  view-data: 0.21587333781644702
