times:
  edit-metadata: 0.5272735869511962
  landing: 0.07059476710855961
  view-data: 0.2179040526971221
