times:
  edit-metadata: 0.5982218426652253
  landing: 0.04570847284048796
  view-data: 0.21280047576874495
