times:
  edit-metadata: 0.8358783647418022
  landing: 0.06745775416493416
  view-data: 0.21467219572514296
