times:
  edit-metadata: 0.5824728650040925
  landing: 0.06491154711693525
  view-data: 0.2120765638537705
