times:
  edit-metadata: 0.5905629456974566
  landing: 0.07623813999816775
  view-data: 0.22095976397395134
