times:
  edit-metadata: 0.6513417083770037
  landing: 0.07748017320409417
  view-data: 0.2977004931308329
