times:
  edit-metadata: 0.5795643352903426
  landing: 0.07513830810785294
  view-data: 0.20893923798575997
