times:
  edit-metadata: 0.5752976210787892
  landing: 0.06490023108199239
  view-data: 0.22244658414274454
