times:
  edit-metadata: 0.6900181099772453
  landing: 0.17394063295796514
  view-data: 0.2748503880575299
