times:
  edit-metadata: 0.5776930907741189
  landing: 0.07049738569185138
  view-data: 0.21458364790305495
