times:
  edit-metadata: 0.5791355278342962
  landing: 0.06886708131060004
  view-data: 0.22541065094992518
