times:
  edit-metadata: 0.4389876611530781
  landing: 0.03751632012426853
  view-data: 0.32336292369291186
