times:
  edit-metadata: 0.4409249220043421
  landing: 0.04578027501702309
  view-data: 0.21806756779551506
