times:
  edit-metadata: 0.43739842902868986
  landing: 0.05100671947002411
  view-data: 0.20459898468106985
