times:
  edit-metadata: 0.45201372168958187
  landing: 0.04525789711624384
  view-data: 0.334885286167264
