times:
  edit-metadata: 0.44499514531344175
  landing: 0.0409413343295455
  view-data: 0.3301542615517974
