times:
  edit-metadata: 0.4273170242086053
  landing: 0.04373988090083003
  view-data: 0.22248400514945388
