times:
  edit-metadata: 0.45207800902426243
  landing: 0.04222073778510094
  view-data: 0.375110050663352
