times:
  edit-metadata: 0.5611541378311813
  landing: 0.06817197101190686
  view-data: 0.21859349124133587
