times:
  edit-metadata: 0.5885339579544961
  landing: 0.06651012692600489
  view-data: 0.20839706296101213
