times:
  edit-metadata: 0.576410154812038
  landing: 0.06149661121889949
  view-data: 0.21847882913425565
