times:
  edit-metadata: 0.5893610031343997
  landing: 0.04813953395932913
  view-data: 0.2110614748671651
