times:
  edit-metadata: 0.5706182466819882
  landing: 0.06571785034611821
  view-data: 0.2282770797610283
