times:
  edit-metadata: 0.6015870179980993
  landing: 0.04896200122311711
  view-data: 0.2258782060816884
