times:
  edit-metadata: 0.8419636632315814
  landing: 0.07498772582039237
  view-data: 0.22206045594066381
