times:
  edit-metadata: 0.5758092729374766
  landing: 0.05730642704293132
  view-data: 0.2098537110723555
