times:
  edit-metadata: 1.3739238251000643
  landing: 0.1622462496161461
  view-data: 0.1324390396475792
