times:
  edit-metadata: 1.755336057394743
  landing: 0.23021340556442738
  view-data: 0.03567865118384361
