times:
  edit-metadata: 1.301922107115388
  landing: 0.028251659125089645
  view-data: 0.027866223827004433
