times:
  edit-metadata: 1.3169526364654303
  landing: 0.020289333537220955
  view-data: 0.02926299162209034
