times:
  edit-metadata: 0.6560115139000118
  landing: 0.053764093201607466
  view-data: 0.21705802017822862
