times:
  edit-metadata: 1.4233477767556906
  landing: 0.021346069872379303
  view-data: 0.02624537982046604
