times:
  edit-metadata: 0.7761730579659343
  landing: 0.08444499270990491
  view-data: 0.30771644599735737
