times:
  edit-metadata: 1.4146445654332638
  landing: 0.14507438614964485
  view-data: 0.3001075563952327
