times:
  edit-metadata: 1.3782975636422634
  landing: 0.02207780722528696
  view-data: 0.0263100890442729
