times:
  edit-metadata: 1.5334829716011882
  landing: 0.25199444498866796
  view-data: 0.5402396377176046
