times:
  edit-metadata: 1.3546067103743553
  landing: 0.02392834797501564
  view-data: 0.12740069068968296
