times:
  edit-metadata: 0.46038717217743397
  landing: 0.037675351835787296
  view-data: 0.20272961258888245
