times:
  edit-metadata: 0.5297379759140313
  landing: 0.06993537489324808
  view-data: 0.22089760098606348
