times:
  edit-metadata: 1.3959199571982026
  landing: 0.02089434675872326
  view-data: 0.02506428025662899
