times:
  edit-metadata: 0.5177302737720311
  landing: 0.08557851193472743
  view-data: 0.2867550849914551
