times:
  edit-metadata: 0.5175266624428332
  landing: 0.0969108659774065
  view-data: 0.21390125807374716
