times:
  edit-metadata: 0.4562229085713625
  landing: 0.047396617010235786
  view-data: 0.21387880016118288
