times:
  edit-metadata: 1.278620163910091
  landing: 0.020026905462145805
  view-data: 0.02364885713905096
