times:
  edit-metadata: 1.409541360102594
  landing: 0.20136949885636568
  view-data: 0.4717134842649102
