times:
  edit-metadata: 1.3260913146659732
  landing: 0.09960030950605869
  view-data: 0.22952511068433523
