times:
  edit-metadata: 1.768642102368176
  landing: 0.025850465521216393
  view-data: 0.1417819308117032
