times:
  edit-metadata: 0.4597431067377329
  landing: 0.04671524465084076
  view-data: 0.34130661468952894
