times:
  edit-metadata: 1.3256489597260952
  landing: 0.019649740308523178
  view-data: 0.026568468660116196
