times:
  edit-metadata: 1.3451741803437471
  landing: 0.02050078473985195
  view-data: 0.26295978017151356
