times:
  edit-metadata: 1.7826752215623856
  landing: 0.21066910587251186
  view-data: 0.4540768787264824
