times:
  edit-metadata: 0.4553337059915066
  landing: 0.05328990053385496
  view-data: 0.3269600262865424
