times:
  edit-metadata: 1.40663274936378
  landing: 0.019652167335152626
  view-data: 0.32010189071297646
