times:
  edit-metadata: 1.4275696016848087
  landing: 0.29987804777920246
  view-data: 0.025508495047688484
