times:
  edit-metadata: 1.4159490838646889
  landing: 0.022943204268813133
  view-data: 0.02542627416551113
