times:
  edit-metadata: 1.4400425273925066
  landing: 0.20564226619899273
  view-data: 0.023527024313807487
