times:
  edit-metadata: 0.4656078973785043
  landing: 0.051312338560819626
  view-data: 0.7714532138779759
