times:
  edit-metadata: 1.3136350326240063
  landing: 0.022987134754657745
  view-data: 0.30548853799700737
