times:
  edit-metadata: 1.2857567043974996
  landing: 0.01944972202181816
  view-data: 0.025032895617187023
