times:
  edit-metadata: 1.3192486492916942
  landing: 0.02041657082736492
  view-data: 0.1271745627745986
