times:
  edit-metadata: 1.4321655612438917
  landing: 0.02122129127383232
  view-data: 0.02690030075609684
