times:
  edit-metadata: 0.4245986011810601
  landing: 0.04527120990678668
  view-data: 0.3375783930532634
