times:
  edit-metadata: 1.3061345871537924
  landing: 0.018831880763173103
  view-data: 0.02690441906452179
