times:
  edit-metadata: 0.45104566030204296
  landing: 0.04070838447660208
  view-data: 0.2064866991713643
