times:
  edit-metadata: 1.4037412218749523
  landing: 0.02320624142885208
  view-data: 0.02637680433690548
