times:
  edit-metadata: 1.4444130444899201
  landing: 0.1362736113369465
  view-data: 0.13929725158959627
