times:
  edit-metadata: 1.3156928615644574
  landing: 0.16922437120229006
  view-data: 0.11634341534227133
