times:
  edit-metadata: 1.594067046418786
  landing: 0.2938460260629654
  view-data: 0.4078190829604864
