times:
  edit-metadata: 1.4785344302654266
  landing: 0.32968439161777496
  view-data: 0.38966877199709415
