times:
  edit-metadata: 1.2881971402093768
  landing: 0.022072051651775837
  view-data: 0.02581958658993244
