times:
  edit-metadata: 1.3131268173456192
  landing: 0.022243434563279152
  view-data: 0.12072493694722652
