times:
  edit-metadata: 1.4576625972986221
  landing: 0.2781980037689209
  view-data: 0.412724232301116
