times:
  edit-metadata: 1.4503181036561728
  landing: 0.0227308701723814
  view-data: 0.030426446348428726
