times:
  edit-metadata: 0.6326941219158471
  landing: 0.07987132761627436
  view-data: 0.2541239932179451
