times:
  edit-metadata: 1.503513928502798
  landing: 0.22973372787237167
  view-data: 0.3829142823815346
