times:
  edit-metadata: 1.387532721273601
  landing: 0.1505171824246645
  view-data: 0.4471753425896168
