times:
  edit-metadata: 1.628825755789876
  landing: 0.01980779878795147
  view-data: 0.33379173651337624
