times:
  edit-metadata: 1.2987858261913061
  landing: 0.020314407534897327
  view-data: 0.4323787037283182
