times:
  edit-metadata: 1.291654709726572
  landing: 0.019956443458795547
  view-data: 0.02397333737462759
