times:
  edit-metadata: 1.336582307703793
  landing: 0.019341684877872467
  view-data: 0.34344955813139677
