times:
  edit-metadata: 0.44790786039084196
  landing: 0.04722538869827986
  view-data: 0.19131020829081535
