times:
  edit-metadata: 0.4391526682302356
  landing: 0.03807126544415951
  view-data: 0.20151124708354473
