times:
  edit-metadata: 1.733567176386714
  landing: 0.21329223178327084
  view-data: 0.4093222990632057
