times:
  edit-metadata: 0.4310233313590288
  landing: 0.04542611073702574
  view-data: 0.3516407934948802
