times:
  edit-metadata: 1.5263770669698715
  landing: 0.21209520287811756
  view-data: 0.3069499805569649
