times:
  edit-metadata: 1.367291915230453
  landing: 0.12972222175449133
  view-data: 0.11861606687307358
