times:
  edit-metadata: 1.390832906588912
  landing: 0.021899007260799408
  view-data: 0.027895547449588776
