times:
  edit-metadata: 0.45366889191791415
  landing: 0.04093105532228947
  view-data: 0.1967309908941388
