times:
  edit-metadata: 1.430038820952177
  landing: 0.02072716783732176
  view-data: 0.2314909165725112
