times:
  edit-metadata: 1.5005523189902306
  landing: 0.023706093430519104
  view-data: 0.02860681526362896
