times:
  edit-metadata: 1.4156173169612885
  landing: 0.02001294121146202
  view-data: 0.024684622883796692
