times:
  edit-metadata: 1.3106659799814224
  landing: 0.23344971425831318
  view-data: 0.12457351665943861
