times:
  edit-metadata: 1.521791722625494
  landing: 0.229908874258399
  view-data: 0.4727919399738312
