times:
  edit-metadata: 0.44986360613256693
  landing: 0.04739866033196449
  view-data: 0.19807815458625555
