times:
  edit-metadata: 0.4466344127431512
  landing: 0.042162991128861904
  view-data: 0.2008331911638379
