times:
  edit-metadata: 1.5499441623687744
  landing: 0.17685828730463982
  view-data: 0.568133095279336
