times:
  edit-metadata: 1.7210317868739367
  landing: 0.3706940021365881
  view-data: 0.026746051385998726
