times:
  edit-metadata: 0.45126126799732447
  landing: 0.04594837687909603
  view-data: 0.206755799241364
