times:
  edit-metadata: 1.3037412418052554
  landing: 0.02088037133216858
  view-data: 0.10563809890300035
