times:
  edit-metadata: 1.2995095187798142
  landing: 0.023380067199468613
  view-data: 0.5426824921742082
