times:
  edit-metadata: 1.5365906152874231
  landing: 0.2317277081310749
  view-data: 0.40510606579482555
