times:
  edit-metadata: 1.380838407203555
  landing: 0.021441368386149406
  view-data: 0.026422809809446335
