times:
  edit-metadata: 1.3175702774897218
  landing: 0.021153081208467484
  view-data: 0.025679897516965866
