times:
  edit-metadata: 0.4450562736019492
  landing: 0.05154535640031099
  view-data: 0.22317779157310724
