times:
  edit-metadata: 1.3152924794703722
  landing: 0.14313182514160872
  view-data: 0.022240477614104748
