times:
  edit-metadata: 0.43404391780495644
  landing: 0.041167511604726315
  view-data: 0.3285044701769948
