times:
  edit-metadata: 1.3106068409979343
  landing: 0.22995983436703682
  view-data: 0.024399382062256336
