times:
  edit-metadata: 1.2790736062452197
  landing: 0.020259547978639603
  view-data: 0.40935811679810286
