times:
  edit-metadata: 1.412597824819386
  landing: 0.018303748220205307
  view-data: 0.24025730602443218
