times:
  edit-metadata: 1.3518513534218073
  landing: 0.018646923825144768
  view-data: 0.025434604845941067
