times:
  edit-metadata: 1.460910115391016
  landing: 0.02552630752325058
  view-data: 0.3390087839215994
