times:
  edit-metadata: 0.7063368768431246
  landing: 0.08238993911072612
  view-data: 0.2260597818531096
