times:
  edit-metadata: 1.2994831120595336
  landing: 0.019977244548499584
  view-data: 0.025219891220331192
