times:
  edit-metadata: 1.4616680573672056
  landing: 0.13584613427519798
  view-data: 0.02272416651248932
