times:
  edit-metadata: 0.4269032534211874
  landing: 0.04929015412926674
  view-data: 0.20141616743057966
