times:
  edit-metadata: 1.3526048809289932
  landing: 0.1414784975349903
  view-data: 0.0976074319332838
