times:
  edit-metadata: 1.3900992460548878
  landing: 0.024471087381243706
  view-data: 0.02457539178431034
