times:
  edit-metadata: 0.4393210932612419
  landing: 0.058502987027168274
  view-data: 0.20954172778874636
