times:
  edit-metadata: 1.6362388674169779
  landing: 0.1757837701588869
  view-data: 0.16257783211767673
