times:
  edit-metadata: 1.2930476227775216
  landing: 0.019963694736361504
  view-data: 0.02542825508862734
