times:
  edit-metadata: 1.3507371935993433
  landing: 0.1883879518136382
  view-data: 0.43622962292283773
