times:
  edit-metadata: 1.3167052753269672
  landing: 0.14131664484739304
  view-data: 0.1409559641033411
