times:
  edit-metadata: 1.4269096860662103
  landing: 0.02119392901659012
  view-data: 0.11642237100750208
