times:
  edit-metadata: 1.3784407544881105
  landing: 0.11537808738648891
  view-data: 0.2815786488354206
