times:
  edit-metadata: 1.4317214973270893
  landing: 0.021999794989824295
  view-data: 0.028155727311968803
