times:
  edit-metadata: 0.44669990614056587
  landing: 0.043685209937393665
  view-data: 0.21500198356807232
