times:
  edit-metadata: 1.3654089290648699
  landing: 0.023211034014821053
  view-data: 0.12183187063783407
