times:
  edit-metadata: 1.3886763844639063
  landing: 0.09222212433815002
  view-data: 0.028081043623387814
