times:
  edit-metadata: 1.4666685927659273
  landing: 0.024090468883514404
  view-data: 0.33341940864920616
