times:
  edit-metadata: 1.407474298030138
  landing: 0.023614702746272087
  view-data: 0.027714362367987633
