times:
  edit-metadata: 1.6026777997612953
  landing: 0.06145832687616348
  view-data: 0.44312761537730694
