times:
  edit-metadata: 1.279333159327507
  landing: 0.020855359733104706
  view-data: 0.02636662684381008
