times:
  edit-metadata: 1.6105703301727772
  landing: 0.0297099556773901
  view-data: 0.4284315686672926
