times:
  edit-metadata: 1.4020959800109267
  landing: 0.17277766205370426
  view-data: 0.024439847096800804
