times:
  edit-metadata: 1.3311134167015553
  landing: 0.02136964537203312
  view-data: 0.02570738084614277
