times:
  edit-metadata: 1.347526011057198
  landing: 0.12718319427222013
  view-data: 0.13134192861616611
