times:
  edit-metadata: 1.374598439782858
  landing: 0.021314820274710655
  view-data: 0.024002311751246452
