times:
  edit-metadata: 0.849437037948519
  landing: 0.05194257292896509
  view-data: 0.29141348507255316
