times:
  edit-metadata: 1.3148046843707561
  landing: 0.14107291772961617
  view-data: 0.33036780916154385
