times:
  edit-metadata: 1.6237740069627762
  landing: 0.04725278355181217
  view-data: 0.15974037162959576
