times:
  edit-metadata: 0.554999363142997
  landing: 0.043032126035541296
  view-data: 0.2067335033789277
