times:
  edit-metadata: 1.3700343342497945
  landing: 0.24074667785316706
  view-data: 0.02444785088300705
