times:
  edit-metadata: 1.4202252645045519
  landing: 0.14612492360174656
  view-data: 0.1192874163389206
