times:
  edit-metadata: 1.4269593302160501
  landing: 0.019340889528393745
  view-data: 0.02583090029656887
