times:
  edit-metadata: 1.48814913071692
  landing: 0.2606751397252083
  view-data: 0.1691584475338459
