times:
  edit-metadata: 0.532134841196239
  landing: 0.07677790243178606
  view-data: 0.2232245202176273
