times:
  edit-metadata: 1.2815049849450588
  landing: 0.02387465350329876
  view-data: 0.02410090994089842
