times:
  edit-metadata: 0.5182903739623725
  landing: 0.09045540215447545
  view-data: 0.26690018409863114
