times:
  edit-metadata: 1.5077911112457514
  landing: 0.3029396776109934
  view-data: 0.1700412668287754
