times:
  edit-metadata: 1.4163308944553137
  landing: 0.1451388280838728
  view-data: 0.14195380732417107
