times:
  edit-metadata: 1.3190770596265793
  landing: 0.1311527080833912
  view-data: 0.23986665904521942
