times:
  edit-metadata: 1.3745154198259115
  landing: 0.019274604506790638
  view-data: 0.11526461597532034
