times:
  edit-metadata: 1.4683186914771795
  landing: 0.024071376770734787
  view-data: 0.05655321665108204
