times:
  edit-metadata: 1.5519222393631935
  landing: 0.20296240225434303
  view-data: 0.36821670830249786
