times:
  edit-metadata: 1.8349893111735582
  landing: 0.22448505274951458
  view-data: 0.3442889582365751
