times:
  edit-metadata: 1.3996443804353476
  landing: 0.01912954729050398
  view-data: 0.4154694965109229
