times:
  edit-metadata: 1.4886268395930529
  landing: 0.1616705171763897
  view-data: 0.272941404953599
