times:
  edit-metadata: 0.684802558273077
  landing: 0.04166787303984165
  view-data: 0.21026503993198276
