times:
  edit-metadata: 0.45052027609199286
  landing: 0.04106137529015541
  view-data: 0.45704290084540844
