times:
  edit-metadata: 1.3871308518573642
  landing: 0.2205693954601884
  view-data: 0.13658688869327307
