times:
  edit-metadata: 1.3257089704275131
  landing: 0.019931796938180923
  view-data: 0.025080909952521324
