times:
  edit-metadata: 1.806466756388545
  landing: 0.05664557218551636
  view-data: 0.3851430881768465
