times:
  edit-metadata: 1.387853492051363
  landing: 0.2998305130749941
  view-data: 0.1576970312744379
