times:
  edit-metadata: 0.4423162192106247
  landing: 0.043252838775515556
  view-data: 0.19505715556442738
