times:
  edit-metadata: 1.40667815040797
  landing: 0.020379599183797836
  view-data: 0.025983926840126514
