times:
  edit-metadata: 1.3642820231616497
  landing: 0.021955743432044983
  view-data: 0.025583406910300255
