times:
  edit-metadata: 1.3740133568644524
  landing: 0.02081947587430477
  view-data: 0.028409648686647415
