times:
  edit-metadata: 1.4504578933119774
  landing: 0.019673354923725128
  view-data: 0.13286976236850023
