times:
  edit-metadata: 1.3846475798636675
  landing: 0.020967746153473854
  view-data: 0.11881031934171915
