times:
  edit-metadata: 1.300259024836123
  landing: 0.12736248970031738
  view-data: 0.4777549961581826
