times:
  edit-metadata: 1.4130114307627082
  landing: 0.020398186519742012
  view-data: 0.10173286776989698
