times:
  edit-metadata: 1.3297666944563389
  landing: 0.017990129068493843
  view-data: 0.02354036457836628
