times:
  edit-metadata: 0.8157219788990915
  landing: 0.04334815312176943
  view-data: 0.25110776303336024
