times:
  edit-metadata: 0.46355635579675436
  landing: 0.04248354397714138
  view-data: 0.20539895817637444
