times:
  edit-metadata: 1.3935291366651654
  landing: 0.11838116217404604
  view-data: 0.02394004352390766
