times:
  edit-metadata: 1.3576571037992835
  landing: 0.01964759174734354
  view-data: 0.1012517400085926
