times:
  edit-metadata: 1.4081580750644207
  landing: 0.1424176823347807
  view-data: 0.3596959728747606
