times:
  edit-metadata: 0.5563210109248757
  landing: 0.07576895318925381
  view-data: 0.21995379077270627
