times:
  edit-metadata: 1.3444175580516458
  landing: 0.11907161213457584
  view-data: 0.2574989264830947
