times:
  edit-metadata: 1.3277851585298777
  landing: 0.11588509287685156
  view-data: 0.02553697396069765
