times:
  edit-metadata: 0.692109975963831
  landing: 0.09195234999060631
  view-data: 0.3351208600215614
