times:
  edit-metadata: 1.607599288225174
  landing: 0.022552747279405594
  view-data: 0.43649132177233696
