times:
  edit-metadata: 0.47670919448137283
  landing: 0.046076458878815174
  view-data: 0.20011299662292004
