times:
  edit-metadata: 1.3423583041876554
  landing: 0.22648673970252275
  view-data: 0.4231195766478777
