times:
  edit-metadata: 0.6764922416768968
  landing: 0.04407337633892894
  view-data: 0.29924201592803
