times:
  edit-metadata: 1.3208837322890759
  landing: 0.14768942818045616
  view-data: 0.13992672227323055
