times:
  edit-metadata: 1.3221718817949295
  landing: 0.12493262719362974
  view-data: 0.37566682882606983
