times:
  edit-metadata: 1.4545564129948616
  landing: 0.22936775535345078
  view-data: 0.1494393553584814
