times:
  edit-metadata: 1.3450565338134766
  landing: 0.12660416029393673
  view-data: 0.15305390022695065
