times:
  edit-metadata: 1.3307292871177197
  landing: 0.09968107379972935
  view-data: 0.025409597903490067
