times:
  edit-metadata: 0.4458509273827076
  landing: 0.05084739159792662
  view-data: 0.2082391157746315
