times:
  edit-metadata: 0.6022126618772745
  landing: 0.09372564498335123
  view-data: 0.22358056902885437
