times:
  edit-metadata: 1.3447975981980562
  landing: 0.01873513124883175
  view-data: 0.02344335988163948
