times:
  edit-metadata: 0.5287970108911395
  landing: 0.08495080471038818
  view-data: 0.21290171891450882
