times:
  edit-metadata: 1.3717276426032186
  landing: 0.13427487388253212
  view-data: 0.13798791635781527
