times:
  edit-metadata: 1.4160453025251627
  landing: 0.02210380882024765
  view-data: 0.025455817580223083
