times:
  edit-metadata: 1.488162713125348
  landing: 0.2086105477064848
  view-data: 0.3859142605215311
