times:
  edit-metadata: 0.4490661174058914
  landing: 0.040120682679116726
  view-data: 0.2078997753560543
