times:
  edit-metadata: 1.4285561526194215
  landing: 0.19692463520914316
  view-data: 0.12552032247185707
