times:
  edit-metadata: 0.779064339119941
  landing: 0.08033760404214263
  view-data: 0.3232769910246134
