times:
  edit-metadata: 1.2971551520749927
  landing: 0.020531930960714817
  view-data: 0.12255535088479519
