times:
  edit-metadata: 1.3595893681049347
  landing: 0.023999204859137535
  view-data: 0.36712877079844475
