times:
  edit-metadata: 1.557680046185851
  landing: 0.39462902769446373
  view-data: 0.33975894935429096
