times:
  edit-metadata: 1.365898977033794
  landing: 0.12973866425454617
  view-data: 0.022462216205894947
