times:
  edit-metadata: 1.278516181744635
  landing: 0.02193500567227602
  view-data: 0.027930974029004574
