times:
  edit-metadata: 1.3654315024614334
  landing: 0.13089812453836203
  view-data: 0.23503089416772127
