times:
  edit-metadata: 0.4369955686852336
  landing: 0.05053969845175743
  view-data: 0.21163483522832394
