times:
  edit-metadata: 2.232750440016389
  landing: 0.04965507425367832
  view-data: 0.707703236490488
