times:
  edit-metadata: 1.610608410090208
  landing: 0.2186973486095667
  view-data: 0.02525261789560318
