times:
  edit-metadata: 0.5276294066570699
  landing: 0.06117209233343601
  view-data: 0.2219152101315558
