times:
  edit-metadata: 0.534664701204747
  landing: 0.057060616090893745
  view-data: 0.21529209101572633
