times:
  edit-metadata: 1.3150246515870094
  landing: 0.021778405643999577
  view-data: 0.22333272732794285
