times:
  edit-metadata: 0.456003331579268
  landing: 0.052529933862388134
  view-data: 0.20024827495217323
