times:
  edit-metadata: 1.3485513320192695
  landing: 0.12786376383155584
  view-data: 0.1245224280282855
