times:
  edit-metadata: 1.3333080084994435
  landing: 0.1662584999576211
  view-data: 0.10193367209285498
