times:
  edit-metadata: 1.4079535584896803
  landing: 0.018325230106711388
  view-data: 0.3466585222631693
