times:
  edit-metadata: 1.4212431646883488
  landing: 0.01812623254954815
  view-data: 0.143890717998147
