times:
  edit-metadata: 0.44234471395611763
  landing: 0.04113373626023531
  view-data: 0.3522985754534602
