times:
  edit-metadata: 1.3569200299680233
  landing: 0.13009894266724586
  view-data: 0.022858595475554466
