times:
  edit-metadata: 1.3118219785392284
  landing: 0.022852379828691483
  view-data: 0.11748597025871277
