times:
  edit-metadata: 0.43658992927521467
  landing: 0.041143893264234066
  view-data: 0.46472784504294395
