times:
  edit-metadata: 1.3349346341565251
  landing: 0.02036332990974188
  view-data: 0.02632077317684889
