times:
  edit-metadata: 1.4327008593827486
  landing: 0.21995025780051947
  view-data: 0.14414438977837563
