times:
  edit-metadata: 1.3219304597005248
  landing: 0.2152331992983818
  view-data: 0.024850995279848576
