times:
  edit-metadata: 1.5080954497680068
  landing: 0.019637536257505417
  view-data: 0.04555983282625675
