times:
  edit-metadata: 1.325431628152728
  landing: 0.02140436414629221
  view-data: 0.024031322449445724
