times:
  edit-metadata: 1.526214849203825
  landing: 0.1558256782591343
  view-data: 0.025781169533729553
