times:
  edit-metadata: 0.5290041225962341
  landing: 0.14073595125228167
  view-data: 0.3056997200474143
