times:
  edit-metadata: 1.4881299789994955
  landing: 0.13599578104913235
  view-data: 0.05331563577055931
