times:
  edit-metadata: 1.3223051503300667
  landing: 0.02318748366087675
  view-data: 0.026276301592588425
