times:
  edit-metadata: 1.3224827582016587
  landing: 0.019484801217913628
  view-data: 0.027388345450162888
