times:
  edit-metadata: 1.435621160082519
  landing: 0.14570167567580938
  view-data: 0.026600169017910957
