times:
  edit-metadata: 1.3035224974155426
  landing: 0.13101658690720797
  view-data: 0.09501933678984642
