times:
  edit-metadata: 1.3393932022154331
  landing: 0.021051493473351002
  view-data: 0.2260430846363306
