times:
  edit-metadata: 1.3931634202599525
  landing: 0.0206473246216774
  view-data: 0.025312624871730804
