times:
  edit-metadata: 1.3177765738219023
  landing: 0.021385488100349903
  view-data: 0.02732810191810131
