times:
  edit-metadata: 0.4350950107909739
  landing: 0.04239158984273672
  view-data: 0.3228310742415488
