times:
  edit-metadata: 1.2961971145123243
  landing: 0.2481600120663643
  view-data: 0.18744649086147547
