times:
  edit-metadata: 1.4923782860860229
  landing: 0.16524591576308012
  view-data: 0.1555414292961359
