times:
  edit-metadata: 1.4052958497777581
  landing: 0.020859191194176674
  view-data: 0.029838879592716694
