times:
  edit-metadata: 1.3986339904367924
  landing: 0.020326899364590645
  view-data: 0.12390303239226341
