times:
  edit-metadata: 1.325149679556489
  landing: 0.01886323280632496
  view-data: 0.023055315017700195
