times:
  edit-metadata: 1.6851881369948387
  landing: 0.034423334524035454
  view-data: 0.4732933705672622
