times:
  edit-metadata: 1.2821451118215919
  landing: 0.16174906957894564
  view-data: 0.11772306449711323
