times:
  edit-metadata: 1.32131043728441
  landing: 0.02384968474507332
  view-data: 0.48704762756824493
