times:
  edit-metadata: 0.4490246847271919
  landing: 0.04976502386853099
  view-data: 0.3290154687128961
