times:
  edit-metadata: 0.5308862603269517
  landing: 0.07012420101091266
  view-data: 0.2106217360123992
