times:
  edit-metadata: 1.4580830857157707
  landing: 0.025521389208734035
  view-data: 0.139439070597291
