times:
  edit-metadata: 1.2631395049393177
  landing: 0.12184457574039698
  view-data: 0.41904496401548386
