times:
  edit-metadata: 1.3467742782086134
  landing: 0.02154081128537655
  view-data: 0.14096751809120178
