times:
  edit-metadata: 1.509593676775694
  landing: 0.29397340677678585
  view-data: 0.34549177158623934
