times:
  edit-metadata: 0.6597887561656535
  landing: 0.05536242015659809
  view-data: 0.3017849363386631
