times:
  edit-metadata: 1.3249924331903458
  landing: 0.017938388511538506
  view-data: 0.02426096238195896
