times:
  edit-metadata: 1.4518236499279737
  landing: 0.019088510423898697
  view-data: 0.02418697066605091
