times:
  edit-metadata: 1.3532944396138191
  landing: 0.022974183782935143
  view-data: 0.024662915617227554
