times:
  edit-metadata: 0.4253289410844445
  landing: 0.044596535153687
  view-data: 0.3234420921653509
