times:
  edit-metadata: 1.2887611212208867
  landing: 0.021548500284552574
  view-data: 0.026413654908537865
