times:
  edit-metadata: 1.31009192019701
  landing: 0.02036304958164692
  view-data: 0.027938129380345345
