times:
  edit-metadata: 1.3614290226250887
  landing: 0.021716274321079254
  view-data: 0.10580871254205704
