times:
  edit-metadata: 0.4529036683961749
  landing: 0.055809550918638706
  view-data: 0.20295931212604046
