times:
  edit-metadata: 0.4494605716317892
  landing: 0.043886217288672924
  view-data: 0.20068656373769045
