times:
  edit-metadata: 1.3007741468027234
  landing: 0.02151838317513466
  view-data: 0.023850398138165474
