times:
  edit-metadata: 1.4306521201506257
  landing: 0.019523085094988346
  view-data: 0.4748259661719203
