times:
  edit-metadata: 1.3227498810738325
  landing: 0.02186636906117201
  view-data: 0.02698908094316721
