times:
  edit-metadata: 1.3473659325391054
  landing: 0.01876380480825901
  view-data: 0.40349837951362133
