times:
  edit-metadata: 1.702227158471942
  landing: 0.022826699540019035
  view-data: 0.025218669325113297
