times:
  edit-metadata: 1.3255684273317456
  landing: 0.02567119151353836
  view-data: 0.11709590256214142
