times:
  edit-metadata: 1.3495322316884995
  landing: 0.020349951460957527
  view-data: 0.025961894541978836
