times:
  edit-metadata: 1.389386149123311
  landing: 0.12928069569170475
  view-data: 0.4768969798460603
