times:
  edit-metadata: 1.366037854924798
  landing: 0.12050766311585903
  view-data: 0.15211846120655537
