times:
  edit-metadata: 1.312285809777677
  landing: 0.14120139181613922
  view-data: 0.025977294892072678
