times:
  edit-metadata: 0.4268672773614526
  landing: 0.045881873928010464
  view-data: 0.20538835227489471
