times:
  edit-metadata: 1.476400850340724
  landing: 0.19689572043716908
  view-data: 0.025479616597294807
