times:
  edit-metadata: 1.342158680781722
  landing: 0.019809529185295105
  view-data: 0.3850018586963415
