times:
  edit-metadata: 1.3547273557633162
  landing: 0.11652267631143332
  view-data: 0.024023174308240414
