times:
  edit-metadata: 1.3665164355188608
  landing: 0.02180730551481247
  view-data: 0.024565361440181732
