times:
  edit-metadata: 1.3145248712971807
  landing: 0.02045958675444126
  view-data: 0.02543666400015354
