times:
  edit-metadata: 1.3826639959588647
  landing: 0.19665840361267328
  view-data: 0.024372042156755924
