times:
  edit-metadata: 1.3354573734104633
  landing: 0.0221804641187191
  view-data: 0.026097146794199944
