times:
  edit-metadata: 1.48199718631804
  landing: 0.39673519134521484
  view-data: 0.1573141310364008
