times:
  edit-metadata: 1.8732803761959076
  landing: 0.02037067711353302
  view-data: 0.1687550637871027
