times:
  edit-metadata: 1.3811932429671288
  landing: 0.024538008496165276
  view-data: 0.025782529264688492
