times:
  edit-metadata: 1.3612452931702137
  landing: 0.22924105543643236
  view-data: 0.4327485365793109
