times:
  edit-metadata: 0.4517207508906722
  landing: 0.04979201499372721
  view-data: 0.20760943088680506
