times:
  edit-metadata: 1.3023700909689069
  landing: 0.022935413755476475
  view-data: 0.12938434910029173
