times:
  edit-metadata: 1.6026587579399347
  landing: 0.3022884652018547
  view-data: 0.16111114621162415
