times:
  edit-metadata: 1.2879957500845194
  landing: 0.020001511089503765
  view-data: 0.11968621518462896
