times:
  edit-metadata: 0.5438970010727644
  landing: 0.07222434272989631
  view-data: 0.20518331602215767
