times:
  edit-metadata: 1.4453491680324078
  landing: 0.21995649673044682
  view-data: 0.3235826790332794
