times:
  edit-metadata: 1.4430424720048904
  landing: 0.022011984139680862
  view-data: 0.13553368858993053
