times:
  edit-metadata: 1.326115689240396
  landing: 0.0218041455373168
  view-data: 0.4413986252620816
