times:
  edit-metadata: 1.7656638268381357
  landing: 0.02300920896232128
  view-data: 0.3427237719297409
