times:
  edit-metadata: 1.3587096007540822
  landing: 0.24419801868498325
  view-data: 0.26655659172683954
