times:
  edit-metadata: 1.5412692204117775
  landing: 0.23906648345291615
  view-data: 0.37970091961324215
