times:
  edit-metadata: 1.6505023390054703
  landing: 0.025803742930293083
  view-data: 0.47720802389085293
