times:
  edit-metadata: 1.3160485289990902
  landing: 0.1371820718050003
  view-data: 0.02770889550447464
