times:
  edit-metadata: 1.3511801566928625
  landing: 0.02201818861067295
  view-data: 0.025333011522889137
