times:
  edit-metadata: 1.4335538912564516
  landing: 0.14339465275406837
  view-data: 0.34717430733144283
