times:
  edit-metadata: 1.3991969227790833
  landing: 0.02098576258867979
  view-data: 0.02347475942224264
