times:
  edit-metadata: 1.326527857221663
  landing: 0.022262240760028362
  view-data: 0.12627663742750883
