times:
  edit-metadata: 1.3666045004501939
  landing: 0.17536014784127474
  view-data: 0.1212680097669363
