times:
  edit-metadata: 1.338640064932406
  landing: 0.019160231575369835
  view-data: 0.3102261144667864
