times:
  edit-metadata: 1.2637679763138294
  landing: 0.20837851893156767
  view-data: 0.025744295679032803
