times:
  edit-metadata: 1.3549575749784708
  landing: 0.021436872892081738
  view-data: 0.2139693358913064
