times:
  edit-metadata: 1.3736454546451569
  landing: 0.018459230661392212
  view-data: 0.34983457811176777
