times:
  edit-metadata: 1.4182440768927336
  landing: 0.020146071910858154
  view-data: 0.13029881566762924
