times:
  edit-metadata: 1.4045913722366095
  landing: 0.020943578332662582
  view-data: 0.3681388571858406
