times:
  edit-metadata: 1.5920344050973654
  landing: 0.2392029259353876
  view-data: 0.15658444166183472
