times:
  edit-metadata: 2.5088014295324683
  landing: 0.02649345062673092
  view-data: 0.047756350599229336
