times:
  edit-metadata: 1.4069509468972683
  landing: 0.11618613824248314
  view-data: 0.33212657272815704
