times:
  edit-metadata: 0.6059234892018139
  landing: 0.10126644279807806
  view-data: 0.210254383739084
