times:
  edit-metadata: 1.3176595754921436
  landing: 0.1416470818221569
  view-data: 0.025895112194120884
