times:
  edit-metadata: 1.3214581599459052
  landing: 0.022513100877404213
  view-data: 0.026152445934712887
