times:
  edit-metadata: 0.44142442289739847
  landing: 0.053983251098543406
  view-data: 0.33852120069786906
