times:
  edit-metadata: 1.2783830435946584
  landing: 0.12089029140770435
  view-data: 0.022930056788027287
