times:
  edit-metadata: 1.4973866771906614
  landing: 0.02067279815673828
  view-data: 0.02825811319053173
