times:
  edit-metadata: 1.4070766437798738
  landing: 0.2047730814665556
  view-data: 0.025202687829732895
