times:
  edit-metadata: 1.4294571597129107
  landing: 0.0200179573148489
  view-data: 0.32931103371083736
