times:
  edit-metadata: 1.4873615065589547
  landing: 0.02022980060428381
  view-data: 0.023242032155394554
