times:
  edit-metadata: 1.482991274446249
  landing: 0.05563545227050781
  view-data: 0.02977253496646881
