times:
  edit-metadata: 1.4360391274094582
  landing: 0.018898128531873226
  view-data: 0.11763510294258595
