times:
  edit-metadata: 1.5209808014333248
  landing: 0.02260030433535576
  view-data: 0.34811796993017197
