times:
  edit-metadata: 1.6972314026206732
  landing: 0.3421025685966015
  view-data: 0.45573372207581997
