times:
  edit-metadata: 3.0480305069941096
  landing: 0.24709337900276296
  view-data: 0.6363415939849801
