times:
  edit-metadata: 1.4959716573357582
  landing: 0.0201575867831707
  view-data: 0.024798478931188583
