times:
  edit-metadata: 1.4652584288269281
  landing: 0.18596706166863441
  view-data: 0.026084082201123238
