times:
  edit-metadata: 0.7866907138377428
  landing: 0.10604700911790133
  view-data: 0.3032131693325937
