times:
  edit-metadata: 1.455073669552803
  landing: 0.022796930745244026
  view-data: 0.025657784193754196
