times:
  edit-metadata: 1.681971987709403
  landing: 0.2211637869477272
  view-data: 0.4272654354572296
