times:
  edit-metadata: 0.593216854147613
  landing: 0.05479593062773347
  view-data: 0.22613569116219878
