times:
  edit-metadata: 1.8333137398585677
  landing: 0.21479038801044226
  view-data: 0.5008864011615515
