times:
  edit-metadata: 1.6679759360849857
  landing: 0.2932551382109523
  view-data: 0.5090327048674226
