times:
  edit-metadata: 0.6179025219753385
  landing: 0.06925440113991499
  view-data: 0.21955041913315654
