times:
  edit-metadata: 1.4614903144538403
  landing: 0.021188346669077873
  view-data: 0.11843686830252409
