times:
  edit-metadata: 1.7105213329195976
  landing: 0.02334420010447502
  view-data: 0.1606942806392908
