times:
  edit-metadata: 0.5897437650710344
  landing: 0.14040474966168404
  view-data: 0.3867756291292608
