times:
  edit-metadata: 0.6060802107676864
  landing: 0.07872275123372674
  view-data: 0.2359806951135397
