times:
  edit-metadata: 1.4769384246319532
  landing: 0.19501689076423645
  view-data: 0.32444976456463337
