times:
  edit-metadata: 1.543535728007555
  landing: 0.021799886599183083
  view-data: 0.35712752863764763
