times:
  edit-metadata: 1.4243492214009166
  landing: 0.13496100064367056
  view-data: 0.4509977959096432
