times:
  edit-metadata: 0.801128844730556
  landing: 0.03885541716590524
  view-data: 0.31633807765319943
