times:
  edit-metadata: 1.4915829040110111
  landing: 0.020237937569618225
  view-data: 0.025477468967437744
