times:
  edit-metadata: 1.5821596747264266
  landing: 0.02128713298588991
  view-data: 0.025851784273982048
