times:
  edit-metadata: 1.4754552626982331
  landing: 0.020796924829483032
  view-data: 0.11659201513975859
