times:
  edit-metadata: 0.8929873411543667
  landing: 0.11853831773623824
  view-data: 0.21985630504786968
