times:
  edit-metadata: 1.862547928467393
  landing: 0.2841909509152174
  view-data: 0.16493200697004795
