times:
  edit-metadata: 1.4889357276260853
  landing: 0.20877493172883987
  view-data: 0.23981193639338017
