times:
  edit-metadata: 0.6276103937998414
  landing: 0.053264654241502285
  view-data: 0.3471146170049906
