times:
  edit-metadata: 1.4474129285663366
  landing: 0.02085315715521574
  view-data: 0.023108485154807568
