times:
  edit-metadata: 1.4532243153080344
  landing: 0.019776692613959312
  view-data: 0.11861082538962364
