times:
  edit-metadata: 1.878835430368781
  landing: 0.22486419789493084
  view-data: 0.028255200013518333
