times:
  edit-metadata: 0.5949434041976929
  landing: 0.04050119873136282
  view-data: 0.8523011673241854
