times:
  edit-metadata: 0.6721146935597062
  landing: 0.057407175190746784
  view-data: 0.228027637116611
