times:
  edit-metadata: 1.6812827438116074
  landing: 0.27638806588947773
  view-data: 0.026782328262925148
