times:
  edit-metadata: 1.4830185594037175
  landing: 0.023111102171242237
  view-data: 0.12018836382776499
