times:
  edit-metadata: 1.4290660079568624
  landing: 0.018694985657930374
  view-data: 0.02349952422082424
