times:
  edit-metadata: 1.4405597876757383
  landing: 0.01929246075451374
  view-data: 0.02314723376184702
