times:
  edit-metadata: 1.4585182778537273
  landing: 0.11422102339565754
  view-data: 0.42582029663026333
