times:
  edit-metadata: 1.46480543166399
  landing: 0.01835736073553562
  view-data: 0.11771477945148945
