times:
  edit-metadata: 0.6211949451826513
  landing: 0.05192139418795705
  view-data: 0.34032031102105975
