times:
  edit-metadata: 1.5370869655162096
  landing: 0.1379288975149393
  view-data: 0.1174154756590724
