times:
  edit-metadata: 0.6748992279171944
  landing: 0.055248845368623734
  view-data: 0.4480459513142705
