times:
  edit-metadata: 1.674866423010826
  landing: 0.2500676643103361
  view-data: 0.36237606406211853
