times:
  edit-metadata: 1.447218956425786
  landing: 0.12837163638323545
  view-data: 0.025680478662252426
