times:
  edit-metadata: 0.6337523837573826
  landing: 0.0986080332659185
  view-data: 0.2209012540988624
