times:
  edit-metadata: 1.6592921148985624
  landing: 0.018197597935795784
  view-data: 0.3027590662240982
