times:
  edit-metadata: 1.4525472270324826
  landing: 0.01859757862985134
  view-data: 0.13197456486523151
