times:
  edit-metadata: 1.476411571726203
  landing: 0.01990931387990713
  view-data: 0.027807114645838737
