times:
  edit-metadata: 1.5145334880799055
  landing: 0.12575289234519005
  view-data: 0.02580367587506771
