times:
  edit-metadata: 1.495307789184153
  landing: 0.021514153108000755
  view-data: 0.027857252396643162
