times:
  edit-metadata: 1.8628583028912544
  landing: 0.16430954076349735
  view-data: 0.4338502883911133
