times:
  edit-metadata: 1.8631293959915638
  landing: 0.30084535852074623
  view-data: 0.41903815418481827
