times:
  edit-metadata: 1.7018439304083586
  landing: 0.19597036950290203
  view-data: 0.02586904913187027
