times:
  edit-metadata: 1.5442681098356843
  landing: 0.019677949137985706
  view-data: 0.12779793795198202
