times:
  edit-metadata: 1.563682546839118
  landing: 0.20749055966734886
  view-data: 0.02695605158805847
