times:
  edit-metadata: 1.5143260061740875
  landing: 0.1443853983655572
  view-data: 0.09459674172103405
