times:
  edit-metadata: 1.470299407839775
  landing: 0.019849699921905994
  view-data: 0.10120599810034037
