times:
  edit-metadata: 1.5666767247021198
  landing: 0.02117552887648344
  view-data: 0.024018120020627975
