times:
  edit-metadata: 0.5908531425520778
  landing: 0.04191968031227589
  view-data: 0.21032483410090208
