times:
  edit-metadata: 1.5957776010036469
  landing: 0.13888777885586023
  view-data: 0.02662502136081457
