times:
  edit-metadata: 0.8381497203372419
  landing: 0.08634502533823252
  view-data: 0.3114430168643594
