times:
  edit-metadata: 2.0219926554709673
  landing: 0.209301995113492
  view-data: 0.25186257250607014
