times:
  edit-metadata: 0.6534260767512023
  landing: 0.053211532067507505
  view-data: 0.4911542749032378
