times:
  edit-metadata: 1.4865084309130907
  landing: 0.12830720096826553
  view-data: 0.3411882221698761
