times:
  edit-metadata: 1.4649776788428426
  landing: 0.018977890722453594
  view-data: 0.02521607931703329
