times:
  edit-metadata: 1.4404251500964165
  landing: 0.02028936706483364
  view-data: 0.12145711202174425
