times:
  edit-metadata: 1.5186364110559225
  landing: 0.14149021450430155
  view-data: 0.026213119737803936
