times:
  edit-metadata: 1.529379171319306
  landing: 0.09536775201559067
  view-data: 0.02330938447266817
