times:
  edit-metadata: 1.5000300593674183
  landing: 0.24895576760172844
  view-data: 0.12233650498092175
