times:
  edit-metadata: 1.4647284466773272
  landing: 0.022609898820519447
  view-data: 0.028156019747257233
