times:
  edit-metadata: 0.6257116654887795
  landing: 0.05349864158779383
  view-data: 0.21402283012866974
