times:
  edit-metadata: 0.6002819333225489
  landing: 0.06830331403762102
  view-data: 0.216700810007751
