times:
  edit-metadata: 1.6903367023915052
  landing: 0.2684255298227072
  view-data: 0.1063429731875658
