times:
  edit-metadata: 0.5677607450634241
  landing: 0.04505173768848181
  view-data: 0.21224442403763533
