times:
  edit-metadata: 1.4658953789621592
  landing: 0.02038363181054592
  view-data: 0.027568211778998375
