times:
  edit-metadata: 1.4554441766813397
  landing: 0.020965518429875374
  view-data: 0.026764381676912308
