times:
  edit-metadata: 1.5970815913751721
  landing: 0.020589168183505535
  view-data: 0.1361706554889679
