times:
  edit-metadata: 0.5973997125402093
  landing: 0.0520902406424284
  view-data: 0.22314857318997383
