times:
  edit-metadata: 1.5228890515863895
  landing: 0.23927097395062447
  view-data: 0.1030863057821989
