times:
  edit-metadata: 1.476451225578785
  landing: 0.018036315217614174
  view-data: 0.025776020251214504
