times:
  edit-metadata: 1.6869083885103464
  landing: 0.20477156527340412
  view-data: 0.1292533241212368
