times:
  edit-metadata: 1.4318192256614566
  landing: 0.02073194645345211
  view-data: 0.1203300952911377
