times:
  edit-metadata: 0.6230501430109143
  landing: 0.059472756925970316
  view-data: 0.24118655500933528
