times:
  edit-metadata: 1.4488122873008251
  landing: 0.022451658733189106
  view-data: 0.23274265974760056
