times:
  edit-metadata: 1.462054543197155
  landing: 0.11777224205434322
  view-data: 0.12601472809910774
