times:
  edit-metadata: 1.465338159352541
  landing: 0.02096247486770153
  view-data: 0.11599636916071177
