times:
  edit-metadata: 1.4508608411997557
  landing: 0.019646840170025826
  view-data: 0.024264540523290634
