times:
  edit-metadata: 1.9656654838472605
  landing: 0.19433685205876827
  view-data: 0.3888692632317543
