times:
  edit-metadata: 0.8703114134259522
  landing: 0.07237619999796152
  view-data: 0.299951396882534
