times:
  edit-metadata: 1.503786712884903
  landing: 0.02436614502221346
  view-data: 0.02531776949763298
