times:
  edit-metadata: 2.0019841864705086
  landing: 0.28701995871961117
  view-data: 0.18040469102561474
