times:
  edit-metadata: 1.801058018580079
  landing: 0.05070853792130947
  view-data: 0.7021063379943371
