times:
  edit-metadata: 1.6243521915748715
  landing: 0.020454485900700092
  view-data: 0.13134873285889626
