times:
  edit-metadata: 1.6896539274603128
  landing: 0.15269259735941887
  view-data: 0.3824984226375818
