times:
  edit-metadata: 1.4778984524309635
  landing: 0.021697345189750195
  view-data: 0.027845511212944984
