times:
  edit-metadata: 0.6030868208035827
  landing: 0.04105774313211441
  view-data: 0.23036471661180258
