times:
  edit-metadata: 0.6009694561362267
  landing: 0.06738079898059368
  view-data: 0.21394167887046933
