times:
  edit-metadata: 1.6788982637226582
  landing: 0.04628533869981766
  view-data: 0.2760805692523718
