times:
  edit-metadata: 1.4182507991790771
  landing: 0.019764142110943794
  view-data: 0.11580891534686089
