times:
  edit-metadata: 1.4389415895566344
  landing: 0.020979887805879116
  view-data: 0.12135259807109833
