times:
  edit-metadata: 1.5759569872170687
  landing: 0.14110898319631815
  view-data: 0.027262331917881966
