times:
  edit-metadata: 1.4461555648595095
  landing: 0.020826635882258415
  view-data: 0.024958733469247818
