times:
  edit-metadata: 1.4941345397382975
  landing: 0.023282034322619438
  view-data: 0.15323889628052711
