times:
  edit-metadata: 1.483659602701664
  landing: 0.02324654906988144
  view-data: 0.10153141990303993
