times:
  edit-metadata: 0.5761006074026227
  landing: 0.0391657967120409
  view-data: 0.3357445364817977
