times:
  edit-metadata: 1.4747287491336465
  landing: 0.11600167863070965
  view-data: 0.09975662548094988
