times:
  edit-metadata: 1.5080079091712832
  landing: 0.02000037580728531
  view-data: 0.024974175728857517
