times:
  edit-metadata: 1.5797978872433305
  landing: 0.02365460991859436
  view-data: 0.02483418583869934
