times:
  edit-metadata: 1.45771961286664
  landing: 0.021193084307014942
  view-data: 0.12027065083384514
