times:
  edit-metadata: 1.4801139598712325
  landing: 0.02056199498474598
  view-data: 0.02683460433036089
