times:
  edit-metadata: 1.4911138089373708
  landing: 0.022103330120444298
  view-data: 0.1393153266981244
