times:
  edit-metadata: 1.5011976826936007
  landing: 0.14221139810979366
  view-data: 0.38924202136695385
