times:
  edit-metadata: 1.4782135393470526
  landing: 0.1439310424029827
  view-data: 0.02483176998794079
