times:
  edit-metadata: 1.4808817198500037
  landing: 0.02321066614240408
  view-data: 0.028223914094269276
