times:
  edit-metadata: 1.5268368804827332
  landing: 0.16418094467371702
  view-data: 0.028971686027944088
