times:
  edit-metadata: 1.5121799185872078
  landing: 0.23307505063712597
  view-data: 0.022980904206633568
