times:
  edit-metadata: 1.4580034157261252
  landing: 0.21475434117019176
  view-data: 0.12128255888819695
