times:
  edit-metadata: 0.6829645489342511
  landing: 0.04570086393505335
  view-data: 0.329498833976686
