times:
  edit-metadata: 1.672331988811493
  landing: 0.022860772907733917
  view-data: 0.38754360377788544
