times:
  edit-metadata: 1.4598239623010159
  landing: 0.024247365072369576
  view-data: 0.14562722109258175
