times:
  edit-metadata: 0.5839493749663234
  landing: 0.045483347959816456
  view-data: 0.3594039427116513
