times:
  edit-metadata: 1.482705269008875
  landing: 0.022511040791869164
  view-data: 0.4178889924660325
