times:
  edit-metadata: 1.654360456392169
  landing: 0.023632802069187164
  view-data: 0.4027941934764385
