times:
  edit-metadata: 1.469208363443613
  landing: 0.02067103609442711
  view-data: 0.41057128086686134
