times:
  edit-metadata: 1.5037854295223951
  landing: 0.02096208930015564
  view-data: 0.15132038109004498
