times:
  edit-metadata: 1.5133017282932997
  landing: 0.2286498351022601
  view-data: 0.027325539849698544
