times:
  edit-metadata: 0.6228261534124613
  landing: 0.04602059256285429
  view-data: 0.21044583898037672
