times:
  edit-metadata: 0.747778058052063
  landing: 0.17182163102552295
  view-data: 0.2765704458579421
