times:
  edit-metadata: 1.4929663985967636
  landing: 0.19651252031326294
  view-data: 0.4067326094955206
