times:
  edit-metadata: 0.6028827838599682
  landing: 0.04036296438425779
  view-data: 0.21761456970125437
