times:
  edit-metadata: 1.4842152502387762
  landing: 0.01891845278441906
  view-data: 0.13696388341486454
