times:
  edit-metadata: 1.8384049981832504
  landing: 0.16038111597299576
  view-data: 0.18541768193244934
