times:
  edit-metadata: 1.4639689438045025
  landing: 0.0197885874658823
  view-data: 0.027521480806171894
