times:
  edit-metadata: 1.459395400248468
  landing: 0.021562407724559307
  view-data: 0.1306691262871027
