times:
  edit-metadata: 2.0872805304825306
  landing: 0.15715434588491917
  view-data: 0.39651620388031006
