times:
  edit-metadata: 1.5139778042212129
  landing: 0.15046521089971066
  view-data: 0.3593252645805478
