times:
  edit-metadata: 1.5856639705598354
  landing: 0.020663760602474213
  view-data: 0.34545112401247025
