times:
  edit-metadata: 0.5972116217017174
  landing: 0.048310330137610435
  view-data: 0.34299172135069966
