times:
  edit-metadata: 0.619881228543818
  landing: 0.04090461600571871
  view-data: 0.34719215612858534
