times:
  edit-metadata: 1.4399572182446718
  landing: 0.021738985553383827
  view-data: 0.023659029975533485
