times:
  edit-metadata: 1.4468293394893408
  landing: 0.019946062937378883
  view-data: 0.31164065189659595
