times:
  edit-metadata: 1.4584043119102716
  landing: 0.018791246227920055
  view-data: 0.025753498077392578
