times:
  edit-metadata: 1.4279106725007296
  landing: 0.14294124767184258
  view-data: 0.027039130218327045
