times:
  edit-metadata: 0.5958284037187696
  landing: 0.04705451708287001
  view-data: 0.20398731715977192
