times:
  edit-metadata: 0.7274732692167163
  landing: 0.12583226896822453
  view-data: 0.23720850003883243
