times:
  edit-metadata: 1.4748984798789024
  landing: 0.019249917939305305
  view-data: 0.023351192474365234
