times:
  edit-metadata: 0.5967463431879878
  landing: 0.041951739229261875
  view-data: 0.20975595526397228
