times:
  edit-metadata: 1.5069171469658613
  landing: 0.11880344338715076
  view-data: 0.13263855315744877
