times:
  edit-metadata: 0.5758966351859272
  landing: 0.0448828274384141
  view-data: 0.3458381360396743
