times:
  edit-metadata: 1.4716925835236907
  landing: 0.018377847969532013
  view-data: 0.02359062433242798
