times:
  edit-metadata: 1.4252282604575157
  landing: 0.021725942380726337
  view-data: 0.12373340968042612
