times:
  edit-metadata: 1.4769148379564285
  landing: 0.020798186771571636
  view-data: 0.02629903145134449
