times:
  edit-metadata: 1.5279077924787998
  landing: 0.25733848474919796
  view-data: 0.149857385084033
