times:
  edit-metadata: 1.5118496641516685
  landing: 0.1277782041579485
  view-data: 0.3618204779922962
