times:
  edit-metadata: 1.505546035245061
  landing: 0.021456043235957623
  view-data: 0.025749534368515015
