times:
  edit-metadata: 1.7413667291402817
  landing: 0.14900127425789833
  view-data: 0.025683755055069923
