times:
  edit-metadata: 1.426979037001729
  landing: 0.022316752932965755
  view-data: 0.11610166914761066
