times:
  edit-metadata: 1.4983966453000903
  landing: 0.17733584810048342
  view-data: 0.4441615892574191
