times:
  edit-metadata: 0.6477056248113513
  landing: 0.04638558439910412
  view-data: 0.47413431387394667
