times:
  edit-metadata: 1.45542006008327
  landing: 0.021753620356321335
  view-data: 0.024474093690514565
