times:
  edit-metadata: 1.504231027327478
  landing: 0.021410931833088398
  view-data: 0.12168212048709393
