times:
  edit-metadata: 1.5828311704099178
  landing: 0.2649036105722189
  view-data: 0.029155978932976723
