times:
  edit-metadata: 1.507504016160965
  landing: 0.02281007170677185
  view-data: 0.12071569263935089
