times:
  edit-metadata: 0.5767094492912292
  landing: 0.04471568018198013
  view-data: 0.2528660222887993
