times:
  edit-metadata: 0.6025696052238345
  landing: 0.041363402269780636
  view-data: 0.22546348348259926
