times:
  edit-metadata: 1.4487036606296897
  landing: 0.11679347045719624
  view-data: 0.12828931398689747
