times:
  edit-metadata: 1.465320885181427
  landing: 0.021909257397055626
  view-data: 0.02761317603290081
