times:
  edit-metadata: 1.4830821063369513
  landing: 0.02030622959136963
  view-data: 0.031069554388523102
