times:
  edit-metadata: 1.471387255936861
  landing: 0.020893093198537827
  view-data: 0.3414215687662363
