times:
  edit-metadata: 1.4819154758006334
  landing: 0.020376158878207207
  view-data: 0.025664955377578735
