times:
  edit-metadata: 1.4860311411321163
  landing: 0.022218625992536545
  view-data: 0.027052846737205982
