times:
  edit-metadata: 1.6644610147923231
  landing: 0.15158581174910069
  view-data: 0.025351060554385185
