times:
  edit-metadata: 0.5799145856872201
  landing: 0.04004388768225908
  view-data: 0.35456074122339487
