times:
  edit-metadata: 1.8232554337009788
  landing: 0.018413730897009373
  view-data: 0.022663310170173645
