times:
  edit-metadata: 0.6014473480172455
  landing: 0.14752131514251232
  view-data: 0.3294983231462538
