times:
  edit-metadata: 1.4481304977089167
  landing: 0.020590907894074917
  view-data: 0.02624268177896738
