times:
  edit-metadata: 1.3992898724973202
  landing: 0.021100113168358803
  view-data: 0.10607559233903885
