times:
  edit-metadata: 1.4553867038339376
  landing: 0.020050348713994026
  view-data: 0.12070799060165882
