times:
  edit-metadata: 2.0571800749748945
  landing: 0.40422882325947285
  view-data: 0.20561022032052279
