times:
  edit-metadata: 1.537378673441708
  landing: 0.02167908288538456
  view-data: 0.02508805226534605
