times:
  edit-metadata: 1.442209005355835
  landing: 0.01948518492281437
  view-data: 0.02747180499136448
