times:
  edit-metadata: 1.618025280535221
  landing: 0.2735339757055044
  view-data: 0.36529913172125816
