times:
  edit-metadata: 1.4597396505996585
  landing: 0.019861348904669285
  view-data: 0.027865375392138958
