times:
  edit-metadata: 1.7466019559651613
  landing: 0.17593360133469105
  view-data: 0.16288837604224682
