times:
  edit-metadata: 1.837160848081112
  landing: 0.25955326296389103
  view-data: 0.15907131880521774
