times:
  edit-metadata: 1.554776655510068
  landing: 0.02456970326602459
  view-data: 0.12024971004575491
