times:
  edit-metadata: 1.660194305703044
  landing: 0.020048310980200768
  view-data: 0.37991425953805447
