times:
  edit-metadata: 1.454545246437192
  landing: 0.02116637211292982
  view-data: 0.353417357429862
