times:
  edit-metadata: 1.4639378562569618
  landing: 0.02099511492997408
  view-data: 0.02425892185419798
