times:
  edit-metadata: 0.5990527011454105
  landing: 0.07794188521802425
  view-data: 0.22626813687384129
