times:
  edit-metadata: 1.5279977368190885
  landing: 0.1994421510025859
  view-data: 0.09731450024992228
