times:
  edit-metadata: 1.5146904699504375
  landing: 0.021725687198340893
  view-data: 0.023466426879167557
