times:
  edit-metadata: 1.457384031265974
  landing: 0.019570769742131233
  view-data: 0.023178163915872574
