times:
  edit-metadata: 1.4404181353747845
  landing: 0.019704634323716164
  view-data: 0.3126281760632992
