times:
  edit-metadata: 1.458246873691678
  landing: 0.019513828679919243
  view-data: 0.027263566851615906
