times:
  edit-metadata: 1.4291905630379915
  landing: 0.13667202834039927
  view-data: 0.1306614000350237
