times:
  edit-metadata: 1.495528501458466
  landing: 0.21143026370555162
  view-data: 0.26579342782497406
