times:
  edit-metadata: 2.143753545358777
  landing: 0.18532435968518257
  view-data: 0.38933420181274414
