times:
  edit-metadata: 1.536200413480401
  landing: 0.1375588234513998
  view-data: 0.29799930565059185
