times:
  edit-metadata: 1.5180540131404996
  landing: 0.01990898698568344
  view-data: 0.024471024051308632
