times:
  edit-metadata: 1.4680089065805078
  landing: 0.02235619444400072
  view-data: 0.45283887535333633
