times:
  edit-metadata: 1.453463951125741
  landing: 0.02135400101542473
  view-data: 0.02535095252096653
