times:
  edit-metadata: 1.4080104511231184
  landing: 0.24211423099040985
  view-data: 0.02461366541683674
