times:
  edit-metadata: 0.5798401618376374
  landing: 0.041212091222405434
  view-data: 0.2040351079776883
