times:
  edit-metadata: 1.587514379993081
  landing: 0.020861906930804253
  view-data: 0.3524436876177788
