times:
  edit-metadata: 0.8594759833067656
  landing: 0.05367453210055828
  view-data: 0.21275418531149626
