times:
  edit-metadata: 1.5032508289441466
  landing: 0.021221651695668697
  view-data: 0.025477745570242405
