times:
  edit-metadata: 0.6746701919473708
  landing: 0.07230274006724358
  view-data: 0.31723350333049893
