times:
  edit-metadata: 1.4353554882109165
  landing: 0.024759553372859955
  view-data: 0.02252146787941456
