times:
  edit-metadata: 1.4535985887050629
  landing: 0.021974962204694748
  view-data: 0.0273420587182045
