times:
  edit-metadata: 1.4813728388398886
  landing: 0.019038280472159386
  view-data: 0.022880425676703453
