times:
  edit-metadata: 1.458946518599987
  landing: 0.15883414074778557
  view-data: 0.31987983733415604
