times:
  edit-metadata: 0.5631833430379629
  landing: 0.04744059778749943
  view-data: 0.22233415581285954
