times:
  edit-metadata: 1.463367648422718
  landing: 0.022981380112469196
  view-data: 0.11644478142261505
