times:
  edit-metadata: 0.6187768075615168
  landing: 0.04702064208686352
  view-data: 0.20778427366167307
