times:
  edit-metadata: 1.4643482454121113
  landing: 0.019444246776401997
  view-data: 0.027404319494962692
