times:
  edit-metadata: 1.4671508874744177
  landing: 0.023076912388205528
  view-data: 0.3436443991959095
