times:
  edit-metadata: 1.4563855286687613
  landing: 0.02157585322856903
  view-data: 0.316770413890481
