times:
  edit-metadata: 1.4812167333438993
  landing: 0.16689155623316765
  view-data: 0.026648540049791336
