times:
  edit-metadata: 1.4761518007144332
  landing: 0.14463980961591005
  view-data: 0.02463790774345398
