times:
  edit-metadata: 1.542193340137601
  landing: 0.25128802470862865
  view-data: 0.14205004461109638
