times:
  edit-metadata: 0.5641998071223497
  landing: 0.0429380452260375
  view-data: 0.3607689831405878
