times:
  edit-metadata: 1.4674139749258757
  landing: 0.13173673301935196
  view-data: 0.025194792076945305
