times:
  edit-metadata: 1.552701910957694
  landing: 0.20902648381888866
  view-data: 0.2572463061660528
