times:
  edit-metadata: 1.6398182660341263
  landing: 0.27525494806468487
  view-data: 0.03166417218744755
