times:
  edit-metadata: 1.4843186726793647
  landing: 0.12132054381072521
  view-data: 0.11757336929440498
