times:
  edit-metadata: 1.732553869485855
  landing: 0.3146509099751711
  view-data: 0.444726912304759
