times:
  edit-metadata: 0.6478201961144805
  landing: 0.05273383017629385
  view-data: 0.2205705102533102
