times:
  edit-metadata: 1.661479139700532
  landing: 0.022211512550711632
  view-data: 0.32732152938842773
