times:
  edit-metadata: 1.5372455064207315
  landing: 0.11652692221105099
  view-data: 0.026098504662513733
