times:
  edit-metadata: 1.5499371439218521
  landing: 0.023985765874385834
  view-data: 0.023789390921592712
