times:
  edit-metadata: 1.4610904771834612
  landing: 0.020787229761481285
  view-data: 0.14338955096900463
