times:
  edit-metadata: 1.6234722658991814
  landing: 0.018763670697808266
  view-data: 0.023054889403283596
