times:
  edit-metadata: 0.5748109091073275
  landing: 0.04362392611801624
  view-data: 0.444855481851846
