times:
  edit-metadata: 0.5673934044316411
  landing: 0.0518182972446084
  view-data: 0.24446028005331755
