times:
  edit-metadata: 1.4383070403710008
  landing: 0.021342463791370392
  view-data: 0.11752749793231487
