times:
  edit-metadata: 1.6904243379831314
  landing: 0.2412668876349926
  view-data: 0.43015464022755623
