times:
  edit-metadata: 1.460831687785685
  landing: 0.138557949103415
  view-data: 0.22430210281163454
