times:
  edit-metadata: 0.633009378798306
  landing: 0.04259056691080332
  view-data: 0.3485343870706856
