times:
  edit-metadata: 0.632327803876251
  landing: 0.10516760312020779
  view-data: 0.22446273686364293
