times:
  edit-metadata: 0.5824779709801078
  landing: 0.04981508478522301
  view-data: 0.21210135985165834
