times:
  edit-metadata: 1.445400352589786
  landing: 0.023496368899941444
  view-data: 0.11891629081219435
