times:
  edit-metadata: 2.0384204983711243
  landing: 0.2154867984354496
  view-data: 0.05603521876037121
