times:
  edit-metadata: 0.6127888765186071
  landing: 0.039939154870808125
  view-data: 0.3591785589233041
