times:
  edit-metadata: 1.4752215314656496
  landing: 0.01934840716421604
  view-data: 0.026221906766295433
