times:
  edit-metadata: 1.4777398193255067
  landing: 0.13364681228995323
  view-data: 0.5046499921008945
