times:
  edit-metadata: 0.6422232887707651
  landing: 0.05045619886368513
  view-data: 0.22788069024682045
