times:
  edit-metadata: 1.4394457144662738
  landing: 0.18888670857995749
  view-data: 0.46393756195902824
