times:
  edit-metadata: 1.6294627618044615
  landing: 0.11180650815367699
  view-data: 0.024770982563495636
