times:
  edit-metadata: 1.4685117211192846
  landing: 0.021199245005846024
  view-data: 0.02754502184689045
