times:
  edit-metadata: 1.4453558204695582
  landing: 0.13052079547196627
  view-data: 0.023464114405214787
