times:
  edit-metadata: 1.515610970556736
  landing: 0.021225527860224247
  view-data: 0.12512713205069304
