times:
  edit-metadata: 1.6087332889437675
  landing: 0.0229389276355505
  view-data: 0.054390015080571175
