times:
  edit-metadata: 1.5184481414034963
  landing: 0.022022138349711895
  view-data: 0.026427941396832466
