times:
  edit-metadata: 1.4563454119488597
  landing: 0.023667153902351856
  view-data: 0.024091653525829315
