times:
  edit-metadata: 0.6260646441951394
  landing: 0.049266329035162926
  view-data: 0.2179160201922059
