times:
  edit-metadata: 1.5078433630988002
  landing: 0.021841670386493206
  view-data: 0.13220620434731245
