times:
  edit-metadata: 0.6088324743323028
  landing: 0.07082054717466235
  view-data: 0.2425578492693603
