times:
  edit-metadata: 1.5610389038920403
  landing: 0.020590202882885933
  view-data: 0.42290754057466984
