times:
  edit-metadata: 1.5748798586428165
  landing: 0.16681287251412868
  view-data: 0.2611681427806616
