times:
  edit-metadata: 1.4357939679175615
  landing: 0.019917670637369156
  view-data: 0.026558663696050644
