times:
  edit-metadata: 0.6136123151518404
  landing: 0.07733646081760526
  view-data: 0.2159035988152027
