times:
  edit-metadata: 0.8338172999210656
  landing: 0.07129502668976784
  view-data: 0.37367507722228765
