times:
  edit-metadata: 0.6366317393258214
  landing: 0.04529600124806166
  view-data: 0.2282966123893857
