times:
  edit-metadata: 1.498997574672103
  landing: 0.022803420200943947
  view-data: 0.12022845353931189
