times:
  edit-metadata: 0.6105681424960494
  landing: 0.049264813773334026
  view-data: 0.218609731644392
