times:
  edit-metadata: 1.4939204240217805
  landing: 0.12614959571510553
  view-data: 0.09975909348577261
