times:
  edit-metadata: 2.3262169267982244
  landing: 0.3115842957049608
  view-data: 0.5527509059756994
