times:
  edit-metadata: 0.638696426525712
  landing: 0.04597204551100731
  view-data: 0.22499808762222528
