times:
  edit-metadata: 1.7273409590125084
  landing: 0.025554431602358818
  view-data: 0.14440210536122322
