times:
  edit-metadata: 1.4743465520441532
  landing: 0.02173646353185177
  view-data: 0.027538983151316643
