times:
  edit-metadata: 1.6017356477677822
  landing: 0.11276274360716343
  view-data: 0.02329857274889946
