times:
  edit-metadata: 1.7501156013458967
  landing: 0.02135022170841694
  view-data: 0.023905398324131966
