times:
  edit-metadata: 1.45584552641958
  landing: 0.022178840823471546
  view-data: 0.1256559705361724
