times:
  edit-metadata: 1.8834170568734407
  landing: 0.01868456695228815
  view-data: 0.02900100778788328
