times:
  edit-metadata: 1.4825792126357555
  landing: 0.021058088168501854
  view-data: 0.12034363858401775
