times:
  edit-metadata: 1.4811611287295818
  landing: 0.12033906765282154
  view-data: 0.024027695879340172
