times:
  edit-metadata: 1.4861115422099829
  landing: 0.019641593098640442
  view-data: 0.022860048338770866
