times:
  edit-metadata: 1.4514677012339234
  landing: 0.021607553586363792
  view-data: 0.09563894756138325
