times:
  edit-metadata: 1.4810290299355984
  landing: 0.019601892679929733
  view-data: 0.45955472253262997
