times:
  edit-metadata: 0.59922114899382
  landing: 0.12457784498110414
  view-data: 0.38164788903668523
