times:
  edit-metadata: 1.5507144406437874
  landing: 0.020177535712718964
  view-data: 0.026466067880392075
