times:
  edit-metadata: 1.5255368910729885
  landing: 0.02594631537795067
  view-data: 0.3643725514411926
