times:
  edit-metadata: 1.4492885563522577
  landing: 0.022143671289086342
  view-data: 0.02623133920133114
