times:
  edit-metadata: 1.5961044691503048
  landing: 0.05236528255045414
  view-data: 0.24697264470160007
