times:
  edit-metadata: 1.5574870854616165
  landing: 0.02081168442964554
  view-data: 0.027270851656794548
