times:
  edit-metadata: 1.5369058791548014
  landing: 0.22371084801852703
  view-data: 0.025161854922771454
