times:
  edit-metadata: 1.646928396075964
  landing: 0.019599467515945435
  view-data: 0.02459021471440792
