times:
  edit-metadata: 1.5577555550262332
  landing: 0.02428816631436348
  view-data: 0.12119874451309443
