times:
  edit-metadata: 1.7986577898263931
  landing: 0.034980807453393936
  view-data: 0.05069291591644287
