times:
  edit-metadata: 1.4436281528323889
  landing: 0.018162555992603302
  view-data: 0.29545667208731174
