times:
  edit-metadata: 0.7347689741291106
  landing: 0.04075701395049691
  view-data: 0.34308236883953214
