times:
  edit-metadata: 0.6697497647255659
  landing: 0.09069139696657658
  view-data: 0.21137430192902684
