times:
  edit-metadata: 0.7764483536593616
  landing: 0.1396861569955945
  view-data: 0.3116299477405846
