times:
  edit-metadata: 0.5832442059181631
  landing: 0.05635524494573474
  view-data: 0.21195809124037623
