times:
  edit-metadata: 0.6067371238023043
  landing: 0.05937558086588979
  view-data: 0.21856747707352042
