times:
  edit-metadata: 0.6910657500848174
  landing: 0.09253925504162908
  view-data: 0.22575121698901057
