times:
  edit-metadata: 0.569797963835299
  landing: 0.052843640092760324
  view-data: 0.3229143423959613
