times:
  edit-metadata: 0.6107783787883818
  landing: 0.07232180284336209
  view-data: 0.22113997815176845
