times:
  edit-metadata: 0.7213820586912334
  landing: 0.09955735504627228
  view-data: 0.2138064019382
