times:
  edit-metadata: 0.5499557009898126
  landing: 0.12297104299068451
  view-data: 0.28745737904682755
