times:
  edit-metadata: 0.8798740520142019
  landing: 0.11447069887071848
  view-data: 0.35455053206533194
