times:
  edit-metadata: 0.8301369268447161
  landing: 0.07936892611905932
  view-data: 0.29471891559660435
