times:
  edit-metadata: 1.5469078421592712
  landing: 0.04448710381984711
  view-data: 0.33963900804519653
