times:
  edit-metadata: 0.585879503749311
  landing: 0.15100378915667534
  view-data: 0.23089177114889026
