times:
  edit-metadata: 0.5457376707345247
  landing: 0.06858136272057891
  view-data: 0.21988149406388402
