times:
  edit-metadata: 0.5276529071852565
  landing: 0.06742501491680741
  view-data: 0.22765551880002022
