times:
  edit-metadata: 0.5891804308630526
  landing: 0.07059078756719828
  view-data: 0.22339751897379756
