times:
  edit-metadata: 0.5503695923835039
  landing: 0.07369841868057847
  view-data: 0.224348281044513
