times:
  edit-metadata: 0.7453732960857451
  landing: 0.05641620513051748
  view-data: 0.21689483895897865
