times:
  edit-metadata: 0.5366845382377505
  landing: 0.06167149217799306
  view-data: 0.21460843179374933
