times:
  edit-metadata: 1.507867131382227
  landing: 0.26265210658311844
  view-data: 0.38684005849063396
