times:
  edit-metadata: 0.5401894887909293
  landing: 0.06757816998288035
  view-data: 0.21564756706357002
