times:
  edit-metadata: 1.594350840896368
  landing: 0.26395713724195957
  view-data: 0.031924379989504814
