times:
  edit-metadata: 0.5825408278033137
  landing: 0.049014372285455465
  view-data: 0.21184288524091244
