times:
  edit-metadata: 0.5248499261215329
  landing: 0.07932600425556302
  view-data: 0.31052502570673823
