times:
  edit-metadata: 0.6827046247199178
  landing: 0.07079772278666496
  view-data: 0.24959746934473515
