times:
  edit-metadata: 0.7170194457285106
  landing: 0.12054628692567348
  view-data: 0.21743813203647733
