times:
  edit-metadata: 0.7666895473375916
  landing: 0.05935651762410998
  view-data: 0.21006369916722178
