times:
  edit-metadata: 1.5297852233052254
  landing: 0.019479483366012573
  view-data: 0.3306551333516836
