times:
  edit-metadata: 0.6599327619187534
  landing: 0.08242226392030716
  view-data: 0.21992067387327552
