times:
  edit-metadata: 0.5399882891215384
  landing: 0.12247433001175523
  view-data: 0.2577158147469163
