times:
  edit-metadata: 1.3584677763283253
  landing: 0.022736158221960068
  view-data: 0.32286820374429226
