times:
  edit-metadata: 1.489535478875041
  landing: 0.01993512734770775
  view-data: 0.2520168963819742
