times:
  edit-metadata: 1.4016969203948975
  landing: 0.020962202921509743
  view-data: 0.30743562430143356
