times:
  edit-metadata: 1.3105320408940315
  landing: 0.01827668398618698
  view-data: 0.02441692352294922
