times:
  edit-metadata: 1.2925439309328794
  landing: 0.13062789849936962
  view-data: 0.21714182384312153
