times:
  edit-metadata: 0.6467274408787489
  landing: 0.12739109387621284
  view-data: 0.2317811050452292
