times:
  edit-metadata: 1.498015532270074
  landing: 0.14482566714286804
  view-data: 0.328100124374032
