times:
  edit-metadata: 1.448281567543745
  landing: 0.25574099086225033
  view-data: 0.3584200516343117
