times:
  edit-metadata: 1.4063263600692153
  landing: 0.1377920424565673
  view-data: 0.4140924522653222
