times:
  edit-metadata: 1.4095250964164734
  landing: 0.13347388990223408
  view-data: 0.027691995725035667
