times:
  edit-metadata: 1.3543296307325363
  landing: 0.020387748256325722
  view-data: 0.02368791401386261
