times:
  edit-metadata: 1.3481444949284196
  landing: 0.2160506071522832
  view-data: 0.4709578948095441
