times:
  edit-metadata: 1.6010126918554306
  landing: 0.3178592175245285
  view-data: 0.4879849012941122
