times:
  edit-metadata: 1.5501761194318533
  landing: 0.01979905366897583
  view-data: 0.3953275792300701
