times:
  edit-metadata: 1.446618603542447
  landing: 0.022356992587447166
  view-data: 0.022733794525265694
