times:
  edit-metadata: 1.3873054720461369
  landing: 0.15488148480653763
  view-data: 0.2958674877882004
