times:
  edit-metadata: 1.3209935501217842
  landing: 0.02309584803879261
  view-data: 0.3011140078306198
