times:
  edit-metadata: 1.5285188034176826
  landing: 0.025204835459589958
  view-data: 0.38794367760419846
