times:
  edit-metadata: 1.4336020573973656
  landing: 0.021395916119217873
  view-data: 0.31315272860229015
