times:
  edit-metadata: 1.3696691440418363
  landing: 0.06340379826724529
  view-data: 0.023214468732476234
