times:
  edit-metadata: 1.4479915173724294
  landing: 0.20335200056433678
  view-data: 0.44335833191871643
