times:
  edit-metadata: 1.3122652750462294
  landing: 0.01813141629099846
  view-data: 0.025699449703097343
