times:
  edit-metadata: 0.7207071273587644
  landing: 0.059337849728763103
  view-data: 0.2824675180017948
