times:
  edit-metadata: 0.6301182322204113
  landing: 0.07324556773528457
  view-data: 0.21234476286917925
