times:
  edit-metadata: 0.5070717576891184
  landing: 0.07095456263050437
  view-data: 0.3055515782907605
