times:
  edit-metadata: 1.4329370222985744
  landing: 0.14082717336714268
  view-data: 0.025042684748768806
