times:
  edit-metadata: 1.47157028503716
  landing: 0.24579275585711002
  view-data: 0.39949502795934677
