times:
  edit-metadata: 0.5599798988550901
  landing: 0.0722281439229846
  view-data: 0.21868219086900353
