times:
  edit-metadata: 0.4912933628074825
  landing: 0.06275464221835136
  view-data: 0.22180288890376687
