times:
  edit-metadata: 0.7626648349687457
  landing: 0.07702888082712889
  view-data: 0.20985266426578164
