times:
  edit-metadata: 1.2708850502967834
  landing: 0.020637878216803074
  view-data: 0.024943013675510883
