times:
  edit-metadata: 0.6618527937680483
  landing: 0.09000496892258525
  view-data: 0.28817207319661975
