times:
  edit-metadata: 1.4353631623089314
  landing: 0.1430420894175768
  view-data: 0.1622400600463152
