times:
  edit-metadata: 1.598942894488573
  landing: 0.13675546273589134
  view-data: 0.32399312406778336
