times:
  edit-metadata: 1.5273535586893559
  landing: 0.13289030455052853
  view-data: 0.3392069898545742
