times:
  edit-metadata: 1.2920196279883385
  landing: 0.1308328825980425
  view-data: 0.29595894180238247
