times:
  edit-metadata: 0.5448381290771067
  landing: 0.05238485801964998
  view-data: 0.21343009499832988
