times:
  edit-metadata: 1.3728995751589537
  landing: 0.02025413140654564
  view-data: 0.27547348104417324
