times:
  edit-metadata: 1.3352548331022263
  landing: 0.01934812031686306
  view-data: 0.026382921263575554
