times:
  edit-metadata: 1.3562682811170816
  landing: 0.2129443259909749
  view-data: 0.12155425362288952
