times:
  edit-metadata: 0.4797462271526456
  landing: 0.06130616506561637
  view-data: 0.22139596100896597
