times:
  edit-metadata: 1.318745195865631
  landing: 0.02139376848936081
  view-data: 0.29003508761525154
