times:
  edit-metadata: 1.5629294142127037
  landing: 0.1535070687532425
  view-data: 0.4953357260674238
