times:
  edit-metadata: 1.6046240646392107
  landing: 0.17109156399965286
  view-data: 0.053907908499240875
