times:
  edit-metadata: 1.4436533357948065
  landing: 0.3243207987397909
  view-data: 0.3145583439618349
