times:
  edit-metadata: 1.2965845819562674
  landing: 0.020469384267926216
  view-data: 0.12735287100076675
