times:
  edit-metadata: 1.3644524523988366
  landing: 0.24605990387499332
  view-data: 0.27259497344493866
