times:
  edit-metadata: 1.553446201607585
  landing: 0.33081507682800293
  view-data: 0.3193087801337242
