times:
  edit-metadata: 1.313372066244483
  landing: 0.02208149991929531
  view-data: 0.026515517383813858
