times:
  edit-metadata: 0.7427814756520092
  landing: 0.044416045770049095
  view-data: 0.20081706810742617
