times:
  edit-metadata: 1.7123031504452229
  landing: 0.28846186585724354
  view-data: 0.02729666791856289
