times:
  edit-metadata: 1.2925245631486177
  landing: 0.021332064643502235
  view-data: 0.12462416291236877
