times:
  edit-metadata: 1.3901453204452991
  landing: 0.14197213016450405
  view-data: 0.3557947129011154
