times:
  edit-metadata: 1.3614903260022402
  landing: 0.19202089495956898
  view-data: 0.026355808600783348
