times:
  edit-metadata: 1.4237989392131567
  landing: 0.022425690665841103
  view-data: 0.02459944225847721
