times:
  edit-metadata: 0.6655888487584889
  landing: 0.0639046928845346
  view-data: 0.29592641815543175
