times:
  edit-metadata: 1.4939165376126766
  landing: 0.2606779374182224
  view-data: 0.32923925295472145
