times:
  edit-metadata: 1.3447029646486044
  landing: 0.02282305620610714
  view-data: 0.029685351997613907
