times:
  edit-metadata: 1.4826253168284893
  landing: 0.2207164727151394
  view-data: 0.34435357339680195
