times:
  edit-metadata: 1.323173752054572
  landing: 0.02179604023694992
  view-data: 0.028390349820256233
