times:
  edit-metadata: 1.6808162610977888
  landing: 0.22501083835959435
  view-data: 0.4179829824715853
