times:
  edit-metadata: 1.48650180734694
  landing: 0.3613688349723816
  view-data: 0.4481160193681717
