times:
  edit-metadata: 1.3066984554752707
  landing: 0.20352154597640038
  view-data: 0.02620181068778038
