times:
  edit-metadata: 1.293078115209937
  landing: 0.02089397143572569
  view-data: 0.026908574625849724
