times:
  edit-metadata: 1.3985883006826043
  landing: 0.12471375335007906
  view-data: 0.5113360472023487
