times:
  edit-metadata: 1.6468793991953135
  landing: 0.2581462226808071
  view-data: 0.31232273019850254
