times:
  edit-metadata: 1.613617867231369
  landing: 0.15142425429075956
  view-data: 0.6072767125442624
