times:
  edit-metadata: 1.3104618089273572
  landing: 0.18070789333432913
  view-data: 0.13217943999916315
