times:
  edit-metadata: 1.3572887741029263
  landing: 0.19363955594599247
  view-data: 0.44546385761350393
