times:
  edit-metadata: 1.3788900338113308
  landing: 0.2182284165173769
  view-data: 0.026756279170513153
