times:
  edit-metadata: 1.6014808919280767
  landing: 0.3596266210079193
  view-data: 0.14567462354898453
