times:
  edit-metadata: 0.6571199386380613
  landing: 0.1378934746608138
  view-data: 0.3036603848449886
