times:
  edit-metadata: 1.721079619601369
  landing: 0.29128750041127205
  view-data: 0.023587822914123535
