times:
  edit-metadata: 1.3686504531651735
  landing: 0.021190203726291656
  view-data: 0.12489571236073971
