times:
  edit-metadata: 1.3643240500241518
  landing: 0.02194557711482048
  view-data: 0.02528614178299904
