times:
  edit-metadata: 1.5662592481821775
  landing: 0.1542329266667366
  view-data: 0.028637344017624855
