times:
  edit-metadata: 1.3662159573286772
  landing: 0.022762149572372437
  view-data: 0.3127493169158697
