times:
  edit-metadata: 1.57074143178761
  landing: 0.23297798447310925
  view-data: 0.5407163612544537
