times:
  edit-metadata: 1.2941406108438969
  landing: 0.01808296889066696
  view-data: 0.32967763021588326
