times:
  edit-metadata: 1.5952817471697927
  landing: 0.19682416506111622
  view-data: 0.2869615200906992
