times:
  edit-metadata: 1.4085311433300376
  landing: 0.20375681295990944
  view-data: 0.13867519330233335
