times:
  edit-metadata: 1.3406390212476254
  landing: 0.14894148148596287
  view-data: 0.023940838873386383
