times:
  edit-metadata: 1.3683616537600756
  landing: 0.01861495617777109
  view-data: 0.41717665642499924
