times:
  edit-metadata: 1.5118171712383628
  landing: 0.019957004114985466
  view-data: 0.023386613465845585
