times:
  edit-metadata: 0.47670727176591754
  landing: 0.07687745383009315
  view-data: 0.22578447498381138
