times:
  edit-metadata: 1.4851194266229868
  landing: 0.30891395546495914
  view-data: 0.14108962006866932
