times:
  edit-metadata: 1.3945606872439384
  landing: 0.0250737052410841
  view-data: 0.026080602779984474
