times:
  edit-metadata: 1.3517965152859688
  landing: 0.02041923999786377
  view-data: 0.023725727573037148
