times:
  edit-metadata: 1.3922748640179634
  landing: 0.1992534101009369
  view-data: 0.2990921549499035
