times:
  edit-metadata: 1.4342037923634052
  landing: 0.02444242499768734
  view-data: 0.025561701506376266
