times:
  edit-metadata: 1.401997808367014
  landing: 0.019817324355244637
  view-data: 0.026478080078959465
