times:
  edit-metadata: 1.4804775044322014
  landing: 0.2476453296840191
  view-data: 0.1682688370347023
