times:
  edit-metadata: 1.369840620085597
  landing: 0.1525406278669834
  view-data: 0.35566336661577225
