times:
  edit-metadata: 1.397447464056313
  landing: 0.021279901266098022
  view-data: 0.20259637478739023
