times:
  edit-metadata: 0.5754168089479208
  landing: 0.06290204310789704
  view-data: 0.3126262128353119
