times:
  edit-metadata: 1.7411488685756922
  landing: 0.4044091925024986
  view-data: 0.035612184554338455
