times:
  edit-metadata: 1.3279516007751226
  landing: 0.02341609075665474
  view-data: 0.026419393718242645
