times:
  edit-metadata: 0.5026457239873707
  landing: 0.0648153549991548
  view-data: 0.22002501506358385
