times:
  edit-metadata: 1.5180104281753302
  landing: 0.17640038579702377
  view-data: 0.2769230678677559
