times:
  edit-metadata: 1.2669981699436903
  landing: 0.018840848468244076
  view-data: 0.13175304979085922
