times:
  edit-metadata: 0.5290248221717775
  landing: 0.0734042371623218
  view-data: 0.3044390990398824
