times:
  edit-metadata: 1.370670571923256
  landing: 0.019490143284201622
  view-data: 0.31795758940279484
