times:
  edit-metadata: 0.5216531180776656
  landing: 0.07170936185866594
  view-data: 0.21689953235909343
