times:
  edit-metadata: 1.3424660544842482
  landing: 0.11558468639850616
  view-data: 0.02639247477054596
