times:
  edit-metadata: 0.7457842533476651
  landing: 0.11253475397825241
  view-data: 0.23729811096563935
