times:
  edit-metadata: 1.287468308582902
  landing: 0.022717371582984924
  view-data: 0.031225431710481644
