times:
  edit-metadata: 1.2639390546828508
  landing: 0.02381280157715082
  view-data: 0.024655940011143684
