times:
  edit-metadata: 1.569286959245801
  landing: 0.019989872351288795
  view-data: 0.02428959310054779
