times:
  edit-metadata: 1.4086883086711168
  landing: 0.01908227615058422
  view-data: 0.3298080787062645
