times:
  edit-metadata: 1.5983898136764765
  landing: 0.13554553873836994
  view-data: 0.22824938781559467
