times:
  edit-metadata: 0.5116508840583265
  landing: 0.05395236099138856
  view-data: 0.23051314568147063
