times:
  edit-metadata: 1.3205711897462606
  landing: 0.019293205812573433
  view-data: 0.025496799498796463
