times:
  edit-metadata: 1.3977539855986834
  landing: 0.21037827245891094
  view-data: 0.030271876603364944
