times:
  edit-metadata: 0.4910371657460928
  landing: 0.10606200667098165
  view-data: 0.21433233516290784
