times:
  edit-metadata: 1.2895412491634488
  landing: 0.02054499927908182
  view-data: 0.026364535093307495
