times:
  edit-metadata: 1.3334438279271126
  landing: 0.020780229941010475
  view-data: 0.02571062371134758
