times:
  edit-metadata: 1.444682277739048
  landing: 0.23464780487120152
  view-data: 0.14066142961382866
