times:
  edit-metadata: 1.823576683178544
  landing: 0.25552770122885704
  view-data: 0.14767522178590298
