times:
  edit-metadata: 1.3554736003279686
  landing: 0.01763482391834259
  view-data: 0.024395812302827835
