times:
  edit-metadata: 1.3355754408985376
  landing: 0.19513321109116077
  view-data: 0.02371041849255562
