times:
  edit-metadata: 1.4432861134409904
  landing: 0.1827916605398059
  view-data: 0.2373239854350686
