times:
  edit-metadata: 1.3106101602315903
  landing: 0.020390644669532776
  view-data: 0.33782879263162613
