times:
  edit-metadata: 1.3326487969607115
  landing: 0.01936286874115467
  view-data: 0.3269989285618067
