times:
  edit-metadata: 1.5538399126380682
  landing: 0.22011512145400047
  view-data: 0.3470534961670637
