times:
  edit-metadata: 1.4609411042183638
  landing: 0.021277913823723793
  view-data: 0.15520726703107357
