times:
  edit-metadata: 1.4353497605770826
  landing: 0.025766734033823013
  view-data: 0.33684051409363747
