times:
  edit-metadata: 1.3733395412564278
  landing: 0.18424965627491474
  view-data: 0.3115886561572552
