times:
  edit-metadata: 1.7920523351058364
  landing: 0.2147853747010231
  view-data: 0.030089667066931725
