times:
  edit-metadata: 1.696885908022523
  landing: 0.30724014714360237
  view-data: 0.28172769770026207
