times:
  edit-metadata: 1.3439294416457415
  landing: 0.024172378703951836
  view-data: 0.028206251561641693
