times:
  edit-metadata: 1.4141870401799679
  landing: 0.2727857232093811
  view-data: 0.16724074445664883
