times:
  edit-metadata: 1.2678060308098793
  landing: 0.021195526234805584
  view-data: 0.12364198919385672
