times:
  edit-metadata: 1.5367524083703756
  landing: 0.3016337212175131
  view-data: 0.44214125350117683
