times:
  edit-metadata: 1.4987239874899387
  landing: 0.2254550252109766
  view-data: 0.3851876948028803
