times:
  edit-metadata: 1.4058919120579958
  landing: 0.02133234590291977
  view-data: 0.14148164726793766
