times:
  edit-metadata: 1.7775320820510387
  landing: 0.30366629362106323
  view-data: 0.39170986600220203
