times:
  edit-metadata: 2.6406219825148582
  landing: 0.3149448949843645
  view-data: 0.2681517265737057
