times:
  edit-metadata: 1.3399303294718266
  landing: 0.01971995271742344
  view-data: 0.3077036365866661
