times:
  edit-metadata: 0.4817605372518301
  landing: 0.062166049145162106
  view-data: 0.22070362977683544
