times:
  edit-metadata: 1.306519379839301
  landing: 0.01997671276330948
  view-data: 0.027085186913609505
