times:
  edit-metadata: 1.7938748188316822
  landing: 0.21646706201136112
  view-data: 0.45986263267695904
