times:
  edit-metadata: 1.456661836244166
  landing: 0.02445378713309765
  view-data: 0.29919583071023226
