times:
  edit-metadata: 1.3479064237326384
  landing: 0.021260736510157585
  view-data: 0.3336710762232542
