times:
  edit-metadata: 1.2740732682868838
  landing: 0.2568915840238333
  view-data: 0.14760654978454113
