times:
  edit-metadata: 1.359041852876544
  landing: 0.20612633600831032
  view-data: 0.35643111541867256
