times:
  edit-metadata: 1.5087810009717941
  landing: 0.20229435712099075
  view-data: 0.1587036419659853
