times:
  edit-metadata: 1.546106182038784
  landing: 0.28232927061617374
  view-data: 0.37211410142481327
