times:
  edit-metadata: 1.3293399792164564
  landing: 0.022690197452902794
  view-data: 0.2593965958803892
