times:
  edit-metadata: 1.726591905578971
  landing: 0.28384031541645527
  view-data: 0.16026467271149158
