times:
  edit-metadata: 1.445760790258646
  landing: 0.022182773798704147
  view-data: 0.025351742282509804
