times:
  edit-metadata: 0.7183197732083499
  landing: 0.0992328180000186
  view-data: 0.2750921146944165
