times:
  edit-metadata: 1.4028036016970873
  landing: 0.1923985406756401
  view-data: 0.2840100396424532
