times:
  edit-metadata: 1.2985424418002367
  landing: 0.156618170440197
  view-data: 0.026203298941254616
