times:
  edit-metadata: 1.3204699736088514
  landing: 0.02021947130560875
  view-data: 0.025806592777371407
