times:
  edit-metadata: 1.3117646723985672
  landing: 0.12948228418827057
  view-data: 0.029763374477624893
