times:
  edit-metadata: 1.4773655105382204
  landing: 0.0418933629989624
  view-data: 0.3377510588616133
