times:
  edit-metadata: 1.3420894499868155
  landing: 0.16521871276199818
  view-data: 0.3316193241626024
