times:
  edit-metadata: 1.5831289514899254
  landing: 0.02279798872768879
  view-data: 0.13582859002053738
