times:
  edit-metadata: 0.523637976963073
  landing: 0.05137404706329107
  view-data: 0.21949707297608256
