times:
  edit-metadata: 1.4583550654351711
  landing: 0.022335883229970932
  view-data: 0.025514742359519005
