times:
  edit-metadata: 0.6493569873273373
  landing: 0.040303098037838936
  view-data: 0.2743741567246616
