times:
  edit-metadata: 1.4128959644585848
  landing: 0.02089431695640087
  view-data: 0.025499144569039345
