times:
  edit-metadata: 1.4127971203997731
  landing: 0.2384111089631915
  view-data: 0.2779652737081051
