times:
  edit-metadata: 1.3193167187273502
  landing: 0.023293286561965942
  view-data: 0.2397117204964161
