times:
  edit-metadata: 0.7299326788634062
  landing: 0.10961073590442538
  view-data: 0.20670525915920734
