times:
  edit-metadata: 1.2903610151261091
  landing: 0.02090369537472725
  view-data: 0.27161666564643383
