times:
  edit-metadata: 1.2791106896474957
  landing: 0.13891379907727242
  view-data: 0.02733989991247654
