times:
  edit-metadata: 1.3760377783328295
  landing: 0.1811654819175601
  view-data: 0.12710817344486713
