times:
  edit-metadata: 0.4997875648550689
  landing: 0.0841112369671464
  view-data: 0.21076472802087665
