times:
  edit-metadata: 1.421264830045402
  landing: 0.12418820895254612
  view-data: 0.09886595699936152
