times:
  edit-metadata: 1.5718683935701847
  landing: 0.19824292603880167
  view-data: 0.24294968601316214
