times:
  edit-metadata: 1.5078576831147075
  landing: 0.09678311366587877
  view-data: 0.2337952647358179
