times:
  edit-metadata: 1.495147943496704
  landing: 0.022067129611968994
  view-data: 0.023454789072275162
