times:
  edit-metadata: 1.4879109552130103
  landing: 0.02058994024991989
  view-data: 0.13222690112888813
