times:
  edit-metadata: 1.3268235195428133
  landing: 0.02144275326281786
  view-data: 0.023577064275741577
