times:
  edit-metadata: 0.9157866849564016
  landing: 0.046178657095879316
  view-data: 0.3045719605870545
