times:
  edit-metadata: 1.427708980627358
  landing: 0.019501984119415283
  view-data: 0.25255081709474325
