times:
  edit-metadata: 1.4298917651176453
  landing: 0.019887175410985947
  view-data: 0.13470006734132767
