times:
  edit-metadata: 1.4138999190181494
  landing: 0.02096027508378029
  view-data: 0.025010840967297554
