times:
  edit-metadata: 1.7699182853102684
  landing: 0.278244910761714
  view-data: 0.4004755225032568
