times:
  edit-metadata: 0.7200844869948924
  landing: 0.05317405890673399
  view-data: 0.2041336507536471
