times:
  edit-metadata: 1.4705227650702
  landing: 0.021969474852085114
  view-data: 0.33965798653662205
