times:
  edit-metadata: 1.4359528310596943
  landing: 0.19921868294477463
  view-data: 0.025977877900004387
