times:
  edit-metadata: 1.3955364665016532
  landing: 0.1376125831156969
  view-data: 0.43213230557739735
