times:
  edit-metadata: 1.4926305953413248
  landing: 0.019880348816514015
  view-data: 0.02768324688076973
