times:
  edit-metadata: 1.7256917916238308
  landing: 0.26838571950793266
  view-data: 0.4573641289025545
