times:
  edit-metadata: 1.5537055432796478
  landing: 0.1309760259464383
  view-data: 0.1262367032468319
