times:
  edit-metadata: 1.6016742587089539
  landing: 0.0209639985114336
  view-data: 0.02537143975496292
