times:
  edit-metadata: 1.4991134535521269
  landing: 0.19242547173053026
  view-data: 0.13628160022199154
