times:
  edit-metadata: 1.363151223398745
  landing: 0.020761880092322826
  view-data: 0.025903363712131977
