times:
  edit-metadata: 1.4472188632935286
  landing: 0.1237804964184761
  view-data: 0.12134244106709957
