times:
  edit-metadata: 1.699633153155446
  landing: 0.23390919528901577
  view-data: 0.34770116582512856
