times:
  edit-metadata: 1.41741166356951
  landing: 0.01946732308715582
  view-data: 0.40868364833295345
