times:
  edit-metadata: 0.6098767630755901
  landing: 0.06172568676993251
  view-data: 0.21219553193077445
