times:
  edit-metadata: 0.5104361651465297
  landing: 0.046329617500305176
  view-data: 0.20176006387919188
