times:
  edit-metadata: 1.4297222252935171
  landing: 0.021213384345173836
  view-data: 0.024845363572239876
