times:
  edit-metadata: 1.540520309470594
  landing: 0.019967122934758663
  view-data: 0.02408229559659958
