times:
  edit-metadata: 1.5030155591666698
  landing: 0.02036634460091591
  view-data: 0.024983810260891914
