times:
  edit-metadata: 1.380806759931147
  landing: 0.02034703455865383
  view-data: 0.1357797086238861
