times:
  edit-metadata: 1.503598427399993
  landing: 0.02444503828883171
  view-data: 0.12990620732307434
