times:
  edit-metadata: 1.5262427050620317
  landing: 0.14782504364848137
  view-data: 0.3991618622094393
