times:
  edit-metadata: 1.447798142209649
  landing: 0.14780941046774387
  view-data: 0.315554304048419
