times:
  edit-metadata: 1.7594914305955172
  landing: 0.2321659680455923
  view-data: 0.13304339721798897
