times:
  edit-metadata: 1.667406514286995
  landing: 0.29253582470119
  view-data: 0.41744195111095905
