times:
  edit-metadata: 1.369270071387291
  landing: 0.16727087926119566
  view-data: 0.14313425309956074
