times:
  edit-metadata: 0.49823830369859934
  landing: 0.04609857313334942
  view-data: 0.329067294485867
