times:
  edit-metadata: 1.4684738535434008
  landing: 0.2594470651820302
  view-data: 0.09305377770215273
