times:
  edit-metadata: 1.7499490100890398
  landing: 0.1651313714683056
  view-data: 0.46335239708423615
