times:
  edit-metadata: 1.5048279874026775
  landing: 0.02024880424141884
  view-data: 0.023708924651145935
