times:
  edit-metadata: 1.461250071413815
  landing: 0.02176815550774336
  view-data: 0.12769316136837006
