times:
  edit-metadata: 1.393300998955965
  landing: 0.01877785660326481
  view-data: 0.02672178205102682
