times:
  edit-metadata: 2.4193368749984074
  landing: 0.30254791300103534
  view-data: 0.3997563680022722
