times:
  edit-metadata: 1.4943114034831524
  landing: 0.21921480167657137
  view-data: 0.11801399849355221
