times:
  edit-metadata: 1.4670703373849392
  landing: 0.020824579522013664
  view-data: 0.32732819579541683
