times:
  edit-metadata: 0.6267053922638297
  landing: 0.06615912215784192
  view-data: 0.21073239715769887
