times:
  edit-metadata: 2.0103492364287376
  landing: 0.16903406754136086
  view-data: 0.5282313972711563
