times:
  edit-metadata: 1.4325728677213192
  landing: 0.14719375129789114
  view-data: 0.02410110179334879
