times:
  edit-metadata: 1.4290077276527882
  landing: 0.023453067988157272
  view-data: 0.40848630014806986
