times:
  edit-metadata: 1.385949325747788
  landing: 0.19450980704277754
  view-data: 0.10095838364213705
