times:
  edit-metadata: 1.5002038478851318
  landing: 0.11477317661046982
  view-data: 0.026325304061174393
