times:
  edit-metadata: 1.4611729579046369
  landing: 0.19158458895981312
  view-data: 0.02580983191728592
