times:
  edit-metadata: 1.5994145143777132
  landing: 0.14239965938031673
  view-data: 0.02760455012321472
