times:
  edit-metadata: 1.5052152210846543
  landing: 0.020096585154533386
  view-data: 0.12208343110978603
