times:
  edit-metadata: 1.4460882898420095
  landing: 0.021039485931396484
  view-data: 0.05312749929726124
