times:
  edit-metadata: 0.5948254750110209
  landing: 0.07544057490304112
  view-data: 0.20048658410087228
