times:
  edit-metadata: 1.6818771809339523
  landing: 0.24120009504258633
  view-data: 0.26939705200493336
