times:
  edit-metadata: 1.5797610264271498
  landing: 0.13908841833472252
  view-data: 0.39714562334120274
