times:
  edit-metadata: 1.6879089754074812
  landing: 0.025883924216032028
  view-data: 0.4087456837296486
