times:
  edit-metadata: 1.4555813735350966
  landing: 0.14183715358376503
  view-data: 0.3541906913742423
