times:
  edit-metadata: 1.5267908293753862
  landing: 0.3090454563498497
  view-data: 0.3914304282516241
