times:
  edit-metadata: 0.6300049833953381
  landing: 0.07303738407790661
  view-data: 0.2110956609249115
