times:
  edit-metadata: 1.4241756284609437
  landing: 0.12050470616668463
  view-data: 0.4141098456457257
