times:
  edit-metadata: 1.4926290409639478
  landing: 0.020804024301469326
  view-data: 0.024066856130957603
