times:
  edit-metadata: 1.4539199834689498
  landing: 0.11409736052155495
  view-data: 0.024789124727249146
