times:
  edit-metadata: 1.561830123886466
  landing: 0.021564502269029617
  view-data: 0.12708373926579952
