times:
  edit-metadata: 0.6658698269166052
  landing: 0.09715728415176272
  view-data: 0.21040128590539098
