times:
  edit-metadata: 1.4631960969418287
  landing: 0.022483235225081444
  view-data: 0.02598390355706215
