times:
  edit-metadata: 1.6448500202968717
  landing: 0.2179735191166401
  view-data: 0.4788049068301916
