times:
  edit-metadata: 1.4557359628379345
  landing: 0.02031499706208706
  view-data: 0.026146983727812767
