times:
  edit-metadata: 1.3549463264644146
  landing: 0.1284156609326601
  view-data: 0.02853075321763754
