times:
  edit-metadata: 1.603266153484583
  landing: 0.14312875643372536
  view-data: 0.31945775263011456
