times:
  edit-metadata: 1.572706550359726
  landing: 0.22319856472313404
  view-data: 0.31551849097013474
