times:
  edit-metadata: 2.2090939544141293
  landing: 0.02940468117594719
  view-data: 0.5803326163440943
