times:
  edit-metadata: 1.505790900439024
  landing: 0.02107582427561283
  view-data: 0.026109378784894943
