times:
  edit-metadata: 1.8805725425481796
  landing: 0.02351284585893154
  view-data: 0.02615402825176716
