times:
  edit-metadata: 1.5345506947487593
  landing: 0.0305837020277977
  view-data: 0.38833760283887386
