times:
  edit-metadata: 1.5578696634620428
  landing: 0.2968281973153353
  view-data: 0.3049714621156454
