times:
  edit-metadata: 0.7592277699150145
  landing: 0.10638520587235689
  view-data: 0.20783928502351046
