times:
  edit-metadata: 1.4560751281678677
  landing: 0.14240507129579782
  view-data: 0.2311583673581481
