times:
  edit-metadata: 1.5168353337794542
  landing: 0.2162631619721651
  view-data: 0.41254980489611626
