times:
  edit-metadata: 1.4203721256926656
  landing: 0.19360905792564154
  view-data: 0.15277117118239403
