times:
  edit-metadata: 1.54199852142483
  landing: 0.01882876455783844
  view-data: 0.12705668341368437
