times:
  edit-metadata: 1.4007639773190022
  landing: 0.1526751508936286
  view-data: 0.43213216308504343
