times:
  edit-metadata: 1.398004931397736
  landing: 0.12677413504570723
  view-data: 0.3711107103154063
