times:
  edit-metadata: 1.5443527046591043
  landing: 0.024072863161563873
  view-data: 0.3463130611926317
