times:
  edit-metadata: 1.4418674688786268
  landing: 0.18368456792086363
  view-data: 0.12143071833997965
