times:
  edit-metadata: 1.554069634526968
  landing: 0.02200271002948284
  view-data: 0.02613515965640545
