times:
  edit-metadata: 1.399190692231059
  landing: 0.12839291524142027
  view-data: 0.023876871913671494
