times:
  edit-metadata: 1.643312869593501
  landing: 0.32506415620446205
  view-data: 0.2466992549598217
