times:
  edit-metadata: 1.4363946234807372
  landing: 0.12032054830342531
  view-data: 0.024415720254182816
