times:
  edit-metadata: 1.5165847800672054
  landing: 0.13142955861985683
  view-data: 0.024951081722974777
