times:
  edit-metadata: 2.1085681598633528
  landing: 0.3025636561214924
  view-data: 0.4180902596563101
