times:
  edit-metadata: 1.4698320534080267
  landing: 0.13662558421492577
  view-data: 0.02686634473502636
