times:
  edit-metadata: 1.3977939216420054
  landing: 0.02479091752320528
  view-data: 0.023316980339586735
