times:
  edit-metadata: 1.5229743216186762
  landing: 0.021411246620118618
  view-data: 0.024205781519412994
