times:
  edit-metadata: 1.5053917551413178
  landing: 0.1725519597530365
  view-data: 0.023555581457912922
