times:
  edit-metadata: 1.51228354498744
  landing: 0.02250298485159874
  view-data: 0.025459686294198036
