times:
  edit-metadata: 1.513390263542533
  landing: 0.02035007532685995
  view-data: 0.024349470622837543
