times:
  edit-metadata: 1.3682358916848898
  landing: 0.019231959246098995
  view-data: 0.02868825104087591
