times:
  edit-metadata: 1.471743481233716
  landing: 0.01926044374704361
  view-data: 0.16660288535058498
