times:
  edit-metadata: 0.8718257672153413
  landing: 0.057200755923986435
  view-data: 0.28087249072268605
