times:
  edit-metadata: 1.3839217042550445
  landing: 0.02125635463744402
  view-data: 0.43122383020818233
