times:
  edit-metadata: 0.8766500717028975
  landing: 0.05149123119190335
  view-data: 0.3029995639808476
