times:
  edit-metadata: 1.4947297535836697
  landing: 0.021146142855286598
  view-data: 0.3363690599799156
