times:
  edit-metadata: 1.537466175854206
  landing: 0.02207067236304283
  view-data: 0.023921292275190353
