times:
  edit-metadata: 1.373091071844101
  landing: 0.02016962319612503
  view-data: 0.393683654256165
