times:
  edit-metadata: 1.583077197894454
  landing: 0.19997941330075264
  view-data: 0.027718503028154373
