times:
  edit-metadata: 1.4552859794348478
  landing: 0.19472024496644735
  view-data: 0.47004073671996593
