times:
  edit-metadata: 1.4390844907611609
  landing: 0.019863281399011612
  view-data: 0.02519502490758896
