times:
  edit-metadata: 1.4494224023073912
  landing: 0.02312512882053852
  view-data: 0.02731938101351261
