times:
  edit-metadata: 1.430832321755588
  landing: 0.22031215950846672
  view-data: 0.413764919154346
