times:
  edit-metadata: 1.5800838693976402
  landing: 0.12772065959870815
  view-data: 0.30448843352496624
