times:
  edit-metadata: 1.4652967117726803
  landing: 0.019500792026519775
  view-data: 0.024348605424165726
