times:
  edit-metadata: 1.5282061202451587
  landing: 0.02095958311110735
  view-data: 0.12276225257664919
