times:
  edit-metadata: 1.4928917046636343
  landing: 0.20261214300990105
  view-data: 0.15194282680749893
