times:
  edit-metadata: 1.4709985125809908
  landing: 0.020865198224782944
  view-data: 0.02265244908630848
