times:
  edit-metadata: 1.656432492658496
  landing: 0.24556727334856987
  view-data: 0.37552354484796524
