times:
  edit-metadata: 0.7119542849250138
  landing: 0.16453997464850545
  view-data: 0.21318544866517186
