times:
  edit-metadata: 1.748901966959238
  landing: 0.020589059218764305
  view-data: 0.4265067968517542
