times:
  edit-metadata: 1.441892166621983
  landing: 0.2054076800122857
  view-data: 0.2148971064016223
