times:
  edit-metadata: 1.4230867493897676
  landing: 0.02169145829975605
  view-data: 0.02541019767522812
