times:
  edit-metadata: 1.3891393402591348
  landing: 0.1397542329505086
  view-data: 0.027110503055155277
