times:
  edit-metadata: 1.3469960307702422
  landing: 0.020968735218048096
  view-data: 0.4219781141728163
