times:
  edit-metadata: 1.5745233744382858
  landing: 0.14927077293395996
  view-data: 0.024876084178686142
