times:
  edit-metadata: 1.502878699451685
  landing: 0.15193532966077328
  view-data: 0.39223749935626984
