times:
  edit-metadata: 1.376600069925189
  landing: 0.13325950782746077
  view-data: 0.024536690674722195
