times:
  edit-metadata: 1.4794891010969877
  landing: 0.01984684355556965
  view-data: 0.09957938827574253
