times:
  edit-metadata: 1.5185374896973372
  landing: 0.21422062255442142
  view-data: 0.14544485323131084
