times:
  edit-metadata: 1.34647367708385
  landing: 0.021208222024142742
  view-data: 0.21512539498507977
