times:
  edit-metadata: 1.4353039134293795
  landing: 0.2015571380034089
  view-data: 0.02493849489837885
