times:
  edit-metadata: 1.38543894700706
  landing: 0.01954584289342165
  view-data: 0.12376894988119602
