times:
  edit-metadata: 1.477865418419242
  landing: 0.019434829242527485
  view-data: 0.024418526329100132
