times:
  edit-metadata: 1.3571430779993534
  landing: 0.024305731058120728
  view-data: 0.027498560026288033
