times:
  edit-metadata: 0.5018567396327853
  landing: 0.043813238851726055
  view-data: 0.3270639702677727
