times:
  edit-metadata: 1.4613509271293879
  landing: 0.23580356780439615
  view-data: 0.39894781075417995
