times:
  edit-metadata: 1.5368365794420242
  landing: 0.1311868019402027
  view-data: 0.351321816444397
