times:
  edit-metadata: 1.4387598186731339
  landing: 0.019346756860613823
  view-data: 0.023885715752840042
