times:
  edit-metadata: 1.340582687407732
  landing: 0.04945434629917145
  view-data: 0.02504636999219656
