times:
  edit-metadata: 1.4954101284965873
  landing: 0.2031960217282176
  view-data: 0.02666706219315529
