times:
  edit-metadata: 1.3556042360141873
  landing: 0.020329758524894714
  view-data: 0.023612831719219685
