times:
  edit-metadata: 1.3695118250325322
  landing: 0.019208550453186035
  view-data: 0.48668966442346573
