times:
  edit-metadata: 1.5510338973253965
  landing: 0.11968016810715199
  view-data: 0.025479184463620186
