times:
  edit-metadata: 0.6433187727816403
  landing: 0.051891447044909
  view-data: 0.2134582563303411
