times:
  edit-metadata: 1.5609499663114548
  landing: 0.21385464072227478
  view-data: 0.12635728530585766
