times:
  edit-metadata: 1.3344426359981298
  landing: 0.022119599394500256
  view-data: 0.026178979314863682
