times:
  edit-metadata: 1.4893891364336014
  landing: 0.02300349250435829
  view-data: 0.025478781200945377
