times:
  edit-metadata: 1.4395713210105896
  landing: 0.14097872003912926
  view-data: 0.13300755433738232
