times:
  edit-metadata: 1.7957296501845121
  landing: 0.16897459886968136
  view-data: 0.45653844624757767
