times:
  edit-metadata: 1.536345697939396
  landing: 0.0194889847189188
  view-data: 0.3607465624809265
