times:
  edit-metadata: 1.9429014818742871
  landing: 0.021193339489400387
  view-data: 0.0242038918659091
