times:
  edit-metadata: 2.1502982415258884
  landing: 0.3014249838888645
  view-data: 0.44875701516866684
