times:
  edit-metadata: 1.4989959485828876
  landing: 0.12592140771448612
  view-data: 0.023255089297890663
