times:
  edit-metadata: 0.7562636779621243
  landing: 0.06642487226054072
  view-data: 0.21312538720667362
