times:
  edit-metadata: 1.4926267974078655
  landing: 0.021256281062960625
  view-data: 0.02539077401161194
