times:
  edit-metadata: 2.023610753007233
  landing: 0.02403912413865328
  view-data: 0.3794864332303405
