times:
  edit-metadata: 1.677849892526865
  landing: 0.27077903784811497
  view-data: 0.1285706777125597
