times:
  edit-metadata: 1.506809638813138
  landing: 0.026421532034873962
  view-data: 0.02309343032538891
