times:
  edit-metadata: 1.608839312568307
  landing: 0.27781387977302074
  view-data: 0.23742914013564587
