times:
  edit-metadata: 1.5316778104752302
  landing: 0.01903647929430008
  view-data: 0.030940478667616844
