times:
  edit-metadata: 1.947138348594308
  landing: 0.020786162465810776
  view-data: 0.12318934965878725
