times:
  edit-metadata: 1.44895348418504
  landing: 0.021349361166357994
  view-data: 0.02615759801119566
