times:
  edit-metadata: 0.8613034952431917
  landing: 0.05750691797584295
  view-data: 0.29076384427025914
