times:
  edit-metadata: 1.4993458166718483
  landing: 0.19602321833372116
  view-data: 0.024048669263720512
