times:
  edit-metadata: 1.4955487316474319
  landing: 0.19807725306600332
  view-data: 0.13290181197226048
