times:
  edit-metadata: 1.494872273877263
  landing: 0.16677321027964354
  view-data: 0.14162990357726812
