times:
  edit-metadata: 1.3833856135606766
  landing: 0.019978570751845837
  view-data: 0.48314205557107925
