times:
  edit-metadata: 1.506405221298337
  landing: 0.1599946692585945
  view-data: 0.3141535799950361
