times:
  edit-metadata: 1.458218451589346
  landing: 0.1582756508141756
  view-data: 0.36508554965257645
