times:
  edit-metadata: 1.4504651464521885
  landing: 0.23182282224297523
  view-data: 0.02569383941590786
