times:
  edit-metadata: 0.6371658919379115
  landing: 0.06196706090122461
  view-data: 0.2058259709738195
