times:
  edit-metadata: 1.4347397275269032
  landing: 0.018660899251699448
  view-data: 0.11850639618933201
