times:
  edit-metadata: 1.3326600743457675
  landing: 0.019058065488934517
  view-data: 0.13542423862963915
