times:
  edit-metadata: 1.4966580234467983
  landing: 0.286340506747365
  view-data: 0.2638828791677952
