times:
  edit-metadata: 1.692972507327795
  landing: 0.14049460738897324
  view-data: 0.12105784751474857
