times:
  edit-metadata: 1.452938119880855
  landing: 0.1442288924008608
  view-data: 0.1364518916234374
