times:
  edit-metadata: 1.5479581914842129
  landing: 0.021406900137662888
  view-data: 0.02384461648762226
