times:
  edit-metadata: 1.4414963582530618
  landing: 0.20714375749230385
  view-data: 0.09832855593413115
