times:
  edit-metadata: 1.8176706731319427
  landing: 0.3449115566909313
  view-data: 0.39551457203924656
