times:
  edit-metadata: 1.3920686719939113
  landing: 0.021471401676535606
  view-data: 0.024969888851046562
