times:
  edit-metadata: 1.3469033194705844
  landing: 0.025213096290826797
  view-data: 0.4297030260786414
