times:
  edit-metadata: 1.6016374304890633
  landing: 0.23164034821093082
  view-data: 0.26779779605567455
