times:
  edit-metadata: 1.4631904503330588
  landing: 0.020750585943460464
  view-data: 0.027594699524343014
