times:
  edit-metadata: 0.5190964182838798
  landing: 0.04550474975258112
  view-data: 0.2008022116497159
