times:
  edit-metadata: 0.7276920871809125
  landing: 0.12356202211230993
  view-data: 0.2155715678818524
