times:
  edit-metadata: 1.6403739675879478
  landing: 0.16821972280740738
  view-data: 0.0231397096067667
