times:
  edit-metadata: 1.3622521562501788
  landing: 0.021766935475170612
  view-data: 0.12089327443391085
