times:
  edit-metadata: 1.553829973563552
  landing: 0.01904270425438881
  view-data: 0.024947531521320343
