times:
  edit-metadata: 1.3745810268446803
  landing: 0.19911138620227575
  view-data: 0.4596088286489248
