times:
  edit-metadata: 1.45036849565804
  landing: 0.020277129486203194
  view-data: 0.28300040401518345
