times:
  edit-metadata: 1.6114755384624004
  landing: 0.02041354961693287
  view-data: 0.053564831614494324
