times:
  edit-metadata: 1.4140215124934912
  landing: 0.021488171070814133
  view-data: 0.10392039455473423
