times:
  edit-metadata: 1.4061642112210393
  landing: 0.019865117967128754
  view-data: 0.023854967206716537
