times:
  edit-metadata: 1.3588790064677596
  landing: 0.13131842855364084
  view-data: 0.027276964858174324
