times:
  edit-metadata: 1.989802399650216
  landing: 0.023474959656596184
  view-data: 0.5231013298034668
