times:
  edit-metadata: 1.4061786700040102
  landing: 0.2090476294979453
  view-data: 0.22685365285724401
