times:
  edit-metadata: 1.8049777913838625
  landing: 0.04919874109327793
  view-data: 0.40524455811828375
