times:
  edit-metadata: 1.4352625776082277
  landing: 0.3140680883079767
  view-data: 0.024817079305648804
