times:
  edit-metadata: 1.5558832362294197
  landing: 0.1518191508948803
  view-data: 0.02341858297586441
