times:
  edit-metadata: 1.4570012595504522
  landing: 0.018699973821640015
  view-data: 0.024225007742643356
