times:
  edit-metadata: 1.3985066078603268
  landing: 0.1290874294936657
  view-data: 0.02592963818460703
