times:
  edit-metadata: 1.437310079112649
  landing: 0.021939833648502827
  view-data: 0.41173181775957346
