times:
  edit-metadata: 1.9614647142589092
  landing: 0.274937579408288
  view-data: 0.46204211935400963
