times:
  edit-metadata: 0.5097804358229041
  landing: 0.045923590660095215
  view-data: 0.20093259494751692
