times:
  edit-metadata: 1.442612810060382
  landing: 0.12437736988067627
  view-data: 0.12095121387392282
