times:
  edit-metadata: 1.3626438360661268
  landing: 0.1454096408560872
  view-data: 0.0254421504214406
