times:
  edit-metadata: 1.4932602122426033
  landing: 0.13201190996915102
  view-data: 0.40866346564143896
