times:
  edit-metadata: 1.5186298210173845
  landing: 0.24420048296451569
  view-data: 0.05048561282455921
