times:
  edit-metadata: 1.371727880090475
  landing: 0.022681045345962048
  view-data: 0.1192517438903451
