times:
  edit-metadata: 1.3864450277760625
  landing: 0.18421052303165197
  view-data: 0.2185743125155568
