times:
  edit-metadata: 1.511345835402608
  landing: 0.13313975185155869
  view-data: 0.02478610258549452
