times:
  edit-metadata: 1.394759806804359
  landing: 0.21887213364243507
  view-data: 0.14460540190339088
