times:
  edit-metadata: 0.7087540258653462
  landing: 0.06787687074393034
  view-data: 0.24346419516950846
