times:
  edit-metadata: 1.350861568003893
  landing: 0.021098527126014233
  view-data: 0.26596550550311804
