times:
  edit-metadata: 1.560264179483056
  landing: 0.0202876515686512
  view-data: 0.02692822553217411
