times:
  edit-metadata: 1.4761637672781944
  landing: 0.018600281327962875
  view-data: 0.04676283523440361
