times:
  edit-metadata: 1.4534855466336012
  landing: 0.0213523767888546
  view-data: 0.023813442327082157
