times:
  edit-metadata: 1.5048745516687632
  landing: 0.021808655932545662
  view-data: 0.32036089338362217
