times:
  edit-metadata: 1.3253180496394634
  landing: 0.019366905093193054
  view-data: 0.11973093170672655
