times:
  edit-metadata: 1.6224240837618709
  landing: 0.1654693614691496
  view-data: 0.03324661124497652
