times:
  edit-metadata: 1.4252221956849098
  landing: 0.026892734691500664
  view-data: 0.025093041360378265
