times:
  edit-metadata: 1.4775045858696103
  landing: 0.12344756070524454
  view-data: 0.47511225286871195
