times:
  edit-metadata: 1.481155483983457
  landing: 0.01984039880335331
  view-data: 0.37908775359392166
