times:
  edit-metadata: 1.5569221284240484
  landing: 0.02354513481259346
  view-data: 0.026506030932068825
