times:
  edit-metadata: 1.4981340132653713
  landing: 0.21981748193502426
  view-data: 0.022628093138337135
