times:
  edit-metadata: 1.5296543836593628
  landing: 0.2619424946606159
  view-data: 0.04583313874900341
