times:
  edit-metadata: 1.5337772890925407
  landing: 0.018644068390130997
  view-data: 0.023586442694067955
