times:
  edit-metadata: 1.458307458087802
  landing: 0.13587884977459908
  view-data: 0.03148743696510792
