times:
  edit-metadata: 0.6222565742209554
  landing: 0.07244794070720673
  view-data: 0.2093337862752378
