times:
  edit-metadata: 1.6247762572020292
  landing: 0.019593847915530205
  view-data: 0.37090390361845493
