times:
  edit-metadata: 1.717634042724967
  landing: 0.13555562123656273
  view-data: 0.3837167862802744
