times:
  edit-metadata: 1.54332428984344
  landing: 0.13555794954299927
  view-data: 0.22924287896603346
