times:
  edit-metadata: 1.54028326459229
  landing: 0.13841405604034662
  view-data: 0.1191483847796917
