times:
  edit-metadata: 1.4122105510905385
  landing: 0.14059975743293762
  view-data: 0.12540972977876663
