times:
  edit-metadata: 0.6938304509967566
  landing: 0.042131287045776844
  view-data: 0.2072547748684883
