times:
  edit-metadata: 1.3927948400378227
  landing: 0.019998028874397278
  view-data: 0.14066209644079208
