times:
  edit-metadata: 2.1688365936279297
  landing: 0.3266718350350857
  view-data: 0.4398179091513157
