times:
  edit-metadata: 1.4714524801820517
  landing: 0.021325616165995598
  view-data: 0.02608245238661766
