times:
  edit-metadata: 1.9156736135482788
  landing: 0.02263403031975031
  view-data: 0.03057058807462454
