times:
  edit-metadata: 0.6192264151759446
  landing: 0.07587825413793325
  view-data: 0.21887426311150193
