times:
  edit-metadata: 1.930378746241331
  landing: 0.2206021212041378
  view-data: 0.5765253398567438
