times:
  edit-metadata: 1.9016603454947472
  landing: 0.021366050466895103
  view-data: 0.38268055208027363
