times:
  edit-metadata: 1.5633069165050983
  landing: 0.02728022076189518
  view-data: 0.1558708231896162
