times:
  edit-metadata: 1.5290300752967596
  landing: 0.02020004391670227
  view-data: 0.027281679213047028
