times:
  edit-metadata: 0.7319878833368421
  landing: 0.07404339732602239
  view-data: 0.31239219941198826
