times:
  edit-metadata: 0.616506943013519
  landing: 0.1404863609932363
  view-data: 0.21394032379612327
