times:
  edit-metadata: 0.8139195158146322
  landing: 0.04747546883299947
  view-data: 0.21789230918511748
