times:
  edit-metadata: 1.5184132037684321
  landing: 0.1478735338896513
  view-data: 0.4074009610339999
