times:
  edit-metadata: 0.7074642367660999
  landing: 0.049894425086677074
  view-data: 0.26098031317815185
