times:
  edit-metadata: 0.8239630819298327
  landing: 0.08406609809026122
  view-data: 0.2057352690026164
