times:
  edit-metadata: 0.6113467421382666
  landing: 0.06116982502862811
  view-data: 0.21851976588368416
