times:
  edit-metadata: 1.451247176155448
  landing: 0.019780699163675308
  view-data: 0.44799560494720936
