times:
  edit-metadata: 1.4350974671542645
  landing: 0.022369811311364174
  view-data: 0.027631821110844612
