times:
  edit-metadata: 1.4115995690226555
  landing: 0.13003342598676682
  view-data: 0.02527155727148056
