times:
  edit-metadata: 1.3814644627273083
  landing: 0.11576768476516008
  view-data: 0.025559796020388603
