times:
  edit-metadata: 1.4389690849930048
  landing: 0.2056229617446661
  view-data: 0.46423991210758686
