times:
  edit-metadata: 1.436169802211225
  landing: 0.19333795364946127
  view-data: 0.026171140372753143
