times:
  edit-metadata: 0.7509348471648991
  landing: 0.05024691158905625
  view-data: 0.2916926881298423
