times:
  edit-metadata: 1.5279799047857523
  landing: 0.01966015249490738
  view-data: 0.028926804661750793
