times:
  edit-metadata: 1.4290817361325026
  landing: 0.19819154124706984
  view-data: 0.12026594299823046
