times:
  edit-metadata: 1.8178129503503442
  landing: 0.04834261164069176
  view-data: 0.04597214609384537
