times:
  edit-metadata: 0.4505595872178674
  landing: 0.04732458619400859
  view-data: 0.47089304216206074
