times:
  edit-metadata: 0.4413970592431724
  landing: 0.041455652099102736
  view-data: 0.35111709823831916
