times:
  edit-metadata: 0.45799620170146227
  landing: 0.04682532791048288
  view-data: 0.19374210759997368
