times:
  edit-metadata: 0.46364988666027784
  landing: 0.04333721753209829
  view-data: 0.19838002789765596
