times:
  edit-metadata: 0.42494793236255646
  landing: 0.042032537050545216
  view-data: 0.356722273863852
