times:
  edit-metadata: 0.5334845222532749
  landing: 0.05433390103280544
  view-data: 0.20476470049470663
