times:
  edit-metadata: 0.4408090990036726
  landing: 0.05471535585820675
  view-data: 0.45475650392472744
