times:
  edit-metadata: 0.4456031331792474
  landing: 0.05155580211430788
  view-data: 0.453768284060061
