times:
  edit-metadata: 0.519426267594099
  landing: 0.05808014702051878
  view-data: 0.3353450261056423
