times:
  edit-metadata: 0.4515665052458644
  landing: 0.053105481900274754
  view-data: 0.4673175532370806
