times:
  edit-metadata: 2.3953578919172287
  landing: 0.16110995318740606
  view-data: 0.1330926027148962
