times:
  edit-metadata: 2.16853104531765
  landing: 0.020772404968738556
  view-data: 0.024138260632753372
