times:
  edit-metadata: 1.3222285942174494
  landing: 0.06086684064939618
  view-data: 0.4216159447096288
