times:
  edit-metadata: 2.2248849999159575
  landing: 0.021086735650897026
  view-data: 0.026198260486125946
