times:
  edit-metadata: 2.053811175748706
  landing: 0.0208047516644001
  view-data: 0.3065519481897354
