times:
  edit-metadata: 2.0118697453290224
  landing: 0.13773004338145256
  view-data: 0.3689793311059475
