times:
  edit-metadata: 2.64342768676579
  landing: 0.024014515802264214
  view-data: 0.2871160861104727
