times:
  edit-metadata: 1.9811450149863958
  landing: 0.022250233218073845
  view-data: 0.02714560553431511
