times:
  edit-metadata: 2.1850887574255466
  landing: 0.02307288721203804
  view-data: 0.025189761072397232
