times:
  edit-metadata: 1.8735924791544676
  landing: 0.024325638078153133
  view-data: 0.44648788310587406
