times:
  edit-metadata: 2.00564631447196
  landing: 0.0193789005279541
  view-data: 0.3118431996554136
