times:
  edit-metadata: 1.9151047812774777
  landing: 0.020669987425208092
  view-data: 0.027963831089437008
