times:
  edit-metadata: 1.9281749706715345
  landing: 0.1293646115809679
  view-data: 0.02706260420382023
