times:
  edit-metadata: 1.255082244053483
  landing: 0.07083413703367114
  view-data: 0.2824829462915659
