times:
  edit-metadata: 2.4833780955523252
  landing: 0.25068385899066925
  view-data: 0.02547675371170044
