times:
  edit-metadata: 1.927779296413064
  landing: 0.02023255079984665
  view-data: 0.027228914201259613
