times:
  edit-metadata: 2.139978662133217
  landing: 0.02219931036233902
  view-data: 0.14602609537541866
