times:
  edit-metadata: 1.9512178618460894
  landing: 0.023394370451569557
  view-data: 0.21028659399598837
