times:
  edit-metadata: 1.1392735382542014
  landing: 0.060634816996753216
  view-data: 0.3350562769919634
