times:
  edit-metadata: 1.92302321549505
  landing: 0.02091468684375286
  view-data: 0.022986975498497486
