times:
  edit-metadata: 1.2618329771794379
  landing: 0.049563316628336906
  view-data: 0.3230548510327935
