times:
  edit-metadata: 2.0153357591480017
  landing: 0.01886610873043537
  view-data: 0.1402116883546114
