times:
  edit-metadata: 1.897436442784965
  landing: 0.025605647824704647
  view-data: 0.027210555039346218
