times:
  edit-metadata: 2.2653371673077345
  landing: 0.2312291320413351
  view-data: 0.2830197848379612
