times:
  edit-metadata: 1.2221048208884895
  landing: 0.042743977159261703
  view-data: 0.32534874556586146
