times:
  edit-metadata: 2.055640496313572
  landing: 0.18812755309045315
  view-data: 0.10953332111239433
