times:
  edit-metadata: 2.2389840483665466
  landing: 0.020078331232070923
  view-data: 0.2679391875863075
