times:
  edit-metadata: 1.08821045095101
  landing: 0.07687024027109146
  view-data: 0.2445071586407721
