times:
  edit-metadata: 2.420692330226302
  landing: 0.16328267008066177
  view-data: 0.2661655694246292
