times:
  edit-metadata: 1.886368753388524
  landing: 0.02028331719338894
  view-data: 0.02533343993127346
