times:
  edit-metadata: 1.9692415967583656
  landing: 0.020442191511392593
  view-data: 0.028251104056835175
