times:
  edit-metadata: 1.8969133039936423
  landing: 0.019489306956529617
  view-data: 0.24656859692186117
