times:
  edit-metadata: 2.3039370961487293
  landing: 0.02255786582827568
  view-data: 0.27276603877544403
