times:
  edit-metadata: 2.1811123620718718
  landing: 0.34496787935495377
  view-data: 0.3771531209349632
