times:
  edit-metadata: 1.1048376099206507
  landing: 0.04621845996007323
  view-data: 0.24074397003278136
