times:
  edit-metadata: 3.4022665321826935
  landing: 0.022416038438677788
  view-data: 0.42987824603915215
