times:
  edit-metadata: 2.417632507160306
  landing: 0.1633097119629383
  view-data: 0.3590768612921238
