times:
  edit-metadata: 1.932512378320098
  landing: 0.02161455526947975
  view-data: 0.02821817621588707
