times:
  edit-metadata: 2.523356880992651
  landing: 0.211309302598238
  view-data: 0.38570545613765717
