times:
  edit-metadata: 1.1158194742165506
  landing: 0.04886681865900755
  view-data: 0.25125850504264235
