times:
  edit-metadata: 1.064694793894887
  landing: 0.07138004479929805
  view-data: 0.2434149901382625
