times:
  edit-metadata: 2.1466213408857584
  landing: 0.23481984436511993
  view-data: 0.3387575764209032
