times:
  edit-metadata: 1.9633227763697505
  landing: 0.196328098885715
  view-data: 0.14804912079125643
