times:
  edit-metadata: 2.0498725082725286
  landing: 0.024263104423880577
  view-data: 0.3127426579594612
