times:
  edit-metadata: 1.9121748097240925
  landing: 0.11801313515752554
  view-data: 0.4180398918688297
