times:
  edit-metadata: 2.0215425230562687
  landing: 0.018670184537768364
  view-data: 0.024189528077840805
