times:
  edit-metadata: 2.104033961892128
  landing: 0.14567431434988976
  view-data: 0.4073728211224079
