times:
  edit-metadata: 2.0170099530369043
  landing: 0.019690245389938354
  view-data: 0.02267399989068508
