times:
  edit-metadata: 1.1690330100245774
  landing: 0.13127616560086608
  view-data: 0.3097751378081739
