times:
  edit-metadata: 2.0164816714823246
  landing: 0.022110650315880775
  view-data: 0.026248296722769737
