times:
  edit-metadata: 1.9579055905342102
  landing: 0.021000709384679794
  view-data: 0.14147747866809368
