times:
  edit-metadata: 1.964367726817727
  landing: 0.019405480474233627
  view-data: 0.02994430437684059
