times:
  edit-metadata: 2.4079657457768917
  landing: 0.169624425470829
  view-data: 0.3213054798543453
