times:
  edit-metadata: 2.1339810714125633
  landing: 0.022602779790759087
  view-data: 0.025268035009503365
