times:
  edit-metadata: 2.3700455836951733
  landing: 0.20523726381361485
  view-data: 0.1331083569675684
