times:
  edit-metadata: 2.5372660495340824
  landing: 0.32645164523273706
  view-data: 0.4719624789431691
