times:
  edit-metadata: 2.072002863511443
  landing: 0.17426273226737976
  view-data: 0.1359923928976059
