times:
  edit-metadata: 1.9847664348781109
  landing: 0.12771178781986237
  view-data: 0.2397036636248231
