times:
  edit-metadata: 2.00287567358464
  landing: 0.019263727590441704
  view-data: 0.44444505777209997
