times:
  edit-metadata: 2.3645619489252567
  landing: 0.02119707502424717
  view-data: 0.2026238590478897
