times:
  edit-metadata: 2.2004925049841404
  landing: 0.025939499959349632
  view-data: 0.022265763953328133
