times:
  edit-metadata: 2.140832234174013
  landing: 0.31180792674422264
  view-data: 0.4812224805355072
