times:
  edit-metadata: 1.4578009988181293
  landing: 0.11492439964786172
  view-data: 0.23668740456923842
