times:
  edit-metadata: 1.9830382019281387
  landing: 0.025074079632759094
  view-data: 0.12242667935788631
