times:
  edit-metadata: 2.137047914788127
  landing: 0.02013774774968624
  view-data: 0.028819402679800987
