times:
  edit-metadata: 1.8989466158673167
  landing: 0.11008488200604916
  view-data: 0.11939482018351555
