times:
  edit-metadata: 2.3135879766196012
  landing: 0.09938980545848608
  view-data: 0.44619928672909737
