times:
  edit-metadata: 2.3795241583138704
  landing: 0.025361137464642525
  view-data: 0.41593698412179947
