times:
  edit-metadata: 1.0406961613334715
  landing: 0.061050382908433676
  view-data: 0.23516595317050815
