times:
  edit-metadata: 4.126651182770729
  landing: 0.051676563918590546
  view-data: 0.026194347068667412
