times:
  edit-metadata: 2.563772466033697
  landing: 0.3673482034355402
  view-data: 0.4652606435120106
