times:
  edit-metadata: 2.017696173861623
  landing: 0.01993403024971485
  view-data: 0.32798978313803673
