times:
  edit-metadata: 1.9931239057332277
  landing: 0.022086169570684433
  view-data: 0.28775496408343315
