times:
  edit-metadata: 2.343949335627258
  landing: 0.04989377502351999
  view-data: 0.022241362370550632
