times:
  edit-metadata: 2.034745253622532
  landing: 0.020211968570947647
  view-data: 0.34403398260474205
