times:
  edit-metadata: 1.289429800119251
  landing: 0.05912166181951761
  view-data: 0.27242379589006305
