times:
  edit-metadata: 1.4200422959402204
  landing: 0.05507234809920192
  view-data: 0.24564229790121317
