times:
  edit-metadata: 2.522852724418044
  landing: 0.24776169285178185
  view-data: 0.19317907467484474
