times:
  edit-metadata: 1.9791004620492458
  landing: 0.23581407591700554
  view-data: 0.3560990747064352
