times:
  edit-metadata: 1.9621558617800474
  landing: 0.02125244401395321
  view-data: 0.024627037346363068
