times:
  edit-metadata: 1.993348617106676
  landing: 0.020481830462813377
  view-data: 0.027792764827609062
