times:
  edit-metadata: 2.278962591663003
  landing: 0.23041340336203575
  view-data: 0.3440058585256338
