times:
  edit-metadata: 1.9530017916113138
  landing: 0.21430439688265324
  view-data: 0.1306871362030506
