times:
  edit-metadata: 1.9838187005370855
  landing: 0.02919670008122921
  view-data: 0.14270167239010334
