times:
  edit-metadata: 2.2233485653996468
  landing: 0.021395208314061165
  view-data: 0.1703986432403326
