times:
  edit-metadata: 2.020323470234871
  landing: 0.01888136751949787
  view-data: 0.023530948907136917
