times:
  edit-metadata: 1.0355437770485878
  landing: 0.06530128885060549
  view-data: 0.24143889313563704
