times:
  edit-metadata: 1.2292149430140853
  landing: 0.1853105858899653
  view-data: 0.27112977113574743
