times:
  edit-metadata: 2.5933073051273823
  landing: 0.1983425933867693
  view-data: 0.5222965106368065
