times:
  edit-metadata: 2.0641028247773647
  landing: 0.1638753656297922
  view-data: 0.14666110463440418
