times:
  edit-metadata: 2.247949093580246
  landing: 0.02001197636127472
  view-data: 0.026871588081121445
