times:
  edit-metadata: 2.1965557727962732
  landing: 0.2459713127464056
  view-data: 0.02764274738729
