times:
  edit-metadata: 1.9290832122787833
  landing: 0.13793747127056122
  view-data: 0.21320702973753214
