times:
  edit-metadata: 2.032123761251569
  landing: 0.11831397749483585
  view-data: 0.32730305567383766
