times:
  edit-metadata: 2.381669642403722
  landing: 0.022425293922424316
  view-data: 0.3743975218385458
