times:
  edit-metadata: 1.3572543156333268
  landing: 0.060503417160362005
  view-data: 0.24137973971664906
