times:
  edit-metadata: 1.34053496690467
  landing: 0.12058867234736681
  view-data: 0.3194099320098758
