times:
  edit-metadata: 2.0596301602199674
  landing: 0.14431676268577576
  view-data: 0.13755249604582787
