times:
  edit-metadata: 2.546047049574554
  landing: 0.3691807836294174
  view-data: 0.4113382678478956
