times:
  edit-metadata: 1.8535480573773384
  landing: 0.02168048731982708
  view-data: 0.028511350043118
