times:
  edit-metadata: 2.069630339741707
  landing: 0.19513912685215473
  view-data: 0.028171371668577194
