times:
  edit-metadata: 2.0806735455989838
  landing: 0.15148470178246498
  view-data: 0.02434501051902771
