times:
  edit-metadata: 1.9104223931208253
  landing: 0.12889246828854084
  view-data: 0.2343796920031309
