times:
  edit-metadata: 1.9166679177433252
  landing: 0.12797274999320507
  view-data: 0.024142157286405563
