times:
  edit-metadata: 1.986496264114976
  landing: 0.14385164342820644
  view-data: 0.023508932441473007
