times:
  edit-metadata: 2.0975681077688932
  landing: 0.019005930051207542
  view-data: 0.03967129997909069
