times:
  edit-metadata: 2.0727840214967728
  landing: 0.240384167060256
  view-data: 0.2926420150324702
