times:
  edit-metadata: 1.3832125798799098
  landing: 0.05952128302305937
  view-data: 0.2532753017731011
