times:
  edit-metadata: 2.07880887016654
  landing: 0.02200840227305889
  view-data: 0.3716847952455282
