times:
  edit-metadata: 1.3005173369310796
  landing: 0.08169104903936386
  view-data: 0.28106338111683726
