times:
  edit-metadata: 1.968027038499713
  landing: 0.020551064983010292
  view-data: 0.35404524859040976
