times:
  edit-metadata: 2.214786022901535
  landing: 0.16131237894296646
  view-data: 0.029338283464312553
