times:
  edit-metadata: 1.9806097410619259
  landing: 0.019640259444713593
  view-data: 0.3437682930380106
