times:
  edit-metadata: 2.447400229051709
  landing: 0.2665812484920025
  view-data: 0.2775516249239445
