times:
  edit-metadata: 2.364448379725218
  landing: 0.27125877887010574
  view-data: 0.16865540109574795
