times:
  edit-metadata: 1.301667652092874
  landing: 0.05837047938257456
  view-data: 0.30081872595474124
