times:
  edit-metadata: 1.9279983984306455
  landing: 0.01999954879283905
  view-data: 0.027591131627559662
