times:
  edit-metadata: 2.1404633466154337
  landing: 0.16627154685556889
  view-data: 0.32134097814559937
