times:
  edit-metadata: 2.006028201431036
  landing: 0.019457392394542694
  view-data: 0.025718580931425095
