times:
  edit-metadata: 2.0013772770762444
  landing: 0.18715743348002434
  view-data: 0.022911803796887398
