times:
  edit-metadata: 1.4895214601419866
  landing: 0.11563570331782103
  view-data: 0.22995704505592585
