times:
  edit-metadata: 1.9130627643316984
  landing: 0.022984713315963745
  view-data: 0.025716286152601242
