times:
  edit-metadata: 2.097161654382944
  landing: 0.09492652676999569
  view-data: 0.3203486893326044
