times:
  edit-metadata: 2.228895640000701
  landing: 0.0249367393553257
  view-data: 0.023991556838154793
