times:
  edit-metadata: 2.0195465851575136
  landing: 0.1161300390958786
  view-data: 0.3382332269102335
