times:
  edit-metadata: 2.275798160582781
  landing: 0.023053636774420738
  view-data: 0.04936477728188038
