times:
  edit-metadata: 1.9212784320116043
  landing: 0.01983944233506918
  view-data: 0.024456319399178028
