times:
  edit-metadata: 2.8800800926983356
  landing: 0.1753540150821209
  view-data: 0.5188107155263424
