times:
  edit-metadata: 2.136103993281722
  landing: 0.16632110252976418
  view-data: 0.17226867377758026
