times:
  edit-metadata: 2.978795189410448
  landing: 0.2805886138230562
  view-data: 0.41670381650328636
