times:
  edit-metadata: 1.9663648251444101
  landing: 0.20675263740122318
  view-data: 0.12285570614039898
