times:
  edit-metadata: 2.052695546299219
  landing: 0.2117428556084633
  view-data: 0.3690223954617977
