times:
  edit-metadata: 2.002268025651574
  landing: 0.2052451241761446
  view-data: 0.02281487174332142
