times:
  edit-metadata: 2.0422464180737734
  landing: 0.09565357863903046
  view-data: 0.2816078867763281
