times:
  edit-metadata: 2.3795977383852005
  landing: 0.024654891341924667
  view-data: 0.024203559383749962
