times:
  edit-metadata: 2.022920737043023
  landing: 0.023411154747009277
  view-data: 0.028232648968696594
