times:
  edit-metadata: 1.9702842477709055
  landing: 0.022170325741171837
  view-data: 0.025869745761156082
