times:
  edit-metadata: 2.268590487539768
  landing: 0.02188674733042717
  view-data: 0.1709200032055378
