times:
  edit-metadata: 1.3880939553491771
  landing: 0.17735079769045115
  view-data: 0.34451946103945374
