times:
  edit-metadata: 2.0121240466833115
  landing: 0.23552774637937546
  view-data: 0.14540827460587025
