times:
  edit-metadata: 2.0424288529902697
  landing: 0.023334329947829247
  view-data: 0.4521403629332781
