times:
  edit-metadata: 2.1382629200816154
  landing: 0.20377925783395767
  view-data: 0.32749123498797417
