times:
  edit-metadata: 1.9531403463333845
  landing: 0.01984633319079876
  view-data: 0.02716604620218277
