times:
  edit-metadata: 2.000965468585491
  landing: 0.021320536732673645
  view-data: 0.29102868027985096
