times:
  edit-metadata: 1.8552546314895153
  landing: 0.020587422885000706
  view-data: 0.028983626514673233
