times:
  edit-metadata: 2.321918796747923
  landing: 0.31461246497929096
  view-data: 0.3189351111650467
