times:
  edit-metadata: 2.2860455848276615
  landing: 0.21341748908162117
  view-data: 0.1392948031425476
