times:
  edit-metadata: 1.9948451407253742
  landing: 0.020032251253724098
  view-data: 0.025607945397496223
