times:
  edit-metadata: 1.2798902811482549
  landing: 0.06778581300750375
  view-data: 0.30081998789682984
