times:
  edit-metadata: 2.397992232814431
  landing: 0.019452735781669617
  view-data: 0.3074110709130764
