times:
  edit-metadata: 1.8994422815740108
  landing: 0.01947973482310772
  view-data: 0.2327365493401885
