times:
  edit-metadata: 1.9913829807192087
  landing: 0.02024712786078453
  view-data: 0.2914233524352312
