times:
  edit-metadata: 1.9143530074506998
  landing: 0.022123225033283234
  view-data: 0.11794994212687016
