times:
  edit-metadata: 2.1022321432828903
  landing: 0.019968224689364433
  view-data: 0.02581869252026081
