times:
  edit-metadata: 1.9637281186878681
  landing: 0.13607888482511044
  view-data: 0.026589475572109222
