times:
  edit-metadata: 2.0963282100856304
  landing: 0.14736906252801418
  view-data: 0.026620885357260704
