times:
  edit-metadata: 1.9312780955806375
  landing: 0.1283310456201434
  view-data: 0.4557964811101556
