times:
  edit-metadata: 2.0011173840612173
  landing: 0.018447814509272575
  view-data: 0.24585852585732937
