times:
  edit-metadata: 1.0794929941184819
  landing: 0.05217709532007575
  view-data: 0.24544979399070144
