times:
  edit-metadata: 1.939313741400838
  landing: 0.019426366314291954
  view-data: 0.022959841415286064
