times:
  edit-metadata: 2.089243020862341
  landing: 0.021466322243213654
  view-data: 0.023539485409855843
