times:
  edit-metadata: 2.4714369121938944
  landing: 0.2935121972113848
  view-data: 0.3180716000497341
