times:
  edit-metadata: 2.101774673908949
  landing: 0.24254880473017693
  view-data: 0.025936560705304146
