times:
  edit-metadata: 1.2847867081873119
  landing: 0.05868486827239394
  view-data: 0.24662554217502475
