times:
  edit-metadata: 2.0373376701027155
  landing: 0.13710069470107555
  view-data: 0.14348469115793705
