times:
  edit-metadata: 2.1979240979999304
  landing: 0.01953163556754589
  view-data: 0.02773100882768631
