times:
  edit-metadata: 2.0203370358794928
  landing: 0.2461950583383441
  view-data: 0.2312538381665945
