times:
  edit-metadata: 0.8412158880382776
  landing: 0.04412001417949796
  view-data: 0.30863250186666846
