times:
  edit-metadata: 1.3899620436131954
  landing: 0.019477764144539833
  view-data: 0.022233614698052406
