times:
  edit-metadata: 1.3393601104617119
  landing: 0.018124709837138653
  view-data: 0.4234254052862525
