times:
  edit-metadata: 1.3952184859663248
  landing: 0.022054120898246765
  view-data: 0.13100347854197025
