times:
  edit-metadata: 1.3538074772804976
  landing: 0.021339096128940582
  view-data: 0.10485966689884663
