times:
  edit-metadata: 1.4075199887156487
  landing: 0.018711835145950317
  view-data: 0.3305791299790144
