times:
  edit-metadata: 1.3752017728984356
  landing: 0.021627452224493027
  view-data: 0.025627264752984047
