times:
  edit-metadata: 1.3746663331985474
  landing: 0.18630687333643436
  view-data: 0.32562287524342537
