times:
  edit-metadata: 0.6827753148972988
  landing: 0.05875082081183791
  view-data: 0.2936510699801147
