times:
  edit-metadata: 1.5024351309984922
  landing: 0.2039787396788597
  view-data: 0.023856449872255325
