times:
  edit-metadata: 1.4043614827096462
  landing: 0.15167694725096226
  view-data: 0.027179302647709846
