times:
  edit-metadata: 0.6441023787483573
  landing: 0.07016026927158237
  view-data: 0.30099855782464147
