times:
  edit-metadata: 0.5527315810322762
  landing: 0.07602178398519754
  view-data: 0.20205168379470706
