times:
  edit-metadata: 1.3867692854255438
  landing: 0.13830644451081753
  view-data: 0.14061124064028263
