times:
  edit-metadata: 2.759888276021229
  landing: 0.2849750890163705
  view-data: 0.7079938919923734
