times:
  edit-metadata: 1.3505220469087362
  landing: 0.02185390330851078
  view-data: 0.024815980345010757
