times:
  edit-metadata: 1.3649806696921587
  landing: 0.01990612782537937
  view-data: 0.028456373140215874
