times:
  edit-metadata: 1.6001229528337717
  landing: 0.14593986049294472
  view-data: 0.2137557417154312
