times:
  edit-metadata: 1.3269531074911356
  landing: 0.01905488222837448
  view-data: 0.10318147204816341
