times:
  edit-metadata: 1.5481330826878548
  landing: 0.2006177119910717
  view-data: 0.15295840799808502
