times:
  edit-metadata: 1.390116773545742
  landing: 0.13163150288164616
  view-data: 0.023037556558847427
