times:
  edit-metadata: 1.3903108797967434
  landing: 0.02063109539449215
  view-data: 0.02932092547416687
