times:
  edit-metadata: 0.5786872012540698
  landing: 0.048180713318288326
  view-data: 0.2158428463153541
