times:
  edit-metadata: 1.4220221433788538
  landing: 0.1405104473233223
  view-data: 0.34583096392452717
