times:
  edit-metadata: 1.3666228353977203
  landing: 0.0181353110820055
  view-data: 0.02258627489209175
