times:
  edit-metadata: 0.5812388379126787
  landing: 0.08031059801578522
  view-data: 0.20579166803508997
