times:
  edit-metadata: 1.6698789708316326
  landing: 0.23750895075500011
  view-data: 0.43040175922214985
