times:
  edit-metadata: 1.4787384290248156
  landing: 0.11573908850550652
  view-data: 0.3254139944911003
