times:
  edit-metadata: 1.3909743130207062
  landing: 0.13447376899421215
  view-data: 0.028793154284358025
