times:
  edit-metadata: 1.4347790684551
  landing: 0.18787609227001667
  view-data: 0.028234358876943588
