times:
  edit-metadata: 1.605474155396223
  landing: 0.3578652311116457
  view-data: 0.29789659567177296
