times:
  edit-metadata: 1.3141849022358656
  landing: 0.023386778309941292
  view-data: 0.2933675218373537
