times:
  edit-metadata: 1.2670225445181131
  landing: 0.019359273836016655
  view-data: 0.13729963265359402
