times:
  edit-metadata: 1.8128361590206623
  landing: 0.14079555124044418
  view-data: 0.34330802969634533
