times:
  edit-metadata: 1.4070943873375654
  landing: 0.022309359163045883
  view-data: 0.029296649619936943
