times:
  edit-metadata: 0.8076741150580347
  landing: 0.08372770436108112
  view-data: 0.3006339920684695
