times:
  edit-metadata: 1.3379198554903269
  landing: 0.01895993761718273
  view-data: 0.027546998113393784
