times:
  edit-metadata: 1.3535055369138718
  landing: 0.020079882815480232
  view-data: 0.028277697041630745
