times:
  edit-metadata: 1.3761701565235853
  landing: 0.02057601697742939
  view-data: 0.023936253041028976
