times:
  edit-metadata: 1.9590946539974539
  landing: 0.15299499800312333
  view-data: 0.2898160079930676
