times:
  edit-metadata: 1.411523461341858
  landing: 0.14221463166177273
  view-data: 0.12032050639390945
