times:
  edit-metadata: 1.8777804393321276
  landing: 0.24294325709342957
  view-data: 0.356849679723382
