times:
  edit-metadata: 1.6746435035020113
  landing: 0.1368610691279173
  view-data: 0.18676568008959293
