times:
  edit-metadata: 0.5457368451170623
  landing: 0.06345918495208025
  view-data: 0.21745903231203556
