times:
  edit-metadata: 1.4487819839268923
  landing: 0.020208293572068214
  view-data: 0.025845320895314217
