times:
  edit-metadata: 1.4327510092407465
  landing: 0.021766571328043938
  view-data: 0.027359863743185997
