times:
  edit-metadata: 1.3599455300718546
  landing: 0.018664455972611904
  view-data: 0.03340415097773075
