times:
  edit-metadata: 1.9812539592385292
  landing: 0.025747552514076233
  view-data: 0.3698905501514673
