times:
  edit-metadata: 1.4062290340662003
  landing: 0.02061714231967926
  view-data: 0.2799226325005293
