times:
  edit-metadata: 1.4417432695627213
  landing: 0.020579252392053604
  view-data: 0.4236174840480089
