times:
  edit-metadata: 1.5150388590991497
  landing: 0.18859211541712284
  view-data: 0.026439595967531204
