times:
  edit-metadata: 1.8646519584581256
  landing: 0.37958714086562395
  view-data: 0.3850063616409898
