times:
  edit-metadata: 1.403384568169713
  landing: 0.021105574443936348
  view-data: 0.13627194426953793
