times:
  edit-metadata: 0.7845076527446508
  landing: 0.06859509367495775
  view-data: 0.2044612718746066
