times:
  edit-metadata: 1.254093024879694
  landing: 0.1544666364789009
  view-data: 0.429341284558177
