times:
  edit-metadata: 1.4210072793066502
  landing: 0.022615965455770493
  view-data: 0.3053867779672146
