times:
  edit-metadata: 0.5596885704435408
  landing: 0.07279364159330726
  view-data: 0.20252736611291766
