times:
  edit-metadata: 1.632926220074296
  landing: 0.15602536499500275
  view-data: 0.31860249675810337
