times:
  edit-metadata: 1.9057815819978714
  landing: 0.18773614801466465
  view-data: 0.050563745200634
