times:
  edit-metadata: 1.344185994938016
  landing: 0.020189307630062103
  view-data: 0.0259135439991951
