times:
  edit-metadata: 0.6102495971135795
  landing: 0.08757428219541907
  view-data: 0.21742846723645926
