times:
  edit-metadata: 0.6053472757339478
  landing: 0.04383259825408459
  view-data: 0.3103421116247773
