times:
  edit-metadata: 0.543737409170717
  landing: 0.06180926505476236
  view-data: 0.19739792495965958
