times:
  edit-metadata: 1.7729696184396744
  landing: 0.1608861479908228
  view-data: 0.3856103364378214
