times:
  edit-metadata: 1.349068632349372
  landing: 0.022802680730819702
  view-data: 0.054142098873853683
