times:
  edit-metadata: 1.4624577704817057
  landing: 0.021309535950422287
  view-data: 0.025457706302404404
