times:
  edit-metadata: 1.5631184075027704
  landing: 0.06977744400501251
  view-data: 0.3842707071453333
