times:
  edit-metadata: 1.8175763003528118
  landing: 0.2274375967681408
  view-data: 0.38637871108949184
