times:
  edit-metadata: 1.561275402083993
  landing: 0.3101243581622839
  view-data: 0.1778117585927248
