times:
  edit-metadata: 1.500856315717101
  landing: 0.020663561299443245
  view-data: 0.1279148254543543
