times:
  edit-metadata: 1.3840427491813898
  landing: 0.022576773539185524
  view-data: 0.027509018778800964
