times:
  edit-metadata: 1.3666119128465652
  landing: 0.02177044376730919
  view-data: 0.025146611034870148
