times:
  edit-metadata: 1.5241716410964727
  landing: 0.28265970945358276
  view-data: 0.46817443147301674
