times:
  edit-metadata: 1.585048321634531
  landing: 0.164021797478199
  view-data: 0.3437936380505562
