times:
  edit-metadata: 1.4540787758305669
  landing: 0.038628263399004936
  view-data: 0.10332394018769264
