times:
  edit-metadata: 1.272812359035015
  landing: 0.11966144759207964
  view-data: 0.23399356752634048
