times:
  edit-metadata: 1.3871348034590483
  landing: 0.026816530153155327
  view-data: 0.022779108956456184
