times:
  edit-metadata: 1.6432835590094328
  landing: 0.12606116384267807
  view-data: 0.10116288810968399
