times:
  edit-metadata: 1.3807597290724516
  landing: 0.19444417767226696
  view-data: 0.3171618655323982
