times:
  edit-metadata: 1.3613306265324354
  landing: 0.023253226652741432
  view-data: 0.02356635220348835
