times:
  edit-metadata: 0.5574137670919299
  landing: 0.0690999529324472
  view-data: 0.21114264521747828
