times:
  edit-metadata: 1.9993004668504
  landing: 0.18758218176662922
  view-data: 0.20774001441895962
