times:
  edit-metadata: 1.5149015355855227
  landing: 0.16498258896172047
  view-data: 0.05741758644580841
