times:
  edit-metadata: 1.8972836043685675
  landing: 0.3659799937158823
  view-data: 0.42049630731344223
