times:
  edit-metadata: 1.4976794123649597
  landing: 0.02260274812579155
  view-data: 0.05893562734127045
