times:
  edit-metadata: 1.5586886927485466
  landing: 0.019883139058947563
  view-data: 0.026576539501547813
