times:
  edit-metadata: 0.5523602436296642
  landing: 0.12096761213615537
  view-data: 0.24460288416594267
