times:
  edit-metadata: 1.3550977632403374
  landing: 0.02050529234111309
  view-data: 0.0273588877171278
