times:
  edit-metadata: 1.422642920166254
  landing: 0.15713290311396122
  view-data: 0.13052666373550892
