times:
  edit-metadata: 1.4512091372162104
  landing: 0.1959396693855524
  view-data: 0.3102176934480667
