times:
  edit-metadata: 0.6143864570185542
  landing: 0.07486380310729146
  view-data: 0.2015342810191214
