times:
  edit-metadata: 1.3877913039177656
  landing: 0.11845462396740913
  view-data: 0.12375661544501781
