times:
  edit-metadata: 1.5181195456534624
  landing: 0.022929413244128227
  view-data: 0.026221293956041336
