times:
  edit-metadata: 1.3743363190442324
  landing: 0.02229822613298893
  view-data: 0.02759791538119316
