times:
  edit-metadata: 1.3433919455856085
  landing: 0.019174423068761826
  view-data: 0.02244582027196884
