times:
  edit-metadata: 1.8054537829011679
  landing: 0.2791173290461302
  view-data: 0.41237098909914494
