times:
  edit-metadata: 1.4875108487904072
  landing: 0.2086399756371975
  view-data: 0.12357910722494125
