times:
  edit-metadata: 1.4547161608934402
  landing: 0.02339198812842369
  view-data: 0.12599057145416737
