times:
  edit-metadata: 1.6287770792841911
  landing: 0.365138104185462
  view-data: 0.22661473229527473
