times:
  edit-metadata: 1.3387660011649132
  landing: 0.13849929347634315
  view-data: 0.24477116763591766
