times:
  edit-metadata: 1.4429964013397694
  landing: 0.02240932360291481
  view-data: 0.02436181716620922
