times:
  edit-metadata: 2.131603831425309
  landing: 0.2720769848674536
  view-data: 0.44191014021635056
