times:
  edit-metadata: 1.47843786329031
  landing: 0.15318442694842815
  view-data: 0.025933711789548397
