times:
  edit-metadata: 0.5347468601539731
  landing: 0.060765817295759916
  view-data: 0.19885893631726503
