times:
  edit-metadata: 1.5968714728951454
  landing: 0.022816447541117668
  view-data: 0.17319989763200283
