times:
  edit-metadata: 0.5442254696972668
  landing: 0.06878557614982128
  view-data: 0.3051854958757758
