times:
  edit-metadata: 1.594233252108097
  landing: 0.23522191680967808
  view-data: 0.1311917044222355
