times:
  edit-metadata: 0.5645413310267031
  landing: 0.08549084095284343
  view-data: 0.22175010200589895
