times:
  edit-metadata: 1.6648216266185045
  landing: 0.14892634376883507
  view-data: 0.2984566483646631
