times:
  edit-metadata: 1.7695185951888561
  landing: 0.027571460232138634
  view-data: 0.2714463584125042
