times:
  edit-metadata: 1.4167939238250256
  landing: 0.021013326942920685
  view-data: 0.024900393560528755
