times:
  edit-metadata: 1.4559234380722046
  landing: 0.14825407601892948
  view-data: 0.3669805694371462
