times:
  edit-metadata: 1.3631281089037657
  landing: 0.021158739924430847
  view-data: 0.02395598217844963
