times:
  edit-metadata: 1.4617557302117348
  landing: 0.019461557269096375
  view-data: 0.024256259202957153
