times:
  edit-metadata: 1.44832057133317
  landing: 0.0213546771556139
  view-data: 0.023812085390090942
