times:
  edit-metadata: 1.8271810729056597
  landing: 0.1729108989238739
  view-data: 0.427635183557868
