times:
  edit-metadata: 0.5420108996331692
  landing: 0.06690610479563475
  view-data: 0.24888197798281908
