times:
  edit-metadata: 1.711942158639431
  landing: 0.25920521281659603
  view-data: 0.031996121630072594
