times:
  edit-metadata: 1.3779376801103354
  landing: 0.11747271195054054
  view-data: 0.02479410171508789
