times:
  edit-metadata: 1.559157120063901
  landing: 0.13837281428277493
  view-data: 0.025808701291680336
