times:
  edit-metadata: 1.553112169727683
  landing: 0.2609986364841461
  view-data: 0.5353248585015535
