times:
  edit-metadata: 1.3901320770382881
  landing: 0.15382942371070385
  view-data: 0.026228630915284157
