times:
  edit-metadata: 1.385310783982277
  landing: 0.021004388108849525
  view-data: 0.12752375565469265
