times:
  edit-metadata: 1.6230284366756678
  landing: 0.29663258604705334
  view-data: 0.4484348278492689
