times:
  edit-metadata: 1.6260972749441862
  landing: 0.30212116800248623
  view-data: 0.3529590703547001
