times:
  edit-metadata: 1.403106015175581
  landing: 0.11831930465996265
  view-data: 0.025746377184987068
