times:
  edit-metadata: 1.3522006571292877
  landing: 0.0227831844240427
  view-data: 0.025981858372688293
