times:
  edit-metadata: 1.42091747187078
  landing: 0.13176678493618965
  view-data: 0.02313825488090515
