times:
  edit-metadata: 0.6098689450882375
  landing: 0.07076783291995525
  view-data: 0.2870998620055616
