times:
  edit-metadata: 0.6772613422945142
  landing: 0.1128782220184803
  view-data: 0.21791647700592875
