times:
  edit-metadata: 1.3692241087555885
  landing: 0.1356560569256544
  view-data: 0.30986764281988144
