times:
  edit-metadata: 0.8278168197721243
  landing: 0.09405428916215897
  view-data: 0.2174815800972283
