times:
  edit-metadata: 1.496422104537487
  landing: 0.05173262022435665
  view-data: 0.4564016852527857
