times:
  edit-metadata: 1.4704290181398392
  landing: 0.2023398783057928
  view-data: 0.36511167138814926
