times:
  edit-metadata: 0.6054335669614375
  landing: 0.08363816328346729
  view-data: 0.3365585491992533
