times:
  edit-metadata: 1.3809432480484247
  landing: 0.13166419230401516
  view-data: 0.027545807883143425
