times:
  edit-metadata: 1.4462452605366707
  landing: 0.14260389655828476
  view-data: 0.43487931229174137
