times:
  edit-metadata: 0.582059153355658
  landing: 0.15993886394426227
  view-data: 0.20786206098273396
