times:
  edit-metadata: 0.7286708238534629
  landing: 0.10972478007897735
  view-data: 0.22864868072792888
