times:
  edit-metadata: 1.7118580546230078
  landing: 0.3382830936461687
  view-data: 0.3287106230854988
