times:
  edit-metadata: 1.4494102653115988
  landing: 0.020916426554322243
  view-data: 0.02450578287243843
