times:
  edit-metadata: 1.5385064948350191
  landing: 0.360906645655632
  view-data: 0.16664260998368263
