times:
  edit-metadata: 1.3648291397839785
  landing: 0.021594110876321793
  view-data: 0.027304742485284805
