times:
  edit-metadata: 1.613360982388258
  landing: 0.32180129550397396
  view-data: 0.22101768478751183
