times:
  edit-metadata: 0.8912329403683543
  landing: 0.07355421595275402
  view-data: 0.20152374170720577
