times:
  edit-metadata: 1.6555792950093746
  landing: 0.3618022035807371
  view-data: 0.5403459761291742
