times:
  edit-metadata: 1.4228970874100924
  landing: 0.022071491926908493
  view-data: 0.024637185037136078
