times:
  edit-metadata: 0.45000268891453743
  landing: 0.0501546636223793
  view-data: 0.19741698168218136
