times:
  edit-metadata: 0.4304811079055071
  landing: 0.0492500476539135
  view-data: 0.3316631610505283
