times:
  edit-metadata: 0.43744890578091145
  landing: 0.048161063343286514
  view-data: 0.30273676477372646
