times:
  edit-metadata: 0.43177252542227507
  landing: 0.041834295727312565
  view-data: 0.20531758572906256
