times:
  edit-metadata: 0.45922155398875475
  landing: 0.044027489610016346
  view-data: 0.33124749548733234
