times:
  edit-metadata: 0.4393377429805696
  landing: 0.04297076025977731
  view-data: 0.3419284620322287
