times:
  edit-metadata: 0.46144821867346764
  landing: 0.056165565736591816
  view-data: 0.2087317667901516
