times:
  edit-metadata: 0.9025832680054009
  landing: 0.09992598788812757
  view-data: 0.21348381787538528
