times:
  edit-metadata: 0.7768654320389032
  landing: 0.050906086806207895
  view-data: 0.21929976297542453
