times:
  edit-metadata: 0.571262454148382
  landing: 0.057389052119106054
  view-data: 0.209954506251961
