times:
  edit-metadata: 0.6583045101724565
  landing: 0.08909617504104972
  view-data: 0.2055347701534629
