times:
  edit-metadata: 0.5705272690393031
  landing: 0.0747497146949172
  view-data: 0.21980120800435543
