times:
  edit-metadata: 0.6057953820563853
  landing: 0.09861504193395376
  view-data: 0.22110685193911195
