times:
  edit-metadata: 0.6952831610105932
  landing: 0.12758971191942692
  view-data: 0.2410713890567422
