times:
  edit-metadata: 0.6212913696654141
  landing: 0.11387874512001872
  view-data: 0.22800215426832438
