times:
  edit-metadata: 0.9107304997742176
  landing: 0.061221334151923656
  view-data: 0.2105212057940662
