times:
  edit-metadata: 0.5988375092856586
  landing: 0.049529500771313906
  view-data: 0.20791251817718148
