times:
  edit-metadata: 2.250770526006818
  landing: 0.32746312400558963
  view-data: 0.55499254600727
