times:
  edit-metadata: 0.7930284133180976
  landing: 0.08358158497139812
  view-data: 0.3040100121870637
