times:
  edit-metadata: 0.6258087740279734
  landing: 0.055068095214664936
  view-data: 0.23367181094363332
