times:
  edit-metadata: 0.6185490828938782
  landing: 0.041924196761101484
  view-data: 0.20877913478761911
