times:
  edit-metadata: 0.6646509571000934
  landing: 0.11151175620034337
  view-data: 0.20911093009635806
