times:
  edit-metadata: 1.6252731960266829
  landing: 0.1516124438494444
  view-data: 0.33231554739177227
