times:
  edit-metadata: 1.6003485787659883
  landing: 0.16233788430690765
  view-data: 0.4182399548590183
