times:
  edit-metadata: 0.5728609538637102
  landing: 0.05865651601925492
  view-data: 0.21753215789794922
