times:
  edit-metadata: 0.6529186172410846
  landing: 0.116003577131778
  view-data: 0.30569778895005584
