times:
  edit-metadata: 0.8821266409941018
  landing: 0.07154923491179943
  view-data: 0.23586420295760036
