times:
  edit-metadata: 0.5931914392858744
  landing: 0.06737773073837161
  view-data: 0.21227201912552118
