times:
  edit-metadata: 0.7721526590175927
  landing: 0.14665762381628156
  view-data: 0.3043133029714227
