times:
  edit-metadata: 1.5976511165499687
  landing: 0.024967331439256668
  view-data: 0.030826741829514503
