times:
  edit-metadata: 0.7646256829611957
  landing: 0.13247731421142817
  view-data: 0.2047748458571732
