times:
  edit-metadata: 0.5976684642955661
  landing: 0.1166646396741271
  view-data: 0.21576453419402242
