times:
  edit-metadata: 0.8490910362452269
  landing: 0.04529407527297735
  view-data: 0.2921793987043202
