times:
  edit-metadata: 0.686434546019882
  landing: 0.08723016502335668
  view-data: 0.2210939023643732
