times:
  edit-metadata: 0.7018054760992527
  landing: 0.05449951207265258
  view-data: 0.29193317983299494
