times:
  edit-metadata: 0.5931543260812759
  landing: 0.07061592815443873
  view-data: 0.21339955693110824
