times:
  edit-metadata: 0.7238747589290142
  landing: 0.11384309874847531
  view-data: 0.30063853366300464
