times:
  edit-metadata: 0.6976487929932773
  landing: 0.12922944128513336
  view-data: 0.24161166418343782
