times:
  edit-metadata: 0.43685860512778163
  landing: 0.04765707813203335
  view-data: 0.3549770643003285
