times:
  edit-metadata: 0.4747645938768983
  landing: 0.05075642932206392
  view-data: 0.31628054566681385
