times:
  edit-metadata: 0.440323730930686
  landing: 0.05041707493364811
  view-data: 0.687852717936039
