times:
  edit-metadata: 0.44933701399713755
  landing: 0.04982311185449362
  view-data: 0.348847433924675
