times:
  edit-metadata: 0.472578976303339
  landing: 0.04415794741362333
  view-data: 0.20819181576371193
