times:
  edit-metadata: 0.4523557759821415
  landing: 0.05033797910436988
  view-data: 0.32605418702587485
