times:
  edit-metadata: 0.46760119032114744
  landing: 0.04404226038604975
  view-data: 0.20723055955022573
