times:
  edit-metadata: 0.4603395648300648
  landing: 0.054765851236879826
  view-data: 0.2239983039908111
