times:
  edit-metadata: 0.45878137089312077
  landing: 0.040927338413894176
  view-data: 0.20859990920871496
