times:
  edit-metadata: 0.4388020830228925
  landing: 0.044219438917934895
  view-data: 0.34408274106681347
