times:
  edit-metadata: 1.4193410817533731
  landing: 0.019748704507946968
  view-data: 0.023258013650774956
