times:
  edit-metadata: 1.4039298733696342
  landing: 0.11129212565720081
  view-data: 0.02774664293974638
