times:
  edit-metadata: 1.369864672422409
  landing: 0.13584614638239145
  view-data: 0.1360365767031908
