times:
  edit-metadata: 1.52172770537436
  landing: 0.17116913571953773
  view-data: 0.4680467639118433
