times:
  edit-metadata: 0.8740489343181252
  landing: 0.04549475898966193
  view-data: 0.20862747728824615
