times:
  edit-metadata: 1.4470760319381952
  landing: 0.12840616144239902
  view-data: 0.45702499337494373
