times:
  edit-metadata: 1.305020141415298
  landing: 0.021744265221059322
  view-data: 0.12077262438833714
