times:
  edit-metadata: 1.4378772974014282
  landing: 0.02167840674519539
  view-data: 0.4304116703569889
