times:
  edit-metadata: 1.6611240338534117
  landing: 0.20974945463240147
  view-data: 0.1342909336090088
