times:
  edit-metadata: 1.3550463989377022
  landing: 0.01892990991473198
  view-data: 0.03528914414346218
