times:
  edit-metadata: 1.479226816445589
  landing: 0.36425301991403103
  view-data: 0.30263576097786427
