times:
  edit-metadata: 1.389712680131197
  landing: 0.020224278792738914
  view-data: 0.02473662793636322
