times:
  edit-metadata: 1.3281326871365309
  landing: 0.19761735945940018
  view-data: 0.31667614728212357
