times:
  edit-metadata: 1.4558407478034496
  landing: 0.2198312897235155
  view-data: 0.45625329948961735
