times:
  edit-metadata: 1.383766420185566
  landing: 0.01965910941362381
  view-data: 0.023511648178100586
