times:
  edit-metadata: 1.7410828303545713
  landing: 0.17027576081454754
  view-data: 0.02325669676065445
