times:
  edit-metadata: 2.7234107039985247
  landing: 0.22140717000002041
  view-data: 0.49851314901025034
