times:
  edit-metadata: 1.7437262833118439
  landing: 0.024507790803909302
  view-data: 0.34901665709912777
