times:
  edit-metadata: 1.3639195431023836
  landing: 0.02285003289580345
  view-data: 0.12150321528315544
