times:
  edit-metadata: 1.7633634395897388
  landing: 0.19862215034663677
  view-data: 0.46085784770548344
