times:
  edit-metadata: 0.8666069307364523
  landing: 0.054438757710158825
  view-data: 0.20628558890894055
