times:
  edit-metadata: 0.5050990488380194
  landing: 0.057765496894717216
  view-data: 0.21553837414830923
