times:
  edit-metadata: 1.9336853083223104
  landing: 0.03400883264839649
  view-data: 0.4798057973384857
