times:
  edit-metadata: 1.2960199490189552
  landing: 0.022709855809807777
  view-data: 0.027441849932074547
