times:
  edit-metadata: 1.3549816124141216
  landing: 0.018489470705389977
  view-data: 0.023759152740240097
