times:
  edit-metadata: 1.5991089791059494
  landing: 0.28201241977512836
  view-data: 0.35179193690419197
