times:
  edit-metadata: 1.334318971261382
  landing: 0.020038995891809464
  view-data: 0.10431839153170586
