times:
  edit-metadata: 0.5034887278452516
  landing: 0.06861416297033429
  view-data: 0.22998307924717665
