times:
  edit-metadata: 1.4431720431894064
  landing: 0.022171692922711372
  view-data: 0.023308894596993923
