times:
  edit-metadata: 1.3630994111299515
  landing: 0.022461920976638794
  view-data: 0.026273956522345543
