times:
  edit-metadata: 1.773667541332543
  landing: 0.16817093454301357
  view-data: 0.4859062898904085
