times:
  edit-metadata: 1.3513120859861374
  landing: 0.022208401933312416
  view-data: 0.31469685956835747
