times:
  edit-metadata: 1.330211503431201
  landing: 0.02014927752315998
  view-data: 0.024199867621064186
