times:
  edit-metadata: 1.350023277103901
  landing: 0.14463254064321518
  view-data: 0.3258188124746084
