times:
  edit-metadata: 0.6403472907841206
  landing: 0.0509779192507267
  view-data: 0.20178132597357035
