times:
  edit-metadata: 1.3833817793056369
  landing: 0.2254354441538453
  view-data: 0.39721504971385
