times:
  edit-metadata: 1.4058220125734806
  landing: 0.018902037292718887
  view-data: 0.023165222257375717
