times:
  edit-metadata: 1.2922462429851294
  landing: 0.12381615117192268
  view-data: 0.02674676477909088
