times:
  edit-metadata: 1.3839324060827494
  landing: 0.01994742639362812
  view-data: 0.4577400293201208
