times:
  edit-metadata: 1.5035348748788238
  landing: 0.14168407209217548
  view-data: 0.9085641717538238
