times:
  edit-metadata: 0.5068322159349918
  landing: 0.12006259290501475
  view-data: 0.2108074207790196
