times:
  edit-metadata: 1.5640403209254146
  landing: 0.118330929428339
  view-data: 0.023160762153565884
