times:
  edit-metadata: 1.3447441030293703
  landing: 0.02074442431330681
  view-data: 0.024986620992422104
