times:
  edit-metadata: 1.4042686484754086
  landing: 0.02083960734307766
  view-data: 0.3127659186720848
