times:
  edit-metadata: 0.6615131720900536
  landing: 0.0415347246453166
  view-data: 0.28321649692952633
