times:
  edit-metadata: 1.4172566756606102
  landing: 0.020643193274736404
  view-data: 0.3198983743786812
