times:
  edit-metadata: 1.460748242214322
  landing: 0.02299426682293415
  view-data: 0.324848847463727
