times:
  edit-metadata: 0.5155425821430981
  landing: 0.04882305581122637
  view-data: 0.2109976620413363
