times:
  edit-metadata: 1.388760944828391
  landing: 0.02348700538277626
  view-data: 0.025221368297934532
