times:
  edit-metadata: 1.5898195877671242
  landing: 0.019865281879901886
  view-data: 0.17813147231936455
