times:
  edit-metadata: 1.3618587721139193
  landing: 0.019733533263206482
  view-data: 0.022365940734744072
