times:
  edit-metadata: 1.3560193739831448
  landing: 0.01976725645363331
  view-data: 0.025048576295375824
