times:
  edit-metadata: 1.373678270727396
  landing: 0.022664565593004227
  view-data: 0.024160556495189667
