times:
  edit-metadata: 1.339851800352335
  landing: 0.02057567611336708
  view-data: 0.02244306169450283
