times:
  edit-metadata: 1.4909416269510984
  landing: 0.17031751573085785
  view-data: 0.18886027485132217
