times:
  edit-metadata: 1.308009099215269
  landing: 0.1500708693638444
  view-data: 0.45599608961492777
