times:
  edit-metadata: 1.3182399701327085
  landing: 0.02057303860783577
  view-data: 0.3084170799702406
