times:
  edit-metadata: 1.5433653257787228
  landing: 0.23320641741156578
  view-data: 0.36306925490498543
