times:
  edit-metadata: 1.359938709065318
  landing: 0.021795110777020454
  view-data: 0.025445638224482536
