times:
  edit-metadata: 1.3419856736436486
  landing: 0.21349269431084394
  view-data: 0.022828122600913048
