times:
  edit-metadata: 1.362072853371501
  landing: 0.09505248256027699
  view-data: 0.13272164203226566
