times:
  edit-metadata: 0.5042530577629805
  landing: 0.045048520900309086
  view-data: 0.20612055575475097
