times:
  edit-metadata: 1.7657337319105864
  landing: 0.3336188178509474
  view-data: 0.3503257744014263
