times:
  edit-metadata: 0.5514471307396889
  landing: 0.0727953901514411
  view-data: 0.21074087405577302
