times:
  edit-metadata: 1.382484333589673
  landing: 0.021302586421370506
  view-data: 0.022973911836743355
