times:
  edit-metadata: 1.3819680158048868
  landing: 0.019947665743529797
  view-data: 0.2518385360017419
