times:
  edit-metadata: 0.49040876189246774
  landing: 0.09194400813430548
  view-data: 0.3235957990400493
