times:
  edit-metadata: 1.3080614879727364
  landing: 0.021180893294513226
  view-data: 0.02726152166724205
