times:
  edit-metadata: 1.6625277660787106
  landing: 0.12347996421158314
  view-data: 0.026536861434578896
