times:
  edit-metadata: 1.525709917768836
  landing: 0.021212125197052956
  view-data: 0.02645251341164112
