times:
  edit-metadata: 1.510014221072197
  landing: 0.022043898701667786
  view-data: 0.3483520280569792
