times:
  edit-metadata: 1.4042776329442859
  landing: 0.13001483865082264
  view-data: 0.13224871642887592
