times:
  edit-metadata: 1.576721876859665
  landing: 0.3628286011517048
  view-data: 0.3597163688391447
