times:
  edit-metadata: 1.4518571216613054
  landing: 0.02100558578968048
  view-data: 0.02451128512620926
