times:
  edit-metadata: 0.5378261380828917
  landing: 0.09511554287746549
  view-data: 0.21101370826363564
