times:
  edit-metadata: 1.5910327769815922
  landing: 0.20717738196253777
  view-data: 0.24617955461144447
