times:
  edit-metadata: 1.5658503863960505
  landing: 0.14073261432349682
  view-data: 0.025970719754695892
