times:
  edit-metadata: 1.3570372108370066
  landing: 0.020191501826047897
  view-data: 0.2962095383554697
