times:
  edit-metadata: 0.5095166699029505
  landing: 0.09506988804787397
  view-data: 0.2893902068026364
