times:
  edit-metadata: 0.6319387499243021
  landing: 0.0996355339884758
  view-data: 0.2029239688999951
