times:
  edit-metadata: 1.618184508755803
  landing: 0.15355722419917583
  view-data: 0.5408056266605854
