times:
  edit-metadata: 1.3257917314767838
  landing: 0.1975737176835537
  view-data: 0.025401102378964424
