times:
  edit-metadata: 1.6236217487603426
  landing: 0.21911937929689884
  view-data: 0.28956591337919235
