times:
  edit-metadata: 1.3704845253378153
  landing: 0.19812817685306072
  view-data: 0.025895532220602036
