times:
  edit-metadata: 1.605637013912201
  landing: 0.23773175477981567
  view-data: 0.38959725573658943
