times:
  edit-metadata: 0.5053601739928126
  landing: 0.053992023691534996
  view-data: 0.22134327795356512
