times:
  edit-metadata: 0.4938270142301917
  landing: 0.04918689886108041
  view-data: 0.21379498997703195
