times:
  edit-metadata: 1.3953351750969887
  landing: 0.12614413537085056
  view-data: 0.14264477975666523
