times:
  edit-metadata: 1.5235280245542526
  landing: 0.023218125104904175
  view-data: 0.3771767020225525
