times:
  edit-metadata: 1.343566795811057
  landing: 0.019298890605568886
  view-data: 0.023096520453691483
