times:
  edit-metadata: 0.6740212570875883
  landing: 0.048331404104828835
  view-data: 0.27513642981648445
