times:
  edit-metadata: 1.6644675489515066
  landing: 0.2636661883443594
  view-data: 0.4259976763278246
