times:
  edit-metadata: 1.4275987418368459
  landing: 0.13042265456169844
  view-data: 0.13866239693015814
