times:
  edit-metadata: 1.3759420942515135
  landing: 0.019959179684519768
  view-data: 0.02315683104097843
