times:
  edit-metadata: 0.7949355938471854
  landing: 0.04356771893799305
  view-data: 0.21979964897036552
