times:
  edit-metadata: 1.5806807167828083
  landing: 0.020956046879291534
  view-data: 0.33743746764957905
