times:
  edit-metadata: 1.4373199930414557
  landing: 0.13589595165103674
  view-data: 0.027148809283971786
