times:
  edit-metadata: 0.476588930003345
  landing: 0.04565790435299277
  view-data: 0.3376423669978976
