times:
  edit-metadata: 1.5919513069093227
  landing: 0.24902486242353916
  view-data: 0.26689721643924713
