times:
  edit-metadata: 0.48995238821953535
  landing: 0.051467373967170715
  view-data: 0.2142578731290996
