times:
  edit-metadata: 0.4901536200195551
  landing: 0.04745797021314502
  view-data: 0.21579248690977693
