times:
  edit-metadata: 1.4074098281562328
  landing: 0.12800890114158392
  view-data: 0.22277099173516035
