times:
  edit-metadata: 1.3171917516738176
  landing: 0.02124069072306156
  view-data: 0.02288649044930935
