times:
  edit-metadata: 1.4662393350154161
  landing: 0.022448190487921238
  view-data: 0.026966688223183155
