times:
  edit-metadata: 1.4186899662017822
  landing: 0.1152303721755743
  view-data: 0.028647027909755707
