times:
  edit-metadata: 1.3453941233456135
  landing: 0.023188430815935135
  view-data: 0.025968916714191437
