times:
  edit-metadata: 1.3063252940773964
  landing: 0.02060665935277939
  view-data: 0.023426128551363945
