times:
  edit-metadata: 1.5290610920637846
  landing: 0.14842022210359573
  view-data: 0.14683710969984531
