times:
  edit-metadata: 1.6783312764018774
  landing: 0.021341877058148384
  view-data: 0.3552610594779253
