times:
  edit-metadata: 1.392303484492004
  landing: 0.020258846692740917
  view-data: 0.02551157958805561
