times:
  edit-metadata: 1.3836905285716057
  landing: 0.020150390453636646
  view-data: 0.14591465331614017
