times:
  edit-metadata: 1.4440160039812326
  landing: 0.1998604740947485
  view-data: 0.02347194403409958
