times:
  edit-metadata: 1.397465405985713
  landing: 0.021792924031615257
  view-data: 0.3369922712445259
