times:
  edit-metadata: 1.9877388142049313
  landing: 0.3025975823402405
  view-data: 0.3567837569862604
