times:
  edit-metadata: 1.4718228094279766
  landing: 0.019807884469628334
  view-data: 0.26166793517768383
