times:
  edit-metadata: 1.3884872356429696
  landing: 0.17555417772382498
  view-data: 0.024070952087640762
