times:
  edit-metadata: 1.7282998133450747
  landing: 0.024198045954108238
  view-data: 0.15630078874528408
