times:
  edit-metadata: 1.9210189152508974
  landing: 0.2773361764848232
  view-data: 0.3607318866997957
