times:
  edit-metadata: 1.4534137323498726
  landing: 0.021032754331827164
  view-data: 0.023550404235720634
