times:
  edit-metadata: 1.328623192384839
  landing: 0.026222623884677887
  view-data: 0.024622099474072456
