times:
  edit-metadata: 1.4801968559622765
  landing: 0.023490138351917267
  view-data: 0.14247434027493
