times:
  edit-metadata: 1.4959750920534134
  landing: 0.021712247282266617
  view-data: 0.026239406317472458
