times:
  edit-metadata: 1.2956558298319578
  landing: 0.018265442922711372
  view-data: 0.2863571383059025
