times:
  edit-metadata: 1.3384212385863066
  landing: 0.020041564479470253
  view-data: 0.024911954998970032
