times:
  edit-metadata: 0.5500722997821867
  landing: 0.04800052382051945
  view-data: 0.2367323311045766
