times:
  edit-metadata: 1.3669115751981735
  landing: 0.13390608131885529
  view-data: 0.11736146546900272
