times:
  edit-metadata: 1.394839072600007
  landing: 0.2183631593361497
  view-data: 0.13395210448652506
