times:
  edit-metadata: 1.343378271907568
  landing: 0.02210028190165758
  view-data: 0.10089320875704288
