times:
  edit-metadata: 1.4931054394692183
  landing: 0.022396130487322807
  view-data: 0.17495161853730679
