times:
  edit-metadata: 1.3769811298698187
  landing: 0.0213086549192667
  view-data: 0.14604819752275944
