times:
  edit-metadata: 1.3524796199053526
  landing: 0.11435317061841488
  view-data: 0.027649812400341034
