times:
  edit-metadata: 2.040057571604848
  landing: 0.3200375270098448
  view-data: 0.45619556680321693
