times:
  edit-metadata: 1.3610324021428823
  landing: 0.3686649575829506
  view-data: 0.0226252730935812
