times:
  edit-metadata: 0.5575584438629448
  landing: 0.08494473993778229
  view-data: 0.20581122720614076
