times:
  edit-metadata: 1.3944587297737598
  landing: 0.1982223242521286
  view-data: 0.30132567696273327
