times:
  edit-metadata: 1.528595756739378
  landing: 0.25151534751057625
  view-data: 0.3819875828921795
