times:
  edit-metadata: 1.5797542706131935
  landing: 0.20113961026072502
  view-data: 0.17389732040464878
