times:
  edit-metadata: 1.374545719474554
  landing: 0.24504775740206242
  view-data: 0.10412724874913692
