times:
  edit-metadata: 0.5829217941500247
  landing: 0.04164796695113182
  view-data: 0.30417620902881026
