times:
  edit-metadata: 1.6357290372252464
  landing: 0.19835449568927288
  view-data: 0.162426071241498
