times:
  edit-metadata: 0.7267238502390683
  landing: 0.07859403686597943
  view-data: 0.2709604389965534
