times:
  edit-metadata: 1.3716154769062996
  landing: 0.024402713403105736
  view-data: 0.025314679369330406
