times:
  edit-metadata: 1.366817744448781
  landing: 0.020378194749355316
  view-data: 0.3445007745176554
