times:
  edit-metadata: 1.5511050932109356
  landing: 0.2099074348807335
  view-data: 0.31914934888482094
