times:
  edit-metadata: 0.4803506899625063
  landing: 0.048772916197776794
  view-data: 0.21294629387557507
