times:
  edit-metadata: 1.3990908954292536
  landing: 0.02046387456357479
  view-data: 0.33369565568864346
