times:
  edit-metadata: 1.3906199857592583
  landing: 0.23727493360638618
  view-data: 0.1380399502813816
