times:
  edit-metadata: 1.8248090911656618
  landing: 0.02137680910527706
  view-data: 0.41600954718887806
