times:
  edit-metadata: 1.3045617435127497
  landing: 0.21487671602517366
  view-data: 0.4753986047580838
