times:
  edit-metadata: 1.375770941376686
  landing: 0.14478076435625553
  view-data: 0.2514614798128605
