times:
  edit-metadata: 1.6863827500492334
  landing: 0.03988618403673172
  view-data: 0.31850793585181236
