times:
  edit-metadata: 1.4477946367114782
  landing: 0.020820003002882004
  view-data: 0.37587906792759895
