times:
  edit-metadata: 1.3942261952906847
  landing: 0.019348204135894775
  view-data: 0.33809245750308037
