times:
  edit-metadata: 1.3353994144126773
  landing: 0.12973629403859377
  view-data: 0.15687763504683971
