times:
  edit-metadata: 1.3922861488536
  landing: 0.17691858764737844
  view-data: 0.02369233686476946
