times:
  edit-metadata: 1.332404363900423
  landing: 0.021897527389228344
  view-data: 0.2224892806261778
