times:
  edit-metadata: 1.3496178667992353
  landing: 0.01965868193656206
  view-data: 0.026220080442726612
