times:
  edit-metadata: 0.8163633197546005
  landing: 0.04496125131845474
  view-data: 0.32661333214491606
