times:
  edit-metadata: 1.421533653512597
  landing: 0.023279711604118347
  view-data: 0.32194627076387405
