times:
  edit-metadata: 1.3682770393788815
  landing: 0.02365507185459137
  view-data: 0.026528535410761833
