times:
  edit-metadata: 1.4013111963868141
  landing: 0.02336898446083069
  view-data: 0.32974338717758656
