times:
  edit-metadata: 2.4379502665251493
  landing: 0.3866816572844982
  view-data: 0.03567604534327984
