times:
  edit-metadata: 1.3161385860294104
  landing: 0.023244556039571762
  view-data: 0.026558469980955124
