times:
  edit-metadata: 1.5156040638685226
  landing: 0.18737133964896202
  view-data: 0.14867190085351467
