times:
  edit-metadata: 1.3873777128756046
  landing: 0.0191232617944479
  view-data: 0.140201173722744
