times:
  edit-metadata: 1.3497367929667234
  landing: 0.14738399349153042
  view-data: 0.3554877061396837
