times:
  edit-metadata: 1.5405732598155737
  landing: 0.2258664034307003
  view-data: 0.14707518741488457
