times:
  edit-metadata: 2.186850618571043
  landing: 0.23233855701982975
  view-data: 0.39451844058930874
