times:
  edit-metadata: 1.563932728022337
  landing: 0.26021181605756283
  view-data: 0.36914170533418655
