times:
  edit-metadata: 1.977337209507823
  landing: 0.21403728611767292
  view-data: 0.37027657218277454
