times:
  edit-metadata: 2.090101731941104
  landing: 0.15979238599538803
  view-data: 0.02680390700697899
