times:
  edit-metadata: 0.9594030529260635
  landing: 0.0674752569757402
  view-data: 0.3417198839597404
