times:
  edit-metadata: 0.676689360756427
  landing: 0.12439518282189965
  view-data: 0.23166539473459125
