times:
  edit-metadata: 2.002231018617749
  landing: 0.1686322558671236
  view-data: 0.42603567987680435
