times:
  edit-metadata: 0.9961373382247984
  landing: 0.08567455224692822
  view-data: 0.27078189700841904
