times:
  edit-metadata: 1.1274517071433365
  landing: 0.06778919789940119
  view-data: 0.23286205437034369
