times:
  edit-metadata: 0.7312174998223782
  landing: 0.0464475373737514
  view-data: 0.21894191158935428
