times:
  edit-metadata: 0.7144494499079883
  landing: 0.06409147707745433
  view-data: 0.22099662199616432
