times:
  edit-metadata: 0.6905845147557557
  landing: 0.05964463297277689
  view-data: 0.21909382194280624
