times:
  edit-metadata: 0.7433510608971119
  landing: 0.04476446518674493
  view-data: 0.24483535205945373
