times:
  edit-metadata: 0.8934077955782413
  landing: 0.131780622061342
  view-data: 0.2261780658736825
