times:
  edit-metadata: 0.9652262507006526
  landing: 0.06527690310031176
  view-data: 0.32195489294826984
