times:
  edit-metadata: 0.9498793887905777
  landing: 0.06317065516486764
  view-data: 0.26149594597518444
