times:
  edit-metadata: 0.6745821521617472
  landing: 0.05996870622038841
  view-data: 0.21751898201182485
