times:
  edit-metadata: 0.7131645800545812
  landing: 0.06843207916244864
  view-data: 0.22396735101938248
