times:
  edit-metadata: 0.6903236708603799
  landing: 0.06848401203751564
  view-data: 0.22123235510662198
