times:
  edit-metadata: 0.9033848228864372
  landing: 0.1127421772107482
  view-data: 0.231803216971457
