times:
  edit-metadata: 0.8936873408965766
  landing: 0.06615774519741535
  view-data: 0.33244151528924704
