times:
  edit-metadata: 0.9991924548521638
  landing: 0.08092809375375509
  view-data: 0.22018862096592784
