times:
  edit-metadata: 0.7241832232102752
  landing: 0.04330147895962
  view-data: 0.2183922342956066
