times:
  edit-metadata: 0.8161670258268714
  landing: 0.12234261119738221
  view-data: 0.22279166476801038
