times:
  edit-metadata: 0.7133990610018373
  landing: 0.08275597309693694
  view-data: 0.2235398101620376
