times:
  edit-metadata: 1.734879918396473
  landing: 0.21804841607809067
  view-data: 0.39127051644027233
