times:
  edit-metadata: 0.7129711108282208
  landing: 0.07828808203339577
  view-data: 0.3368174391798675
