times:
  edit-metadata: 0.9255446409806609
  landing: 0.07573032611981034
  view-data: 0.3228349843993783
