times:
  edit-metadata: 0.8861293792724609
  landing: 0.06950227497145534
  view-data: 0.3278646129183471
