times:
  edit-metadata: 0.7686944589950144
  landing: 0.06730461306869984
  view-data: 0.23456817911937833
