times:
  edit-metadata: 0.7613120921887457
  landing: 0.10624683508649468
  view-data: 0.2335143438540399
