times:
  edit-metadata: 0.8617710447870195
  landing: 0.06130549777299166
  view-data: 0.3109100665897131
