times:
  edit-metadata: 0.6791764227673411
  landing: 0.062279014848172665
  view-data: 0.22422373993322253
