times:
  edit-metadata: 1.5482585616409779
  landing: 0.022515395656228065
  view-data: 0.1718268170952797
