times:
  edit-metadata: 1.3732872735708952
  landing: 0.02118557319045067
  view-data: 0.10287077631801367
