times:
  edit-metadata: 2.124172544106841
  landing: 0.4256670754402876
  view-data: 0.48275189846754074
