times:
  edit-metadata: 1.5366635899990797
  landing: 0.16048003733158112
  view-data: 0.507828252390027
