times:
  edit-metadata: 1.6515758633613586
  landing: 0.019968248903751373
  view-data: 0.02513192966580391
