times:
  edit-metadata: 1.4241398628801107
  landing: 0.21768193878233433
  view-data: 0.20578946638852358
