times:
  edit-metadata: 1.3418803783133626
  landing: 0.019763337448239326
  view-data: 0.4269341351464391
