times:
  edit-metadata: 1.385975832119584
  landing: 0.11619534157216549
  view-data: 0.3339639399200678
