times:
  edit-metadata: 1.5991835743188858
  landing: 0.12257006205618382
  view-data: 0.428924735635519
