times:
  edit-metadata: 1.4089765660464764
  landing: 0.02125678490847349
  view-data: 0.45460424665361643
