times:
  edit-metadata: 1.338792197406292
  landing: 0.019270632416009903
  view-data: 0.3554217051714659
