times:
  edit-metadata: 2.838287742808461
  landing: 0.2762790396809578
  view-data: 0.2185429148375988
