times:
  edit-metadata: 1.35268266312778
  landing: 0.1487213307991624
  view-data: 0.12295252922922373
