times:
  edit-metadata: 0.5362268281169236
  landing: 0.0693600126542151
  view-data: 0.21087620221078396
