times:
  edit-metadata: 1.3979761973023415
  landing: 0.02284795232117176
  view-data: 0.025779718533158302
