times:
  edit-metadata: 1.391820969991386
  landing: 0.017941728234291077
  view-data: 0.1355998869985342
