times:
  edit-metadata: 1.3540461463853717
  landing: 0.1334614222869277
  view-data: 0.024107868783175945
