times:
  edit-metadata: 1.7876121047884226
  landing: 0.15779931843280792
  view-data: 0.029894260689616203
