times:
  edit-metadata: 1.4318674625828862
  landing: 0.019297591410577297
  view-data: 0.11325546074658632
