times:
  edit-metadata: 1.3537788121029735
  landing: 0.23345760349184275
  view-data: 0.025700479745864868
