times:
  edit-metadata: 1.3455396769568324
  landing: 0.02118097897619009
  view-data: 0.10182644240558147
