times:
  edit-metadata: 1.4093114268034697
  landing: 0.01953333616256714
  view-data: 0.027047883719205856
