times:
  edit-metadata: 1.368774794973433
  landing: 0.021688631735742092
  view-data: 0.35786631889641285
