times:
  edit-metadata: 1.412933025509119
  landing: 0.022093583829700947
  view-data: 0.4212071727961302
