times:
  edit-metadata: 1.3333741426467896
  landing: 0.020795151591300964
  view-data: 0.02433064766228199
