times:
  edit-metadata: 2.333392123982776
  landing: 0.34679306400357746
  view-data: 0.5459693620214239
