times:
  edit-metadata: 2.050027694553137
  landing: 0.025385849177837372
  view-data: 0.16747407987713814
