times:
  edit-metadata: 1.4784531081095338
  landing: 0.01935312431305647
  view-data: 0.027600178495049477
