times:
  edit-metadata: 1.4319606274366379
  landing: 0.020636376924812794
  view-data: 0.21994765289127827
