times:
  edit-metadata: 1.4767143744975328
  landing: 0.43031097389757633
  view-data: 0.4702159520238638
