times:
  edit-metadata: 1.383592899888754
  landing: 0.1302288305014372
  view-data: 0.02619263157248497
