times:
  edit-metadata: 1.4050615103915334
  landing: 0.021043306216597557
  view-data: 0.12070478964596987
