times:
  edit-metadata: 1.3537010243162513
  landing: 0.021355112083256245
  view-data: 0.02572560776025057
