times:
  edit-metadata: 1.4508230229839683
  landing: 0.16282831132411957
  view-data: 0.3450729912146926
