times:
  edit-metadata: 1.3305045561864972
  landing: 0.12535997200757265
  view-data: 0.023210535757243633
