times:
  edit-metadata: 1.4067563135176897
  landing: 0.021505048498511314
  view-data: 0.024659840390086174
