times:
  edit-metadata: 1.334476568736136
  landing: 0.020466058515012264
  view-data: 0.23993616923689842
