times:
  edit-metadata: 1.3644999507814646
  landing: 0.022787535563111305
  view-data: 0.1375375371426344
