times:
  edit-metadata: 1.350826763547957
  landing: 0.1950277565047145
  view-data: 0.1002570316195488
