times:
  edit-metadata: 1.4339545918628573
  landing: 0.020470216870307922
  view-data: 0.023206480778753757
