times:
  edit-metadata: 1.8467472400516272
  landing: 0.02081620879471302
  view-data: 0.4658157080411911
