times:
  edit-metadata: 1.3927087625488639
  landing: 0.019727603532373905
  view-data: 0.02765013463795185
