times:
  edit-metadata: 0.7501855380833149
  landing: 0.11779140401631594
  view-data: 0.3665533047169447
