times:
  edit-metadata: 1.4000914357602596
  landing: 0.02033846080303192
  view-data: 0.02584476489573717
