times:
  edit-metadata: 1.3842214588075876
  landing: 0.02128196693956852
  view-data: 0.5087442733347416
