times:
  edit-metadata: 0.5485753091052175
  landing: 0.0816584718413651
  view-data: 0.21804183581843972
