times:
  edit-metadata: 1.3639617674052715
  landing: 0.18913843296468258
  view-data: 0.02694087289273739
