times:
  edit-metadata: 1.5829464886337519
  landing: 0.019177060574293137
  view-data: 0.02654542773962021
