times:
  edit-metadata: 1.365876612253487
  landing: 0.02205068990588188
  view-data: 0.025110515765845776
