times:
  edit-metadata: 1.3740796968340874
  landing: 0.019826456904411316
  view-data: 0.029524389654397964
