times:
  edit-metadata: 1.386011808179319
  landing: 0.02070790436118841
  view-data: 0.23344536311924458
