times:
  edit-metadata: 1.3094404069706798
  landing: 0.020287569612264633
  view-data: 0.46110590267926455
