times:
  edit-metadata: 1.4277838952839375
  landing: 0.11522118281573057
  view-data: 0.46848134975880384
