times:
  edit-metadata: 1.3380261398851871
  landing: 0.02323891781270504
  view-data: 0.12093702424317598
