times:
  edit-metadata: 1.3690711976960301
  landing: 0.14254246838390827
  view-data: 0.11966622248291969
