times:
  edit-metadata: 1.367095349356532
  landing: 0.02057577110826969
  view-data: 0.2628498999401927
