times:
  edit-metadata: 0.7106124479323626
  landing: 0.06287946971133351
  view-data: 0.3525983518920839
