times:
  edit-metadata: 1.3985907137393951
  landing: 0.020457242615520954
  view-data: 0.4421313414350152
