times:
  edit-metadata: 1.398862300440669
  landing: 0.022027941420674324
  view-data: 0.1244677659124136
