times:
  edit-metadata: 1.3761181589215994
  landing: 0.021827878430485725
  view-data: 0.026357077062129974
