times:
  edit-metadata: 0.6443057912401855
  landing: 0.06787674408406019
  view-data: 0.2489251922816038
