times:
  edit-metadata: 1.5086990455165505
  landing: 0.021490146405994892
  view-data: 0.027661677449941635
