times:
  edit-metadata: 1.4471233580261469
  landing: 0.11791846342384815
  view-data: 0.025287064723670483
