times:
  edit-metadata: 1.4039877485483885
  landing: 0.024327725172042847
  view-data: 0.3590568117797375
