times:
  edit-metadata: 1.3916932251304388
  landing: 0.17459452990442514
  view-data: 0.02451243344694376
