times:
  edit-metadata: 1.364444414153695
  landing: 0.020968858152627945
  view-data: 0.023725146427750587
