times:
  edit-metadata: 1.3821489531546831
  landing: 0.022465882822871208
  view-data: 0.027015862986445427
