times:
  edit-metadata: 1.368463123217225
  landing: 0.14023867435753345
  view-data: 0.03024196717888117
