times:
  edit-metadata: 1.3774414965882897
  landing: 0.019446104764938354
  view-data: 0.025068342685699463
