times:
  edit-metadata: 1.742740910500288
  landing: 0.2353636547923088
  view-data: 0.15801729448139668
