times:
  edit-metadata: 1.4499823432415724
  landing: 0.02035158034414053
  view-data: 0.02465953305363655
