times:
  edit-metadata: 1.3816976491361856
  landing: 0.022443566471338272
  view-data: 0.024295495823025703
