times:
  edit-metadata: 0.5321710822172463
  landing: 0.06599037814885378
  view-data: 0.21353301499038935
