times:
  edit-metadata: 0.525230091996491
  landing: 0.08839664794504642
  view-data: 0.2380080707371235
