times:
  edit-metadata: 1.3138870242983103
  landing: 0.02306310273706913
  view-data: 0.027577154338359833
