times:
  edit-metadata: 1.4688513036817312
  landing: 0.02101334184408188
  view-data: 0.13327175937592983
