times:
  edit-metadata: 1.40140026435256
  landing: 0.11608892865478992
  view-data: 0.13291313871741295
