times:
  edit-metadata: 1.3738538781180978
  landing: 0.11798783577978611
  view-data: 0.12002208456397057
