times:
  edit-metadata: 1.3973905555903912
  landing: 0.2312897751107812
  view-data: 0.027650062926113605
