times:
  edit-metadata: 1.3299584789201617
  landing: 0.021029525436460972
  view-data: 0.4040578380227089
