times:
  edit-metadata: 1.503868417814374
  landing: 0.020071204751729965
  view-data: 0.024113675579428673
