times:
  edit-metadata: 1.3821464572101831
  landing: 0.020168233662843704
  view-data: 0.12185279373079538
