times:
  edit-metadata: 1.3823533281683922
  landing: 0.020670903846621513
  view-data: 0.022450391203165054
