times:
  edit-metadata: 1.3427610350772738
  landing: 0.02227041032165289
  view-data: 0.02437499910593033
