times:
  edit-metadata: 1.3834667447954416
  landing: 0.12018901109695435
  view-data: 0.36780849657952785
