times:
  edit-metadata: 0.5305260289460421
  landing: 0.10886361682787538
  view-data: 0.29775635339319706
