times:
  edit-metadata: 1.6182669047266245
  landing: 0.12745831161737442
  view-data: 0.2869030199944973
