times:
  edit-metadata: 1.332948305644095
  landing: 0.020996620878577232
  view-data: 0.023808494210243225
