times:
  edit-metadata: 1.3885519057512283
  landing: 0.019963441416621208
  view-data: 0.02352450042963028
