times:
  edit-metadata: 1.4390832334756851
  landing: 0.12722586560994387
  view-data: 0.12094023637473583
