times:
  edit-metadata: 1.372311582788825
  landing: 0.02272550482302904
  view-data: 0.025204483419656754
