times:
  edit-metadata: 1.3645259141921997
  landing: 0.021958772093057632
  view-data: 0.02717100828886032
