times:
  edit-metadata: 1.3923133537173271
  landing: 0.1650643963366747
  view-data: 0.024438345804810524
