times:
  edit-metadata: 1.4810220059007406
  landing: 0.020044480450451374
  view-data: 0.14217708818614483
