times:
  edit-metadata: 1.3939759731292725
  landing: 0.019251607358455658
  view-data: 0.023834772408008575
