times:
  edit-metadata: 1.408394068479538
  landing: 0.11405589990317822
  view-data: 0.1144099859520793
