times:
  edit-metadata: 0.726202555000782
  landing: 0.06359091075137258
  view-data: 0.23524140985682607
