times:
  edit-metadata: 0.6575723448768258
  landing: 0.06345180282369256
  view-data: 0.2743128971196711
