times:
  edit-metadata: 1.345722925849259
  landing: 0.15833539422601461
  view-data: 0.48337704688310623
