times:
  edit-metadata: 1.4131820974871516
  landing: 0.022014190442860126
  view-data: 0.12559211160987616
