times:
  edit-metadata: 1.4187523648142815
  landing: 0.15371998958289623
  view-data: 0.3861062880605459
