times:
  edit-metadata: 1.425867228768766
  landing: 0.02089472860097885
  view-data: 0.02414829097688198
