times:
  edit-metadata: 1.5681553613394499
  landing: 0.1482649575918913
  view-data: 0.15327211283147335
