times:
  edit-metadata: 1.40497930906713
  landing: 0.20456412434577942
  view-data: 0.0234355665743351
