times:
  edit-metadata: 1.4109982140362263
  landing: 0.2404002919793129
  view-data: 0.026186654344201088
