times:
  edit-metadata: 2.9349340982735157
  landing: 0.4248160067945719
  view-data: 0.18216773308813572
