times:
  edit-metadata: 1.387396514415741
  landing: 0.131140673533082
  view-data: 0.3721473263576627
