times:
  edit-metadata: 0.5296394429169595
  landing: 0.06829752819612622
  view-data: 0.22250451613217592
