times:
  edit-metadata: 0.7596329031512141
  landing: 0.07911335490643978
  view-data: 0.37218615412712097
