times:
  edit-metadata: 1.4094151705503464
  landing: 0.01912076398730278
  view-data: 0.37496453151106834
