times:
  edit-metadata: 1.3463055063039064
  landing: 0.02126915566623211
  view-data: 0.11960072349756956
