times:
  edit-metadata: 1.3519404726102948
  landing: 0.023254969157278538
  view-data: 0.12368275690823793
