times:
  edit-metadata: 1.3958635134622455
  landing: 0.023529114201664925
  view-data: 0.027349106967449188
