times:
  edit-metadata: 1.4020490124821663
  landing: 0.14714589715003967
  view-data: 0.14854428730905056
