times:
  edit-metadata: 1.4552415879443288
  landing: 0.02001009788364172
  view-data: 0.028101681731641293
