times:
  edit-metadata: 0.5207579429261386
  landing: 0.0686818528920412
  view-data: 0.2096596979536116
