times:
  edit-metadata: 2.001212442293763
  landing: 0.219983771443367
  view-data: 0.3532671667635441
