times:
  edit-metadata: 1.3202135106548667
  landing: 0.021184539422392845
  view-data: 0.027395520359277725
