times:
  edit-metadata: 1.3370453957468271
  landing: 0.20150634367018938
  view-data: 0.1284147873520851
