times:
  edit-metadata: 1.4749670904129744
  landing: 0.13221723958849907
  view-data: 0.027528544887900352
