times:
  edit-metadata: 1.3435047762468457
  landing: 0.018498861230909824
  view-data: 0.02490736823529005
