times:
  edit-metadata: 1.3965005744248629
  landing: 0.22697478346526623
  view-data: 0.13816248439252377
