times:
  edit-metadata: 1.3481251616030931
  landing: 0.021519574336707592
  view-data: 0.12392280623316765
