times:
  edit-metadata: 1.349584348499775
  landing: 0.2301031444221735
  view-data: 0.12479451857507229
