times:
  edit-metadata: 1.3067205026745796
  landing: 0.02271730825304985
  view-data: 0.026332760229706764
