times:
  edit-metadata: 1.4048313088715076
  landing: 0.1200521420687437
  view-data: 0.43549592420458794
