times:
  edit-metadata: 1.4348448682576418
  landing: 0.12278829235583544
  view-data: 0.06265309639275074
