times:
  edit-metadata: 1.4551144521683455
  landing: 0.02653101459145546
  view-data: 0.37091087363660336
