times:
  edit-metadata: 1.68069133348763
  landing: 0.15698466636240482
  view-data: 0.02493220940232277
