times:
  edit-metadata: 1.3430089205503464
  landing: 0.019371635280549526
  view-data: 0.3962793108075857
