times:
  edit-metadata: 1.4104138873517513
  landing: 0.02052970603108406
  view-data: 0.0259667644277215
