times:
  edit-metadata: 1.768623247742653
  landing: 0.20471726916730404
  view-data: 0.5520034339278936
