times:
  edit-metadata: 1.4910878259688616
  landing: 0.17905938811600208
  view-data: 0.02703140489757061
