times:
  edit-metadata: 0.5609358348883688
  landing: 0.06496688211336732
  view-data: 0.24158397875726223
