times:
  edit-metadata: 1.8684739749878645
  landing: 0.18781284056603909
  view-data: 0.4277597591280937
