times:
  edit-metadata: 1.431899044662714
  landing: 0.2451640423387289
  view-data: 0.3723394703119993
