times:
  edit-metadata: 0.7535990457981825
  landing: 0.0965747069567442
  view-data: 0.33349377987906337
