times:
  edit-metadata: 1.5481774676591158
  landing: 0.023555366322398186
  view-data: 0.26573522947728634
