times:
  edit-metadata: 1.4300133511424065
  landing: 0.02102113701403141
  view-data: 0.027302329428493977
