times:
  edit-metadata: 1.9074431955814362
  landing: 0.18808996491134167
  view-data: 0.1801624447107315
