times:
  edit-metadata: 1.332889810204506
  landing: 0.1925673158839345
  view-data: 0.13521429058164358
