times:
  edit-metadata: 1.3488595774397254
  landing: 0.022391083650290966
  view-data: 0.13120085187256336
