times:
  edit-metadata: 0.7051611193455756
  landing: 0.06208811467513442
  view-data: 0.22700882330536842
