times:
  edit-metadata: 1.3555462043732405
  landing: 0.021292129531502724
  view-data: 0.11923394352197647
