times:
  edit-metadata: 1.355215748772025
  landing: 0.021107079461216927
  view-data: 0.02727961167693138
