times:
  edit-metadata: 1.4663434522226453
  landing: 0.15646197739988565
  view-data: 0.40722994320094585
