times:
  edit-metadata: 2.4116356120066484
  landing: 0.02274647500598803
  view-data: 0.6469501919928007
