times:
  edit-metadata: 0.5408112807199359
  landing: 0.07551666302606463
  view-data: 0.20067682303488255
