times:
  edit-metadata: 1.4404269894585013
  landing: 0.01939854398369789
  view-data: 0.4590274253860116
