times:
  edit-metadata: 1.4121133536100388
  landing: 0.15463219676166773
  view-data: 0.47922533098608255
