times:
  edit-metadata: 0.536745497956872
  landing: 0.06502805231139064
  view-data: 0.2063122340478003
