times:
  edit-metadata: 1.7351973056793213
  landing: 0.5600144620984793
  view-data: 0.4146698508411646
