times:
  edit-metadata: 1.3732966519892216
  landing: 0.11559486575424671
  view-data: 0.12426675669848919
