times:
  edit-metadata: 1.7240196894854307
  landing: 0.021712519228458405
  view-data: 0.02354137971997261
