times:
  edit-metadata: 1.3379145422950387
  landing: 0.022899657487869263
  view-data: 0.025158277712762356
