times:
  edit-metadata: 1.4279725011438131
  landing: 0.18688840046525002
  view-data: 0.30675579607486725
