times:
  edit-metadata: 1.325618333183229
  landing: 0.02370572928339243
  view-data: 0.023106412962079048
