times:
  edit-metadata: 1.370872201398015
  landing: 0.12992137484252453
  view-data: 0.026061417534947395
