times:
  edit-metadata: 1.6743896510452032
  landing: 0.018516425043344498
  view-data: 0.031141338869929314
