times:
  edit-metadata: 1.4027097448706627
  landing: 0.023158419877290726
  view-data: 0.026807943359017372
