times:
  edit-metadata: 1.3865132965147495
  landing: 0.01998517569154501
  view-data: 0.02613991592079401
