times:
  edit-metadata: 1.346658969298005
  landing: 0.023584522306919098
  view-data: 0.026247136294841766
