times:
  edit-metadata: 1.387555506080389
  landing: 0.019337892532348633
  view-data: 0.024988751858472824
