times:
  edit-metadata: 1.4609654806554317
  landing: 0.021659808233380318
  view-data: 0.38968212343752384
