times:
  edit-metadata: 1.392819669097662
  landing: 0.020853273570537567
  view-data: 0.12751877680420876
