times:
  edit-metadata: 1.3793554045259953
  landing: 0.021715771406888962
  view-data: 0.12722341157495975
