times:
  edit-metadata: 1.617304926738143
  landing: 0.18184423632919788
  view-data: 0.2795247361063957
