times:
  edit-metadata: 1.3587561324238777
  landing: 0.02332920767366886
  view-data: 0.11872144415974617
