times:
  edit-metadata: 1.4004341680556536
  landing: 0.21682350151240826
  view-data: 0.309915442019701
