times:
  edit-metadata: 1.6964667839929461
  landing: 0.0474702138453722
  view-data: 0.0513199670240283
