times:
  edit-metadata: 1.7319534085690975
  landing: 0.4786105118691921
  view-data: 0.45654891803860664
