times:
  edit-metadata: 1.3572852993384004
  landing: 0.020641323179006577
  view-data: 0.026645072735846043
