times:
  edit-metadata: 1.3970710225403309
  landing: 0.1651415452361107
  view-data: 0.12385781295597553
