times:
  edit-metadata: 1.3728035194799304
  landing: 0.020971324294805527
  view-data: 0.12140300218015909
