times:
  edit-metadata: 1.5121725667268038
  landing: 0.2611176213249564
  view-data: 0.6764259207993746
