times:
  edit-metadata: 1.4308989197015762
  landing: 0.020665988326072693
  view-data: 0.3532943557947874
