times:
  edit-metadata: 1.7927667936310172
  landing: 0.019175405614078045
  view-data: 0.05093156639486551
