times:
  edit-metadata: 0.5598971252329648
  landing: 0.06349129229784012
  view-data: 0.3548127831891179
