times:
  edit-metadata: 1.3514591651037335
  landing: 0.12611044850200415
  view-data: 0.4968331027776003
