times:
  edit-metadata: 1.362120920792222
  landing: 0.13837170228362083
  view-data: 0.02253274992108345
