times:
  edit-metadata: 1.3728306870907545
  landing: 0.02234515082091093
  view-data: 0.026352076791226864
