times:
  edit-metadata: 1.5496494825929403
  landing: 0.03168480098247528
  view-data: 0.024055980145931244
