times:
  edit-metadata: 1.4168697856366634
  landing: 0.020437318831682205
  view-data: 0.02683199755847454
