times:
  edit-metadata: 1.3823520271107554
  landing: 0.020792566239833832
  view-data: 0.03111454378813505
