times:
  edit-metadata: 1.4318686686456203
  landing: 0.1984071470797062
  view-data: 0.23961716517806053
