times:
  edit-metadata: 0.7277050190605223
  landing: 0.056127572897821665
  view-data: 0.36689851712435484
