times:
  edit-metadata: 1.856768854893744
  landing: 0.1353637594729662
  view-data: 0.6558474767953157
