times:
  edit-metadata: 1.3486243858933449
  landing: 0.021927300840616226
  view-data: 0.022886978462338448
