times:
  edit-metadata: 1.384699584916234
  landing: 0.020162809640169144
  view-data: 0.12382644973695278
