times:
  edit-metadata: 0.5254223658703268
  landing: 0.061583984177559614
  view-data: 0.21574942395091057
