times:
  edit-metadata: 1.3741280734539032
  landing: 0.23373687081038952
  view-data: 0.3260014019906521
