times:
  edit-metadata: 1.4315516203641891
  landing: 0.1392233557999134
  view-data: 0.4534318372607231
