times:
  edit-metadata: 1.6083982400596142
  landing: 0.21603905782103539
  view-data: 0.02493777684867382
