times:
  edit-metadata: 1.3877082839608192
  landing: 0.02099977433681488
  view-data: 0.2395413424819708
