times:
  edit-metadata: 1.3378407312557101
  landing: 0.17269029188901186
  view-data: 0.12314124964177608
