times:
  edit-metadata: 1.6759460866451263
  landing: 0.025276048108935356
  view-data: 0.2787490226328373
