times:
  edit-metadata: 1.3810303080826998
  landing: 0.02081235870718956
  view-data: 0.0257994644343853
