times:
  edit-metadata: 1.3424950446933508
  landing: 0.04622119106352329
  view-data: 0.024193331599235535
