times:
  edit-metadata: 1.4468203634023666
  landing: 0.2203417383134365
  view-data: 0.2653836514800787
