times:
  edit-metadata: 1.4483961556106806
  landing: 0.022286996245384216
  view-data: 0.027420969679951668
