times:
  edit-metadata: 0.6219607042148709
  landing: 0.10955969803035259
  view-data: 0.3094785730354488
