times:
  edit-metadata: 1.5567927714437246
  landing: 0.15001760609447956
  view-data: 0.3833960425108671
