times:
  edit-metadata: 0.6927468990907073
  landing: 0.06145049212500453
  view-data: 0.1976462439633906
