times:
  edit-metadata: 1.3817623350769281
  landing: 0.21219116728752851
  view-data: 0.12146221101284027
