times:
  edit-metadata: 1.4930196590721607
  landing: 0.17345515824854374
  view-data: 0.3241684827953577
