times:
  edit-metadata: 0.829634936992079
  landing: 0.058589445892721415
  view-data: 0.33246994065120816
