times:
  edit-metadata: 1.809233758598566
  landing: 0.02344677783548832
  view-data: 0.0269897673279047
