times:
  edit-metadata: 1.329507902264595
  landing: 0.020970355719327927
  view-data: 0.0272403284907341
