times:
  edit-metadata: 1.5218262681737542
  landing: 0.01832964736968279
  view-data: 0.11611237563192844
