times:
  edit-metadata: 1.3748954273760319
  landing: 0.20580987259745598
  view-data: 0.38407944329082966
