times:
  edit-metadata: 1.4318141099065542
  landing: 0.0215743500739336
  view-data: 0.14075765945017338
