times:
  edit-metadata: 1.5168285053223372
  landing: 0.28785539232194424
  view-data: 0.4490011278539896
