times:
  edit-metadata: 1.3989664800465107
  landing: 0.22631329111754894
  view-data: 0.34384226612746716
