times:
  edit-metadata: 1.385843325406313
  landing: 0.18385768868029118
  view-data: 0.024686546996235847
