times:
  edit-metadata: 1.3584680780768394
  landing: 0.021367915906012058
  view-data: 0.47264579124748707
