times:
  edit-metadata: 1.3318957798182964
  landing: 0.02100418321788311
  view-data: 0.11449955869466066
