times:
  edit-metadata: 1.5492566637694836
  landing: 0.2492656074464321
  view-data: 0.24342111684381962
