times:
  edit-metadata: 1.5095102563500404
  landing: 0.02205722965300083
  view-data: 0.0255611352622509
