times:
  edit-metadata: 1.4813023321330547
  landing: 0.02107512392103672
  view-data: 0.14350361749529839
