times:
  edit-metadata: 1.3633481366559863
  landing: 0.1390816057100892
  view-data: 0.12207807134836912
