times:
  edit-metadata: 1.4294900698587298
  landing: 0.26219977531582117
  view-data: 0.024659830145537853
