times:
  edit-metadata: 1.3953040251508355
  landing: 0.19166002608835697
  view-data: 0.022781863808631897
