times:
  edit-metadata: 0.6578141199424863
  landing: 0.065380884334445
  view-data: 0.36026057600975037
