times:
  edit-metadata: 1.3549717757850885
  landing: 0.020367334596812725
  view-data: 0.02224538568407297
