times:
  edit-metadata: 1.769164577126503
  landing: 0.05308679677546024
  view-data: 0.3843567259609699
