times:
  edit-metadata: 1.3690690156072378
  landing: 0.1888638399541378
  view-data: 0.21155924163758755
