times:
  edit-metadata: 1.468314453959465
  landing: 0.14046379178762436
  view-data: 0.47805099468678236
