times:
  edit-metadata: 1.3828757358714938
  landing: 0.020213103853166103
  view-data: 0.4779562009498477
