times:
  edit-metadata: 1.3436996284872293
  landing: 0.01818290911614895
  view-data: 0.09941786527633667
