times:
  edit-metadata: 1.3601144272834063
  landing: 0.022848157212138176
  view-data: 0.02693328447639942
