times:
  edit-metadata: 1.3942572427913547
  landing: 0.018850077874958515
  view-data: 0.0245011355727911
