times:
  edit-metadata: 1.6985069876536727
  landing: 0.2231894861906767
  view-data: 0.16221640072762966
