times:
  edit-metadata: 1.364881781861186
  landing: 0.11785440891981125
  view-data: 0.3335742689669132
