times:
  edit-metadata: 1.4881787560880184
  landing: 0.12170973233878613
  view-data: 0.12513698637485504
