times:
  edit-metadata: 1.4117401726543903
  landing: 0.019772803410887718
  view-data: 0.33520860224962234
