times:
  edit-metadata: 1.7079721335321665
  landing: 0.21226184256374836
  view-data: 0.2458178512752056
