times:
  edit-metadata: 1.937262188643217
  landing: 0.2725805602967739
  view-data: 0.1881972700357437
