times:
  edit-metadata: 1.341803390532732
  landing: 0.0203300379216671
  view-data: 0.028504484333097935
