times:
  edit-metadata: 1.3743968326598406
  landing: 0.23786046914756298
  view-data: 0.1027021361514926
