times:
  edit-metadata: 0.6443669558502734
  landing: 0.04262690106406808
  view-data: 0.29736850317567587
