times:
  edit-metadata: 0.5444126799702644
  landing: 0.06517967581748962
  view-data: 0.2312179901637137
