times:
  edit-metadata: 1.3372826166450977
  landing: 0.01940552145242691
  view-data: 0.025668254122138023
