times:
  edit-metadata: 1.4681518264114857
  landing: 0.022571071982383728
  view-data: 0.40016097016632557
