times:
  edit-metadata: 1.4054846297949553
  landing: 0.021694432944059372
  view-data: 0.12147450633347034
