times:
  edit-metadata: 1.6868526116013527
  landing: 0.25269760377705097
  view-data: 0.5602808259427547
