times:
  edit-metadata: 1.464140074327588
  landing: 0.021717294119298458
  view-data: 0.02925896644592285
