times:
  edit-metadata: 2.3120234310626984
  landing: 0.02730208821594715
  view-data: 0.15467210207134485
