times:
  edit-metadata: 1.723024015314877
  landing: 0.018373526632785797
  view-data: 0.026777934283018112
