times:
  edit-metadata: 2.0787790082395077
  landing: 0.28342236764729023
  view-data: 0.3638141993433237
