times:
  edit-metadata: 1.4097710438072681
  landing: 0.019710833206772804
  view-data: 0.02449752762913704
