times:
  edit-metadata: 1.511922663077712
  landing: 0.020130230113863945
  view-data: 0.022272232919931412
