times:
  edit-metadata: 1.3434318881481886
  landing: 0.11208339780569077
  view-data: 0.12081101723015308
