times:
  edit-metadata: 1.3518770784139633
  landing: 0.17798557877540588
  view-data: 0.16330038662999868
