times:
  edit-metadata: 1.3308785846456885
  landing: 0.13500472530722618
  view-data: 0.4054993065074086
