times:
  edit-metadata: 1.4384169913828373
  landing: 0.1431596390902996
  view-data: 0.02811613492667675
