times:
  edit-metadata: 0.5100881634280086
  landing: 0.04475365485996008
  view-data: 0.20176979806274176
