times:
  edit-metadata: 0.5252215741202235
  landing: 0.05014489497989416
  view-data: 0.2104640295729041
