times:
  edit-metadata: 1.3692044224590063
  landing: 0.13822983670979738
  view-data: 0.02942732535302639
