times:
  edit-metadata: 1.3579188864678144
  landing: 0.02329923026263714
  view-data: 0.030266083776950836
