times:
  edit-metadata: 1.2749811317771673
  landing: 0.11433396209031343
  view-data: 0.02619170118123293
