times:
  edit-metadata: 1.3202006993815303
  landing: 0.021649288944900036
  view-data: 0.025500336661934853
