times:
  edit-metadata: 1.350898701697588
  landing: 0.2527664676308632
  view-data: 0.3377373833209276
