times:
  edit-metadata: 1.5610482767224312
  landing: 0.20027322322130203
  view-data: 0.3727493230253458
