times:
  edit-metadata: 1.2828097119927406
  landing: 0.021818972192704678
  view-data: 0.11822199542075396
