times:
  edit-metadata: 1.4018728714436293
  landing: 0.16638964042067528
  view-data: 0.27785927057266235
