times:
  edit-metadata: 1.3940622983500361
  landing: 0.11458585597574711
  view-data: 0.47490303963422775
