times:
  edit-metadata: 1.2885340275242925
  landing: 0.023079784587025642
  view-data: 0.10141884442418814
