times:
  edit-metadata: 1.295913745649159
  landing: 0.02501979749649763
  view-data: 0.030107866041362286
