times:
  edit-metadata: 1.3649576753377914
  landing: 0.20941300131380558
  view-data: 0.44470798037946224
