times:
  edit-metadata: 1.4457882726565003
  landing: 0.022565296851098537
  view-data: 0.09998551197350025
