times:
  edit-metadata: 1.2957243891432881
  landing: 0.12457124423235655
  view-data: 0.026746642775833607
