times:
  edit-metadata: 0.5243333498947322
  landing: 0.06239625811576843
  view-data: 0.2129751560278237
