times:
  edit-metadata: 1.3245026282966137
  landing: 0.022677049040794373
  view-data: 0.0243417676538229
