times:
  edit-metadata: 1.3208638345822692
  landing: 0.01883848663419485
  view-data: 0.02606599871069193
