times:
  edit-metadata: 1.4049297608435154
  landing: 0.2468901602551341
  view-data: 0.23868381511420012
