times:
  edit-metadata: 1.372017102316022
  landing: 0.02066681906580925
  view-data: 0.13290444016456604
