times:
  edit-metadata: 1.5057470798492432
  landing: 0.02405475452542305
  view-data: 0.027483748272061348
