times:
  edit-metadata: 1.3006715662777424
  landing: 0.13579030614346266
  view-data: 0.11654043570160866
