times:
  edit-metadata: 1.341081547550857
  landing: 0.021281183697283268
  view-data: 0.029038412496447563
