times:
  edit-metadata: 1.3127155462279916
  landing: 0.020130367018282413
  view-data: 0.11871678754687309
