times:
  edit-metadata: 0.5321378689259291
  landing: 0.04992263950407505
  view-data: 0.20293188467621803
