times:
  edit-metadata: 1.7181910313665867
  landing: 0.02028208039700985
  view-data: 0.320223705843091
