times:
  edit-metadata: 2.0210304651409388
  landing: 0.028162948787212372
  view-data: 0.22408360987901688
