times:
  edit-metadata: 1.4182769749313593
  landing: 0.11455122753977776
  view-data: 0.026137299835681915
