times:
  edit-metadata: 1.2938285619020462
  landing: 0.02209443971514702
  view-data: 0.09765977039933205
