times:
  edit-metadata: 2.356885771994712
  landing: 0.40165828200406395
  view-data: 0.5581922399869654
