times:
  edit-metadata: 1.379509724676609
  landing: 0.02049292903393507
  view-data: 0.1321534374728799
