times:
  edit-metadata: 1.3161704558879137
  landing: 0.019441725686192513
  view-data: 0.026925966143608093
