times:
  edit-metadata: 1.3125877566635609
  landing: 0.02042393945157528
  view-data: 0.1260056085884571
