times:
  edit-metadata: 1.340815957635641
  landing: 0.02007196471095085
  view-data: 0.02687082439661026
