times:
  edit-metadata: 1.3912057932466269
  landing: 0.200782073661685
  view-data: 0.02422967739403248
