times:
  edit-metadata: 0.5094201201573014
  landing: 0.04661472514271736
  view-data: 0.3474313775077462
