times:
  edit-metadata: 1.413769350387156
  landing: 0.022400928661227226
  view-data: 0.032286323606967926
