times:
  edit-metadata: 1.2823583241552114
  landing: 0.019698554649949074
  view-data: 0.10298903193324804
