times:
  edit-metadata: 1.9439627975225449
  landing: 0.05292167514562607
  view-data: 0.027607982978224754
