times:
  edit-metadata: 1.3972380571067333
  landing: 0.19493025168776512
  view-data: 0.028390536084771156
