times:
  edit-metadata: 1.6272828206419945
  landing: 0.2856504078954458
  view-data: 0.34857392869889736
