times:
  edit-metadata: 0.6442620111629367
  landing: 0.1316999471746385
  view-data: 0.19499602494761348
