times:
  edit-metadata: 0.5138621004298329
  landing: 0.04426367208361626
  view-data: 0.3384738704189658
