times:
  edit-metadata: 1.2869245233014226
  landing: 0.09766915906220675
  view-data: 0.025345475412905216
