times:
  edit-metadata: 0.501499742269516
  landing: 0.045421358197927475
  view-data: 0.20363275241106749
