times:
  edit-metadata: 0.548053776845336
  landing: 0.04305826406925917
  view-data: 0.21206530602648854
