times:
  edit-metadata: 1.7222405411303043
  landing: 0.3048063609749079
  view-data: 0.06167884171009064
