times:
  edit-metadata: 1.376207547262311
  landing: 0.021158820018172264
  view-data: 0.02525571547448635
