times:
  edit-metadata: 1.2946273861452937
  landing: 0.021054972894489765
  view-data: 0.02546851895749569
