times:
  edit-metadata: 1.3959198966622353
  landing: 0.22160772792994976
  view-data: 0.022763535380363464
