times:
  edit-metadata: 1.5651751924306154
  landing: 0.019585544243454933
  view-data: 0.026073938235640526
