times:
  edit-metadata: 1.6683767903596163
  landing: 0.21754777617752552
  view-data: 0.13512167148292065
