times:
  edit-metadata: 0.4840355860069394
  landing: 0.043206196278333664
  view-data: 0.5911735720001161
