times:
  edit-metadata: 1.650807324796915
  landing: 0.13398654386401176
  view-data: 0.04648462124168873
