times:
  edit-metadata: 1.3870547758415341
  landing: 0.20878899190574884
  view-data: 0.02303079329431057
