times:
  edit-metadata: 1.3501318292692304
  landing: 0.11924489866942167
  view-data: 0.1341314511373639
