times:
  edit-metadata: 1.332336075603962
  landing: 0.02291066199541092
  view-data: 0.02472049370408058
