times:
  edit-metadata: 1.3350081387907267
  landing: 0.1222572848200798
  view-data: 0.027301045134663582
