times:
  edit-metadata: 1.2910688389092684
  landing: 0.021138141863048077
  view-data: 0.023100147023797035
