times:
  edit-metadata: 1.2938307719305158
  landing: 0.09937016572803259
  view-data: 0.1220785342156887
