times:
  edit-metadata: 0.5771556808613241
  landing: 0.12807191908359528
  view-data: 0.22220224188640714
