times:
  edit-metadata: 1.315549866296351
  landing: 0.02117208205163479
  view-data: 0.02476679626852274
