times:
  edit-metadata: 1.4462208915501833
  landing: 0.021710852161049843
  view-data: 0.31545906513929367
