times:
  edit-metadata: 1.6215538047254086
  landing: 0.028125684708356857
  view-data: 0.43647101894021034
