times:
  edit-metadata: 1.418049680069089
  landing: 0.018232609145343304
  view-data: 0.12166687194257975
