times:
  edit-metadata: 1.401064595207572
  landing: 0.13714319001883268
  view-data: 0.4522695941850543
