times:
  edit-metadata: 0.50171984359622
  landing: 0.04558883514255285
  view-data: 0.22313710488379002
