times:
  edit-metadata: 1.310147238895297
  landing: 0.12509064748883247
  view-data: 0.12800198420882225
