times:
  edit-metadata: 0.4849329087883234
  landing: 0.043468840420246124
  view-data: 0.1993703991174698
