times:
  edit-metadata: 1.5581560842692852
  landing: 0.1966128684580326
  view-data: 0.027745259925723076
