times:
  edit-metadata: 1.297929129563272
  landing: 0.20987161714583635
  view-data: 0.22368208039551973
