times:
  edit-metadata: 1.4954526145011187
  landing: 0.2530353982001543
  view-data: 0.3841713983565569
