times:
  edit-metadata: 0.6998197520151734
  landing: 0.09877357073128223
  view-data: 0.3172836098819971
