times:
  edit-metadata: 1.4787762481719255
  landing: 0.029316892847418785
  view-data: 0.3523682039231062
