times:
  edit-metadata: 1.3733180724084377
  landing: 0.02210680954158306
  view-data: 0.02356753684580326
