times:
  edit-metadata: 1.3043640004470944
  landing: 0.12101125065237284
  view-data: 0.4166766218841076
