times:
  edit-metadata: 1.5632568197324872
  landing: 0.13441967871040106
  view-data: 0.11715637519955635
