times:
  edit-metadata: 1.3814117684960365
  landing: 0.020214896649122238
  view-data: 0.02683353703469038
