times:
  edit-metadata: 1.3103132424876094
  landing: 0.023432823829352856
  view-data: 0.10193894058465958
