times:
  edit-metadata: 0.49081653263419867
  landing: 0.04018688481301069
  view-data: 0.3394643794745207
