times:
  edit-metadata: 1.2765878411009908
  landing: 0.020625819452106953
  view-data: 0.11963987164199352
