times:
  edit-metadata: 0.5245480560697615
  landing: 0.07901191990822554
  view-data: 0.2793024629354477
