times:
  edit-metadata: 1.3562868926674128
  landing: 0.02189577743411064
  view-data: 0.026136482134461403
