times:
  edit-metadata: 1.303535238839686
  landing: 0.022342984564602375
  view-data: 0.026290026493370533
