times:
  edit-metadata: 0.5035092420876026
  landing: 0.046783012337982655
  view-data: 0.22074365429580212
