times:
  edit-metadata: 1.6986143980175257
  landing: 0.24378901347517967
  view-data: 0.2682049088180065
