times:
  edit-metadata: 1.278337875381112
  landing: 0.01983444206416607
  view-data: 0.024647352285683155
