times:
  edit-metadata: 1.5033452697098255
  landing: 0.11799096874892712
  view-data: 0.39618884958326817
