times:
  edit-metadata: 1.3498870953917503
  landing: 0.019052373245358467
  view-data: 0.28150068037211895
