times:
  edit-metadata: 0.5768881817348301
  landing: 0.052342538721859455
  view-data: 0.2254963517189026
