times:
  edit-metadata: 1.3280045306310058
  landing: 0.02103271707892418
  view-data: 0.4236010927706957
