times:
  edit-metadata: 1.3519639298319817
  landing: 0.0230872742831707
  view-data: 0.3025390673428774
