times:
  edit-metadata: 0.5031509827822447
  landing: 0.04422782454639673
  view-data: 0.22064049914479256
