times:
  edit-metadata: 1.4511546939611435
  landing: 0.22234832309186459
  view-data: 0.2786855548620224
