times:
  edit-metadata: 1.3113940749317408
  landing: 0.023641511797904968
  view-data: 0.026065172627568245
