times:
  edit-metadata: 1.3050532098859549
  landing: 0.13994211703538895
  view-data: 0.12472665496170521
