times:
  edit-metadata: 0.4941490073688328
  landing: 0.03613258386030793
  view-data: 0.3582699899561703
