times:
  edit-metadata: 1.6611498892307281
  landing: 0.14647190645337105
  view-data: 0.022265825420618057
