times:
  edit-metadata: 0.5759496511891484
  landing: 0.06721106404438615
  view-data: 0.3036657916381955
