times:
  edit-metadata: 1.3050418077036738
  landing: 0.02184197586029768
  view-data: 0.12308171950280666
