times:
  edit-metadata: 1.352948809042573
  landing: 0.13695909082889557
  view-data: 0.14587452448904514
