times:
  edit-metadata: 1.3693499974906445
  landing: 0.11233322694897652
  view-data: 0.25197329092770815
