times:
  edit-metadata: 0.664101633708924
  landing: 0.06269748322665691
  view-data: 0.34416172513738275
