times:
  edit-metadata: 1.4074983932077885
  landing: 0.3400791883468628
  view-data: 0.12032517790794373
