times:
  edit-metadata: 1.3432747684419155
  landing: 0.020142043009400368
  view-data: 0.02427169680595398
