times:
  edit-metadata: 1.3198834545910358
  landing: 0.12987718358635902
  view-data: 0.02779819816350937
