times:
  edit-metadata: 0.5029193703085184
  landing: 0.050404904410243034
  view-data: 0.21007668040692806
