times:
  edit-metadata: 1.2679781494662166
  landing: 0.022216939367353916
  view-data: 0.026027620770037174
