times:
  edit-metadata: 1.5428314507007599
  landing: 0.21090888231992722
  view-data: 0.14395510219037533
