times:
  edit-metadata: 1.3503236304968596
  landing: 0.1512225829064846
  view-data: 0.14344378281384706
