times:
  edit-metadata: 0.497943130787462
  landing: 0.049999913200736046
  view-data: 0.2033370267599821
