times:
  edit-metadata: 1.377117482945323
  landing: 0.019946089014410973
  view-data: 0.2813825383782387
