times:
  edit-metadata: 1.303168979473412
  landing: 0.1858615493401885
  view-data: 0.4570004343986511
