times:
  edit-metadata: 0.5058506587520242
  landing: 0.04703608900308609
  view-data: 0.19904058333486319
