times:
  edit-metadata: 1.7316221799701452
  landing: 0.16416644491255283
  view-data: 0.31436517275869846
