times:
  edit-metadata: 1.3849163427948952
  landing: 0.1406528241932392
  view-data: 0.02419872209429741
