times:
  edit-metadata: 1.3134679719805717
  landing: 0.1188252018764615
  view-data: 0.11836508009582758
