times:
  edit-metadata: 2.1534289801493287
  landing: 0.3075275672599673
  view-data: 0.6189629547297955
