times:
  edit-metadata: 1.3254964901134372
  landing: 0.02061836514621973
  view-data: 0.02633428480476141
