times:
  edit-metadata: 1.4270222168415785
  landing: 0.019820386543869972
  view-data: 0.1205397779121995
