times:
  edit-metadata: 0.5235322737134993
  landing: 0.14931059814989567
  view-data: 0.29000431997701526
