times:
  edit-metadata: 1.3531065341085196
  landing: 0.1943894550204277
  view-data: 0.3956068279221654
