times:
  edit-metadata: 1.429549127817154
  landing: 0.020548995584249496
  view-data: 0.026565752923488617
