times:
  edit-metadata: 0.5000488366931677
  landing: 0.042568291537463665
  view-data: 0.3389758635312319
