times:
  edit-metadata: 0.5266245608218014
  landing: 0.06780878407880664
  view-data: 0.21864924021065235
