times:
  edit-metadata: 0.5025367345660925
  landing: 0.046248605474829674
  view-data: 0.21356105618178844
