times:
  edit-metadata: 0.7122640898451209
  landing: 0.06407612795010209
  view-data: 0.31365532195195556
