times:
  edit-metadata: 0.6009396221488714
  landing: 0.07335235504433513
  view-data: 0.31977585796266794
