times:
  edit-metadata: 1.381835537031293
  landing: 0.020956385880708694
  view-data: 0.029309013858437538
