times:
  edit-metadata: 1.4247151538729668
  landing: 0.16909830458462238
  view-data: 0.02472078427672386
