times:
  edit-metadata: 0.6186773818917572
  landing: 0.06652550213038921
  view-data: 0.3190645598806441
