times:
  edit-metadata: 1.3803502656519413
  landing: 0.023927712813019753
  view-data: 0.026449495926499367
