times:
  edit-metadata: 1.4389464557170868
  landing: 0.024133313447237015
  view-data: 0.022794216871261597
