times:
  edit-metadata: 1.3311712443828583
  landing: 0.022978114895522594
  view-data: 0.13341190665960312
