times:
  edit-metadata: 1.3832357488572598
  landing: 0.019621914252638817
  view-data: 0.022953664883971214
