times:
  edit-metadata: 0.5183858908712864
  landing: 0.049243931658566
  view-data: 0.21372969914227724
