times:
  edit-metadata: 1.3332160282880068
  landing: 0.022828858345746994
  view-data: 0.12074073497205973
