times:
  edit-metadata: 1.4062724448740482
  landing: 0.01858697272837162
  view-data: 0.13138972781598568
