times:
  edit-metadata: 0.649129088036716
  landing: 0.1070062699727714
  view-data: 0.2030636752024293
