times:
  edit-metadata: 0.5429719518870115
  landing: 0.06711644306778908
  view-data: 0.21302760299295187
