times:
  edit-metadata: 0.5104555282741785
  landing: 0.07346546091139317
  view-data: 0.2084959028288722
