times:
  edit-metadata: 1.5488983429968357
  landing: 0.022940073162317276
  view-data: 0.28648874163627625
