times:
  edit-metadata: 1.2941085463389754
  landing: 0.18155164178460836
  view-data: 0.024687607772648335
