times:
  edit-metadata: 1.5601006355136633
  landing: 0.16353463381528854
  view-data: 0.028195761144161224
