times:
  edit-metadata: 0.49782220646739006
  landing: 0.04220262076705694
  view-data: 0.21825004555284977
