times:
  edit-metadata: 1.2859032107517123
  landing: 0.02347442787140608
  view-data: 0.10421636886894703
