times:
  edit-metadata: 1.8425660589709878
  landing: 0.02303924970328808
  view-data: 0.023524098098278046
