times:
  edit-metadata: 1.4360255543142557
  landing: 0.021084873005747795
  view-data: 0.12194708548486233
