times:
  edit-metadata: 1.4759535770863295
  landing: 0.15714756771922112
  view-data: 0.3661047890782356
