times:
  edit-metadata: 1.3095328118652105
  landing: 0.019042177125811577
  view-data: 0.4573032595217228
