times:
  edit-metadata: 1.3987146951258183
  landing: 0.020230518653988838
  view-data: 0.026132953353226185
