times:
  edit-metadata: 1.2880496783182025
  landing: 0.02063507493585348
  view-data: 0.025069011375308037
