times:
  edit-metadata: 1.3687396626919508
  landing: 0.11186915636062622
  view-data: 0.027090219780802727
