times:
  edit-metadata: 0.5111046610400081
  landing: 0.04505124781280756
  view-data: 0.20598350372165442
