times:
  edit-metadata: 1.4304278828203678
  landing: 0.11375674605369568
  view-data: 0.11992623843252659
