times:
  edit-metadata: 1.4966781325638294
  landing: 0.1359565518796444
  view-data: 0.1434666533023119
