times:
  edit-metadata: 1.3255682894960046
  landing: 0.02199964690953493
  view-data: 0.02426609117537737
