times:
  edit-metadata: 1.3233741782605648
  landing: 0.021622399799525738
  view-data: 0.026518940925598145
