times:
  edit-metadata: 1.3683190746232867
  landing: 0.02060915343463421
  view-data: 0.13632707856595516
