times:
  edit-metadata: 1.4040690967813134
  landing: 0.1235143430531025
  view-data: 0.12027334701269865
