times:
  edit-metadata: 0.49628805462270975
  landing: 0.055207873694598675
  view-data: 0.34214993193745613
