times:
  edit-metadata: 1.4342009536921978
  landing: 0.022194474935531616
  view-data: 0.42801919765770435
