times:
  edit-metadata: 0.5279932799749076
  landing: 0.07044926704838872
  view-data: 0.22643722919747233
