times:
  edit-metadata: 1.3319393172860146
  landing: 0.020527035929262638
  view-data: 0.125116559676826
