times:
  edit-metadata: 1.2832559831440449
  landing: 0.02105358336120844
  view-data: 0.1195484446361661
