times:
  edit-metadata: 0.5526729337871075
  landing: 0.06913149822503328
  view-data: 0.31344112986698747
