times:
  edit-metadata: 1.3721727412194014
  landing: 0.02027369849383831
  view-data: 0.023783674463629723
