times:
  edit-metadata: 1.273478152230382
  landing: 0.02575603313744068
  view-data: 0.028546671383082867
