times:
  edit-metadata: 0.4946648981422186
  landing: 0.047383963130414486
  view-data: 0.2039574421942234
