times:
  edit-metadata: 0.6073257941752672
  landing: 0.07043026713654399
  view-data: 0.30910665402188897
