times:
  edit-metadata: 1.2836749255657196
  landing: 0.1917849387973547
  view-data: 0.12047975603491068
