times:
  edit-metadata: 1.3592555029317737
  landing: 0.20045815501362085
  view-data: 0.14550446160137653
