times:
  edit-metadata: 1.5809111781418324
  landing: 0.2766626626253128
  view-data: 0.38347590528428555
