times:
  edit-metadata: 1.2860627425834537
  landing: 0.02256126794964075
  view-data: 0.027210489846765995
