times:
  edit-metadata: 1.3801978584378958
  landing: 0.02345280349254608
  view-data: 0.027012042701244354
