times:
  edit-metadata: 1.3462856318801641
  landing: 0.021147022023797035
  view-data: 0.10382385179400444
