times:
  edit-metadata: 1.3940323134884238
  landing: 0.1798736657947302
  view-data: 0.4674208788201213
