times:
  edit-metadata: 1.30429074075073
  landing: 0.021162706427276134
  view-data: 0.02750854566693306
