times:
  edit-metadata: 1.3928080350160599
  landing: 0.024733923375606537
  view-data: 0.1251586116850376
