times:
  edit-metadata: 1.3938210718333721
  landing: 0.022138627246022224
  view-data: 0.027418889105319977
