times:
  edit-metadata: 1.4475234039127827
  landing: 0.02096574194729328
  view-data: 0.025128085166215897
