times:
  edit-metadata: 1.3124294867739081
  landing: 0.11796965636312962
  view-data: 0.023770245723426342
