times:
  edit-metadata: 1.3031492987647653
  landing: 0.021497041918337345
  view-data: 0.028531765565276146
