times:
  edit-metadata: 1.383036319166422
  landing: 0.021497704088687897
  view-data: 0.02374212257564068
