times:
  edit-metadata: 1.5403002947568893
  landing: 0.31709977611899376
  view-data: 0.16869842447340488
