times:
  edit-metadata: 1.5033525470644236
  landing: 0.02280319668352604
  view-data: 0.1551351100206375
