times:
  edit-metadata: 0.5646916530095041
  landing: 0.04773561703041196
  view-data: 0.2069090032018721
