times:
  edit-metadata: 1.3104346776381135
  landing: 0.02035117708146572
  view-data: 0.12308629974722862
