times:
  edit-metadata: 1.608741994947195
  landing: 0.32988193817436695
  view-data: 0.4928659964352846
