times:
  edit-metadata: 1.294816579669714
  landing: 0.022575002163648605
  view-data: 0.12542400136590004
