times:
  edit-metadata: 1.3816156648099422
  landing: 0.14558491483330727
  view-data: 0.02386031113564968
