times:
  edit-metadata: 0.5119167976081371
  landing: 0.04354390036314726
  view-data: 0.21415283996611834
