times:
  edit-metadata: 1.6593176778405905
  landing: 0.3105854019522667
  view-data: 0.15231906808912754
