times:
  edit-metadata: 1.3815883565694094
  landing: 0.02311445213854313
  view-data: 0.027603630907833576
