times:
  edit-metadata: 1.3440648689866066
  landing: 0.019988160580396652
  view-data: 0.026103852316737175
