times:
  edit-metadata: 0.5168734230101109
  landing: 0.05106865614652634
  view-data: 0.20348199922591448
