times:
  edit-metadata: 0.48449602629989386
  landing: 0.04523947089910507
  view-data: 0.1974639045074582
