times:
  edit-metadata: 1.3788704564794898
  landing: 0.023496581241488457
  view-data: 0.027179650962352753
