times:
  edit-metadata: 1.3136407984420657
  landing: 0.020788613706827164
  view-data: 0.11916032340377569
