times:
  edit-metadata: 1.3523243181407452
  landing: 0.19585230387747288
  view-data: 0.02755376510322094
