times:
  edit-metadata: 1.3975884933024645
  landing: 0.15090501215308905
  view-data: 0.027268766425549984
