times:
  edit-metadata: 1.579162323847413
  landing: 0.026552481576800346
  view-data: 0.33270785585045815
