times:
  edit-metadata: 0.4907846665009856
  landing: 0.045793769881129265
  view-data: 0.20706861652433872
