times:
  edit-metadata: 1.4248559046536684
  landing: 0.021268440410494804
  view-data: 0.027512017637491226
