times:
  edit-metadata: 1.437944209203124
  landing: 0.02207406796514988
  view-data: 0.11878741346299648
