times:
  edit-metadata: 0.4915032060816884
  landing: 0.04522689525038004
  view-data: 0.3238118076696992
