times:
  edit-metadata: 1.3727742116898298
  landing: 0.17627296410501003
  view-data: 0.1378785725682974
