times:
  edit-metadata: 1.5379638113081455
  landing: 0.27184203267097473
  view-data: 0.4128920454531908
