times:
  edit-metadata: 0.5370261119678617
  landing: 0.07273691613227129
  view-data: 0.21483453176915646
