times:
  edit-metadata: 1.2867353353649378
  landing: 0.0210310909897089
  view-data: 0.1040523461997509
