times:
  edit-metadata: 1.3564279843121767
  landing: 0.12515472434461117
  view-data: 0.09414780978113413
