times:
  edit-metadata: 0.7851703269407153
  landing: 0.09363392507657409
  view-data: 0.28468027291819453
