times:
  edit-metadata: 1.3054906213656068
  landing: 0.023514960892498493
  view-data: 0.12539701350033283
