times:
  edit-metadata: 1.4294664226472378
  landing: 0.019187215715646744
  view-data: 0.02502804808318615
