times:
  edit-metadata: 1.4099046057090163
  landing: 0.01848433166742325
  view-data: 0.23112202528864145
