times:
  edit-metadata: 1.3249940779060125
  landing: 0.01928672194480896
  view-data: 0.11907287407666445
