times:
  edit-metadata: 2.2593812365084887
  landing: 0.45020714215934277
  view-data: 0.47117734514176846
