times:
  edit-metadata: 1.4202187955379486
  landing: 0.02226671762764454
  view-data: 0.026703808456659317
