times:
  edit-metadata: 1.5115835275501013
  landing: 0.2260674498975277
  view-data: 0.1535298451781273
