times:
  edit-metadata: 1.2907482106238604
  landing: 0.01908145658671856
  view-data: 0.02484291698783636
