times:
  edit-metadata: 1.3553894888609648
  landing: 0.02148045040667057
  view-data: 0.023842403665184975
