times:
  edit-metadata: 1.3042886480689049
  landing: 0.02174124214798212
  view-data: 0.12348163221031427
