times:
  edit-metadata: 1.702645329758525
  landing: 0.16132741048932076
  view-data: 0.21066532656550407
