times:
  edit-metadata: 1.5208583232015371
  landing: 0.13724860735237598
  view-data: 0.027587255463004112
