times:
  edit-metadata: 1.4466026853770018
  landing: 0.23945345170795918
  view-data: 0.14138108678162098
