times:
  edit-metadata: 1.3133535608649254
  landing: 0.11877834796905518
  view-data: 0.029691964387893677
