times:
  edit-metadata: 1.402600796893239
  landing: 0.14066588506102562
  view-data: 0.025636032223701477
