times:
  edit-metadata: 1.4541988167911768
  landing: 0.15292338281869888
  view-data: 0.10221801698207855
