times:
  edit-metadata: 0.4988099541515112
  landing: 0.049061303958296776
  view-data: 0.23190995678305626
