times:
  edit-metadata: 1.6260824128985405
  landing: 0.14630000665783882
  view-data: 0.12733427062630653
