times:
  edit-metadata: 1.3046664027497172
  landing: 0.019833547063171864
  view-data: 0.02417222410440445
