times:
  edit-metadata: 1.3133773850277066
  landing: 0.020301125943660736
  view-data: 0.4199174512177706
