times:
  edit-metadata: 1.3349381061270833
  landing: 0.023941039107739925
  view-data: 0.23034497164189816
