times:
  edit-metadata: 1.3046468207612634
  landing: 0.02044442668557167
  view-data: 0.1205724710598588
