times:
  edit-metadata: 0.49041663110256195
  landing: 0.0487760859541595
  view-data: 0.20331236813217402
