times:
  edit-metadata: 1.4302135836333036
  landing: 0.21192236803472042
  view-data: 0.38274531438946724
