times:
  edit-metadata: 1.3164060488343239
  landing: 0.13100117444992065
  view-data: 0.024313107132911682
