times:
  edit-metadata: 1.2906855586916208
  landing: 0.020350097678601742
  view-data: 0.4816548191010952
