times:
  edit-metadata: 0.5028627226129174
  landing: 0.05066827591508627
  view-data: 0.19811564683914185
