times:
  edit-metadata: 0.48497483041137457
  landing: 0.04182140436023474
  view-data: 0.2137142252177
