times:
  edit-metadata: 1.3311470672488213
  landing: 0.021159376949071884
  view-data: 0.029227860271930695
