times:
  edit-metadata: 1.4309453945606947
  landing: 0.1985829398036003
  view-data: 0.30414157174527645
