times:
  edit-metadata: 1.272874048911035
  landing: 0.127536341547966
  view-data: 0.026037088595330715
