times:
  edit-metadata: 1.5855377046391368
  landing: 0.1762157091870904
  view-data: 0.4154871217906475
