times:
  edit-metadata: 0.5106281852349639
  landing: 0.04550960846245289
  view-data: 0.33702106960117817
