times:
  edit-metadata: 1.370625790208578
  landing: 0.02059478685259819
  view-data: 0.34315879363566637
