times:
  edit-metadata: 0.5000807205215096
  landing: 0.049312468618154526
  view-data: 0.34897433687001467
