times:
  edit-metadata: 1.3065558699890971
  landing: 0.022259948775172234
  view-data: 0.026873286813497543
