times:
  edit-metadata: 1.35053482465446
  landing: 0.019860904663801193
  view-data: 0.02330215834081173
