times:
  edit-metadata: 1.5242868904024363
  landing: 0.19688285142183304
  view-data: 0.3480651266872883
