times:
  edit-metadata: 1.3308445625007153
  landing: 0.021773485466837883
  view-data: 0.023578185588121414
