times:
  edit-metadata: 1.627083845436573
  landing: 0.11546609178185463
  view-data: 0.06247909925878048
