times:
  edit-metadata: 1.3120179735124111
  landing: 0.0208877082914114
  view-data: 0.40420718491077423
