times:
  edit-metadata: 1.357394814491272
  landing: 0.15009635873138905
  view-data: 0.025626420974731445
