times:
  edit-metadata: 0.5265210988000035
  landing: 0.05823926301673055
  view-data: 0.20949845761060715
