times:
  edit-metadata: 1.3468419313430786
  landing: 0.02111557498574257
  view-data: 0.0236686859279871
