times:
  edit-metadata: 1.3644183445721865
  landing: 0.021865947172045708
  view-data: 0.026220353320240974
