times:
  edit-metadata: 1.3516672449186444
  landing: 0.023094982840120792
  view-data: 0.11820538248866796
