times:
  edit-metadata: 1.4258949756622314
  landing: 0.019315684214234352
  view-data: 0.026513289660215378
