times:
  edit-metadata: 0.5650558630004525
  landing: 0.07412092387676239
  view-data: 0.25906603084877133
