times:
  edit-metadata: 1.3347077686339617
  landing: 0.020866094157099724
  view-data: 0.355942377820611
