times:
  edit-metadata: 1.3101685494184494
  landing: 0.021054621785879135
  view-data: 0.024550757370889187
