times:
  edit-metadata: 1.4116366039961576
  landing: 0.021496368572115898
  view-data: 0.02879859134554863
