times:
  edit-metadata: 1.2726921858265996
  landing: 0.02091932576149702
  view-data: 0.11724031530320644
