times:
  edit-metadata: 1.4369808826595545
  landing: 0.01980665046721697
  view-data: 0.1185666136443615
