times:
  edit-metadata: 1.2885347064584494
  landing: 0.023495158180594444
  view-data: 0.025793674401938915
