times:
  edit-metadata: 1.3525622505694628
  landing: 0.020404502749443054
  view-data: 0.02883993089199066
