times:
  edit-metadata: 1.2958080805838108
  landing: 0.0200494434684515
  view-data: 0.028011035174131393
