times:
  edit-metadata: 1.3531887931749225
  landing: 0.022657955065369606
  view-data: 0.024062384851276875
