times:
  edit-metadata: 1.3950793370604515
  landing: 0.04478407837450504
  view-data: 0.4617374688386917
