times:
  edit-metadata: 1.3025454534217715
  landing: 0.019471891224384308
  view-data: 0.12707372475415468
