times:
  edit-metadata: 1.3606274500489235
  landing: 0.020819764584302902
  view-data: 0.3052298277616501
