times:
  edit-metadata: 1.3576805479824543
  landing: 0.02363776694983244
  view-data: 0.0253214193508029
