times:
  edit-metadata: 1.3088610023260117
  landing: 0.019863590598106384
  view-data: 0.024679996073246002
