times:
  edit-metadata: 0.7464886866509914
  landing: 0.07196987280622125
  view-data: 0.28932558884844184
