times:
  edit-metadata: 1.3914918098598719
  landing: 0.022851645946502686
  view-data: 0.0281930360943079
