times:
  edit-metadata: 1.6835758835077286
  landing: 0.16502529755234718
  view-data: 0.42004765942692757
