times:
  edit-metadata: 1.717677015811205
  landing: 0.018647128716111183
  view-data: 0.02710082195699215
