times:
  edit-metadata: 1.4485774580389261
  landing: 0.020960690453648567
  view-data: 0.026188500225543976
