times:
  edit-metadata: 1.3007298884913325
  landing: 0.022300218231976032
  view-data: 0.12253056839108467
