times:
  edit-metadata: 1.3325670287013054
  landing: 0.1977775525301695
  view-data: 0.02372932992875576
