times:
  edit-metadata: 1.3750803396105766
  landing: 0.09832102805376053
  view-data: 0.1274674255400896
