times:
  edit-metadata: 0.49394100485369563
  landing: 0.0414100862108171
  view-data: 0.3376690298318863
