times:
  edit-metadata: 0.47845869325101376
  landing: 0.060195665806531906
  view-data: 0.20332781318575144
