times:
  edit-metadata: 1.342789270915091
  landing: 0.117762197740376
  view-data: 0.4190048612654209
