times:
  edit-metadata: 1.5459932778030634
  landing: 0.2680490631610155
  view-data: 0.33599196933209896
