times:
  edit-metadata: 1.3105453047901392
  landing: 0.019374138675630093
  view-data: 0.028897284530103207
