times:
  edit-metadata: 1.4085670672357082
  landing: 0.1341384556144476
  view-data: 0.02597144991159439
