times:
  edit-metadata: 0.832225747872144
  landing: 0.07170888734981418
  view-data: 0.22382044792175293
