times:
  edit-metadata: 0.5046289972960949
  landing: 0.047228530049324036
  view-data: 0.4660723591223359
