times:
  edit-metadata: 0.5196548495441675
  landing: 0.04867470543831587
  view-data: 0.19159157201647758
