times:
  edit-metadata: 0.5445180088281631
  landing: 0.04631579527631402
  view-data: 0.4763895538635552
