times:
  edit-metadata: 0.5698462380096316
  landing: 0.04011492757126689
  view-data: 0.9777310956269503
