times:
  edit-metadata: 0.5562763856723905
  landing: 0.041495662182569504
  view-data: 0.33095188764855266
