times:
  edit-metadata: 0.5627295821905136
  landing: 0.04247852601110935
  view-data: 0.3375580683350563
