times:
  edit-metadata: 0.5603490322828293
  landing: 0.03799714893102646
  view-data: 0.5748778851702809
