times:
  edit-metadata: 0.5367462309077382
  landing: 0.04449554439634085
  view-data: 0.19927068054676056
