times:
  edit-metadata: 0.5099823717027903
  landing: 0.04541257116943598
  view-data: 0.2953421724960208
