times:
  edit-metadata: 0.5414461782202125
  landing: 0.040327753871679306
  view-data: 0.19776852522045374
