times:
  edit-metadata: 0.5444718659855425
  landing: 0.04125758493319154
  view-data: 0.3361911834217608
