times:
  edit-metadata: 2.187099098227918
  landing: 0.02108281198889017
  view-data: 0.02796930819749832
