times:
  edit-metadata: 2.942795544862747
  landing: 0.31603735126554966
  view-data: 0.39955775812268257
