times:
  edit-metadata: 2.669394025579095
  landing: 0.19666670076549053
  view-data: 0.37015405483543873
