times:
  edit-metadata: 2.3498316910117865
  landing: 0.019264549016952515
  view-data: 0.04514317959547043
