times:
  edit-metadata: 2.2650649044662714
  landing: 0.02113303542137146
  view-data: 0.027252614498138428
