times:
  edit-metadata: 2.1993081010878086
  landing: 0.23160753399133682
  view-data: 0.23333313968032598
