times:
  edit-metadata: 2.2292969580739737
  landing: 0.02388416789472103
  view-data: 0.030456742271780968
