times:
  edit-metadata: 2.214828127063811
  landing: 0.02019865345209837
  view-data: 0.46679519303143024
