times:
  edit-metadata: 2.8287914246320724
  landing: 0.021944057196378708
  view-data: 0.3582740481942892
