times:
  edit-metadata: 2.312779240310192
  landing: 0.02109658345580101
  view-data: 0.3430686704814434
