times:
  edit-metadata: 2.3674563709646463
  landing: 0.022708533331751823
  view-data: 0.028102584183216095
