times:
  edit-metadata: 2.499757442623377
  landing: 0.050183894112706184
  view-data: 0.3861903380602598
