times:
  edit-metadata: 2.0407693246379495
  landing: 0.020702102221548557
  view-data: 0.09727516770362854
