times:
  edit-metadata: 2.7579577527940273
  landing: 0.4400343503803015
  view-data: 0.3325060997158289
