times:
  edit-metadata: 2.201615620404482
  landing: 0.01895556040108204
  view-data: 0.02473772130906582
