times:
  edit-metadata: 2.1817287243902683
  landing: 0.022129353135824203
  view-data: 0.02478463388979435
