times:
  edit-metadata: 2.191875319927931
  landing: 0.018771350383758545
  view-data: 0.024120427668094635
