times:
  edit-metadata: 2.5493518337607384
  landing: 0.2765328325331211
  view-data: 0.2855251282453537
