times:
  edit-metadata: 2.1685527861118317
  landing: 0.020367776975035667
  view-data: 0.0255719106644392
