times:
  edit-metadata: 1.2732062912546098
  landing: 0.056876461021602154
  view-data: 0.24436298804357648
