times:
  edit-metadata: 2.759585630148649
  landing: 0.3028254434466362
  view-data: 0.2018972598016262
