times:
  edit-metadata: 2.3029308784753084
  landing: 0.01979663595557213
  view-data: 0.0249440036714077
