times:
  edit-metadata: 2.289346320554614
  landing: 0.19054655358195305
  view-data: 0.025402240455150604
