times:
  edit-metadata: 2.6783862747251987
  landing: 0.23276396840810776
  view-data: 0.36495216377079487
