times:
  edit-metadata: 1.3042132118716836
  landing: 0.05819350806996226
  view-data: 0.24971771193668246
