times:
  edit-metadata: 2.392093532718718
  landing: 0.01883257832378149
  view-data: 0.6389667252078652
