times:
  edit-metadata: 2.7239719163626432
  landing: 0.323084382340312
  view-data: 0.45433835685253143
