times:
  edit-metadata: 2.17097236122936
  landing: 0.13154181744903326
  view-data: 0.4638031832873821
