times:
  edit-metadata: 2.195586984977126
  landing: 0.1245120782405138
  view-data: 0.09748559631407261
