times:
  edit-metadata: 2.1755506061017513
  landing: 0.01920337975025177
  view-data: 0.02499479055404663
