times:
  edit-metadata: 2.178555892780423
  landing: 0.019962267950177193
  view-data: 0.02586258389055729
