times:
  edit-metadata: 2.258467622101307
  landing: 0.1637330874800682
  view-data: 0.02641850896179676
