times:
  edit-metadata: 2.7032802756875753
  landing: 0.2669512815773487
  view-data: 0.40336131304502487
