times:
  edit-metadata: 2.538527125492692
  landing: 0.2573344800621271
  view-data: 0.024708980694413185
