times:
  edit-metadata: 2.27646604180336
  landing: 0.019484905526041985
  view-data: 0.30428989604115486
