times:
  edit-metadata: 2.460499208420515
  landing: 0.2740639131516218
  view-data: 0.13219920359551907
