times:
  edit-metadata: 2.2571282889693975
  landing: 0.26865863613784313
  view-data: 0.3774070553481579
