times:
  edit-metadata: 2.2225612234324217
  landing: 0.02397811971604824
  view-data: 0.02501472644507885
