times:
  edit-metadata: 2.121541738510132
  landing: 0.02047593053430319
  view-data: 0.11790349334478378
