times:
  edit-metadata: 2.190407956019044
  landing: 0.21475616563111544
  view-data: 0.11944322939962149
