times:
  edit-metadata: 2.909362317994237
  landing: 0.20762399025261402
  view-data: 0.38475800678133965
