times:
  edit-metadata: 2.214351760223508
  landing: 0.11964615248143673
  view-data: 0.025534112006425858
