times:
  edit-metadata: 2.2114450093358755
  landing: 0.021616723388433456
  view-data: 0.02641947753727436
