times:
  edit-metadata: 1.2825930216349661
  landing: 0.049623413011431694
  view-data: 0.2504900451749563
