times:
  edit-metadata: 2.4898329451680183
  landing: 0.17804967053234577
  view-data: 0.16579023748636246
