times:
  edit-metadata: 2.239575618878007
  landing: 0.14022879675030708
  view-data: 0.1375502496957779
