times:
  edit-metadata: 2.247536199167371
  landing: 0.1338413767516613
  view-data: 0.02406734600663185
