times:
  edit-metadata: 2.623113175854087
  landing: 0.024589581415057182
  view-data: 0.2807329297065735
