times:
  edit-metadata: 2.2295183315873146
  landing: 0.020748093724250793
  view-data: 0.12879384495317936
