times:
  edit-metadata: 2.233941989019513
  landing: 0.14080586470663548
  view-data: 0.5349663412198424
