times:
  edit-metadata: 1.6003772811964154
  landing: 0.0704474369995296
  view-data: 0.2479334007948637
