times:
  edit-metadata: 1.4565492221154273
  landing: 0.04409121489152312
  view-data: 0.26399855269119143
