times:
  edit-metadata: 2.156114863231778
  landing: 0.02025844343006611
  view-data: 0.3499273955821991
