times:
  edit-metadata: 1.2700070571154356
  landing: 0.05476332223042846
  view-data: 0.25099143106490374
