times:
  edit-metadata: 2.7505099680274725
  landing: 0.18035972118377686
  view-data: 0.4067711755633354
