times:
  edit-metadata: 1.7087738141417503
  landing: 0.048527965787798166
  view-data: 0.366427147295326
