times:
  edit-metadata: 2.2544006258249283
  landing: 0.021511508151888847
  view-data: 0.02436118945479393
