times:
  edit-metadata: 2.1698499508202076
  landing: 0.021476009860634804
  view-data: 0.027158712968230247
