times:
  edit-metadata: 2.2300488278269768
  landing: 0.021335920318961143
  view-data: 0.02473646029829979
