times:
  edit-metadata: 2.4686603657901287
  landing: 0.24292498640716076
  view-data: 0.15581372566521168
