times:
  edit-metadata: 2.4911168478429317
  landing: 0.12799753807485104
  view-data: 0.14874910563230515
