times:
  edit-metadata: 2.339576533064246
  landing: 0.02450876124203205
  view-data: 0.38135396502912045
