times:
  edit-metadata: 2.1296526435762644
  landing: 0.021015075966715813
  view-data: 0.41003659553825855
