times:
  edit-metadata: 2.5066533125936985
  landing: 0.2499642614275217
  view-data: 0.025731919333338737
