times:
  edit-metadata: 2.189100573770702
  landing: 0.1309748189523816
  view-data: 0.3475856026634574
