times:
  edit-metadata: 2.7701386399567127
  landing: 0.3152796160429716
  view-data: 0.5371332410722971
