times:
  edit-metadata: 2.3968852292746305
  landing: 0.02137000858783722
  view-data: 0.02652732841670513
