times:
  edit-metadata: 2.3058351445943117
  landing: 0.1472383663058281
  view-data: 0.3280469514429569
