times:
  edit-metadata: 2.20773384347558
  landing: 0.020767075940966606
  view-data: 0.2963117528706789
