times:
  edit-metadata: 2.3211929630488157
  landing: 0.17102038860321045
  view-data: 0.39233809523284435
