times:
  edit-metadata: 1.6066268109716475
  landing: 0.05153725203126669
  view-data: 0.23958203895017505
