times:
  edit-metadata: 2.192764664068818
  landing: 0.020237045362591743
  view-data: 0.024404527619481087
