times:
  edit-metadata: 2.226848939433694
  landing: 0.13881397992372513
  view-data: 0.46923626866191626
