times:
  edit-metadata: 1.3450209442526102
  landing: 0.05833597108721733
  view-data: 0.2543550617992878
