times:
  edit-metadata: 2.2529686354100704
  landing: 0.0232060719281435
  view-data: 0.03898134082555771
