times:
  edit-metadata: 2.9243882447481155
  landing: 0.20788546837866306
  view-data: 0.40427902713418007
