times:
  edit-metadata: 2.159261046908796
  landing: 0.14847333170473576
  view-data: 0.13006781041622162
