times:
  edit-metadata: 2.2420761976391077
  landing: 0.01881260983645916
  view-data: 0.027735982090234756
