times:
  edit-metadata: 2.5479375068098307
  landing: 0.21793976239860058
  view-data: 0.15663747489452362
