times:
  edit-metadata: 1.5035056211054325
  landing: 0.051765352953225374
  view-data: 0.2520356411114335
