times:
  edit-metadata: 2.2349900640547276
  landing: 0.018532851710915565
  view-data: 0.31229530461132526
