times:
  edit-metadata: 2.160089584067464
  landing: 0.021283872425556183
  view-data: 0.026125239208340645
