times:
  edit-metadata: 2.216716829687357
  landing: 0.01934528537094593
  view-data: 0.22844582702964544
