times:
  edit-metadata: 2.437639611773193
  landing: 0.23488076869398355
  view-data: 0.30020817928016186
