times:
  edit-metadata: 2.277159595862031
  landing: 0.021362289786338806
  view-data: 0.02356572262942791
