times:
  edit-metadata: 2.1974867321550846
  landing: 0.02755541354417801
  view-data: 0.026012936607003212
