times:
  edit-metadata: 2.300215544179082
  landing: 0.11409031599760056
  view-data: 0.44152467884123325
