times:
  edit-metadata: 2.223257850855589
  landing: 0.2323853336274624
  view-data: 0.02646465227007866
