times:
  edit-metadata: 1.3333275620825589
  landing: 0.08880475768819451
  view-data: 0.2514863098040223
