times:
  edit-metadata: 2.2635470181703568
  landing: 0.24319729767739773
  view-data: 0.02443535067141056
