times:
  edit-metadata: 2.5485292840749025
  landing: 0.02007078379392624
  view-data: 0.16678895987570286
