times:
  edit-metadata: 2.2444532867521048
  landing: 0.13127716444432735
  view-data: 0.34103418327867985
