times:
  edit-metadata: 2.2438372801989317
  landing: 0.020005960017442703
  view-data: 0.025608664378523827
