times:
  edit-metadata: 2.7336068246513605
  landing: 0.16042548418045044
  view-data: 0.38574206829071045
