times:
  edit-metadata: 3.666986957192421
  landing: 0.523433405905962
  view-data: 0.20312612131237984
