times:
  edit-metadata: 1.4807904767803848
  landing: 0.06654932908713818
  view-data: 0.24554425803944468
