times:
  edit-metadata: 2.3094149697571993
  landing: 0.13203748874366283
  view-data: 0.02346079610288143
