times:
  edit-metadata: 2.906783541664481
  landing: 0.02082064561545849
  view-data: 0.3178907297551632
