times:
  edit-metadata: 2.183599952608347
  landing: 0.12379093281924725
  view-data: 0.023353200405836105
