times:
  edit-metadata: 1.5496766767464578
  landing: 0.09889585012570024
  view-data: 0.2660038103349507
