times:
  edit-metadata: 2.2489393688738346
  landing: 0.021092895418405533
  view-data: 0.024441266432404518
