times:
  edit-metadata: 2.2840652856975794
  landing: 0.09894348494708538
  view-data: 0.029833760112524033
