times:
  edit-metadata: 2.189555799588561
  landing: 0.02165837399661541
  view-data: 0.10317821614444256
