times:
  edit-metadata: 2.3406745279207826
  landing: 0.025504025630652905
  view-data: 0.022718247026205063
