times:
  edit-metadata: 2.1466938760131598
  landing: 0.22953300271183252
  view-data: 0.09459776803851128
