times:
  edit-metadata: 2.2007271060720086
  landing: 0.12723924033343792
  view-data: 0.3492106683552265
