times:
  edit-metadata: 2.2091725394129753
  landing: 0.01967010088264942
  view-data: 0.025815309956669807
