times:
  edit-metadata: 2.414548998698592
  landing: 0.2696037106215954
  view-data: 0.36538990400731564
