times:
  edit-metadata: 2.200759078375995
  landing: 0.018862275406718254
  view-data: 0.12110967934131622
