times:
  edit-metadata: 2.6975364554673433
  landing: 0.3032002728432417
  view-data: 0.7278702780604362
