times:
  edit-metadata: 2.229189820587635
  landing: 0.019239945337176323
  view-data: 0.024228740483522415
