times:
  edit-metadata: 2.1959837172180414
  landing: 0.2432828899472952
  view-data: 0.44719568081200123
