times:
  edit-metadata: 1.721613751258701
  landing: 0.06548604881390929
  view-data: 0.25209191208705306
