times:
  edit-metadata: 2.2296945843845606
  landing: 0.020885443314909935
  view-data: 0.12822489440441132
