times:
  edit-metadata: 2.437548343092203
  landing: 0.019849365577101707
  view-data: 0.14475044049322605
