times:
  edit-metadata: 2.2932372111827135
  landing: 0.09805520810186863
  view-data: 0.13820889964699745
