times:
  edit-metadata: 2.6205916479229927
  landing: 0.16639554500579834
  view-data: 0.35435526072978973
