times:
  edit-metadata: 2.1510024033486843
  landing: 0.018115777522325516
  view-data: 0.15034925751388073
