times:
  edit-metadata: 1.2716613677330315
  landing: 0.05318590300157666
  view-data: 0.24377872701734304
