times:
  edit-metadata: 2.2157329469919205
  landing: 0.02239752747118473
  view-data: 0.023204166442155838
