times:
  edit-metadata: 3.1354398177936673
  landing: 0.4253456713631749
  view-data: 0.22297863755375147
