times:
  edit-metadata: 2.485257677733898
  landing: 0.020352927967905998
  view-data: 0.2954287827014923
