times:
  edit-metadata: 2.843078264966607
  landing: 0.021682405844330788
  view-data: 0.025883570313453674
