times:
  edit-metadata: 2.1054723346605897
  landing: 0.23449166771024466
  view-data: 0.028012720867991447
