times:
  edit-metadata: 2.243082081899047
  landing: 0.12492680922150612
  view-data: 0.024533836171030998
