times:
  edit-metadata: 2.1717001711949706
  landing: 0.02057523839175701
  view-data: 0.026820849627256393
