times:
  edit-metadata: 1.313829415012151
  landing: 0.05842886073514819
  view-data: 0.2455097776837647
