times:
  edit-metadata: 2.175612648949027
  landing: 0.021098174154758453
  view-data: 0.45599638018757105
