times:
  edit-metadata: 2.2943845838308334
  landing: 0.02024318277835846
  view-data: 0.027515824884176254
