times:
  edit-metadata: 2.324031786993146
  landing: 0.018911171704530716
  view-data: 0.042441122233867645
