times:
  edit-metadata: 1.526367458049208
  landing: 0.046171996742486954
  view-data: 0.3578450926579535
