times:
  edit-metadata: 2.2286203503608704
  landing: 0.0226962361484766
  view-data: 0.025635799393057823
