times:
  edit-metadata: 2.3917956948280334
  landing: 0.026110194623470306
  view-data: 0.1530640795826912
