times:
  edit-metadata: 2.4020403176546097
  landing: 0.25510893389582634
  view-data: 0.0332697331905365
