times:
  edit-metadata: 1.4169967263005674
  landing: 0.06404794240370393
  view-data: 0.2539517809636891
