times:
  edit-metadata: 2.2466723825782537
  landing: 0.02307082898914814
  view-data: 0.3135488014668226
