times:
  edit-metadata: 2.252995066344738
  landing: 0.13500388525426388
  view-data: 0.13997474685311317
