times:
  edit-metadata: 2.7615813352167606
  landing: 0.22682196460664272
  view-data: 0.028140220791101456
