times:
  edit-metadata: 2.2455876879394054
  landing: 0.019373788498342037
  view-data: 0.02338363043963909
