times:
  edit-metadata: 1.5069636409170926
  landing: 0.0945410430431366
  view-data: 0.24051947100088
