times:
  edit-metadata: 2.6581903398036957
  landing: 0.2451586201786995
  view-data: 0.38140886276960373
