times:
  edit-metadata: 2.3876044899225235
  landing: 0.16169435530900955
  view-data: 0.25214544497430325
