times:
  edit-metadata: 2.6881352961063385
  landing: 0.24731952138245106
  view-data: 0.36881120689213276
