times:
  edit-metadata: 2.3817941434681416
  landing: 0.19315503165125847
  view-data: 0.02314832992851734
