times:
  edit-metadata: 2.253538928925991
  landing: 0.025402868166565895
  view-data: 0.03337589651346207
