times:
  edit-metadata: 2.487355036661029
  landing: 0.2531687580049038
  view-data: 0.396887119859457
