times:
  edit-metadata: 2.2510752361267805
  landing: 0.019589154049754143
  view-data: 0.022969890385866165
