times:
  edit-metadata: 2.1623129192739725
  landing: 0.019329750910401344
  view-data: 0.3535005934536457
