times:
  edit-metadata: 1.469733470119536
  landing: 0.09046499338001013
  view-data: 0.31153528206050396
