times:
  edit-metadata: 2.300415962934494
  landing: 0.1091691106557846
  view-data: 0.4168363641947508
