times:
  edit-metadata: 1.5472758044488728
  landing: 0.05272286105901003
  view-data: 0.29297324921935797
