times:
  edit-metadata: 1.6218272801488638
  landing: 0.060791955795139074
  view-data: 0.3904844908975065
