times:
  edit-metadata: 2.7586212046444416
  landing: 0.24040143378078938
  view-data: 0.15012034960091114
