times:
  edit-metadata: 2.1831123046576977
  landing: 0.24066237919032574
  view-data: 0.13253764994442463
