times:
  edit-metadata: 1.2550529297441244
  landing: 0.04991162568330765
  view-data: 0.2482158374041319
