times:
  edit-metadata: 1.2733250940218568
  landing: 0.052472662180662155
  view-data: 0.24872628692537546
