times:
  edit-metadata: 1.5525056249462068
  landing: 0.07676311582326889
  view-data: 0.3295207633636892
