times:
  edit-metadata: 4.204927465994842
  landing: 0.4796658419945743
  view-data: 0.4519015150144696
