times:
  edit-metadata: 2.2344769332557917
  landing: 0.02272343821823597
  view-data: 0.026060767471790314
