times:
  edit-metadata: 2.332456151023507
  landing: 0.2400399800390005
  view-data: 0.12415935099124908
