times:
  edit-metadata: 2.1919501032680273
  landing: 0.01962716318666935
  view-data: 0.13578622043132782
