times:
  edit-metadata: 2.793442373163998
  landing: 0.1442870805040002
  view-data: 0.370788442902267
