times:
  edit-metadata: 2.138841127976775
  landing: 0.0937050599604845
  view-data: 0.12347892299294472
