times:
  edit-metadata: 2.3565198350697756
  landing: 0.20851329527795315
  view-data: 0.1419038586318493
