times:
  edit-metadata: 1.5080501977354288
  landing: 0.05713893938809633
  view-data: 0.39042216818779707
