times:
  edit-metadata: 2.0993700670078397
  landing: 0.020424174144864082
  view-data: 0.025554818101227283
