times:
  edit-metadata: 2.2296301424503326
  landing: 0.020128250122070312
  view-data: 0.02376881241798401
