times:
  edit-metadata: 2.3905428927391768
  landing: 0.021538782864809036
  view-data: 0.0256218109279871
