times:
  edit-metadata: 2.1698613483458757
  landing: 0.12194759026169777
  view-data: 0.028419608250260353
