times:
  edit-metadata: 1.884094227105379
  landing: 0.13534271158277988
  view-data: 0.026056436821818352
