times:
  edit-metadata: 2.3029995765537024
  landing: 0.020695680752396584
  view-data: 0.1503111980855465
