times:
  edit-metadata: 1.9110297616571188
  landing: 0.019631383940577507
  view-data: 0.026283450424671173
