times:
  edit-metadata: 2.1580120269209146
  landing: 0.02208222821354866
  view-data: 0.02567354403436184
