times:
  edit-metadata: 1.9440395701676607
  landing: 0.13121620379388332
  view-data: 0.12577914632856846
