times:
  edit-metadata: 3.148567659780383
  landing: 0.19790985248982906
  view-data: 0.5996968485414982
