times:
  edit-metadata: 1.8570528738200665
  landing: 0.02192479744553566
  view-data: 0.025680053047835827
