times:
  edit-metadata: 2.250395493581891
  landing: 0.05119059979915619
  view-data: 0.2008654773235321
