times:
  edit-metadata: 1.9711116701364517
  landing: 0.02292807213962078
  view-data: 0.02533579431474209
