times:
  edit-metadata: 2.0113322231918573
  landing: 0.14081914350390434
  view-data: 0.3938679341226816
