times:
  edit-metadata: 1.8939368519932032
  landing: 0.14382355473935604
  view-data: 0.27505766972899437
