times:
  edit-metadata: 1.0041885827668011
  landing: 0.04435240291059017
  view-data: 0.23361587710678577
