times:
  edit-metadata: 1.0604093768633902
  landing: 0.0923092351295054
  view-data: 0.2424404351040721
