times:
  edit-metadata: 1.209015743341297
  landing: 0.07490554079413414
  view-data: 0.23502075299620628
