times:
  edit-metadata: 1.9363050404936075
  landing: 0.2204267829656601
  view-data: 0.12524674274027348
