times:
  edit-metadata: 1.9211814552545547
  landing: 0.02006649225950241
  view-data: 0.1229903232306242
