times:
  edit-metadata: 1.858377331867814
  landing: 0.1172447195276618
  view-data: 0.12762035988271236
