times:
  edit-metadata: 0.9876819369383156
  landing: 0.04475864442065358
  view-data: 0.24639048893004656
