times:
  edit-metadata: 1.8673082953318954
  landing: 0.020286242477595806
  view-data: 0.024215465411543846
