times:
  edit-metadata: 2.392667382955551
  landing: 0.2768498361110687
  view-data: 0.4226879831403494
