times:
  edit-metadata: 1.9102573599666357
  landing: 0.022301264107227325
  view-data: 0.02804209291934967
