times:
  edit-metadata: 1.9305009711533785
  landing: 0.021684106439352036
  view-data: 0.027327097952365875
