times:
  edit-metadata: 2.056548099964857
  landing: 0.19689800031483173
  view-data: 0.3263256158679724
