times:
  edit-metadata: 1.982364660128951
  landing: 0.019527433440089226
  view-data: 0.02302425540983677
