times:
  edit-metadata: 2.1842846795916557
  landing: 0.28472844883799553
  view-data: 0.4831800628453493
