times:
  edit-metadata: 1.9471108242869377
  landing: 0.019997837021946907
  view-data: 0.02574019879102707
