times:
  edit-metadata: 1.9277845080941916
  landing: 0.23801016807556152
  view-data: 0.29133722372353077
