times:
  edit-metadata: 2.5828671492636204
  landing: 0.02878149040043354
  view-data: 0.05724672041833401
