times:
  edit-metadata: 1.8508183173835278
  landing: 0.019512023776769638
  view-data: 0.10290997847914696
