times:
  edit-metadata: 1.9515418000519276
  landing: 0.020641878247261047
  view-data: 0.27931211329996586
