times:
  edit-metadata: 1.873783141374588
  landing: 0.022293835878372192
  view-data: 0.10139182396233082
