times:
  edit-metadata: 1.9872070476412773
  landing: 0.11710640788078308
  view-data: 0.02449626661837101
