times:
  edit-metadata: 2.0178007278591394
  landing: 0.022717760875821114
  view-data: 0.026113590225577354
