times:
  edit-metadata: 2.260915581136942
  landing: 0.15063094720244408
  view-data: 0.4153504353016615
