times:
  edit-metadata: 2.0219961423426867
  landing: 0.19115155190229416
  view-data: 0.12836254201829433
