times:
  edit-metadata: 2.006219131872058
  landing: 0.021202942356467247
  view-data: 0.12063270062208176
