times:
  edit-metadata: 1.1523806932382286
  landing: 0.10196420177817345
  view-data: 0.23518529906868935
