times:
  edit-metadata: 2.01021777279675
  landing: 0.019288187846541405
  view-data: 0.02359040454030037
