times:
  edit-metadata: 1.2821330991573632
  landing: 0.045747917145490646
  view-data: 0.3132042340002954
