times:
  edit-metadata: 2.203715104609728
  landing: 0.21318183653056622
  view-data: 0.3716943506151438
