times:
  edit-metadata: 2.1725946571677923
  landing: 0.12152429111301899
  view-data: 0.027141541242599487
