times:
  edit-metadata: 1.9505252540111542
  landing: 0.09894498437643051
  view-data: 0.13108850456774235
