times:
  edit-metadata: 1.9655513232573867
  landing: 0.14631302002817392
  view-data: 0.41615366749465466
