times:
  edit-metadata: 1.9063412267714739
  landing: 0.019507471472024918
  view-data: 0.027444781735539436
