times:
  edit-metadata: 1.8625314636155963
  landing: 0.019451113417744637
  view-data: 0.11554643139243126
