times:
  edit-metadata: 1.997450690716505
  landing: 0.021363811567425728
  view-data: 0.14246021583676338
