times:
  edit-metadata: 2.000050488859415
  landing: 0.09320770390331745
  view-data: 0.3694386426359415
