times:
  edit-metadata: 1.9115731678903103
  landing: 0.021965268068015575
  view-data: 0.027342889457941055
