times:
  edit-metadata: 1.860027875751257
  landing: 0.021928420290350914
  view-data: 0.02521294541656971
