times:
  edit-metadata: 1.9127980582416058
  landing: 0.02187054418027401
  view-data: 0.02507077157497406
