times:
  edit-metadata: 0.9640071392059326
  landing: 0.047602355014532804
  view-data: 0.23656718200072646
