times:
  edit-metadata: 1.8818359076976776
  landing: 0.1397337969392538
  view-data: 0.026861516758799553
