times:
  edit-metadata: 2.1778994388878345
  landing: 0.021604787558317184
  view-data: 0.025350555777549744
