times:
  edit-metadata: 0.9851817097514868
  landing: 0.045617678202688694
  view-data: 0.2345916237682104
