times:
  edit-metadata: 1.9623116571456194
  landing: 0.12182648479938507
  view-data: 0.1422360446304083
