times:
  edit-metadata: 1.9248712603002787
  landing: 0.13752729631960392
  view-data: 0.0233274158090353
