times:
  edit-metadata: 1.9721382204443216
  landing: 0.21099060587584972
  view-data: 0.02615927904844284
