times:
  edit-metadata: 1.0610396200791001
  landing: 0.06553365290164948
  view-data: 0.23644378827884793
