times:
  edit-metadata: 1.870077596977353
  landing: 0.018772329203784466
  view-data: 0.022229980677366257
