times:
  edit-metadata: 1.9799233507364988
  landing: 0.021546609699726105
  view-data: 0.28311620093882084
