times:
  edit-metadata: 1.9198410287499428
  landing: 0.022536562755703926
  view-data: 0.02703429013490677
