times:
  edit-metadata: 1.9012278988957405
  landing: 0.018965914845466614
  view-data: 0.026499688625335693
