times:
  edit-metadata: 1.1120034269988537
  landing: 0.08144578197970986
  view-data: 0.25383899407461286
