times:
  edit-metadata: 2.1056730709969997
  landing: 0.11105721909552813
  view-data: 0.605756675824523
