times:
  edit-metadata: 2.517311843112111
  landing: 0.15257992409169674
  view-data: 0.42224144004285336
