times:
  edit-metadata: 2.153972413390875
  landing: 0.2035997398197651
  view-data: 0.14728128910064697
