times:
  edit-metadata: 2.4094833936542273
  landing: 0.019245419651269913
  view-data: 0.023685707710683346
