times:
  edit-metadata: 1.818807816132903
  landing: 0.11467183101922274
  view-data: 0.4902212414890528
