times:
  edit-metadata: 2.796394723467529
  landing: 0.020667295902967453
  view-data: 0.022338191978633404
