times:
  edit-metadata: 0.9665447571314871
  landing: 0.052741728723049164
  view-data: 0.23340186569839716
