times:
  edit-metadata: 2.450928144156933
  landing: 0.021715279668569565
  view-data: 0.025411000475287437
