times:
  edit-metadata: 1.2385573382489383
  landing: 0.042957534082233906
  view-data: 0.22315018996596336
