times:
  edit-metadata: 2.015113160945475
  landing: 0.13208640553057194
  view-data: 0.48101649060845375
