times:
  edit-metadata: 1.944879462942481
  landing: 0.1909839492291212
  view-data: 0.025188609957695007
