times:
  edit-metadata: 2.5148594733327627
  landing: 0.04602082073688507
  view-data: 0.023487902246415615
