times:
  edit-metadata: 2.0556676276028156
  landing: 0.021250328049063683
  view-data: 0.02308526635169983
