times:
  edit-metadata: 2.096620025113225
  landing: 0.215327437967062
  view-data: 0.2731082495301962
