times:
  edit-metadata: 1.2554124630987644
  landing: 0.13671984383836389
  view-data: 0.30278080282732844
