times:
  edit-metadata: 1.8748182021081448
  landing: 0.12030997313559055
  view-data: 0.025305520743131638
