times:
  edit-metadata: 1.1851134928874671
  landing: 0.0509439567103982
  view-data: 0.2398767569102347
