times:
  edit-metadata: 1.4095022142864764
  landing: 0.16460125986486673
  view-data: 0.23496439680457115
