times:
  edit-metadata: 2.2024477403610945
  landing: 0.16443508863449097
  view-data: 0.3506551757454872
