times:
  edit-metadata: 1.9081050278618932
  landing: 0.01938965730369091
  view-data: 0.4557802192866802
