times:
  edit-metadata: 1.8483153274282813
  landing: 0.2050492763519287
  view-data: 0.14370333775877953
