times:
  edit-metadata: 2.1566761657595634
  landing: 0.15622795931994915
  view-data: 0.031645696610212326
