times:
  edit-metadata: 1.9680032897740602
  landing: 0.0219444390386343
  view-data: 0.023412784561514854
