times:
  edit-metadata: 2.671517550945282
  landing: 0.440716153010726
  view-data: 0.06122260354459286
