times:
  edit-metadata: 1.8786494052037597
  landing: 0.023199183866381645
  view-data: 0.02372866589576006
