times:
  edit-metadata: 1.0000468627549708
  landing: 0.044663989916443825
  view-data: 0.24760193098336458
