times:
  edit-metadata: 1.985016854479909
  landing: 0.021991536021232605
  view-data: 0.1250763200223446
