times:
  edit-metadata: 1.121646692045033
  landing: 0.04521963559091091
  view-data: 0.2446446930989623
