times:
  edit-metadata: 1.8845913223922253
  landing: 0.02081085555255413
  view-data: 0.02383832074701786
