times:
  edit-metadata: 2.1668844874948263
  landing: 0.26531316339969635
  view-data: 0.13438802771270275
