times:
  edit-metadata: 1.896239859983325
  landing: 0.021685423329472542
  view-data: 0.10456995293498039
