times:
  edit-metadata: 1.931173681281507
  landing: 0.21424894873052835
  view-data: 0.12486029416322708
