times:
  edit-metadata: 2.389413272961974
  landing: 0.22976087592542171
  view-data: 0.15408897958695889
