times:
  edit-metadata: 2.5345628783106804
  landing: 0.15638295374810696
  view-data: 0.423464372754097
