times:
  edit-metadata: 0.9728131550364196
  landing: 0.05436417879536748
  view-data: 0.23821134911850095
