times:
  edit-metadata: 2.3436822425574064
  landing: 0.01892113033682108
  view-data: 0.05121577624231577
