times:
  edit-metadata: 1.955260319635272
  landing: 0.24025979172438383
  view-data: 0.2925441972911358
