times:
  edit-metadata: 2.2106906473636627
  landing: 0.021316498517990112
  view-data: 0.47966693714261055
