times:
  edit-metadata: 2.1667779311537743
  landing: 0.022599637508392334
  view-data: 0.02629242278635502
