times:
  edit-metadata: 1.9627235792577267
  landing: 0.01775570586323738
  view-data: 0.023862048983573914
