times:
  edit-metadata: 1.9095145594328642
  landing: 0.13631759770214558
  view-data: 0.023538311943411827
