times:
  edit-metadata: 1.999669561162591
  landing: 0.022102195769548416
  view-data: 0.11355471052229404
