times:
  edit-metadata: 1.9636944681406021
  landing: 0.17075610905885696
  view-data: 0.3508697673678398
