times:
  edit-metadata: 1.972732625901699
  landing: 0.021805178374052048
  view-data: 0.13689317554235458
