times:
  edit-metadata: 1.1042796182446182
  landing: 0.04801543103531003
  view-data: 0.3772831871174276
