times:
  edit-metadata: 2.086533719673753
  landing: 0.026065228506922722
  view-data: 0.10261966101825237
