times:
  edit-metadata: 2.212538717314601
  landing: 0.28507766500115395
  view-data: 0.37358920834958553
