times:
  edit-metadata: 2.330610351637006
  landing: 0.22020087949931622
  view-data: 0.4215406570583582
