times:
  edit-metadata: 2.032226536422968
  landing: 0.01977287232875824
  view-data: 0.327559320256114
