times:
  edit-metadata: 1.1358994860202074
  landing: 0.042792928870767355
  view-data: 0.2292428850196302
