times:
  edit-metadata: 1.1603177697397768
  landing: 0.11658892501145601
  view-data: 0.33091231994330883
