times:
  edit-metadata: 2.1872144797816873
  landing: 0.3454218227416277
  view-data: 0.17118776310235262
