times:
  edit-metadata: 1.8500715931877494
  landing: 0.1329707559198141
  view-data: 0.0232921801507473
