times:
  edit-metadata: 1.2232463601976633
  landing: 0.0996836731210351
  view-data: 0.3450012067332864
