times:
  edit-metadata: 2.382196931168437
  landing: 0.29874279350042343
  view-data: 0.16053702495992184
