times:
  edit-metadata: 2.425066690891981
  landing: 0.252584857866168
  view-data: 0.36724104546010494
