times:
  edit-metadata: 1.9843955636024475
  landing: 0.12241027131676674
  view-data: 0.027536852285265923
