times:
  edit-metadata: 2.0420862585306168
  landing: 0.1316173281520605
  view-data: 0.3722539097070694
