times:
  edit-metadata: 1.9214260019361973
  landing: 0.0199333056807518
  view-data: 0.30993520841002464
