times:
  edit-metadata: 2.170160610228777
  landing: 0.1521578785032034
  view-data: 0.029136739671230316
