times:
  edit-metadata: 2.3496591821312904
  landing: 0.2693941295146942
  view-data: 0.1490111891180277
