times:
  edit-metadata: 1.970163680613041
  landing: 0.024282215163111687
  view-data: 0.022412538528442383
