times:
  edit-metadata: 1.8994370624423027
  landing: 0.01924114115536213
  view-data: 0.023093445226550102
