times:
  edit-metadata: 2.206577243283391
  landing: 0.18308263085782528
  view-data: 0.4332468993961811
