times:
  edit-metadata: 1.2851648358628154
  landing: 0.07121917000040412
  view-data: 0.34606813825666904
