times:
  edit-metadata: 1.9298965139314532
  landing: 0.2302447035908699
  view-data: 0.024534388445317745
