times:
  edit-metadata: 2.988574417307973
  landing: 0.023837057873606682
  view-data: 0.3044051043689251
