times:
  edit-metadata: 1.880898304283619
  landing: 0.022075136192142963
  view-data: 0.028798652812838554
