times:
  edit-metadata: 2.221507402136922
  landing: 0.20584738813340664
  view-data: 0.025210052728652954
