times:
  edit-metadata: 2.1770689990371466
  landing: 0.2830749209970236
  view-data: 0.3430009949952364
