times:
  edit-metadata: 1.3059298880398273
  landing: 0.04080042615532875
  view-data: 0.3600064110942185
