times:
  edit-metadata: 2.2728728130459785
  landing: 0.41583445481956005
  view-data: 0.1369757354259491
