times:
  edit-metadata: 1.174546399153769
  landing: 0.04086836101487279
  view-data: 0.2522001420147717
