times:
  edit-metadata: 1.901800686493516
  landing: 0.22370918933302164
  view-data: 0.245347342453897
