times:
  edit-metadata: 2.0425374815240502
  landing: 0.01815322507172823
  view-data: 0.023136340081691742
