times:
  edit-metadata: 1.9042204357683659
  landing: 0.11707925237715244
  view-data: 0.10635195672512054
