times:
  edit-metadata: 1.8429434699937701
  landing: 0.01989120803773403
  view-data: 0.3975645825266838
