times:
  edit-metadata: 1.9684186279773712
  landing: 0.12860218156129122
  view-data: 0.23624479304999113
