times:
  edit-metadata: 2.2667233422398567
  landing: 0.15965919382870197
  view-data: 0.1390489861369133
