times:
  edit-metadata: 1.892068475484848
  landing: 0.02971065230667591
  view-data: 0.02796471305191517
