times:
  edit-metadata: 2.0540626011788845
  landing: 0.24701803550124168
  view-data: 0.3237575888633728
