times:
  edit-metadata: 1.9210749063640833
  landing: 0.2176729217171669
  view-data: 0.02371492236852646
