times:
  edit-metadata: 2.0200157798826694
  landing: 0.13127046264708042
  view-data: 0.026006104424595833
