times:
  edit-metadata: 2.112557288259268
  landing: 0.021090205758810043
  view-data: 0.18039917945861816
