times:
  edit-metadata: 1.9691795893013477
  landing: 0.02204272896051407
  view-data: 0.026953598484396935
