times:
  edit-metadata: 2.144602805376053
  landing: 0.01830809935927391
  view-data: 0.15857250429689884
