times:
  edit-metadata: 1.9869480319321156
  landing: 0.05096753127872944
  view-data: 0.3263001963496208
