times:
  edit-metadata: 2.388880554586649
  landing: 0.02174283005297184
  view-data: 0.13444011472165585
