times:
  edit-metadata: 2.1621264796704054
  landing: 0.023680780082941055
  view-data: 0.025644315406680107
