times:
  edit-metadata: 2.08567201718688
  landing: 0.30824789963662624
  view-data: 0.39966381900012493
