times:
  edit-metadata: 0.9671989167109132
  landing: 0.05172452889382839
  view-data: 0.23422206612303853
