times:
  edit-metadata: 2.3918862361460924
  landing: 0.16798818670213223
  view-data: 0.03354588523507118
