times:
  edit-metadata: 1.986479946412146
  landing: 0.13023483846336603
  view-data: 0.4210477266460657
