times:
  edit-metadata: 1.911768451333046
  landing: 0.023855511099100113
  view-data: 0.02568604238331318
