times:
  edit-metadata: 1.926341723650694
  landing: 0.02175467275083065
  view-data: 0.026552652940154076
