times:
  edit-metadata: 1.9938803743571043
  landing: 0.19323214329779148
  view-data: 0.025953633710741997
