times:
  edit-metadata: 1.9237444661557674
  landing: 0.1189419012516737
  view-data: 0.1295518409460783
