times:
  edit-metadata: 2.190164092928171
  landing: 0.26171356067061424
  view-data: 0.14816414937376976
