times:
  edit-metadata: 2.0643151700496674
  landing: 0.020018629729747772
  view-data: 0.308991776779294
