times:
  edit-metadata: 1.1557759046554565
  landing: 0.09262974001467228
  view-data: 0.24059633910655975
