times:
  edit-metadata: 3.0342089780024253
  landing: 0.12751357498927973
  view-data: 0.49640022800303996
