times:
  edit-metadata: 2.0523921120911837
  landing: 0.1204561572521925
  view-data: 0.10457422025501728
