times:
  edit-metadata: 2.82400918379426
  landing: 0.24394145049154758
  view-data: 0.16802496649324894
