times:
  edit-metadata: 2.007444255053997
  landing: 0.298428263515234
  view-data: 0.4441056605428457
