times:
  edit-metadata: 1.9932933989912271
  landing: 0.23806525021791458
  view-data: 0.10484074242413044
