times:
  edit-metadata: 0.788069155998528
  landing: 0.043349266052246094
  view-data: 0.32370190089568496
