times:
  edit-metadata: 2.09460661187768
  landing: 0.20182583294808865
  view-data: 0.03139575198292732
