times:
  edit-metadata: 1.5693964641541243
  landing: 0.020451756194233894
  view-data: 0.12623872980475426
