times:
  edit-metadata: 0.7495397920720279
  landing: 0.06553446408361197
  view-data: 0.23260283330455422
