times:
  edit-metadata: 1.660413270816207
  landing: 0.19652356766164303
  view-data: 0.02365013398230076
