times:
  edit-metadata: 1.8299336917698383
  landing: 0.02145608700811863
  view-data: 0.026500452309846878
