times:
  edit-metadata: 1.6766747487708926
  landing: 0.13567641098052263
  view-data: 0.2217029919847846
