times:
  edit-metadata: 1.6955961659550667
  landing: 0.1482986882328987
  view-data: 0.025855567306280136
