times:
  edit-metadata: 0.8046610779128969
  landing: 0.09676633635535836
  view-data: 0.21196402609348297
