times:
  edit-metadata: 1.793147761374712
  landing: 0.2369121704250574
  view-data: 0.2959793359041214
