times:
  edit-metadata: 1.6972694341093302
  landing: 0.02097269520163536
  view-data: 0.3393675107508898
