times:
  edit-metadata: 1.9777553994208574
  landing: 0.1454190220683813
  view-data: 0.2891862280666828
