times:
  edit-metadata: 1.5781276458874345
  landing: 0.02231769636273384
  view-data: 0.21810617670416832
