times:
  edit-metadata: 0.6892802687361836
  landing: 0.07560895569622517
  view-data: 0.219350874889642
