times:
  edit-metadata: 2.0560245607048273
  landing: 0.19657143577933311
  view-data: 0.339346332475543
