times:
  edit-metadata: 2.0067965127527714
  landing: 0.22624419443309307
  view-data: 0.13568181917071342
