times:
  edit-metadata: 1.634757710620761
  landing: 0.021687287837266922
  view-data: 0.03198163956403732
