times:
  edit-metadata: 1.545387027785182
  landing: 0.12868554797023535
  view-data: 0.02475873287767172
