times:
  edit-metadata: 1.5470588877797127
  landing: 0.02142165694385767
  view-data: 0.13339860457926989
