times:
  edit-metadata: 1.5662928139790893
  landing: 0.1608072929084301
  view-data: 0.022940242663025856
