times:
  edit-metadata: 1.6054497715085745
  landing: 0.020692819729447365
  view-data: 0.13996313139796257
