times:
  edit-metadata: 1.5741644660010934
  landing: 0.1626772480085492
  view-data: 0.36649367958307266
