times:
  edit-metadata: 1.6460823770612478
  landing: 0.02234785258769989
  view-data: 0.1046063769608736
