times:
  edit-metadata: 2.0035286489874125
  landing: 0.3121476490050554
  view-data: 0.31774719804525375
