times:
  edit-metadata: 1.6020061746239662
  landing: 0.01883040741086006
  view-data: 0.026149654760956764
