times:
  edit-metadata: 2.118519271723926
  landing: 0.01954038441181183
  view-data: 0.14993110485374928
