times:
  edit-metadata: 1.7351352721452713
  landing: 0.2803278025239706
  view-data: 0.14828819409012794
