times:
  edit-metadata: 1.6889488901942968
  landing: 0.13099404983222485
  view-data: 0.127154054120183
