times:
  edit-metadata: 1.8714349083602428
  landing: 0.15097824297845364
  view-data: 0.4128130543977022
