times:
  edit-metadata: 1.5494360206648707
  landing: 0.022872147150337696
  view-data: 0.4735561963170767
