times:
  edit-metadata: 1.608379164710641
  landing: 0.021925467997789383
  view-data: 0.31807487085461617
