times:
  edit-metadata: 1.7340878993272781
  landing: 0.019329462200403214
  view-data: 0.1526362169533968
