times:
  edit-metadata: 2.4335988629609346
  landing: 0.36128484457731247
  view-data: 0.5606263168156147
