times:
  edit-metadata: 1.6240818183869123
  landing: 0.02052893675863743
  view-data: 0.02757025696337223
