times:
  edit-metadata: 1.0701708761043847
  landing: 0.1452813856303692
  view-data: 0.25020990986377
