times:
  edit-metadata: 1.629558363929391
  landing: 0.02149944193661213
  view-data: 0.2903531789779663
