times:
  edit-metadata: 1.9200960379093885
  landing: 0.18707921914756298
  view-data: 0.17044219188392162
