times:
  edit-metadata: 1.860988363623619
  landing: 0.2530144974589348
  view-data: 0.17993834614753723
