times:
  edit-metadata: 1.6462137922644615
  landing: 0.257353194989264
  view-data: 0.4900510171428323
