times:
  edit-metadata: 1.6130887381732464
  landing: 0.018820304423570633
  view-data: 0.02295166254043579
