times:
  edit-metadata: 1.498954001814127
  landing: 0.02134198509156704
  view-data: 0.12680681981146336
