times:
  edit-metadata: 1.7502595353871584
  landing: 0.15207968279719353
  view-data: 0.044726308435201645
