times:
  edit-metadata: 1.647138575091958
  landing: 0.021098174154758453
  view-data: 0.02845712937414646
