times:
  edit-metadata: 1.7890307772904634
  landing: 0.15531543642282486
  view-data: 0.3376559801399708
