times:
  edit-metadata: 1.8253312036395073
  landing: 0.0223359614610672
  view-data: 0.3425873015075922
