times:
  edit-metadata: 1.600763252004981
  landing: 0.018776224926114082
  view-data: 0.024796361103653908
