times:
  edit-metadata: 1.5333534982055426
  landing: 0.21151023544371128
  view-data: 0.02498929388821125
