times:
  edit-metadata: 1.945876594632864
  landing: 0.022832496091723442
  view-data: 0.3764764815568924
