times:
  edit-metadata: 1.6206452082842588
  landing: 0.20290427096188068
  view-data: 0.024477608501911163
