times:
  edit-metadata: 1.5587248094379902
  landing: 0.13747250009328127
  view-data: 0.4738849261775613
