times:
  edit-metadata: 1.5536288432776928
  landing: 0.1074958834797144
  view-data: 0.025839703157544136
