times:
  edit-metadata: 1.7901247628033161
  landing: 0.14762812666594982
  view-data: 0.45616784878075123
