times:
  edit-metadata: 0.6715150191448629
  landing: 0.08003854379057884
  view-data: 0.23510063299909234
