times:
  edit-metadata: 1.6523625012487173
  landing: 0.11809352971613407
  view-data: 0.3121708147227764
