times:
  edit-metadata: 1.8566235341131687
  landing: 0.18243772350251675
  view-data: 0.4394829161465168
