times:
  edit-metadata: 0.7296141879633069
  landing: 0.05923521611839533
  view-data: 0.21598798921331763
