times:
  edit-metadata: 1.6266144588589668
  landing: 0.01921217516064644
  view-data: 0.0223504938185215
