times:
  edit-metadata: 0.9727728590369225
  landing: 0.11413748096674681
  view-data: 0.27579307509586215
