times:
  edit-metadata: 1.5351751372218132
  landing: 0.01974957436323166
  view-data: 0.02295856922864914
