times:
  edit-metadata: 1.712961645796895
  landing: 0.20640015974640846
  view-data: 0.3123346846550703
