times:
  edit-metadata: 1.7354506999254227
  landing: 0.2553266528993845
  view-data: 0.3623865880072117
