times:
  edit-metadata: 1.772489758208394
  landing: 0.023506004363298416
  view-data: 0.1256045177578926
