times:
  edit-metadata: 1.7025006022304296
  landing: 0.02185279317200184
  view-data: 0.02626447193324566
