times:
  edit-metadata: 1.6067053247243166
  landing: 0.022741584107279778
  view-data: 0.02820289134979248
