times:
  edit-metadata: 0.7778411386534572
  landing: 0.1099127852357924
  view-data: 0.23003263492137194
