times:
  edit-metadata: 2.0392027497291565
  landing: 0.025607040151953697
  view-data: 0.33248839527368546
