times:
  edit-metadata: 1.626340207643807
  landing: 0.11745798494666815
  view-data: 0.03183551877737045
