times:
  edit-metadata: 0.6792537262663245
  landing: 0.08751841075718403
  view-data: 0.2252303659915924
