times:
  edit-metadata: 0.9413481866940856
  landing: 0.13418537005782127
  view-data: 0.3124881559051573
