times:
  edit-metadata: 0.6555308760143816
  landing: 0.05728538706898689
  view-data: 0.23565193871036172
