times:
  edit-metadata: 1.5277136182412505
  landing: 0.13227177411317825
  view-data: 0.23931542318314314
