times:
  edit-metadata: 0.934272414073348
  landing: 0.06318457005545497
  view-data: 0.3103080727159977
