times:
  edit-metadata: 1.577916281297803
  landing: 0.24572544172406197
  view-data: 0.02405950427055359
