times:
  edit-metadata: 1.6560241151601076
  landing: 0.024026863276958466
  view-data: 0.12591504864394665
