times:
  edit-metadata: 1.5980622731149197
  landing: 0.12192319892346859
  view-data: 0.11919981613755226
