times:
  edit-metadata: 1.553772248327732
  landing: 0.1324727013707161
  view-data: 0.1261519342660904
