times:
  edit-metadata: 0.8561126450076699
  landing: 0.06420299923047423
  view-data: 0.21633289428427815
