times:
  edit-metadata: 0.6907559735700488
  landing: 0.07482105400413275
  view-data: 0.23989166924729943
