times:
  edit-metadata: 2.0132962353527546
  landing: 0.2574713956564665
  view-data: 0.3761064484715462
