times:
  edit-metadata: 1.6639248337596655
  landing: 0.1776945497840643
  view-data: 0.4658135259523988
