times:
  edit-metadata: 1.8056159745901823
  landing: 0.24929588474333286
  view-data: 0.4354837480932474
