times:
  edit-metadata: 2.0999896563589573
  landing: 0.032253626734018326
  view-data: 0.15778912976384163
