times:
  edit-metadata: 0.9238321757875383
  landing: 0.056749402079731226
  view-data: 0.31862457003444433
