times:
  edit-metadata: 1.691547431051731
  landing: 0.02104349620640278
  view-data: 0.027291297912597656
