times:
  edit-metadata: 1.586243238300085
  landing: 0.018512163311243057
  view-data: 0.025311976671218872
