times:
  edit-metadata: 1.6157486476004124
  landing: 0.04793951287865639
  view-data: 0.12120186910033226
