times:
  edit-metadata: 1.579933937638998
  landing: 0.020324177108705044
  view-data: 0.12612367048859596
