times:
  edit-metadata: 1.5660296883434057
  landing: 0.021685536950826645
  view-data: 0.5028888862580061
