times:
  edit-metadata: 0.7588469181209803
  landing: 0.0608024257235229
  view-data: 0.20933065982535481
