times:
  edit-metadata: 1.6303969770669937
  landing: 0.20417308434844017
  view-data: 0.22508329711854458
