times:
  edit-metadata: 1.8209925759583712
  landing: 0.022069832310080528
  view-data: 0.02448021061718464
