times:
  edit-metadata: 1.612956179305911
  landing: 0.02168312296271324
  view-data: 0.025672663003206253
