times:
  edit-metadata: 1.5191769246011972
  landing: 0.022319894284009933
  view-data: 0.31239685229957104
