times:
  edit-metadata: 1.5349237034097314
  landing: 0.019081413745880127
  view-data: 0.026235521771013737
