times:
  edit-metadata: 0.7488741888664663
  landing: 0.07808200083673
  view-data: 0.21831344300881028
