times:
  edit-metadata: 1.6479446329176426
  landing: 0.02185923233628273
  view-data: 0.026356523856520653
