times:
  edit-metadata: 1.528204146772623
  landing: 0.020443323999643326
  view-data: 0.0268148984760046
