times:
  edit-metadata: 1.6065719509497285
  landing: 0.1971185589209199
  view-data: 0.14357486832886934
