times:
  edit-metadata: 1.897665897384286
  landing: 0.2101740874350071
  view-data: 0.159991892054677
