times:
  edit-metadata: 2.422596450895071
  landing: 0.02170836366713047
  view-data: 0.35841260850429535
