times:
  edit-metadata: 1.9250238565728068
  landing: 0.12420571316033602
  view-data: 0.029758814722299576
