times:
  edit-metadata: 1.6062221676111221
  landing: 0.020274125039577484
  view-data: 0.11999049782752991
