times:
  edit-metadata: 1.5583540722727776
  landing: 0.01936660334467888
  view-data: 0.31590195931494236
