times:
  edit-metadata: 0.772872484754771
  landing: 0.13979990826919675
  view-data: 0.2626259042881429
