times:
  edit-metadata: 1.7477234229445457
  landing: 0.02188226953148842
  view-data: 0.13374415040016174
