times:
  edit-metadata: 1.7298627514392138
  landing: 0.28483533672988415
  view-data: 0.4131535943597555
