times:
  edit-metadata: 1.549835355952382
  landing: 0.14351516030728817
  view-data: 0.10794771835207939
