times:
  edit-metadata: 1.7605736665427685
  landing: 0.050208643078804016
  view-data: 0.25197322852909565
