times:
  edit-metadata: 2.011017944663763
  landing: 0.2341825794428587
  view-data: 0.16838322766125202
