times:
  edit-metadata: 1.563751818612218
  landing: 0.021328207105398178
  view-data: 0.12424710020422935
