times:
  edit-metadata: 1.707676112651825
  landing: 0.28852696903049946
  view-data: 0.1559227779507637
