times:
  edit-metadata: 1.684061100706458
  landing: 0.028332332149147987
  view-data: 0.28119887225329876
