times:
  edit-metadata: 1.552234584465623
  landing: 0.019760077819228172
  view-data: 0.02750842459499836
