times:
  edit-metadata: 1.5779009945690632
  landing: 0.021329160779714584
  view-data: 0.027775337919592857
