times:
  edit-metadata: 1.5482022920623422
  landing: 0.019604509696364403
  view-data: 0.026996109634637833
