times:
  edit-metadata: 1.7746934089809656
  landing: 0.11927643418312073
  view-data: 0.1376514956355095
