times:
  edit-metadata: 1.541028454899788
  landing: 0.021623654291033745
  view-data: 0.2961781807243824
