times:
  edit-metadata: 1.8484851978719234
  landing: 0.02110450714826584
  view-data: 0.42235433869063854
