times:
  edit-metadata: 0.7775615938007832
  landing: 0.0777672273106873
  view-data: 0.32571779610589147
