times:
  edit-metadata: 1.7080484051257372
  landing: 0.19134816899895668
  view-data: 0.34462391398847103
