times:
  edit-metadata: 0.6988402679562569
  landing: 0.07867317600175738
  view-data: 0.22468354972079396
