times:
  edit-metadata: 2.342044996097684
  landing: 0.39885745383799076
  view-data: 0.1940364446491003
