times:
  edit-metadata: 0.8921632491983473
  landing: 0.1032678228802979
  view-data: 0.278823756147176
