times:
  edit-metadata: 1.5641932412981987
  landing: 0.018712470307946205
  view-data: 0.024310603737831116
