times:
  edit-metadata: 0.8578272070735693
  landing: 0.16083247493952513
  view-data: 0.33844567416235805
