times:
  edit-metadata: 1.5668783839792013
  landing: 0.021580848842859268
  view-data: 0.13480474799871445
