times:
  edit-metadata: 1.4956600088626146
  landing: 0.02115771919488907
  view-data: 0.024236928671598434
