times:
  edit-metadata: 1.782723581418395
  landing: 0.18123282305896282
  view-data: 0.02649586647748947
