times:
  edit-metadata: 1.568887927569449
  landing: 0.1395301567390561
  view-data: 0.3626777697354555
