times:
  edit-metadata: 1.6849019061774015
  landing: 0.02273375540971756
  view-data: 0.03160169534385204
