times:
  edit-metadata: 1.4765198323875666
  landing: 0.01913373824208975
  view-data: 0.04777476843446493
