times:
  edit-metadata: 1.6310250284150243
  landing: 0.19692230317741632
  view-data: 0.4145143376663327
