times:
  edit-metadata: 1.5108155477792025
  landing: 0.1501589110121131
  view-data: 0.24606543127447367
