times:
  edit-metadata: 2.1665756534785032
  landing: 0.02225600928068161
  view-data: 0.3215109631419182
