times:
  edit-metadata: 1.549056138843298
  landing: 0.13073419593274593
  view-data: 0.22363070957362652
