times:
  edit-metadata: 1.5217972118407488
  landing: 0.019762948155403137
  view-data: 0.022650016471743584
