times:
  edit-metadata: 1.9401731137186289
  landing: 0.020092081278562546
  view-data: 0.14479701220989227
