times:
  edit-metadata: 1.584527712315321
  landing: 0.12341703474521637
  view-data: 0.12231590785086155
