times:
  edit-metadata: 1.6956827342510223
  landing: 0.020518366247415543
  view-data: 0.1302279382944107
