times:
  edit-metadata: 1.7424103152006865
  landing: 0.029693815857172012
  view-data: 0.07435121387243271
