times:
  edit-metadata: 1.5909475237131119
  landing: 0.19916690699756145
  view-data: 0.3216976039111614
