times:
  edit-metadata: 1.5533923357725143
  landing: 0.12336882390081882
  view-data: 0.02449842356145382
