times:
  edit-metadata: 1.4595620455220342
  landing: 0.11194917559623718
  view-data: 0.022149640135467052
