times:
  edit-metadata: 1.613133018836379
  landing: 0.12657888233661652
  view-data: 0.02776593156158924
