times:
  edit-metadata: 1.5592407751828432
  landing: 0.020158568397164345
  view-data: 0.022782156243920326
