times:
  edit-metadata: 1.6879195664077997
  landing: 0.02328076772391796
  view-data: 0.026320748031139374
