times:
  edit-metadata: 0.7671514651738107
  landing: 0.06088698375970125
  view-data: 0.2229392067529261
