times:
  edit-metadata: 0.6927067176438868
  landing: 0.06705790804699063
  view-data: 0.2398186200298369
