times:
  edit-metadata: 1.6763782259076834
  landing: 0.14812986366450787
  view-data: 0.030781755223870277
