times:
  edit-metadata: 1.717099079862237
  landing: 0.10028514824807644
  view-data: 0.14363523945212364
