times:
  edit-metadata: 1.9346543345600367
  landing: 0.26614355482161045
  view-data: 0.2676121052354574
