times:
  edit-metadata: 1.9652995355427265
  landing: 0.02449594996869564
  view-data: 0.2280793022364378
