times:
  edit-metadata: 1.4809331772848964
  landing: 0.02047672402113676
  view-data: 0.02565657254308462
