times:
  edit-metadata: 0.8457540175877512
  landing: 0.0732419271953404
  view-data: 0.25757757993415
