times:
  edit-metadata: 1.603291241452098
  landing: 0.019380996003746986
  view-data: 0.31338702887296677
