times:
  edit-metadata: 1.7015035636723042
  landing: 0.021774519234895706
  view-data: 0.024850662797689438
