times:
  edit-metadata: 1.633126812055707
  landing: 0.18373439088463783
  view-data: 0.1221912344917655
