times:
  edit-metadata: 1.6304102949798107
  landing: 0.027055254206061363
  view-data: 0.025733582675457
