times:
  edit-metadata: 1.6805859748274088
  landing: 0.02063969150185585
  view-data: 0.3272808864712715
