times:
  edit-metadata: 1.7122727688401937
  landing: 0.019175460562109947
  view-data: 0.024084996432065964
