times:
  edit-metadata: 0.8077242700383067
  landing: 0.10051385127007961
  view-data: 0.22749512223526835
