times:
  edit-metadata: 1.608604433014989
  landing: 0.11097144335508347
  view-data: 0.13748988136649132
