times:
  edit-metadata: 1.9705162458121777
  landing: 0.20936213992536068
  view-data: 0.5068901544436812
