times:
  edit-metadata: 1.4959066519513726
  landing: 0.019261188805103302
  view-data: 0.029653580859303474
