times:
  edit-metadata: 1.9211405124515295
  landing: 0.24513026513159275
  view-data: 0.37986239418387413
