times:
  edit-metadata: 1.5955536477267742
  landing: 0.020397450774908066
  view-data: 0.3043848816305399
