times:
  edit-metadata: 2.2946405122056603
  landing: 0.1506100157275796
  view-data: 0.1413367772474885
