times:
  edit-metadata: 1.6303106062114239
  landing: 0.19076842814683914
  view-data: 0.39433154836297035
