times:
  edit-metadata: 1.4110317938029766
  landing: 0.024097200483083725
  view-data: 0.32986309938132763
