times:
  edit-metadata: 1.464804533869028
  landing: 0.019358599558472633
  view-data: 0.13770503923296928
