times:
  edit-metadata: 1.4257766120135784
  landing: 0.11596525833010674
  view-data: 0.02355842851102352
