times:
  edit-metadata: 1.573449095711112
  landing: 0.16379589214920998
  view-data: 0.058851104229688644
