times:
  edit-metadata: 1.5547958631068468
  landing: 0.13248806446790695
  view-data: 0.13462815433740616
