times:
  edit-metadata: 1.9492774903774261
  landing: 0.2620467208325863
  view-data: 0.44312637858092785
