times:
  edit-metadata: 1.5180251188576221
  landing: 0.18910037726163864
  view-data: 0.2793043479323387
