times:
  edit-metadata: 1.61463856510818
  landing: 0.1426923330873251
  view-data: 0.1680986862629652
