times:
  edit-metadata: 1.834209781140089
  landing: 0.25202825851738453
  view-data: 0.02448244020342827
