times:
  edit-metadata: 0.5347307119518518
  landing: 0.16276391176506877
  view-data: 0.2373676048591733
