times:
  edit-metadata: 0.5345070147886872
  landing: 0.06395703786984086
  view-data: 0.20548004657030106
