times:
  edit-metadata: 2.0512536875903606
  landing: 0.29700065217912197
  view-data: 0.4973984193056822
