times:
  edit-metadata: 1.3618804514408112
  landing: 0.022252485156059265
  view-data: 0.025840621441602707
