times:
  edit-metadata: 0.6644462533295155
  landing: 0.06233520619571209
  view-data: 0.2378580099903047
