times:
  edit-metadata: 0.5658004838041961
  landing: 0.06385526107624173
  view-data: 0.2578340210020542
