times:
  edit-metadata: 1.4905093684792519
  landing: 0.025659235194325447
  view-data: 0.5504325442016125
