times:
  edit-metadata: 1.4277671109884977
  landing: 0.018311813473701477
  view-data: 0.022974461317062378
