times:
  edit-metadata: 1.3560873437672853
  landing: 0.020591063424944878
  view-data: 0.027297651395201683
