times:
  edit-metadata: 1.4339007530361414
  landing: 0.12265277653932571
  view-data: 0.024716462939977646
