times:
  edit-metadata: 0.593097236007452
  landing: 0.11947066616266966
  view-data: 0.21422211918979883
