times:
  edit-metadata: 2.0790213849395514
  landing: 0.21998231299221516
  view-data: 0.3452868666499853
