times:
  edit-metadata: 1.4514700807631016
  landing: 0.14424170181155205
  view-data: 0.3772625122219324
