times:
  edit-metadata: 1.5850006770342588
  landing: 0.29861352033913136
  view-data: 0.18729447945952415
