times:
  edit-metadata: 1.3949076477438211
  landing: 0.05594085715711117
  view-data: 0.023584961891174316
