times:
  edit-metadata: 1.7153096906840801
  landing: 0.2633274160325527
  view-data: 0.38758236542344093
