times:
  edit-metadata: 1.3642441406846046
  landing: 0.21041866019368172
  view-data: 0.023247400298714638
