times:
  edit-metadata: 0.5417124847881496
  landing: 0.06320905592292547
  view-data: 0.2395418486557901
