times:
  edit-metadata: 1.4263427015393972
  landing: 0.1976155824959278
  view-data: 0.02598557434976101
