times:
  edit-metadata: 1.4442335236817598
  landing: 0.019911007955670357
  view-data: 0.027560243383049965
