times:
  edit-metadata: 1.8509479481726885
  landing: 0.14507698081433773
  view-data: 0.058072298765182495
