times:
  edit-metadata: 1.4268525037914515
  landing: 0.20797020569443703
  view-data: 0.1448302324861288
