times:
  edit-metadata: 1.3624254018068314
  landing: 0.020959125831723213
  view-data: 0.025479961186647415
