times:
  edit-metadata: 1.3590469751507044
  landing: 0.018444228917360306
  view-data: 0.024566007778048515
