times:
  edit-metadata: 1.6160144582390785
  landing: 0.2676821183413267
  view-data: 0.057587191462516785
