times:
  edit-metadata: 1.4293011501431465
  landing: 0.1342742070555687
  view-data: 0.12380332127213478
