times:
  edit-metadata: 1.4201155919581652
  landing: 0.019655872136354446
  view-data: 0.028008392080664635
