times:
  edit-metadata: 0.5481292232871056
  landing: 0.08532332628965378
  view-data: 0.2055024579167366
