times:
  edit-metadata: 1.3423934113234282
  landing: 0.12093000300228596
  view-data: 0.025103911757469177
