times:
  edit-metadata: 0.6929926387965679
  landing: 0.06537858908995986
  view-data: 0.2067299741320312
