times:
  edit-metadata: 1.6924470532685518
  landing: 0.2305003348737955
  view-data: 0.1646722126752138
