times:
  edit-metadata: 1.4884415790438652
  landing: 0.019606584683060646
  view-data: 0.3130495045334101
