times:
  edit-metadata: 1.4050496723502874
  landing: 0.020600249990820885
  view-data: 0.023491164669394493
