times:
  edit-metadata: 1.3149545583873987
  landing: 0.020787913352251053
  view-data: 0.02453446201980114
