times:
  edit-metadata: 1.351533742621541
  landing: 0.0189952589571476
  view-data: 0.025567904114723206
