times:
  edit-metadata: 1.6953102257102728
  landing: 0.3529457673430443
  view-data: 0.6432306841015816
