times:
  edit-metadata: 1.955359235405922
  landing: 0.057576557621359825
  view-data: 0.05895616486668587
