times:
  edit-metadata: 0.5805955100804567
  landing: 0.071997354272753
  view-data: 0.21699877176433802
