times:
  edit-metadata: 1.4063374437391758
  landing: 0.022004922851920128
  view-data: 0.34677939489483833
