times:
  edit-metadata: 1.7445480898022652
  landing: 0.22008891962468624
  view-data: 0.6254413966089487
