times:
  edit-metadata: 0.6733435313217342
  landing: 0.06372357020154595
  view-data: 0.2778377369977534
