times:
  edit-metadata: 0.5775484601035714
  landing: 0.06983887916430831
  view-data: 0.20686688087880611
