times:
  edit-metadata: 1.6048118080943823
  landing: 0.19216439686715603
  view-data: 0.3958503231406212
