times:
  edit-metadata: 2.817766347900033
  landing: 0.45756814628839493
  view-data: 0.4644921403378248
