times:
  edit-metadata: 1.401226844638586
  landing: 0.09898394159972668
  view-data: 0.024863388389348984
