times:
  edit-metadata: 1.6129091121256351
  landing: 0.14934447966516018
  view-data: 0.03293297067284584
