times:
  edit-metadata: 1.45512536726892
  landing: 0.21973471343517303
  view-data: 0.23652702756226063
