times:
  edit-metadata: 1.4303150419145823
  landing: 0.1284209731966257
  view-data: 0.02374465949833393
