times:
  edit-metadata: 1.4017275739461184
  landing: 0.25466526113450527
  view-data: 0.02491617575287819
