times:
  edit-metadata: 1.3736036997288465
  landing: 0.019126595929265022
  view-data: 0.23931818269193172
