times:
  edit-metadata: 0.5586471958085895
  landing: 0.06771899340674281
  view-data: 0.20001852000132203
