times:
  edit-metadata: 1.5550569351762533
  landing: 0.19719932228326797
  view-data: 0.5018264688551426
