times:
  edit-metadata: 1.5254317428916693
  landing: 0.022595476359128952
  view-data: 0.3897120729088783
