times:
  edit-metadata: 1.3252031654119492
  landing: 0.24182091653347015
  view-data: 0.1369347870349884
