times:
  edit-metadata: 1.529456565156579
  landing: 0.26345974393188953
  view-data: 0.36410244926810265
