times:
  edit-metadata: 1.5283438991755247
  landing: 0.01977732591331005
  view-data: 0.32687327824532986
