times:
  edit-metadata: 1.4650308657437563
  landing: 0.23070989176630974
  view-data: 0.023541107773780823
