times:
  edit-metadata: 2.0015810690820217
  landing: 0.05050893314182758
  view-data: 0.027254950255155563
