times:
  edit-metadata: 1.3780359085649252
  landing: 0.1420794203877449
  view-data: 0.3467096537351608
