times:
  edit-metadata: 0.5423526461236179
  landing: 0.060924415942281485
  view-data: 0.21740388171747327
