times:
  edit-metadata: 1.6706051975488663
  landing: 0.15121822245419025
  view-data: 0.39127761870622635
