times:
  edit-metadata: 1.3481483925133944
  landing: 0.021112531423568726
  view-data: 0.025623280555009842
