times:
  edit-metadata: 1.5007799435406923
  landing: 0.28257171250879765
  view-data: 0.15155046246945858
