times:
  edit-metadata: 1.4623147882521152
  landing: 0.018799273297190666
  view-data: 0.13677413016557693
