times:
  edit-metadata: 1.689727595075965
  landing: 0.37592693604528904
  view-data: 0.5063778385519981
