times:
  edit-metadata: 1.428786963224411
  landing: 0.12020665779709816
  view-data: 0.025179196149110794
