times:
  edit-metadata: 0.610678642988205
  landing: 0.06023665005341172
  view-data: 0.28437363682314754
