times:
  edit-metadata: 0.543071654625237
  landing: 0.05109326308593154
  view-data: 0.20370601117610931
