times:
  edit-metadata: 1.3781176265329123
  landing: 0.019502295181155205
  view-data: 0.025847945362329483
