times:
  edit-metadata: 1.3487243838608265
  landing: 0.023827293887734413
  view-data: 0.13127517700195312
