times:
  edit-metadata: 1.5411101635545492
  landing: 0.01955121010541916
  view-data: 0.374536307528615
