times:
  edit-metadata: 0.8342246026732028
  landing: 0.051127392798662186
  view-data: 0.22966755973175168
