times:
  edit-metadata: 0.5445304750464857
  landing: 0.06888530496507883
  view-data: 0.2061969772912562
