times:
  edit-metadata: 1.544766241684556
  landing: 0.24148808047175407
  view-data: 0.13932779990136623
