times:
  edit-metadata: 1.3274931851774454
  landing: 0.020322401076555252
  view-data: 0.40069128572940826
