times:
  edit-metadata: 1.721755551174283
  landing: 0.15335322730243206
  view-data: 0.21288258396089077
