times:
  edit-metadata: 1.379930479452014
  landing: 0.1411501094698906
  view-data: 0.026441706344485283
