times:
  edit-metadata: 1.4356150962412357
  landing: 0.14924044720828533
  view-data: 0.46470204554498196
