times:
  edit-metadata: 1.6374010983854532
  landing: 0.019731132313609123
  view-data: 0.37970753014087677
