times:
  edit-metadata: 1.4187554232776165
  landing: 0.1946270652115345
  view-data: 0.15236667171120644
