times:
  edit-metadata: 1.8084056619554758
  landing: 0.3070931863039732
  view-data: 0.36337151750922203
