times:
  edit-metadata: 0.5937298899516463
  landing: 0.09645928395912051
  view-data: 0.20671708974987268
