times:
  edit-metadata: 1.5436525996774435
  landing: 0.01964525133371353
  view-data: 0.05485460162162781
