times:
  edit-metadata: 1.4823215063661337
  landing: 0.021781040355563164
  view-data: 0.026829460635781288
