times:
  edit-metadata: 1.342132879421115
  landing: 0.024043625220656395
  view-data: 0.024263201281428337
