times:
  edit-metadata: 1.9467564355581999
  landing: 0.21904263645410538
  view-data: 0.3688927199691534
