times:
  edit-metadata: 1.4585454557090998
  landing: 0.2819917555898428
  view-data: 0.5808012839406729
