times:
  edit-metadata: 1.4062744937837124
  landing: 0.042752139270305634
  view-data: 0.3007421288639307
