times:
  edit-metadata: 1.4876404460519552
  landing: 0.020601585507392883
  view-data: 0.023235978558659554
