times:
  edit-metadata: 1.539016606286168
  landing: 0.1980515569448471
  view-data: 0.4020008035004139
