times:
  edit-metadata: 1.3746438510715961
  landing: 0.2214718833565712
  view-data: 0.3480724152177572
