times:
  edit-metadata: 1.6159701254218817
  landing: 0.021626852452754974
  view-data: 0.4330030679702759
