times:
  edit-metadata: 0.694971589371562
  landing: 0.051333044189959764
  view-data: 0.31048106076195836
