times:
  edit-metadata: 0.5787445451132953
  landing: 0.13518668385222554
  view-data: 0.20240765903145075
