times:
  edit-metadata: 0.8410152462311089
  landing: 0.07239905185997486
  view-data: 0.21700110286474228
