times:
  edit-metadata: 1.7426507398486137
  landing: 0.26137467846274376
  view-data: 0.4417928047478199
