times:
  edit-metadata: 1.361537605524063
  landing: 0.021120978519320488
  view-data: 0.023773672059178352
