times:
  edit-metadata: 0.733543667010963
  landing: 0.057733476627618074
  view-data: 0.21314193634316325
