times:
  edit-metadata: 1.491009347140789
  landing: 0.19914802350103855
  view-data: 0.12609168514609337
