times:
  edit-metadata: 1.5990880783647299
  landing: 0.24168726801872253
  view-data: 0.029269559308886528
