times:
  edit-metadata: 1.3720586393028498
  landing: 0.020830927416682243
  view-data: 0.10419550910592079
