times:
  edit-metadata: 1.4322915636003017
  landing: 0.02111530676484108
  view-data: 0.12171338126063347
