times:
  edit-metadata: 1.3695075027644634
  landing: 0.04331950843334198
  view-data: 0.02355196699500084
