times:
  edit-metadata: 0.6840568049810827
  landing: 0.0699388156645
  view-data: 0.2845920519903302
