times:
  edit-metadata: 0.5417827959172428
  landing: 0.062376614194363356
  view-data: 0.22096144501119852
