times:
  edit-metadata: 1.6089396476745605
  landing: 0.22953568585217
  view-data: 0.3748370073735714
