times:
  edit-metadata: 1.429496979340911
  landing: 0.23652376420795918
  view-data: 0.023798758164048195
