times:
  edit-metadata: 1.364106783643365
  landing: 0.20420505478978157
  view-data: 0.023842185735702515
