times:
  edit-metadata: 1.527989100664854
  landing: 0.12629396840929985
  view-data: 0.02661789581179619
