times:
  edit-metadata: 1.5623194947838783
  landing: 0.2307971827685833
  view-data: 0.28692964650690556
