times:
  edit-metadata: 2.5509468910022406
  landing: 0.13504119700519368
  view-data: 0.5986482730077114
