times:
  edit-metadata: 1.4536360781639814
  landing: 0.11970019713044167
  view-data: 0.027512332424521446
