times:
  edit-metadata: 1.3739550970494747
  landing: 0.01983257383108139
  view-data: 0.02494383044540882
