times:
  edit-metadata: 0.5607830728404224
  landing: 0.049869406037032604
  view-data: 0.20472632814198732
