times:
  edit-metadata: 1.5073116216808558
  landing: 0.024264680221676826
  view-data: 0.40356369502842426
