times:
  edit-metadata: 1.4209371041506529
  landing: 0.0209654588252306
  view-data: 0.026905518025159836
