times:
  edit-metadata: 0.5394102823920548
  landing: 0.060613777954131365
  view-data: 0.20712155615910888
