times:
  edit-metadata: 1.58619100227952
  landing: 0.2303390670567751
  view-data: 0.12988130375742912
