times:
  edit-metadata: 1.3545296154916286
  landing: 0.021324018016457558
  view-data: 0.028228718787431717
