times:
  edit-metadata: 1.4032698422670364
  landing: 0.02084486372768879
  view-data: 0.12213688157498837
