times:
  edit-metadata: 0.7550355806015432
  landing: 0.13761086901649833
  view-data: 0.22061159694567323
