times:
  edit-metadata: 1.5725045390427113
  landing: 0.13969404250383377
  view-data: 0.1360860839486122
