times:
  edit-metadata: 1.3760440200567245
  landing: 0.020445793867111206
  view-data: 0.02261393703520298
