times:
  edit-metadata: 1.4758095610886812
  landing: 0.02175573632121086
  view-data: 0.0236480962485075
