times:
  edit-metadata: 1.5475120805203915
  landing: 0.020695962011814117
  view-data: 0.35898811370134354
