times:
  edit-metadata: 1.6320478059351444
  landing: 0.02016911841928959
  view-data: 0.1718090195208788
