times:
  edit-metadata: 1.396128511056304
  landing: 0.14794789627194405
  view-data: 0.3198703583329916
