times:
  edit-metadata: 1.3996039722114801
  landing: 0.019474653527140617
  view-data: 0.024138113483786583
