times:
  edit-metadata: 0.6431610630825162
  landing: 0.06743864389136434
  view-data: 0.21830433327704668
