times:
  edit-metadata: 0.8232836970128119
  landing: 0.05872374773025513
  view-data: 0.258696548640728
