times:
  edit-metadata: 0.8587173661217093
  landing: 0.07900837529450655
  view-data: 0.400434757117182
