times:
  edit-metadata: 0.6405905988067389
  landing: 0.06762350909411907
  view-data: 0.2357201250270009
