times:
  edit-metadata: 1.6637891121208668
  landing: 0.30986958742141724
  view-data: 0.4424354527145624
