times:
  edit-metadata: 1.8538444358855486
  landing: 0.022438297048211098
  view-data: 0.4239289667457342
