times:
  edit-metadata: 0.6159189841710031
  landing: 0.12631207890808582
  view-data: 0.30816337931901217
