times:
  edit-metadata: 0.661780764348805
  landing: 0.12275947676971555
  view-data: 0.2222965257242322
