times:
  edit-metadata: 0.6457397062331438
  landing: 0.06970195099711418
  view-data: 0.35558361979201436
