times:
  edit-metadata: 1.7703552320599556
  landing: 0.2312026023864746
  view-data: 0.275683656334877
