times:
  edit-metadata: 0.6140206777490675
  landing: 0.06071479385718703
  view-data: 0.22103557037189603
