times:
  edit-metadata: 0.6591024417430162
  landing: 0.05996792623773217
  view-data: 0.2209009276703
