times:
  edit-metadata: 0.7233453243970871
  landing: 0.06707293400540948
  view-data: 0.319902618881315
