times:
  edit-metadata: 0.6122318729758263
  landing: 0.06966373696923256
  view-data: 0.21885885763913393
