times:
  edit-metadata: 0.6919303787872195
  landing: 0.13256195932626724
  view-data: 0.2389215948060155
