times:
  edit-metadata: 0.7758680679835379
  landing: 0.06897909007966518
  view-data: 0.32227556500583887
