times:
  edit-metadata: 0.9325095992535353
  landing: 0.08188154734671116
  view-data: 0.23243651306256652
