times:
  edit-metadata: 1.971267867833376
  landing: 0.1637074202299118
  view-data: 0.3939685486257076
