times:
  edit-metadata: 0.7908749100752175
  landing: 0.1269254218786955
  view-data: 0.31315172277390957
