times:
  edit-metadata: 0.6263689091429114
  landing: 0.06477804807946086
  view-data: 0.22181501192972064
