times:
  edit-metadata: 0.820044016931206
  landing: 0.15716555202379823
  view-data: 0.23419773112982512
