times:
  edit-metadata: 0.7121831742115319
  landing: 0.059979639016091824
  view-data: 0.2773613096214831
