times:
  edit-metadata: 0.6239405469968915
  landing: 0.07174709299579263
  view-data: 0.21941271796822548
