times:
  edit-metadata: 0.8710866277106106
  landing: 0.09028417291119695
  view-data: 0.29875490395352244
