times:
  edit-metadata: 2.3739845429954585
  landing: 0.28389857200090773
  view-data: 0.3910706730093807
