times:
  edit-metadata: 0.7866343148052692
  landing: 0.09955101320520043
  view-data: 0.3132250979542732
