times:
  edit-metadata: 0.6493111499585211
  landing: 0.13551108166575432
  view-data: 0.3114901981316507
