times:
  edit-metadata: 0.7825153660960495
  landing: 0.07124234503135085
  view-data: 0.2161086699925363
