times:
  edit-metadata: 0.7588222930207849
  landing: 0.05944537604227662
  view-data: 0.29953614715486765
