times:
  edit-metadata: 0.6124437940306962
  landing: 0.10346418479457498
  view-data: 0.22467714734375477
