times:
  edit-metadata: 0.6314152712002397
  landing: 0.08726473385468125
  view-data: 0.2283467771485448
