times:
  edit-metadata: 0.8684747270308435
  landing: 0.11714707501232624
  view-data: 0.2224158300086856
