times:
  edit-metadata: 0.48913230933248997
  landing: 0.0510989036411047
  view-data: 0.3314204839989543
