times:
  edit-metadata: 0.44598619639873505
  landing: 0.04963642079383135
  view-data: 0.3122006095945835
