times:
  edit-metadata: 0.6351914843544364
  landing: 0.05273139476776123
  view-data: 0.33458711486309767
