times:
  edit-metadata: 1.5483633745461702
  landing: 0.1808418482542038
  view-data: 0.3165063448250294
