times:
  edit-metadata: 1.4397313501685858
  landing: 0.0196525938808918
  view-data: 0.02355174720287323
