times:
  edit-metadata: 1.3708005715161562
  landing: 0.020922541618347168
  view-data: 0.33909720927476883
