times:
  edit-metadata: 1.4644661005586386
  landing: 0.02125021256506443
  view-data: 0.025254715234041214
