times:
  edit-metadata: 1.3032091204077005
  landing: 0.018473372794687748
  view-data: 0.3096142103895545
