times:
  edit-metadata: 1.7558105448260903
  landing: 0.1359819769859314
  view-data: 0.5214663557708263
