times:
  edit-metadata: 1.8048425577580929
  landing: 0.17365452460944653
  view-data: 0.40870507806539536
