times:
  edit-metadata: 1.2979455217719078
  landing: 0.019079001620411873
  view-data: 0.29764299467206
