times:
  edit-metadata: 1.956440057605505
  landing: 0.2964088059961796
  view-data: 0.23156912811100483
