times:
  edit-metadata: 1.5541976317763329
  landing: 0.021751275286078453
  view-data: 0.22941268049180508
