times:
  edit-metadata: 1.388546947389841
  landing: 0.018898649141192436
  view-data: 0.02348124235868454
