times:
  edit-metadata: 1.5679116807878017
  landing: 0.15980194695293903
  view-data: 0.1451378557831049
