times:
  edit-metadata: 1.3703685104846954
  landing: 0.02158823236823082
  view-data: 0.0286883357912302
