times:
  edit-metadata: 0.5538819758221507
  landing: 0.09035803796723485
  view-data: 0.21450247801840305
