times:
  edit-metadata: 1.7427245751023293
  landing: 0.2669408041983843
  view-data: 0.06600173562765121
