times:
  edit-metadata: 2.31099583953619
  landing: 0.3710873909294605
  view-data: 0.41483747959136963
