times:
  edit-metadata: 1.4498144630342722
  landing: 0.019043609499931335
  view-data: 0.2787975799292326
