times:
  edit-metadata: 1.4375342149287462
  landing: 0.024669377133250237
  view-data: 0.04506857134401798
