times:
  edit-metadata: 1.3928941078484058
  landing: 0.11870543286204338
  view-data: 0.02880890481173992
