times:
  edit-metadata: 1.399916723370552
  landing: 0.023922214284539223
  view-data: 0.026348209008574486
