times:
  edit-metadata: 0.6973838391713798
  landing: 0.06370839197188616
  view-data: 0.23658591508865356
