times:
  edit-metadata: 1.524124575778842
  landing: 0.29881463572382927
  view-data: 0.2684827893972397
