times:
  edit-metadata: 1.563680712133646
  landing: 0.17371422983705997
  view-data: 0.31789576821029186
