times:
  edit-metadata: 1.6273654475808144
  landing: 0.2553275413811207
  view-data: 0.4255604799836874
