times:
  edit-metadata: 1.3476683404296637
  landing: 0.12107611447572708
  view-data: 0.12254809774458408
