times:
  edit-metadata: 1.367703901603818
  landing: 0.019461944699287415
  view-data: 0.09585686959326267
