times:
  edit-metadata: 1.4372410271316767
  landing: 0.021101441234350204
  view-data: 0.3791011068969965
