times:
  edit-metadata: 1.2929143076762557
  landing: 0.023609149269759655
  view-data: 0.02577836811542511
