times:
  edit-metadata: 0.5492949667386711
  landing: 0.04404837405309081
  view-data: 0.216113505885005
