times:
  edit-metadata: 0.5729178772307932
  landing: 0.15581024205312133
  view-data: 0.21349411783739924
