times:
  edit-metadata: 1.6373388320207596
  landing: 0.1423866767436266
  view-data: 0.2754921093583107
