times:
  edit-metadata: 1.3532983511686325
  landing: 0.026538284495472908
  view-data: 0.10535065829753876
