times:
  edit-metadata: 1.4146924195811152
  landing: 0.019596628844738007
  view-data: 0.26067971531301737
