times:
  edit-metadata: 1.524568347260356
  landing: 0.16915852762758732
  view-data: 0.02708984911441803
