times:
  edit-metadata: 0.5540530681610107
  landing: 0.07105928380042315
  view-data: 0.20678434800356627
