times:
  edit-metadata: 2.1216695479961345
  landing: 0.1271764249977423
  view-data: 0.4762535210029455
