times:
  edit-metadata: 0.7583948341198266
  landing: 0.07907588081434369
  view-data: 0.22920039389282465
