times:
  edit-metadata: 1.386464349925518
  landing: 0.13296918012201786
  view-data: 0.023041941225528717
