times:
  edit-metadata: 1.3539377581328154
  landing: 0.269772008061409
  view-data: 0.024438129737973213
