times:
  edit-metadata: 1.4000063333660364
  landing: 0.025073396041989326
  view-data: 0.2855234295129776
