times:
  edit-metadata: 1.465686509385705
  landing: 0.21833260543644428
  view-data: 0.1330980807542801
