times:
  edit-metadata: 0.5976308868266642
  landing: 0.05307418806478381
  view-data: 0.2072956832125783
