times:
  edit-metadata: 1.5474170856177807
  landing: 0.1478563528507948
  view-data: 0.02416110225021839
