times:
  edit-metadata: 1.6703694518655539
  landing: 0.5262515712529421
  view-data: 0.02521941065788269
