times:
  edit-metadata: 1.3385918736457825
  landing: 0.21989852003753185
  view-data: 0.024822423234581947
