times:
  edit-metadata: 0.7177294483408332
  landing: 0.07067466899752617
  view-data: 0.27642128709703684
