times:
  edit-metadata: 1.7128909807652235
  landing: 0.02123657986521721
  view-data: 0.02931385673582554
