times:
  edit-metadata: 0.5610728343017399
  landing: 0.1774921608157456
  view-data: 0.3073867382481694
