times:
  edit-metadata: 1.3369171880185604
  landing: 0.022845374420285225
  view-data: 0.022930432111024857
