times:
  edit-metadata: 1.4058306366205215
  landing: 0.2346872091293335
  view-data: 0.3817169517278671
