times:
  edit-metadata: 1.434225058183074
  landing: 0.2180630899965763
  view-data: 0.28222465701401234
