times:
  edit-metadata: 1.3924440518021584
  landing: 0.022645287215709686
  view-data: 0.028189564123749733
