times:
  edit-metadata: 1.5276855267584324
  landing: 0.03271901234984398
  view-data: 0.3627221751958132
