times:
  edit-metadata: 1.439091257750988
  landing: 0.04148627445101738
  view-data: 0.33516028337180614
