times:
  edit-metadata: 1.4049291834235191
  landing: 0.021451041102409363
  view-data: 0.02977716363966465
