times:
  edit-metadata: 1.5533588007092476
  landing: 0.021463561803102493
  view-data: 0.43173524737358093
