times:
  edit-metadata: 0.6041975291445851
  landing: 0.08289433270692825
  view-data: 0.2667123172432184
