times:
  edit-metadata: 1.5415520295500755
  landing: 0.2190587967634201
  view-data: 0.3393236733973026
