times:
  edit-metadata: 1.5457249600440264
  landing: 0.3577273618429899
  view-data: 0.17598015256226063
