times:
  edit-metadata: 1.4575416781008244
  landing: 0.02129354514181614
  view-data: 0.027707204222679138
