times:
  edit-metadata: 1.8984425161033869
  landing: 0.15005063638091087
  view-data: 0.38174445927143097
