times:
  edit-metadata: 1.3833083640784025
  landing: 0.018837327137589455
  view-data: 0.281335873529315
