times:
  edit-metadata: 0.8300568899139762
  landing: 0.05648407293483615
  view-data: 0.2656337833032012
