times:
  edit-metadata: 0.5427018222399056
  landing: 0.06850447738543153
  view-data: 0.20419068168848753
