times:
  edit-metadata: 1.2731092926114798
  landing: 0.14524330757558346
  view-data: 0.023292243480682373
