times:
  edit-metadata: 1.3866200558841228
  landing: 0.04947219602763653
  view-data: 0.02754562720656395
