times:
  edit-metadata: 1.347669517621398
  landing: 0.018835723400115967
  view-data: 0.28846057690680027
