times:
  edit-metadata: 1.333533737808466
  landing: 0.12991712987422943
  view-data: 0.3121493998914957
