times:
  edit-metadata: 0.5720422202721238
  landing: 0.07132370211184025
  view-data: 0.2119869040325284
