times:
  edit-metadata: 1.3777547385543585
  landing: 0.01987890899181366
  view-data: 0.025381529703736305
