times:
  edit-metadata: 0.5717814909294248
  landing: 0.12647528806701303
  view-data: 0.255795368924737
