times:
  edit-metadata: 1.5523573383688927
  landing: 0.024557197466492653
  view-data: 0.39534435607492924
