times:
  edit-metadata: 1.47635817527771
  landing: 0.1270716581493616
  view-data: 0.31991787999868393
