times:
  edit-metadata: 1.6198111064732075
  landing: 0.19367406331002712
  view-data: 0.1470030602067709
