times:
  edit-metadata: 0.5561743313446641
  landing: 0.11981183104217052
  view-data: 0.2698028259910643
