times:
  edit-metadata: 1.314159769564867
  landing: 0.018996916711330414
  view-data: 0.02306017279624939
