times:
  edit-metadata: 1.382023487240076
  landing: 0.20430798828601837
  view-data: 0.34190742671489716
