times:
  edit-metadata: 1.525057716295123
  landing: 0.24278989434242249
  view-data: 0.13801465183496475
