times:
  edit-metadata: 0.552138552069664
  landing: 0.06294199684634805
  view-data: 0.2204002351500094
