times:
  edit-metadata: 1.3031990006566048
  landing: 0.20194512605667114
  view-data: 0.350405253469944
