times:
  edit-metadata: 0.8030177201144397
  landing: 0.06863011186942458
  view-data: 0.2651040740311146
