times:
  edit-metadata: 1.4717344157397747
  landing: 0.020492903888225555
  view-data: 0.13847221806645393
