times:
  edit-metadata: 1.827620854601264
  landing: 0.05133160017430782
  view-data: 0.32265677116811275
