times:
  edit-metadata: 1.9360890556126833
  landing: 0.16840878501534462
  view-data: 0.5153369139879942
