times:
  edit-metadata: 1.634120911359787
  landing: 0.16796265169978142
  view-data: 0.13922851346433163
