times:
  edit-metadata: 0.5381405367515981
  landing: 0.055521415546536446
  view-data: 0.31103221140801907
