times:
  edit-metadata: 1.4163009095937014
  landing: 0.022322895005345345
  view-data: 0.02404770441353321
