times:
  edit-metadata: 1.3782361503690481
  landing: 0.02432474121451378
  view-data: 0.025151314213871956
