times:
  edit-metadata: 1.5724942665547132
  landing: 0.02023438923060894
  view-data: 0.02526220493018627
