times:
  edit-metadata: 1.6542783882468939
  landing: 0.3050291556864977
  view-data: 0.3828069940209389
