times:
  edit-metadata: 0.6387351281009614
  landing: 0.08953531691804528
  view-data: 0.20459667593240738
