times:
  edit-metadata: 1.3961091116070747
  landing: 0.018550651147961617
  view-data: 0.023746339604258537
