times:
  edit-metadata: 1.3407063744962215
  landing: 0.021965308114886284
  view-data: 0.31139241345226765
