times:
  edit-metadata: 0.5363178201951087
  landing: 0.06714357482269406
  view-data: 0.20262824511155486
