times:
  edit-metadata: 2.6293996227905154
  landing: 0.6857597548514605
  view-data: 0.43469023052603006
