times:
  edit-metadata: 1.3660618029534817
  landing: 0.01964150182902813
  view-data: 0.022523434832692146
