times:
  edit-metadata: 1.4518536236137152
  landing: 0.21560770273208618
  view-data: 0.026245811954140663
