times:
  edit-metadata: 1.3587497845292091
  landing: 0.019544323906302452
  view-data: 0.023919016122817993
