times:
  edit-metadata: 1.435880297794938
  landing: 0.02166452445089817
  view-data: 0.35100057907402515
