times:
  edit-metadata: 1.3070643078535795
  landing: 0.024551494047045708
  view-data: 0.1430457318201661
