times:
  edit-metadata: 1.3951454311609268
  landing: 0.026305926963686943
  view-data: 0.021977117285132408
