times:
  edit-metadata: 1.3781940564513206
  landing: 0.021785015240311623
  view-data: 0.23483405448496342
