times:
  edit-metadata: 0.7834901721216738
  landing: 0.08045840915292501
  view-data: 0.26853303564712405
