times:
  edit-metadata: 1.427343899384141
  landing: 0.019681742414832115
  view-data: 0.14814410917460918
