times:
  edit-metadata: 1.3790965154767036
  landing: 0.021923543885350227
  view-data: 0.14121645130217075
