times:
  edit-metadata: 1.3483812026679516
  landing: 0.2117485497146845
  view-data: 0.02524426020681858
