times:
  edit-metadata: 1.6803957745432854
  landing: 0.38491008803248405
  view-data: 0.36810545809566975
