times:
  edit-metadata: 1.4631783440709114
  landing: 0.026319216936826706
  view-data: 0.341711662709713
