times:
  edit-metadata: 0.5638636597432196
  landing: 0.046008053701370955
  view-data: 0.21700718812644482
