times:
  edit-metadata: 1.5866880808025599
  landing: 0.35757518000900745
  view-data: 0.18990682251751423
