times:
  edit-metadata: 1.3843430113047361
  landing: 0.02097238041460514
  view-data: 0.026667552068829536
