times:
  edit-metadata: 1.3509258395060897
  landing: 0.020350586622953415
  view-data: 0.3187304213643074
