times:
  edit-metadata: 1.3529549520462751
  landing: 0.140333853662014
  view-data: 0.023925641551613808
