times:
  edit-metadata: 1.4927101396024227
  landing: 0.020810915157198906
  view-data: 0.34756256081163883
