times:
  edit-metadata: 1.5649940744042397
  landing: 0.1598368790000677
  view-data: 0.37536887638270855
