times:
  edit-metadata: 1.4460191577672958
  landing: 0.1464140322059393
  view-data: 0.28166989237070084
