times:
  edit-metadata: 1.4291931223124266
  landing: 0.022126778960227966
  view-data: 0.28935928642749786
