times:
  edit-metadata: 1.3311652448028326
  landing: 0.021071912720799446
  view-data: 0.02737409621477127
