times:
  edit-metadata: 1.5062203388661146
  landing: 0.14054151996970177
  view-data: 0.02567148022353649
