times:
  edit-metadata: 1.7037065159529448
  landing: 0.02122505009174347
  view-data: 0.13059240393340588
