times:
  edit-metadata: 0.7308779149316251
  landing: 0.05586976325139403
  view-data: 0.19374688481912017
