times:
  edit-metadata: 1.3882958516478539
  landing: 0.11449162662029266
  view-data: 0.023839615285396576
