times:
  edit-metadata: 0.7641152096912265
  landing: 0.07662975881248713
  view-data: 0.21733693778514862
