times:
  edit-metadata: 1.4861882738769054
  landing: 0.13298015668988228
  view-data: 0.024456867948174477
