times:
  edit-metadata: 1.3483954016119242
  landing: 0.19902264513075352
  view-data: 0.32819870859384537
