times:
  edit-metadata: 1.6411634180694818
  landing: 0.02208571508526802
  view-data: 0.23214587941765785
