times:
  edit-metadata: 1.4008194785565138
  landing: 0.12675058655440807
  view-data: 0.27826470881700516
