times:
  edit-metadata: 1.3691846001893282
  landing: 0.020091306418180466
  view-data: 0.02684803307056427
