times:
  edit-metadata: 1.783262638375163
  landing: 0.06617571040987968
  view-data: 0.025906024500727654
