times:
  edit-metadata: 1.7585194278508425
  landing: 0.1945089902728796
  view-data: 0.3760885540395975
