times:
  edit-metadata: 0.6291986131109297
  landing: 0.07729289401322603
  view-data: 0.21297743916511536
