times:
  edit-metadata: 1.4824428334832191
  landing: 0.15690660662949085
  view-data: 0.022505465894937515
