times:
  edit-metadata: 1.6583095248788595
  landing: 0.20029648765921593
  view-data: 0.4005604851990938
