times:
  edit-metadata: 1.3936195615679026
  landing: 0.019745606929063797
  view-data: 0.05771913565695286
