times:
  edit-metadata: 1.4119680784642696
  landing: 0.02224620431661606
  view-data: 0.024008462205529213
