times:
  edit-metadata: 1.3343085441738367
  landing: 0.020189054310321808
  view-data: 0.31101715937256813
