times:
  edit-metadata: 1.5648429114371538
  landing: 0.26273084804415703
  view-data: 0.17953853867948055
