times:
  edit-metadata: 0.5530561399646103
  landing: 0.06347939698025584
  view-data: 0.20698812790215015
