times:
  edit-metadata: 1.4023609440773726
  landing: 0.02433205209672451
  view-data: 0.21428423188626766
