times:
  edit-metadata: 1.5369306281208992
  landing: 0.25553614646196365
  view-data: 0.32336438447237015
