times:
  edit-metadata: 1.43590796738863
  landing: 0.019707446917891502
  view-data: 0.027412135154008865
