times:
  edit-metadata: 1.8969614394009113
  landing: 0.29292241483926773
  view-data: 0.17611152306199074
