times:
  edit-metadata: 1.7119475584477186
  landing: 0.15005463920533657
  view-data: 0.03535686619579792
