times:
  edit-metadata: 0.6993344337679446
  landing: 0.12384019885212183
  view-data: 0.21152445301413536
