times:
  edit-metadata: 1.5566660687327385
  landing: 0.1181928925216198
  view-data: 0.1819100435823202
