times:
  edit-metadata: 1.374761352315545
  landing: 0.02056344971060753
  view-data: 0.13423716463148594
