times:
  edit-metadata: 1.4641258008778095
  landing: 0.133641192689538
  view-data: 0.31298319064080715
