times:
  edit-metadata: 1.8992143031209707
  landing: 0.2571534886956215
  view-data: 0.4366816822439432
