times:
  edit-metadata: 1.1064361948519945
  landing: 0.1005888800136745
  view-data: 0.2657823972404003
