times:
  edit-metadata: 1.477860165759921
  landing: 0.15436508879065514
  view-data: 0.02642550878226757
