times:
  edit-metadata: 1.846331600099802
  landing: 0.021014856174588203
  view-data: 0.19322559237480164
