times:
  edit-metadata: 1.5417436193674803
  landing: 0.2161496477201581
  view-data: 0.4668277017772198
