times:
  edit-metadata: 1.4724943693727255
  landing: 0.019108882173895836
  view-data: 0.027022769674658775
