times:
  edit-metadata: 0.5679640579037368
  landing: 0.06811507511883974
  view-data: 0.22480696206912398
