times:
  edit-metadata: 1.4461625311523676
  landing: 0.02352142333984375
  view-data: 0.02679801918566227
