times:
  edit-metadata: 2.235998697578907
  landing: 0.1968841664493084
  view-data: 0.5225667972117662
