times:
  edit-metadata: 1.8524822387844324
  landing: 0.28187098540365696
  view-data: 0.46437752805650234
