times:
  edit-metadata: 1.4787290636450052
  landing: 0.01970410905778408
  view-data: 0.2992236949503422
