times:
  edit-metadata: 1.5290437769144773
  landing: 0.14986114762723446
  view-data: 0.14619597792625427
