times:
  edit-metadata: 1.4262501560151577
  landing: 0.02175634168088436
  view-data: 0.02357027493417263
