times:
  edit-metadata: 1.8694902043789625
  landing: 0.02360389195382595
  view-data: 0.45254093036055565
