times:
  edit-metadata: 1.477488855831325
  landing: 0.13173309341073036
  view-data: 0.47142217494547367
