times:
  edit-metadata: 1.4286228101700544
  landing: 0.14263691194355488
  view-data: 0.2797097694128752
