times:
  edit-metadata: 1.6252730563282967
  landing: 0.220176063477993
  view-data: 0.024901289492845535
