times:
  edit-metadata: 0.6663737171329558
  landing: 0.04589927289634943
  view-data: 0.2934846659190953
