times:
  edit-metadata: 1.6523579098284245
  landing: 0.17133483849465847
  view-data: 0.6201648805290461
