times:
  edit-metadata: 1.5027278158813715
  landing: 0.021027158945798874
  view-data: 0.024170834571123123
