times:
  edit-metadata: 1.4598914254456758
  landing: 0.021144766360521317
  view-data: 0.1392632033675909
