times:
  edit-metadata: 1.585551904514432
  landing: 0.023792490363121033
  view-data: 0.2790890522301197
