times:
  edit-metadata: 1.3998360633850098
  landing: 0.02135649509727955
  view-data: 0.026235539466142654
