times:
  edit-metadata: 1.5228375382721424
  landing: 0.023789891973137856
  view-data: 0.02750140242278576
