times:
  edit-metadata: 1.6254821363836527
  landing: 0.019483547657728195
  view-data: 0.02754915878176689
