times:
  edit-metadata: 1.3691785987466574
  landing: 0.02013124991208315
  view-data: 0.11893164645880461
