times:
  edit-metadata: 2.2650777362287045
  landing: 0.1660701408982277
  view-data: 0.411517608910799
