times:
  edit-metadata: 1.8221148196607828
  landing: 0.043043551966547966
  view-data: 0.024905696511268616
