times:
  edit-metadata: 1.4195415135473013
  landing: 0.025264710187911987
  view-data: 0.023364568129181862
