times:
  edit-metadata: 1.6027482096105814
  landing: 0.02335394360125065
  view-data: 0.1369075607508421
