times:
  edit-metadata: 1.4570812582969666
  landing: 0.020068293437361717
  view-data: 0.02794095315039158
