times:
  edit-metadata: 0.587515733204782
  landing: 0.04502012114971876
  view-data: 0.2099153851158917
