times:
  edit-metadata: 1.451862871646881
  landing: 0.0230792798101902
  view-data: 0.02537350356578827
