times:
  edit-metadata: 1.5924776382744312
  landing: 0.27546933852136135
  view-data: 0.35396429151296616
