times:
  edit-metadata: 0.6338531780056655
  landing: 0.042144279927015305
  view-data: 0.26961295725777745
