times:
  edit-metadata: 1.5144474254921079
  landing: 0.19557840283960104
  view-data: 0.02205647435039282
