times:
  edit-metadata: 0.8939365302212536
  landing: 0.08625349402427673
  view-data: 0.2232456631027162
