times:
  edit-metadata: 1.4605946019291878
  landing: 0.09874792024493217
  view-data: 0.1255883164703846
