times:
  edit-metadata: 1.461163079366088
  landing: 0.11335779074579477
  view-data: 0.4106059120967984
