times:
  edit-metadata: 3.710416304995306
  landing: 0.3866818669484928
  view-data: 0.834249812993221
