times:
  edit-metadata: 0.8876495971344411
  landing: 0.056177298072725534
  view-data: 0.343219674192369
