times:
  edit-metadata: 1.4305919725447893
  landing: 0.14539248496294022
  view-data: 0.02653791382908821
