times:
  edit-metadata: 1.9469535369426012
  landing: 0.3618587777018547
  view-data: 0.4768833629786968
