times:
  edit-metadata: 1.4234574269503355
  landing: 0.14901667460799217
  view-data: 0.023523831740021706
