times:
  edit-metadata: 1.834520272910595
  landing: 0.22549679689109325
  view-data: 0.35390437208116055
