times:
  edit-metadata: 1.5108808055520058
  landing: 0.2241621408611536
  view-data: 0.2748808655887842
