times:
  edit-metadata: 1.5368938837200403
  landing: 0.20488371327519417
  view-data: 0.12517373822629452
