times:
  edit-metadata: 1.4410894252359867
  landing: 0.0203945804387331
  view-data: 0.02404641918838024
