times:
  edit-metadata: 1.9644546210765839
  landing: 0.022706525400280952
  view-data: 0.2820708304643631
