times:
  edit-metadata: 1.4668391104787588
  landing: 0.02280247211456299
  view-data: 0.02499513328075409
