times:
  edit-metadata: 1.4730424778535962
  landing: 0.023525903932750225
  view-data: 0.1989680863916874
