times:
  edit-metadata: 1.4792797975242138
  landing: 0.019916748628020287
  view-data: 0.02604823000729084
