times:
  edit-metadata: 2.026962995529175
  landing: 0.21588218212127686
  view-data: 0.4412732105702162
