times:
  edit-metadata: 1.5289528872817755
  landing: 0.2635544929653406
  view-data: 0.41728199273347855
