times:
  edit-metadata: 1.414791353046894
  landing: 0.12170901335775852
  view-data: 0.025682952255010605
