times:
  edit-metadata: 1.4758888129144907
  landing: 0.02107955329120159
  view-data: 0.359253603965044
