times:
  edit-metadata: 0.7149418308399618
  landing: 0.08312354004010558
  view-data: 0.22177061019465327
