times:
  edit-metadata: 1.4520898628979921
  landing: 0.021735161542892456
  view-data: 0.024778034538030624
