times:
  edit-metadata: 0.7180283409543335
  landing: 0.07440923992544413
  view-data: 0.31444571912288666
