times:
  edit-metadata: 1.3897097576409578
  landing: 0.12770069018006325
  view-data: 0.023622652515769005
