times:
  edit-metadata: 1.5326755288988352
  landing: 0.023012682795524597
  view-data: 0.03022079449146986
