times:
  edit-metadata: 1.4091896684840322
  landing: 0.019469140097498894
  view-data: 0.02312005590647459
