times:
  edit-metadata: 1.6908222679048777
  landing: 0.14767486415803432
  view-data: 0.26638735085725784
