times:
  edit-metadata: 1.4746363665908575
  landing: 0.12349254451692104
  view-data: 0.023981895297765732
