times:
  edit-metadata: 0.6264826902188361
  landing: 0.05491485819220543
  view-data: 0.21882569463923573
