times:
  edit-metadata: 1.44474265165627
  landing: 0.14238485507667065
  view-data: 0.026421308517456055
