times:
  edit-metadata: 1.7364190854132175
  landing: 0.021638650447130203
  view-data: 0.07813984155654907
