times:
  edit-metadata: 1.4844320099800825
  landing: 0.01899128034710884
  view-data: 0.025022225454449654
