times:
  edit-metadata: 1.75874263048172
  landing: 0.02236454375088215
  view-data: 0.1381061803549528
