times:
  edit-metadata: 1.4252444095909595
  landing: 0.16678768955171108
  view-data: 0.022526942193508148
