times:
  edit-metadata: 1.6657817866653204
  landing: 0.19794852659106255
  view-data: 0.1729387231171131
