times:
  edit-metadata: 1.5485521703958511
  landing: 0.19927722588181496
  view-data: 0.3172850199043751
