times:
  edit-metadata: 1.3539935545995831
  landing: 0.021048621274530888
  view-data: 0.025399603880941868
