times:
  edit-metadata: 1.7117450274527073
  landing: 0.20608537644147873
  view-data: 0.1589637715369463
