times:
  edit-metadata: 1.376581565476954
  landing: 0.019940363243222237
  view-data: 0.02642633765935898
