times:
  edit-metadata: 1.4277078844606876
  landing: 0.1383289024233818
  view-data: 0.026161814108490944
