times:
  edit-metadata: 1.4719088282436132
  landing: 0.020779859274625778
  view-data: 0.02382712997496128
