times:
  edit-metadata: 1.4470146223902702
  landing: 0.020511506125330925
  view-data: 0.2799527756869793
