times:
  edit-metadata: 1.9416286367923021
  landing: 0.16094660945236683
  view-data: 0.37664176896214485
