times:
  edit-metadata: 0.6030334341339767
  landing: 0.06529606925323606
  view-data: 0.2304783002473414
