times:
  edit-metadata: 0.5866126869805157
  landing: 0.06974268658086658
  view-data: 0.23285572975873947
