times:
  edit-metadata: 2.1416602693498135
  landing: 0.23372464813292027
  view-data: 0.5308054611086845
