times:
  edit-metadata: 1.4838734045624733
  landing: 0.019642114639282227
  view-data: 0.02716311626136303
