times:
  edit-metadata: 1.4791600424796343
  landing: 0.024034498259425163
  view-data: 0.1294646207243204
