times:
  edit-metadata: 1.8182586506009102
  landing: 0.02372875064611435
  view-data: 0.02428218349814415
