times:
  edit-metadata: 1.5048350924625993
  landing: 0.18516793753951788
  view-data: 0.23834050260484219
