times:
  edit-metadata: 1.4257395416498184
  landing: 0.017934303730726242
  view-data: 0.025949673727154732
