times:
  edit-metadata: 1.519272105768323
  landing: 0.13874169625341892
  view-data: 0.0540978591889143
