times:
  edit-metadata: 1.5326465871185064
  landing: 0.01982920803129673
  view-data: 0.03063177689909935
