times:
  edit-metadata: 1.5138280242681503
  landing: 0.21433146856725216
  view-data: 0.02366994507610798
