times:
  edit-metadata: 1.5620145983994007
  landing: 0.022474301978945732
  view-data: 0.33501953445374966
