times:
  edit-metadata: 2.1062390841543674
  landing: 0.024042943492531776
  view-data: 0.058507516980171204
