times:
  edit-metadata: 0.7258615419268608
  landing: 0.13867188058793545
  view-data: 0.21056749811396003
