times:
  edit-metadata: 2.057724190875888
  landing: 0.3725298196077347
  view-data: 0.8243275731801987
