times:
  edit-metadata: 1.3974611619487405
  landing: 0.020367026329040527
  view-data: 0.02429440151900053
