times:
  edit-metadata: 0.6350644989870489
  landing: 0.07049212930724025
  view-data: 0.30759873567149043
