times:
  edit-metadata: 1.6144699472934008
  landing: 0.09661976248025894
  view-data: 0.13862309232354164
