times:
  edit-metadata: 1.662893757224083
  landing: 0.2426272425800562
  view-data: 0.48146800324320793
