times:
  edit-metadata: 0.6380751738324761
  landing: 0.08898524194955826
  view-data: 0.22135536186397076
