times:
  edit-metadata: 1.544208774343133
  landing: 0.01805648487061262
  view-data: 0.022600412368774414
