times:
  edit-metadata: 1.4452871456742287
  landing: 0.022491375915706158
  view-data: 0.12042817566543818
