times:
  edit-metadata: 1.7491558995097876
  landing: 0.1452630516141653
  view-data: 0.36082323640584946
