times:
  edit-metadata: 1.5280006751418114
  landing: 0.1617421004921198
  view-data: 0.13929392211139202
