times:
  edit-metadata: 0.6047466290183365
  landing: 0.05264622578397393
  view-data: 0.21742249885573983
