times:
  edit-metadata: 0.8949554339051247
  landing: 0.08385379193350673
  view-data: 0.23527132719755173
