times:
  edit-metadata: 1.5191309861838818
  landing: 0.22353612631559372
  view-data: 0.025006597861647606
