times:
  edit-metadata: 1.467096921056509
  landing: 0.12294402346014977
  view-data: 0.026340525597333908
