times:
  edit-metadata: 1.62166241183877
  landing: 0.22045758366584778
  view-data: 0.0276822317391634
