times:
  edit-metadata: 1.6381436437368393
  landing: 0.31532041542232037
  view-data: 0.352056372910738
