times:
  edit-metadata: 1.4363173618912697
  landing: 0.12083888426423073
  view-data: 0.023438379168510437
