times:
  edit-metadata: 0.7041017026640475
  landing: 0.08905767789110541
  view-data: 0.3193304459564388
