times:
  edit-metadata: 1.3903118902817369
  landing: 0.18876284174621105
  view-data: 0.3709204327315092
