times:
  edit-metadata: 1.6646221484988928
  landing: 0.1620972640812397
  view-data: 0.40078444592654705
