times:
  edit-metadata: 1.5161656606942415
  landing: 0.14039506949484348
  view-data: 0.14044639188796282
