times:
  edit-metadata: 1.4451885055750608
  landing: 0.022862348705530167
  view-data: 0.0272555910050869
