times:
  edit-metadata: 1.5474832244217396
  landing: 0.02017870917916298
  view-data: 0.02351441979408264
