times:
  edit-metadata: 1.4532504947856069
  landing: 0.02030032128095627
  view-data: 0.14033437334001064
