times:
  edit-metadata: 1.7772797010838985
  landing: 0.017951807007193565
  view-data: 0.2572340313345194
