times:
  edit-metadata: 0.7905838540755212
  landing: 0.0717065311037004
  view-data: 0.2585822818800807
