times:
  edit-metadata: 0.6389501560479403
  landing: 0.0633975500240922
  view-data: 0.22178889531642199
