times:
  edit-metadata: 1.6066624224185944
  landing: 0.34887778386473656
  view-data: 0.46611213125288486
