times:
  edit-metadata: 1.4565061470493674
  landing: 0.2125036483630538
  view-data: 0.028921463526785374
