times:
  edit-metadata: 1.457839597016573
  landing: 0.01882118545472622
  view-data: 0.4868067130446434
