times:
  edit-metadata: 1.4924878664314747
  landing: 0.021906444802880287
  view-data: 0.028704043477773666
