times:
  edit-metadata: 1.4877215549349785
  landing: 0.1388187725096941
  view-data: 0.025281399488449097
