times:
  edit-metadata: 1.4440078269690275
  landing: 0.01926969550549984
  view-data: 0.02308633178472519
