times:
  edit-metadata: 1.5055797584354877
  landing: 0.12834108900278807
  view-data: 0.22852062620222569
