times:
  edit-metadata: 0.6107240258716047
  landing: 0.04394469130784273
  view-data: 0.2010633982717991
