times:
  edit-metadata: 1.4254039581865072
  landing: 0.020538263022899628
  view-data: 0.027237171307206154
