times:
  edit-metadata: 1.3551966743543744
  landing: 0.021322062239050865
  view-data: 0.028759819455444813
