times:
  edit-metadata: 0.6333164181560278
  landing: 0.047836930956691504
  view-data: 0.2212638920173049
