times:
  edit-metadata: 1.5389599334448576
  landing: 0.20290752686560154
  view-data: 0.02667441964149475
