times:
  edit-metadata: 1.486892169341445
  landing: 0.019001008942723274
  view-data: 0.1370642650872469
