times:
  edit-metadata: 1.4676787443459034
  landing: 0.1183317918330431
  view-data: 0.1211407445371151
