times:
  edit-metadata: 1.7023593708872795
  landing: 0.02457277476787567
  view-data: 0.33769297413527966
