times:
  edit-metadata: 1.6692965868860483
  landing: 0.29515307769179344
  view-data: 0.20727568492293358
