times:
  edit-metadata: 1.3721311055123806
  landing: 0.021379973739385605
  view-data: 0.02498668897897005
