times:
  edit-metadata: 0.8169522578828037
  landing: 0.052348092664033175
  view-data: 0.2270027520135045
