times:
  edit-metadata: 1.592161152511835
  landing: 0.02160658687353134
  view-data: 0.14280642941594124
