times:
  edit-metadata: 1.4971106480807066
  landing: 0.20329732540994883
  view-data: 0.20169755350798368
