times:
  edit-metadata: 1.4608442764729261
  landing: 0.021427234634757042
  view-data: 0.28049194253981113
