times:
  edit-metadata: 1.6840478405356407
  landing: 0.3441366758197546
  view-data: 0.20856709592044353
