times:
  edit-metadata: 2.417187975719571
  landing: 0.3403094634413719
  view-data: 0.35183549113571644
