times:
  edit-metadata: 1.489224899560213
  landing: 0.025363540276885033
  view-data: 0.12392392195761204
