times:
  edit-metadata: 1.445949800312519
  landing: 0.020739341154694557
  view-data: 0.029551543295383453
