times:
  edit-metadata: 1.779650293290615
  landing: 0.0382464025169611
  view-data: 0.0257367342710495
