times:
  edit-metadata: 1.7166673243045807
  landing: 0.16089869663119316
  view-data: 0.4779665991663933
