times:
  edit-metadata: 1.8445058912038803
  landing: 0.1539765540510416
  view-data: 0.4011158011853695
