times:
  edit-metadata: 1.6378866508603096
  landing: 0.021937882527709007
  view-data: 0.024951722472906113
