times:
  edit-metadata: 1.469973113387823
  landing: 0.01925341971218586
  view-data: 0.102653743699193
