times:
  edit-metadata: 1.4903003238141537
  landing: 0.13500142470002174
  view-data: 0.022204773500561714
