times:
  edit-metadata: 0.5948525099083781
  landing: 0.07340494636446238
  view-data: 0.3340450278483331
