times:
  edit-metadata: 1.0097346529364586
  landing: 0.06682555982843041
  view-data: 0.22312755323946476
