times:
  edit-metadata: 1.5254158060997725
  landing: 0.3057031277567148
  view-data: 0.48272895254194736
