times:
  edit-metadata: 1.487220834940672
  landing: 0.021970639005303383
  view-data: 0.15228980220854282
