times:
  edit-metadata: 1.4740774426609278
  landing: 0.22171065397560596
  view-data: 0.4248175900429487
