times:
  edit-metadata: 1.502448856830597
  landing: 0.11838280037045479
  view-data: 0.02278895117342472
