times:
  edit-metadata: 1.4427507054060698
  landing: 0.021554037928581238
  view-data: 0.1014376487582922
