times:
  edit-metadata: 1.5647492930293083
  landing: 0.13387315347790718
  view-data: 0.026305966079235077
