times:
  edit-metadata: 0.7309934180229902
  landing: 0.06433357996866107
  view-data: 0.21844200231134892
