times:
  edit-metadata: 1.44488606415689
  landing: 0.021758217364549637
  view-data: 0.02509930543601513
