times:
  edit-metadata: 0.8167029079049826
  landing: 0.04521250585094094
  view-data: 0.24382346915081143
