times:
  edit-metadata: 1.4786839922890067
  landing: 0.14197472669184208
  view-data: 0.14505416993051767
