times:
  edit-metadata: 1.4474337212741375
  landing: 0.021978596225380898
  view-data: 0.02422134391963482
