times:
  edit-metadata: 0.4505842002108693
  landing: 0.050723825581371784
  view-data: 0.45876596961170435
