times:
  edit-metadata: 0.445895554497838
  landing: 0.04828767664730549
  view-data: 0.21910377498716116
