times:
  edit-metadata: 0.44021833781152964
  landing: 0.05253239069133997
  view-data: 0.23359719011932611
