times:
  edit-metadata: 0.44683894980698824
  landing: 0.045509117655456066
  view-data: 0.32677816320210695
