times:
  edit-metadata: 0.45990428514778614
  landing: 0.048058017157018185
  view-data: 0.3298694510012865
