times:
  edit-metadata: 0.4620704920962453
  landing: 0.03958544507622719
  view-data: 0.35280459094792604
