times:
  edit-metadata: 0.44389333948493004
  landing: 0.04123661294579506
  view-data: 0.22342432755976915
