times:
  edit-metadata: 1.3416330758482218
  landing: 0.018247632309794426
  view-data: 0.13786060735583305
