times:
  edit-metadata: 1.3806235119700432
  landing: 0.02829759567975998
  view-data: 0.36893277801573277
