times:
  edit-metadata: 1.351463008671999
  landing: 0.021044883877038956
  view-data: 0.34570856392383575
