times:
  edit-metadata: 1.3543937280774117
  landing: 0.021345781162381172
  view-data: 0.02627093903720379
