times:
  edit-metadata: 1.4330360917374492
  landing: 0.2345149079337716
  view-data: 0.2561630941927433
