times:
  edit-metadata: 1.3026238707825541
  landing: 0.02164825052022934
  view-data: 0.024848450906574726
