times:
  edit-metadata: 1.8295203782618046
  landing: 0.021270218305289745
  view-data: 0.4422522820532322
