times:
  edit-metadata: 1.4097733031958342
  landing: 0.2733748462051153
  view-data: 0.26388143189251423
