times:
  edit-metadata: 1.607187332585454
  landing: 0.23785177152603865
  view-data: 0.02648568246513605
