times:
  edit-metadata: 1.5142785347998142
  landing: 0.023349042981863022
  view-data: 0.026400679722428322
