times:
  edit-metadata: 1.304313026368618
  landing: 0.020835401490330696
  view-data: 0.023848742246627808
