times:
  edit-metadata: 1.4138702433556318
  landing: 0.24437293224036694
  view-data: 0.40391136426478624
