times:
  edit-metadata: 1.4049248360097408
  landing: 0.19635853543877602
  view-data: 0.364232387393713
