times:
  edit-metadata: 1.6357986126095057
  landing: 0.23088480345904827
  view-data: 0.14070281758904457
