times:
  edit-metadata: 1.3024292131885886
  landing: 0.24568531941622496
  view-data: 0.30965758860111237
