times:
  edit-metadata: 1.4567411001771688
  landing: 0.020288262516260147
  view-data: 0.4052139688283205
