times:
  edit-metadata: 0.4888326209038496
  landing: 0.07032281812280416
  view-data: 0.20492439111694694
