times:
  edit-metadata: 1.4817942660301924
  landing: 0.21227728202939034
  view-data: 0.024699272587895393
