times:
  edit-metadata: 1.3854228351265192
  landing: 0.124558936804533
  view-data: 0.2658574730157852
