times:
  edit-metadata: 1.2731122029945254
  landing: 0.0205367598682642
  view-data: 0.025423597544431686
