times:
  edit-metadata: 1.3595509948208928
  landing: 0.14885918702930212
  view-data: 0.425439415499568
