times:
  edit-metadata: 1.4903079960495234
  landing: 0.14194761402904987
  view-data: 0.3230340927839279
