times:
  edit-metadata: 0.7419499419629574
  landing: 0.052238759119063616
  view-data: 0.2439672751352191
