times:
  edit-metadata: 1.3413473889231682
  landing: 0.020367903634905815
  view-data: 0.03099186345934868
