times:
  edit-metadata: 1.4957085363566875
  landing: 0.050256259739398956
  view-data: 0.03318331763148308
