times:
  edit-metadata: 1.615244211629033
  landing: 0.3098320011049509
  view-data: 0.20081713050603867
