times:
  edit-metadata: 1.3780441842973232
  landing: 0.19559009931981564
  view-data: 0.026893354952335358
