times:
  edit-metadata: 0.5118227889761329
  landing: 0.04356559785082936
  view-data: 0.21889478294178843
