times:
  edit-metadata: 1.4588952027261257
  landing: 0.021792948246002197
  view-data: 0.026859143748879433
