times:
  edit-metadata: 1.3156509194523096
  landing: 0.020321141928434372
  view-data: 0.31054989993572235
