times:
  edit-metadata: 1.3405690025538206
  landing: 0.20424795523285866
  view-data: 0.3020268678665161
