times:
  edit-metadata: 1.250518124550581
  landing: 0.02147052064538002
  view-data: 0.20049404632300138
