times:
  edit-metadata: 1.311468968167901
  landing: 0.019726140424609184
  view-data: 0.3103819489479065
