times:
  edit-metadata: 2.3068272937089205
  landing: 0.043522393330931664
  view-data: 0.056199632585048676
