times:
  edit-metadata: 1.383691156283021
  landing: 0.02401740662753582
  view-data: 0.1259305737912655
