times:
  edit-metadata: 1.289994745515287
  landing: 0.02073188964277506
  view-data: 0.46932932641357183
