times:
  edit-metadata: 1.3101950697600842
  landing: 0.11529349163174629
  view-data: 0.026161734014749527
