times:
  edit-metadata: 1.4697423875331879
  landing: 0.024924814701080322
  view-data: 0.36416440084576607
