times:
  edit-metadata: 1.8482708763331175
  landing: 0.19507496990263462
  view-data: 0.3523644655942917
