times:
  edit-metadata: 1.3595227990299463
  landing: 0.019567521288990974
  view-data: 0.029897380620241165
