times:
  edit-metadata: 1.4403943326324224
  landing: 0.022545019164681435
  view-data: 0.36842016875743866
