times:
  edit-metadata: 1.2898182347416878
  landing: 0.021943284198641777
  view-data: 0.024715762585401535
