times:
  edit-metadata: 1.3169041257351637
  landing: 0.2670960668474436
  view-data: 0.13332819938659668
