times:
  edit-metadata: 0.6581284468993545
  landing: 0.08467116532847285
  view-data: 0.305898305028677
