times:
  edit-metadata: 0.488668339792639
  landing: 0.06453212490305305
  view-data: 0.20932350400835276
