times:
  edit-metadata: 1.4435224086046219
  landing: 0.12250428088009357
  view-data: 0.4018397908657789
