times:
  edit-metadata: 1.3211149796843529
  landing: 0.019173642620444298
  view-data: 0.31047362089157104
