times:
  edit-metadata: 1.4581003710627556
  landing: 0.2391882035881281
  view-data: 0.4017419833689928
