times:
  edit-metadata: 1.4498760402202606
  landing: 0.020750699564814568
  view-data: 0.029829291626811028
