times:
  edit-metadata: 1.3316538892686367
  landing: 0.14183112047612667
  view-data: 0.022306377068161964
