times:
  edit-metadata: 1.357074847444892
  landing: 0.019802791997790337
  view-data: 0.024410583078861237
