times:
  edit-metadata: 1.3690741956233978
  landing: 0.14018256589770317
  view-data: 0.023178430274128914
