times:
  edit-metadata: 1.7370315808802843
  landing: 0.023902665823698044
  view-data: 0.4125394579023123
