times:
  edit-metadata: 1.6471530199050903
  landing: 0.20507310144603252
  view-data: 0.14269105903804302
