times:
  edit-metadata: 1.4161930466070771
  landing: 0.12885075621306896
  view-data: 0.027013881132006645
