times:
  edit-metadata: 1.4269216135144234
  landing: 0.019514868035912514
  view-data: 0.34322903491556644
