times:
  edit-metadata: 1.2925942316651344
  landing: 0.13260364439338446
  view-data: 0.4228581739589572
