times:
  edit-metadata: 0.5344991870224476
  landing: 0.058348292019218206
  view-data: 0.20643677515909076
