times:
  edit-metadata: 1.5842439187690616
  landing: 0.025121593847870827
  view-data: 0.25411600060760975
