times:
  edit-metadata: 1.3272113520652056
  landing: 0.02141275443136692
  view-data: 0.02638433314859867
