times:
  edit-metadata: 1.390457559376955
  landing: 0.19707841146737337
  view-data: 0.3886872846633196
