times:
  edit-metadata: 1.639166360720992
  landing: 0.14349457435309887
  view-data: 0.05305399000644684
