times:
  edit-metadata: 1.292876299470663
  landing: 0.019194085150957108
  view-data: 0.4075450701639056
