times:
  edit-metadata: 1.5923082996159792
  landing: 0.2645977307111025
  view-data: 0.32637216337025166
