times:
  edit-metadata: 1.3911124933511019
  landing: 0.025993188843131065
  view-data: 0.02353574149310589
