times:
  edit-metadata: 0.7614722042344511
  landing: 0.05301432777196169
  view-data: 0.20393911097198725
