times:
  edit-metadata: 0.514462323859334
  landing: 0.0703534260392189
  view-data: 0.2947713481262326
