times:
  edit-metadata: 1.4415811449289322
  landing: 0.2602713853120804
  view-data: 0.37918506003916264
