times:
  edit-metadata: 1.4283566754311323
  landing: 0.02150740660727024
  view-data: 0.28365052677690983
