times:
  edit-metadata: 1.4195401351898909
  landing: 0.14923864882439375
  view-data: 0.4258471066132188
