times:
  edit-metadata: 0.6972108143381774
  landing: 0.04430735809728503
  view-data: 0.20649439003318548
