times:
  edit-metadata: 0.6135282819159329
  landing: 0.08266841899603605
  view-data: 0.2159342560917139
