times:
  edit-metadata: 1.4478044975548983
  landing: 0.22375443577766418
  view-data: 0.41762153431773186
