times:
  edit-metadata: 1.4825067706406116
  landing: 0.28350700065493584
  view-data: 0.60347087867558
