times:
  edit-metadata: 1.3484294433146715
  landing: 0.16712059266865253
  view-data: 0.3329771179705858
