times:
  edit-metadata: 1.3718032883480191
  landing: 0.20430662482976913
  view-data: 0.29943034052848816
