times:
  edit-metadata: 0.531627532094717
  landing: 0.07357457606121898
  view-data: 0.2793476530350745
