times:
  edit-metadata: 1.5361749958246946
  landing: 0.30542711541056633
  view-data: 0.3595984932035208
