times:
  edit-metadata: 1.3092367108911276
  landing: 0.02096039615571499
  view-data: 0.02334384247660637
