times:
  edit-metadata: 1.3896499462425709
  landing: 0.022365987300872803
  view-data: 0.024606557562947273
