times:
  edit-metadata: 1.3526048921048641
  landing: 0.21192024275660515
  view-data: 0.02715999446809292
