times:
  edit-metadata: 1.331328123807907
  landing: 0.020369112491607666
  view-data: 0.02577780745923519
