times:
  edit-metadata: 1.5168216489255428
  landing: 0.01914248988032341
  view-data: 0.02422553487122059
