times:
  edit-metadata: 0.49172156769782305
  landing: 0.04432589327916503
  view-data: 0.21549419406801462
