times:
  edit-metadata: 1.3688059281557798
  landing: 0.02183767780661583
  view-data: 0.025996016338467598
