times:
  edit-metadata: 1.6105406321585178
  landing: 0.33670302852988243
  view-data: 0.42251802049577236
