times:
  edit-metadata: 1.5193319004029036
  landing: 0.13898700289428234
  view-data: 0.3794828150421381
