times:
  edit-metadata: 0.5135304788127542
  landing: 0.08304744213819504
  view-data: 0.21268952218815684
