times:
  edit-metadata: 1.4061652310192585
  landing: 0.12221751548349857
  view-data: 0.02736743912100792
