times:
  edit-metadata: 1.3367158621549606
  landing: 0.15554348565638065
  view-data: 0.02370920032262802
