times:
  edit-metadata: 1.461320897564292
  landing: 0.30801384150981903
  view-data: 0.40744874253869057
