times:
  edit-metadata: 1.4045178052037954
  landing: 0.2442208081483841
  view-data: 0.02483733370900154
