times:
  edit-metadata: 1.3268818035721779
  landing: 0.12840671092271805
  view-data: 0.12222545966506004
