times:
  edit-metadata: 1.3668460212647915
  landing: 0.19268012419342995
  view-data: 0.025680460035800934
