times:
  edit-metadata: 1.429157167673111
  landing: 0.26963805221021175
  view-data: 0.1454269401729107
