times:
  edit-metadata: 1.471943924203515
  landing: 0.021598244085907936
  view-data: 0.320551386103034
