times:
  edit-metadata: 1.4357946887612343
  landing: 0.022485408931970596
  view-data: 0.33773733861744404
