times:
  edit-metadata: 2.7839060071855783
  landing: 0.4637013841420412
  view-data: 0.16940120980143547
