times:
  edit-metadata: 0.6149908169172704
  landing: 0.09343780903145671
  view-data: 0.21055969968438148
