times:
  edit-metadata: 1.3301383033394814
  landing: 0.22739065624773502
  view-data: 0.025143679231405258
