times:
  edit-metadata: 1.406189139932394
  landing: 0.020839929580688477
  view-data: 0.1407626662403345
