times:
  edit-metadata: 1.3378517124801874
  landing: 0.01996440440416336
  view-data: 0.021904615685343742
