times:
  edit-metadata: 1.4939344488084316
  landing: 0.6220879517495632
  view-data: 0.2953741326928139
