times:
  edit-metadata: 1.3629168923944235
  landing: 0.021485695615410805
  view-data: 0.12103581614792347
