times:
  edit-metadata: 1.2794692292809486
  landing: 0.019907234236598015
  view-data: 0.027285156771540642
