times:
  edit-metadata: 1.2863877322524786
  landing: 0.12305643782019615
  view-data: 0.02291654422879219
