times:
  edit-metadata: 1.5143456012010574
  landing: 0.019050984643399715
  view-data: 0.0232414361089468
