times:
  edit-metadata: 1.2926676459610462
  landing: 0.02096434496343136
  view-data: 0.028026463463902473
