times:
  edit-metadata: 1.3041341193020344
  landing: 0.02408718504011631
  view-data: 0.027396081015467644
