times:
  edit-metadata: 1.3879306856542826
  landing: 0.020160535350441933
  view-data: 0.12805749662220478
