times:
  edit-metadata: 1.456146695651114
  landing: 0.019872806034982204
  view-data: 0.12920595332980156
