times:
  edit-metadata: 1.7753987554460764
  landing: 0.021961171180009842
  view-data: 0.025711696594953537
