times:
  edit-metadata: 1.2781473640352488
  landing: 0.0187864126637578
  view-data: 0.41989637818187475
