times:
  edit-metadata: 1.3434000927954912
  landing: 0.21939674951136112
  view-data: 0.027310485020279884
