times:
  edit-metadata: 1.3731865677982569
  landing: 0.20185232814401388
  view-data: 0.3453775057569146
