times:
  edit-metadata: 1.6255132891237736
  landing: 0.025335002690553665
  view-data: 0.5657183025032282
