times:
  edit-metadata: 1.3290408607572317
  landing: 0.019373923540115356
  view-data: 0.0236035268753767
