times:
  edit-metadata: 0.522148794028908
  landing: 0.06897816807031631
  view-data: 0.1918170489370823
