times:
  edit-metadata: 1.3586781211197376
  landing: 0.02309209667146206
  view-data: 0.14847211353480816
