times:
  edit-metadata: 0.5160214700736105
  landing: 0.0533573511056602
  view-data: 0.27597645623609424
