times:
  edit-metadata: 0.5474999640136957
  landing: 0.0641372068785131
  view-data: 0.27369082206860185
