times:
  edit-metadata: 1.3905351851135492
  landing: 0.20419906452298164
  view-data: 0.14529587142169476
