times:
  edit-metadata: 1.3304910529404879
  landing: 0.019603591412305832
  view-data: 0.027658015489578247
