times:
  edit-metadata: 1.3976464495062828
  landing: 0.018933478742837906
  view-data: 0.033040398731827736
