times:
  edit-metadata: 1.6555468644946814
  landing: 0.2487085871398449
  view-data: 0.30486083030700684
