times:
  edit-metadata: 0.5065793362446129
  landing: 0.05384246027097106
  view-data: 0.22903573093935847
