times:
  edit-metadata: 1.4493454014882445
  landing: 0.04228524584323168
  view-data: 0.02482686936855316
