times:
  edit-metadata: 1.310030223801732
  landing: 0.02134087309241295
  view-data: 0.02437714859843254
