times:
  edit-metadata: 0.8514384981244802
  landing: 0.06311926478520036
  view-data: 0.20568822603672743
