times:
  edit-metadata: 1.7624538410454988
  landing: 0.32168103381991386
  view-data: 0.45379290357232094
