times:
  edit-metadata: 1.3633953146636486
  landing: 0.13715411350131035
  view-data: 0.023642530664801598
