times:
  edit-metadata: 1.4878883371129632
  landing: 0.12573631573468447
  view-data: 0.024094336666166782
