times:
  edit-metadata: 1.3342186510562897
  landing: 0.020039988681674004
  view-data: 0.024240415543317795
