times:
  edit-metadata: 1.31405511777848
  landing: 0.022540573962032795
  view-data: 0.023944362066686153
