times:
  edit-metadata: 0.5214509177021682
  landing: 0.08303365716710687
  view-data: 0.2830406818538904
