times:
  edit-metadata: 0.7232078830711544
  landing: 0.07460488472133875
  view-data: 0.21796920290216804
