times:
  edit-metadata: 0.507019444834441
  landing: 0.06828628480434418
  view-data: 0.2063847347162664
