times:
  edit-metadata: 1.4090369008481503
  landing: 0.020126281306147575
  view-data: 0.1256940383464098
