times:
  edit-metadata: 1.474216289818287
  landing: 0.05052100867033005
  view-data: 0.37896026857197285
