times:
  edit-metadata: 0.6575583899393678
  landing: 0.04921669978648424
  view-data: 0.26316316006705165
