times:
  edit-metadata: 1.3778484389185905
  landing: 0.021939311176538467
  view-data: 0.3262086808681488
