times:
  edit-metadata: 0.49985684314742684
  landing: 0.1044038599357009
  view-data: 0.2925687860697508
