times:
  edit-metadata: 2.1900841146707535
  landing: 0.02412623167037964
  view-data: 0.3472317736595869
