times:
  edit-metadata: 1.3157849851995707
  landing: 0.22051160037517548
  view-data: 0.0227337758988142
