times:
  edit-metadata: 1.56380258128047
  landing: 0.2800995483994484
  view-data: 0.36180940456688404
