times:
  edit-metadata: 1.4221551697701216
  landing: 0.1335562840104103
  view-data: 0.3538770228624344
