times:
  edit-metadata: 1.3219803236424923
  landing: 0.021719688549637794
  view-data: 0.0288955457508564
