times:
  edit-metadata: 1.514732139185071
  landing: 0.3078805562108755
  view-data: 0.4937194846570492
