times:
  edit-metadata: 1.7815937995910645
  landing: 0.15345792099833488
  view-data: 0.15364592149853706
