times:
  edit-metadata: 1.5228467863053083
  landing: 0.1773041021078825
  view-data: 0.6871940148994327
