times:
  edit-metadata: 1.9452589023858309
  landing: 0.051500216126441956
  view-data: 0.024440977722406387
