times:
  edit-metadata: 1.3388476483523846
  landing: 0.02174026146531105
  view-data: 0.23174735717475414
