times:
  edit-metadata: 1.4991440083831549
  landing: 0.1364690288901329
  view-data: 0.36988733522593975
