times:
  edit-metadata: 1.3158771712332964
  landing: 0.19434647262096405
  view-data: 0.10124210640788078
