times:
  edit-metadata: 0.4956708298996091
  landing: 0.06598324701189995
  view-data: 0.3188757533207536
