times:
  edit-metadata: 1.6525576524436474
  landing: 0.18812280520796776
  view-data: 0.15672470070421696
