times:
  edit-metadata: 1.3941822238266468
  landing: 0.02427511475980282
  view-data: 0.31364379450678825
