times:
  edit-metadata: 0.5332284159958363
  landing: 0.068820271641016
  view-data: 0.2794924918562174
