times:
  edit-metadata: 1.3249904476106167
  landing: 0.10551797039806843
  view-data: 0.02776932902634144
