times:
  edit-metadata: 1.4578984007239342
  landing: 0.14209188893437386
  view-data: 0.026225367560982704
