times:
  edit-metadata: 1.3420565240085125
  landing: 0.20436779968440533
  view-data: 0.028421176597476006
