times:
  edit-metadata: 1.3836312144994736
  landing: 0.24079766031354666
  view-data: 0.4868716336786747
