times:
  edit-metadata: 1.4125264938920736
  landing: 0.019694941118359566
  view-data: 0.024083605036139488
