times:
  edit-metadata: 1.518155900761485
  landing: 0.04928596876561642
  view-data: 0.05399663187563419
