times:
  edit-metadata: 1.3190842904150486
  landing: 0.019608505070209503
  view-data: 0.023682016879320145
