times:
  edit-metadata: 1.4350012671202421
  landing: 0.01980426348745823
  view-data: 0.1182599775493145
