times:
  edit-metadata: 1.5241413619369268
  landing: 0.019100096076726913
  view-data: 0.5692212730646133
