times:
  edit-metadata: 0.5065378751605749
  landing: 0.07367369718849659
  view-data: 0.20595142617821693
