times:
  edit-metadata: 1.3778813872486353
  landing: 0.21332834009081125
  view-data: 0.023526961915194988
