times:
  edit-metadata: 0.42869708593934774
  landing: 0.039479528088122606
  view-data: 0.5904985633678734
