times:
  edit-metadata: 0.42238301131874323
  landing: 0.05029858183115721
  view-data: 1.3884074669331312
