times:
  edit-metadata: 0.39684155490249395
  landing: 0.04551579989492893
  view-data: 0.3509911512956023
