times:
  edit-metadata: 0.44982306798920035
  landing: 0.040008563082665205
  view-data: 0.34622919699177146
