times:
  edit-metadata: 0.4663697029463947
  landing: 0.043509264942258596
  view-data: 0.3338222266174853
