times:
  edit-metadata: 0.4704301431775093
  landing: 0.05436870735138655
  view-data: 0.20018953178077936
