times:
  edit-metadata: 0.4279926912859082
  landing: 0.05143680702894926
  view-data: 0.2182206860743463
