times:
  edit-metadata: 0.4082748042419553
  landing: 0.04061639402061701
  view-data: 0.20020097494125366
