times:
  edit-metadata: 0.4626718070358038
  landing: 0.04536094982177019
  view-data: 0.21878910716623068
