times:
  edit-metadata: 0.4534782571718097
  landing: 0.05030893813818693
  view-data: 0.329232816118747
