times:
  edit-metadata: 2.0321650933474302
  landing: 0.1380398329347372
  view-data: 0.024570923298597336
