times:
  edit-metadata: 1.9495113492012024
  landing: 0.12110291980206966
  view-data: 0.025388358160853386
