times:
  edit-metadata: 2.370630146935582
  landing: 0.25837946124374866
  view-data: 0.3004548065364361
