times:
  edit-metadata: 2.0106797255575657
  landing: 0.1394207961857319
  view-data: 0.3173635508865118
