times:
  edit-metadata: 2.0594360157847404
  landing: 0.018874188885092735
  view-data: 0.02560492791235447
