times:
  edit-metadata: 1.160771403927356
  landing: 0.08511548396199942
  view-data: 0.23660196596756577
