times:
  edit-metadata: 2.158381301909685
  landing: 0.017955652438104153
  view-data: 0.11536840721964836
