times:
  edit-metadata: 2.580034462735057
  landing: 0.2580579612404108
  view-data: 0.35736364126205444
