times:
  edit-metadata: 2.0279658790677786
  landing: 0.019388316199183464
  view-data: 0.14942294359207153
