times:
  edit-metadata: 1.9430140359327197
  landing: 0.2117303842678666
  view-data: 0.023955214768648148
