times:
  edit-metadata: 1.268250044900924
  landing: 0.143362273927778
  view-data: 0.3199126683175564
