times:
  edit-metadata: 1.9582352191209793
  landing: 0.022199150174856186
  view-data: 0.024094022810459137
