times:
  edit-metadata: 2.004061244428158
  landing: 0.020109273493289948
  view-data: 0.4934552516788244
