times:
  edit-metadata: 1.9270511288195848
  landing: 0.13817486073821783
  view-data: 0.02539966069161892
