times:
  edit-metadata: 2.787407446652651
  landing: 0.3002007734030485
  view-data: 0.22740287519991398
