times:
  edit-metadata: 2.0139414705336094
  landing: 0.021565355360507965
  view-data: 0.14278790540993214
