times:
  edit-metadata: 1.7514676237478852
  landing: 0.14195162802934647
  view-data: 0.026291060261428356
