times:
  edit-metadata: 1.9198037143796682
  landing: 0.01877676136791706
  view-data: 0.027231860905885696
