times:
  edit-metadata: 2.29991926625371
  landing: 0.24508397094905376
  view-data: 0.15298889577388763
