times:
  edit-metadata: 2.500007065013051
  landing: 0.15648949146270752
  view-data: 0.33277345821261406
