times:
  edit-metadata: 2.056359276175499
  landing: 0.019513560459017754
  view-data: 0.023684382438659668
