times:
  edit-metadata: 1.9286749716848135
  landing: 0.020939426496624947
  view-data: 0.024932460859417915
