times:
  edit-metadata: 2.0794147439301014
  landing: 0.023221049457788467
  view-data: 0.024661973118782043
