times:
  edit-metadata: 1.990825843065977
  landing: 0.019088830798864365
  view-data: 0.024387158453464508
