times:
  edit-metadata: 1.0334419687278569
  landing: 0.060856164898723364
  view-data: 0.2283123335801065
