times:
  edit-metadata: 1.992006879299879
  landing: 0.14930924959480762
  view-data: 0.026153357699513435
