times:
  edit-metadata: 2.036137906834483
  landing: 0.13050251826643944
  view-data: 0.29086634144186974
