times:
  edit-metadata: 1.3304666439071298
  landing: 0.06751503702253103
  view-data: 0.3264417820610106
