times:
  edit-metadata: 2.018068678677082
  landing: 0.2088565742596984
  view-data: 0.238474503159523
