times:
  edit-metadata: 2.2272014524787664
  landing: 0.16725436411798
  view-data: 0.12419434823095798
