times:
  edit-metadata: 1.2420883500017226
  landing: 0.07359132776036859
  view-data: 0.23321928409859538
