times:
  edit-metadata: 1.9938055258244276
  landing: 0.019948668777942657
  view-data: 0.02301589585840702
