times:
  edit-metadata: 1.1429433152079582
  landing: 0.06506542209535837
  view-data: 0.24651537276804447
