times:
  edit-metadata: 1.9950118009001017
  landing: 0.01954779587686062
  view-data: 0.02352787647396326
