times:
  edit-metadata: 2.619536641985178
  landing: 0.343694182112813
  view-data: 0.18109174817800522
