times:
  edit-metadata: 2.2545905336737633
  landing: 0.2834934126585722
  view-data: 0.36990997567772865
