times:
  edit-metadata: 1.7434346536174417
  landing: 0.01899006310850382
  view-data: 0.14625217113643885
