times:
  edit-metadata: 1.9785963390022516
  landing: 0.26945726945996284
  view-data: 0.02411347534507513
