times:
  edit-metadata: 2.050293117761612
  landing: 0.019198614172637463
  view-data: 0.12890622206032276
