times:
  edit-metadata: 1.9008953161537647
  landing: 0.02221088670194149
  view-data: 0.025393255054950714
