times:
  edit-metadata: 1.9383708219975233
  landing: 0.021759554743766785
  view-data: 0.029059767723083496
