times:
  edit-metadata: 2.5355360247194767
  landing: 0.12748452834784985
  view-data: 0.32904608733952045
