times:
  edit-metadata: 1.9771198686212301
  landing: 0.12341869622468948
  view-data: 0.027704976499080658
