times:
  edit-metadata: 2.013198947533965
  landing: 0.1518033631145954
  view-data: 0.028237245976924896
