times:
  edit-metadata: 2.8106848653405905
  landing: 0.0244340468198061
  view-data: 0.4909705463796854
