times:
  edit-metadata: 2.5708626806735992
  landing: 0.023987064138054848
  view-data: 0.24591071344912052
