times:
  edit-metadata: 2.2034558914601803
  landing: 0.21661155112087727
  view-data: 0.023575829342007637
