times:
  edit-metadata: 1.2177187958732247
  landing: 0.04226080095395446
  view-data: 0.367683757096529
