times:
  edit-metadata: 2.286583431996405
  landing: 0.048013271763920784
  view-data: 0.025659832172095776
