times:
  edit-metadata: 1.0317373359575868
  landing: 0.0699543640948832
  view-data: 0.22887142514809966
