times:
  edit-metadata: 1.9250471517443657
  landing: 0.019971778616309166
  view-data: 0.025272393599152565
