times:
  edit-metadata: 2.0375530440360308
  landing: 0.01960889995098114
  view-data: 0.12866845726966858
