times:
  edit-metadata: 2.5974216237664223
  landing: 0.01991363987326622
  view-data: 0.37658613733947277
