times:
  edit-metadata: 1.9602896869182587
  landing: 0.19230704754590988
  view-data: 0.31003773771226406
