times:
  edit-metadata: 2.0776965003460646
  landing: 0.021262163296341896
  view-data: 0.1014942079782486
