times:
  edit-metadata: 2.5818779189139605
  landing: 0.18599997833371162
  view-data: 0.22519289143383503
