times:
  edit-metadata: 2.2879138477146626
  landing: 0.5192791596055031
  view-data: 0.17040390893816948
