times:
  edit-metadata: 2.0633632969111204
  landing: 0.01817452348768711
  view-data: 0.026962224394083023
