times:
  edit-metadata: 1.962173718959093
  landing: 0.023979509249329567
  view-data: 0.02556455135345459
