times:
  edit-metadata: 2.2813101522624493
  landing: 0.25319356098771095
  view-data: 0.17629243060946465
