times:
  edit-metadata: 1.2186155021190643
  landing: 0.07719114329665899
  view-data: 0.23556180112063885
