times:
  edit-metadata: 1.1922917547635734
  landing: 0.08799376990646124
  view-data: 0.3653923408128321
