times:
  edit-metadata: 1.712544652633369
  landing: 0.021248177625238895
  view-data: 0.02322731539607048
