times:
  edit-metadata: 2.042072370648384
  landing: 0.1346290446817875
  view-data: 0.32720073498785496
