times:
  edit-metadata: 2.9387002363801003
  landing: 0.44739164505153894
  view-data: 0.38736577052623034
