times:
  edit-metadata: 2.2352064782753587
  landing: 0.1592884911224246
  view-data: 0.33577553275972605
