times:
  edit-metadata: 1.977026212029159
  landing: 0.01936430111527443
  view-data: 0.11498800292611122
