times:
  edit-metadata: 1.735873082652688
  landing: 0.019850741140544415
  view-data: 0.12055652029812336
