times:
  edit-metadata: 2.257092786952853
  landing: 0.023797165602445602
  view-data: 0.027298498898744583
