times:
  edit-metadata: 1.9563197195529938
  landing: 0.019505608826875687
  view-data: 0.026818133890628815
