times:
  edit-metadata: 1.0017647934146225
  landing: 0.049109084997326136
  view-data: 0.24150742404162884
