times:
  edit-metadata: 1.754144897684455
  landing: 0.020299735479056835
  view-data: 0.025180714204907417
