times:
  edit-metadata: 2.3354436550289392
  landing: 0.14017190597951412
  view-data: 0.4029353689402342
