times:
  edit-metadata: 1.7152815544977784
  landing: 0.022637441754341125
  view-data: 0.028304952196776867
