times:
  edit-metadata: 2.0642062164843082
  landing: 0.20707812160253525
  view-data: 0.026020999997854233
