times:
  edit-metadata: 2.3604355975985527
  landing: 0.018393349833786488
  view-data: 0.39354249741882086
