times:
  edit-metadata: 1.9726796243339777
  landing: 0.020929774269461632
  view-data: 0.1322675757110119
