times:
  edit-metadata: 1.9274310730397701
  landing: 0.02180442586541176
  view-data: 0.2625386230647564
