times:
  edit-metadata: 2.0598418340086937
  landing: 0.1443781964480877
  view-data: 0.12780917063355446
