times:
  edit-metadata: 2.303242713212967
  landing: 0.02326265722513199
  view-data: 0.3751126155257225
