times:
  edit-metadata: 2.143209809437394
  landing: 0.235232912003994
  view-data: 0.3440227471292019
