times:
  edit-metadata: 1.297174533829093
  landing: 0.04272626433521509
  view-data: 0.3338171150535345
