times:
  edit-metadata: 1.9826822932809591
  landing: 0.23227400798350573
  view-data: 0.13460187520831823
