times:
  edit-metadata: 1.9989236500114202
  landing: 0.11679347231984138
  view-data: 0.1232166737318039
