times:
  edit-metadata: 1.986922500655055
  landing: 0.018660901114344597
  view-data: 0.11560585349798203
