times:
  edit-metadata: 1.909417638555169
  landing: 0.45060515217483044
  view-data: 0.3226874601095915
