times:
  edit-metadata: 1.1564186261966825
  landing: 0.1168473451398313
  view-data: 0.352928230073303
