times:
  edit-metadata: 2.0634293891489506
  landing: 0.18151913303881884
  view-data: 0.024371092207729816
