times:
  edit-metadata: 2.2887318152934313
  landing: 0.14112887158989906
  view-data: 0.36922409012913704
