times:
  edit-metadata: 1.9639316592365503
  landing: 0.1958634164184332
  view-data: 0.024464065209031105
