times:
  edit-metadata: 1.9511519819498062
  landing: 0.21886862069368362
  view-data: 0.022811774164438248
