times:
  edit-metadata: 1.9416054673492908
  landing: 0.18787757121026516
  view-data: 0.30516577884554863
