times:
  edit-metadata: 2.357893345877528
  landing: 0.1658372189849615
  view-data: 0.056747080758214
