times:
  edit-metadata: 1.9181906767189503
  landing: 0.019510075449943542
  view-data: 0.024827316403388977
