times:
  edit-metadata: 1.999911860562861
  landing: 0.14776082802563906
  view-data: 0.2637784229591489
