times:
  edit-metadata: 2.448643172159791
  landing: 0.2722458764910698
  view-data: 0.2949673980474472
