times:
  edit-metadata: 5.637972511991393
  landing: 0.29907277700840496
  view-data: 0.6566172350139823
