times:
  edit-metadata: 1.0992641327902675
  landing: 0.04650750523433089
  view-data: 0.22898078430444002
