times:
  edit-metadata: 2.0376610085368156
  landing: 0.11769317090511322
  view-data: 0.0255757886916399
