times:
  edit-metadata: 1.1873319000005722
  landing: 0.08785359002649784
  view-data: 0.24131316505372524
