times:
  edit-metadata: 1.9938032049685717
  landing: 0.021401215344667435
  view-data: 0.027626318857073784
