times:
  edit-metadata: 2.4510345831513405
  landing: 0.02530393749475479
  view-data: 0.31096102483570576
