times:
  edit-metadata: 2.4498570170253515
  landing: 0.3190333880484104
  view-data: 0.2048373706638813
