times:
  edit-metadata: 1.7167209861800075
  landing: 0.021809710189700127
  view-data: 0.12461571674793959
