times:
  edit-metadata: 1.9773517549037933
  landing: 0.023589778691530228
  view-data: 0.25607459247112274
