times:
  edit-metadata: 1.7678759675472975
  landing: 0.1974616525694728
  view-data: 0.02521428931504488
