times:
  edit-metadata: 2.1336010582745075
  landing: 0.19692653231322765
  view-data: 0.027287133038043976
