times:
  edit-metadata: 2.0150807071477175
  landing: 0.19922800920903683
  view-data: 0.023600013926625252
