times:
  edit-metadata: 1.936250338330865
  landing: 0.018938600085675716
  view-data: 0.2324155531823635
