times:
  edit-metadata: 2.011993819847703
  landing: 0.11603325605392456
  view-data: 0.025394095107913017
