times:
  edit-metadata: 1.2177458871155977
  landing: 0.13118203869089484
  view-data: 0.2466502459719777
