times:
  edit-metadata: 2.7040965352207422
  landing: 0.3336709998548031
  view-data: 0.35256367549300194
