times:
  edit-metadata: 3.697294982150197
  landing: 0.378853315487504
  view-data: 0.4930585529655218
