times:
  edit-metadata: 2.020648654550314
  landing: 0.19088120013475418
  view-data: 0.13556975685060024
