times:
  edit-metadata: 2.07141643576324
  landing: 0.021045776084065437
  view-data: 0.1284408401697874
