times:
  edit-metadata: 2.3359200414270163
  landing: 0.19569102488458157
  view-data: 0.029785307124257088
