times:
  edit-metadata: 2.0236070808023214
  landing: 0.021128255873918533
  view-data: 0.03575649484992027
