times:
  edit-metadata: 2.256496846675873
  landing: 0.22303177788853645
  view-data: 0.38262264616787434
