times:
  edit-metadata: 1.2824309091083705
  landing: 0.07903286907821894
  view-data: 0.23740405682474375
