times:
  edit-metadata: 1.9471381697803736
  landing: 0.020199868828058243
  view-data: 0.1189794223755598
