times:
  edit-metadata: 1.980844622477889
  landing: 0.02340296469628811
  view-data: 0.35276347398757935
