times:
  edit-metadata: 1.9601356834173203
  landing: 0.12970626913011074
  view-data: 0.33153513446450233
