times:
  edit-metadata: 1.952609209343791
  landing: 0.023087240755558014
  view-data: 0.139133058488369
