times:
  edit-metadata: 2.3639948163181543
  landing: 0.02280023694038391
  view-data: 0.02532721683382988
