times:
  edit-metadata: 1.9636958949267864
  landing: 0.19472557306289673
  view-data: 0.34712327644228935
