times:
  edit-metadata: 1.9646708089858294
  landing: 0.01770911179482937
  view-data: 0.35493554919958115
