times:
  edit-metadata: 2.0469364691525698
  landing: 0.20424945279955864
  view-data: 0.24945492297410965
