times:
  edit-metadata: 2.3124513998627663
  landing: 0.020210690796375275
  view-data: 0.2881766874343157
