times:
  edit-metadata: 2.040000013075769
  landing: 0.018674523569643497
  view-data: 0.47267865017056465
