times:
  edit-metadata: 2.1531681595370173
  landing: 0.018602468073368073
  view-data: 0.02331848070025444
