times:
  edit-metadata: 1.014916348271072
  landing: 0.047860405407845974
  view-data: 0.23748942697420716
