times:
  edit-metadata: 2.0716954078525305
  landing: 0.01952490396797657
  view-data: 0.12527156062424183
