times:
  edit-metadata: 1.1994098699651659
  landing: 0.10034994315356016
  view-data: 0.33551141479983926
