times:
  edit-metadata: 1.9780584424734116
  landing: 0.019628526642918587
  view-data: 0.022719142958521843
