times:
  edit-metadata: 1.0712307733483613
  landing: 0.04340555798262358
  view-data: 0.3487793100066483
