times:
  edit-metadata: 2.047182796522975
  landing: 0.021086379885673523
  view-data: 0.129086809232831
