times:
  edit-metadata: 0.9782930607907474
  landing: 0.05227909376844764
  view-data: 0.2363861738704145
