times:
  edit-metadata: 1.1825692811980844
  landing: 0.061659837141633034
  view-data: 0.3720343359746039
