times:
  edit-metadata: 2.0236405339092016
  landing: 0.02048097550868988
  view-data: 0.1037125401198864
