times:
  edit-metadata: 2.338445719331503
  landing: 0.1276891753077507
  view-data: 0.16692901588976383
