times:
  edit-metadata: 2.102329818531871
  landing: 0.039939699694514275
  view-data: 0.02723747119307518
