times:
  edit-metadata: 2.248898595571518
  landing: 0.024295033887028694
  view-data: 0.023663995787501335
