times:
  edit-metadata: 2.439313154667616
  landing: 0.28992127627134323
  view-data: 0.37479010596871376
