times:
  edit-metadata: 2.083146631717682
  landing: 0.019722001627087593
  view-data: 0.3565336503088474
