times:
  edit-metadata: 1.0162769691087306
  landing: 0.07551709096878767
  view-data: 0.2357279430143535
