times:
  edit-metadata: 2.44046812877059
  landing: 0.2889347802847624
  view-data: 0.3698140922933817
