times:
  edit-metadata: 1.9512929674237967
  landing: 0.020929396152496338
  view-data: 0.02456987462937832
