times:
  edit-metadata: 2.221838066354394
  landing: 0.20367752015590668
  view-data: 0.024875717237591743
