times:
  edit-metadata: 2.3908411767333746
  landing: 0.0254201702773571
  view-data: 0.4656914062798023
