times:
  edit-metadata: 1.9314193278551102
  landing: 0.1087523102760315
  view-data: 0.29363189078867435
