times:
  edit-metadata: 1.2149973139166832
  landing: 0.07970168488100171
  view-data: 0.3795465948060155
