times:
  edit-metadata: 1.998195894062519
  landing: 0.018759068101644516
  view-data: 0.13726017996668816
