times:
  edit-metadata: 1.2895844271406531
  landing: 0.06655800202861428
  view-data: 0.34675506316125393
