times:
  edit-metadata: 3.2553386222571135
  landing: 0.2760966792702675
  view-data: 0.028187580406665802
