times:
  edit-metadata: 1.0425679562613368
  landing: 0.06450528698042035
  view-data: 0.23780742194503546
