times:
  edit-metadata: 2.763612100854516
  landing: 0.20238891057670116
  view-data: 0.20792984776198864
