times:
  edit-metadata: 3.022753531113267
  landing: 0.24773241579532623
  view-data: 0.15372741781175137
