times:
  edit-metadata: 2.2903636917471886
  landing: 0.1422384474426508
  view-data: 0.37587883323431015
