times:
  edit-metadata: 1.9444241225719452
  landing: 0.020435580983757973
  view-data: 0.21848100796341896
