times:
  edit-metadata: 2.0074151316657662
  landing: 0.12710990384221077
  view-data: 0.15694381576031446
