times:
  edit-metadata: 2.0062167197465897
  landing: 0.021924328058958054
  view-data: 0.026178861036896706
