times:
  edit-metadata: 2.034449404105544
  landing: 0.22417115420103073
  view-data: 0.033391667529940605
