times:
  edit-metadata: 2.1540058199316263
  landing: 0.02123747393488884
  view-data: 0.026755087077617645
