times:
  edit-metadata: 2.3917758651077747
  landing: 0.13294991478323936
  view-data: 0.17576860077679157
