times:
  edit-metadata: 1.2633786802180111
  landing: 0.08383802929893136
  view-data: 0.23263633903115988
