times:
  edit-metadata: 2.2858177479356527
  landing: 0.159324299544096
  view-data: 0.459270179271698
