times:
  edit-metadata: 2.128717815503478
  landing: 0.13841453567147255
  view-data: 0.028524575755000114
