times:
  edit-metadata: 1.9850585348904133
  landing: 0.02063058689236641
  view-data: 0.2628874760121107
