times:
  edit-metadata: 1.3761234693229198
  landing: 0.019327662885189056
  view-data: 0.3638905230909586
