times:
  edit-metadata: 0.7121135769411922
  landing: 0.10828147828578949
  view-data: 0.28840301325544715
