times:
  edit-metadata: 1.4097838327288628
  landing: 0.021129347383975983
  view-data: 0.025188429281115532
