times:
  edit-metadata: 1.7374227959662676
  landing: 0.16376923583447933
  view-data: 0.41412282176315784
