times:
  edit-metadata: 1.2842310024425387
  landing: 0.214710284024477
  view-data: 0.13236222602427006
