times:
  edit-metadata: 1.4183284677565098
  landing: 0.021638333797454834
  view-data: 0.024905366823077202
