times:
  edit-metadata: 1.4376158602535725
  landing: 0.14240474440157413
  view-data: 0.3192689847201109
