times:
  edit-metadata: 2.607791382819414
  landing: 0.12510455027222633
  view-data: 0.12583047896623611
