times:
  edit-metadata: 1.3826717752963305
  landing: 0.11458428297191858
  view-data: 0.024473742581903934
