times:
  edit-metadata: 1.4328160919249058
  landing: 0.022152448073029518
  view-data: 0.30642042495310307
