times:
  edit-metadata: 0.6770429289899766
  landing: 0.04711310286074877
  view-data: 0.2060908661223948
