times:
  edit-metadata: 1.5417599491775036
  landing: 0.1527247242629528
  view-data: 0.3190419599413872
