times:
  edit-metadata: 1.3697421923279762
  landing: 0.025689920410513878
  view-data: 0.026227811351418495
