times:
  edit-metadata: 1.5201261509209871
  landing: 0.02322564460337162
  view-data: 0.024722693488001823
