times:
  edit-metadata: 1.9606253188103437
  landing: 0.29756168089807034
  view-data: 0.028784919530153275
