times:
  edit-metadata: 1.6028188578784466
  landing: 0.3395185898989439
  view-data: 0.1606976743787527
