times:
  edit-metadata: 1.3521935977041721
  landing: 0.022916220128536224
  view-data: 0.025913849472999573
