times:
  edit-metadata: 1.5257296655327082
  landing: 0.02124185673892498
  view-data: 0.025239774957299232
