times:
  edit-metadata: 1.558263499289751
  landing: 0.2883459571748972
  view-data: 0.3416155017912388
