times:
  edit-metadata: 1.7079126443713903
  landing: 0.3307353761047125
  view-data: 0.30858725868165493
