times:
  edit-metadata: 1.3923304378986359
  landing: 0.019830547273159027
  view-data: 0.12567939050495625
