times:
  edit-metadata: 1.668302409350872
  landing: 0.46866631507873535
  view-data: 0.4676600769162178
