times:
  edit-metadata: 1.404895156621933
  landing: 0.20680028200149536
  view-data: 0.025482092052698135
