times:
  edit-metadata: 1.4695430994033813
  landing: 0.2908439338207245
  view-data: 0.3767912779003382
