times:
  edit-metadata: 1.335556066595018
  landing: 0.0197254391387105
  view-data: 0.05172291398048401
