times:
  edit-metadata: 1.5605752617120743
  landing: 0.022320188581943512
  view-data: 0.32707892917096615
