times:
  edit-metadata: 1.4952344000339508
  landing: 0.1489355880767107
  view-data: 0.31740037351846695
