times:
  edit-metadata: 3.3900740947574377
  landing: 0.3021574765443802
  view-data: 0.7678090278059244
