times:
  edit-metadata: 0.510653842240572
  landing: 0.045970575883984566
  view-data: 0.20879219518974423
