times:
  edit-metadata: 1.3634383026510477
  landing: 0.01991984434425831
  view-data: 0.026879627257585526
