times:
  edit-metadata: 0.5446668979711831
  landing: 0.1609997469931841
  view-data: 0.2061015316285193
