times:
  edit-metadata: 1.3276581056416035
  landing: 0.023274466395378113
  view-data: 0.024896414950489998
