times:
  edit-metadata: 1.402485840022564
  landing: 0.021236879751086235
  view-data: 0.24383772537112236
