times:
  edit-metadata: 1.3555069789290428
  landing: 0.18789029121398926
  view-data: 0.12137601338326931
