times:
  edit-metadata: 1.507691215723753
  landing: 0.02170584909617901
  view-data: 0.3486022334545851
