times:
  edit-metadata: 1.654942475259304
  landing: 0.2656499184668064
  view-data: 0.3328046202659607
