times:
  edit-metadata: 2.052394537255168
  landing: 0.27704205363988876
  view-data: 0.06697351112961769
