times:
  edit-metadata: 1.4521915949881077
  landing: 0.12273368798196316
  view-data: 0.02509540505707264
