times:
  edit-metadata: 1.300108378753066
  landing: 0.11480849515646696
  view-data: 0.4663870334625244
