times:
  edit-metadata: 1.4187977258116007
  landing: 0.1279517002403736
  view-data: 0.025587329640984535
