times:
  edit-metadata: 1.6228902861475945
  landing: 0.2203656155616045
  view-data: 0.3728418219834566
