times:
  edit-metadata: 1.4627889916300774
  landing: 0.01947760209441185
  view-data: 0.33029406145215034
