times:
  edit-metadata: 1.3821862740442157
  landing: 0.21019639819860458
  view-data: 0.13610232342034578
