times:
  edit-metadata: 1.2951420322060585
  landing: 0.01922022458165884
  view-data: 0.02863665297627449
