times:
  edit-metadata: 1.598636144772172
  landing: 0.19107061065733433
  view-data: 0.022444618865847588
