times:
  edit-metadata: 1.413332061842084
  landing: 0.12371417507529259
  view-data: 0.11809905432164669
