times:
  edit-metadata: 1.5695502553135157
  landing: 0.02167595736682415
  view-data: 0.4111035708338022
