times:
  edit-metadata: 1.8279814682900906
  landing: 0.23730467818677425
  view-data: 0.43122040666639805
