times:
  edit-metadata: 1.6650553047657013
  landing: 0.19283179938793182
  view-data: 0.0362043883651495
