times:
  edit-metadata: 0.6370848570950329
  landing: 0.060217473190277815
  view-data: 0.292891554068774
