times:
  edit-metadata: 0.5381818474270403
  landing: 0.045207319781184196
  view-data: 0.2062768586911261
