times:
  edit-metadata: 1.5041270852088928
  landing: 0.25342654064297676
  view-data: 0.34027635864913464
