times:
  edit-metadata: 1.3981344308704138
  landing: 0.022089703008532524
  view-data: 0.024047313258051872
