times:
  edit-metadata: 1.3743365304544568
  landing: 0.2601539734750986
  view-data: 0.22783472202718258
