times:
  edit-metadata: 1.411349842324853
  landing: 0.02078055404126644
  view-data: 0.028087392449378967
