times:
  edit-metadata: 1.419081101194024
  landing: 0.023723820224404335
  view-data: 0.31915593706071377
