times:
  edit-metadata: 1.3942156285047531
  landing: 0.12059567682445049
  view-data: 0.2967924028635025
