times:
  edit-metadata: 0.6254074298776686
  landing: 0.05073352809995413
  view-data: 0.3635111474432051
