times:
  edit-metadata: 0.6062280461192131
  landing: 0.061997272074222565
  view-data: 0.29018329083919525
