times:
  edit-metadata: 0.5980668216943741
  landing: 0.05698671191930771
  view-data: 0.22648860979825258
