times:
  edit-metadata: 1.3659772984683514
  landing: 0.2408486921340227
  view-data: 0.12213055230677128
