times:
  edit-metadata: 1.681336399167776
  landing: 0.2003144919872284
  view-data: 0.4547143578529358
