times:
  edit-metadata: 1.3803475219756365
  landing: 0.22978210914880037
  view-data: 0.26728546898812056
