times:
  edit-metadata: 0.5355727151036263
  landing: 0.05230242107063532
  view-data: 0.2169348979368806
