times:
  edit-metadata: 1.4167980179190636
  landing: 0.024851951748132706
  view-data: 0.02969500422477722
