times:
  edit-metadata: 1.282819366082549
  landing: 0.019371887668967247
  view-data: 0.11965267360210419
