times:
  edit-metadata: 1.33501779101789
  landing: 0.019797751680016518
  view-data: 0.025352096185088158
