times:
  edit-metadata: 1.3406655453145504
  landing: 0.020863579586148262
  view-data: 0.1205577626824379
