times:
  edit-metadata: 1.3497541919350624
  landing: 0.022159863263368607
  view-data: 0.10748946852982044
