times:
  edit-metadata: 1.63526201993227
  landing: 0.16208181902766228
  view-data: 0.027790674939751625
