times:
  edit-metadata: 1.5445329956710339
  landing: 0.17333228513598442
  view-data: 0.3366751465946436
