times:
  edit-metadata: 1.5529142394661903
  landing: 0.19283472374081612
  view-data: 0.1330504957586527
