times:
  edit-metadata: 1.2696471735835075
  landing: 0.1400131033733487
  view-data: 0.38678324315696955
