times:
  edit-metadata: 0.7140926229767501
  landing: 0.0414187777787447
  view-data: 0.20864067180082202
