times:
  edit-metadata: 1.4471956547349691
  landing: 0.020654212683439255
  view-data: 0.02690007910132408
