times:
  edit-metadata: 1.5869042966514826
  landing: 0.13100514002144337
  view-data: 0.17348616756498814
