times:
  edit-metadata: 1.674861241132021
  landing: 0.21985897235572338
  view-data: 0.14309298433363438
