times:
  edit-metadata: 1.3917239755392075
  landing: 0.02112855575978756
  view-data: 0.12659683264791965
