times:
  edit-metadata: 1.3539058156311512
  landing: 0.022253619506955147
  view-data: 0.12237959541380405
