times:
  edit-metadata: 1.5846506543457508
  landing: 0.01821453496813774
  view-data: 0.32544328458607197
