times:
  edit-metadata: 1.6691660089418292
  landing: 0.19687467068433762
  view-data: 0.4808568535372615
