times:
  edit-metadata: 1.4414917938411236
  landing: 0.01993042230606079
  view-data: 0.04495828039944172
