times:
  edit-metadata: 1.4185181129723787
  landing: 0.11995701491832733
  view-data: 0.32456101663410664
