times:
  edit-metadata: 0.5170560502447188
  landing: 0.11823101667687297
  view-data: 0.2398701561614871
