times:
  edit-metadata: 1.5044221356511116
  landing: 0.2383124940097332
  view-data: 0.10057656839489937
