times:
  edit-metadata: 1.4115501772612333
  landing: 0.2006856231018901
  view-data: 0.15601367317140102
