times:
  edit-metadata: 1.3125918451696634
  landing: 0.1803969731554389
  view-data: 0.13937090802937746
