times:
  edit-metadata: 1.3541821241378784
  landing: 0.019328990951180458
  view-data: 0.024106651544570923
