times:
  edit-metadata: 1.362019445747137
  landing: 0.20035848952829838
  view-data: 0.11741134151816368
