times:
  edit-metadata: 0.5549700609408319
  landing: 0.07214196724817157
  view-data: 0.2244335375726223
