times:
  edit-metadata: 0.5205216901376843
  landing: 0.048087785951793194
  view-data: 0.20525193586945534
