times:
  edit-metadata: 1.4292481429874897
  landing: 0.022200847044587135
  view-data: 0.12920723482966423
