times:
  edit-metadata: 1.3985394947230816
  landing: 0.019956129603087902
  view-data: 0.498128361068666
