times:
  edit-metadata: 1.529125476256013
  landing: 0.17173617705702782
  view-data: 0.3245321586728096
