times:
  edit-metadata: 0.5678518773056567
  landing: 0.06392548186704516
  view-data: 0.2068537250161171
