times:
  edit-metadata: 0.5125724510289729
  landing: 0.055657579097896814
  view-data: 0.21323915803804994
