times:
  edit-metadata: 1.4491467494517565
  landing: 0.019473654218018055
  view-data: 0.025584528222680092
