times:
  edit-metadata: 1.3750318866223097
  landing: 0.19729292392730713
  view-data: 0.307177297770977
