times:
  edit-metadata: 1.5171373020857573
  landing: 0.21443591639399529
  view-data: 0.17926771380007267
