times:
  edit-metadata: 0.5227013332769275
  landing: 0.07175107300281525
  view-data: 0.22933060862123966
