times:
  edit-metadata: 0.5417330050840974
  landing: 0.06777132023125887
  view-data: 0.20655666198581457
