times:
  edit-metadata: 1.522581661120057
  landing: 0.3025299049913883
  view-data: 0.1580573283135891
