times:
  edit-metadata: 1.3415566198527813
  landing: 0.020054107531905174
  view-data: 0.02372318133711815
