times:
  edit-metadata: 1.4616379123181105
  landing: 0.25488538667559624
  view-data: 0.33355171605944633
