times:
  edit-metadata: 1.4182816669344902
  landing: 0.26554227992892265
  view-data: 0.44766065664589405
