times:
  edit-metadata: 1.6854562014341354
  landing: 0.2941816784441471
  view-data: 0.38253202103078365
