times:
  edit-metadata: 1.3212475664913654
  landing: 0.12113815546035767
  view-data: 0.027790455147624016
