times:
  edit-metadata: 1.4492925144731998
  landing: 0.16859624348580837
  view-data: 0.12066342495381832
