times:
  edit-metadata: 1.4174546785652637
  landing: 0.0220455564558506
  view-data: 0.02470848150551319
