times:
  edit-metadata: 1.382564814761281
  landing: 0.12415899150073528
  view-data: 0.24197847582399845
