times:
  edit-metadata: 1.4133803267031908
  landing: 0.019570931792259216
  view-data: 0.10294031351804733
