times:
  edit-metadata: 1.4903383646160364
  landing: 0.28528262861073017
  view-data: 0.12925570458173752
