times:
  edit-metadata: 1.4534897599369287
  landing: 0.020133545622229576
  view-data: 0.022691363468766212
