times:
  edit-metadata: 0.6642469549551606
  landing: 0.05421388475224376
  view-data: 0.20840277522802353
