times:
  edit-metadata: 1.5807728506624699
  landing: 0.20325523242354393
  view-data: 0.2827273942530155
