times:
  edit-metadata: 1.4517931398004293
  landing: 0.26412968896329403
  view-data: 0.022453410550951958
