times:
  edit-metadata: 0.507320059929043
  landing: 0.04715447500348091
  view-data: 0.2500236891210079
