times:
  edit-metadata: 1.3440182227641344
  landing: 0.1290156962350011
  view-data: 0.2162171183153987
