times:
  edit-metadata: 1.3569746613502502
  landing: 0.023060932755470276
  view-data: 0.023554803803563118
