times:
  edit-metadata: 1.4327653348445892
  landing: 0.20577752590179443
  view-data: 0.13806498982012272
