times:
  edit-metadata: 1.3990711942315102
  landing: 0.020734816789627075
  view-data: 0.025014100596308708
