times:
  edit-metadata: 1.3720141258090734
  landing: 0.13121145777404308
  view-data: 0.22590601723641157
