times:
  edit-metadata: 1.528478818014264
  landing: 0.020297758281230927
  view-data: 0.02327699400484562
