times:
  edit-metadata: 0.8043114878237247
  landing: 0.04346674773842096
  view-data: 0.2131536859087646
