times:
  edit-metadata: 0.7035264139994979
  landing: 0.07986243907362223
  view-data: 0.20787369087338448
