times:
  edit-metadata: 1.348220655694604
  landing: 0.021002675406634808
  view-data: 0.023056764155626297
