times:
  edit-metadata: 1.3820233177393675
  landing: 0.1955734919756651
  view-data: 0.31214395351707935
