times:
  edit-metadata: 1.4046541564166546
  landing: 0.01977933570742607
  view-data: 0.3338319603353739
