times:
  edit-metadata: 2.156484317034483
  landing: 0.2295886017382145
  view-data: 0.1746295727789402
