times:
  edit-metadata: 1.5590671133249998
  landing: 0.2017922941595316
  view-data: 0.39507407136261463
