times:
  edit-metadata: 0.5779261547140777
  landing: 0.12586680799722672
  view-data: 0.20690203784033656
