times:
  edit-metadata: 1.3847577553242445
  landing: 0.01975945197045803
  view-data: 0.12825654819607735
