times:
  edit-metadata: 1.2862622840330005
  landing: 0.020193873904645443
  view-data: 0.09967786632478237
