times:
  edit-metadata: 1.8612571824342012
  landing: 0.39890313148498535
  view-data: 0.48751373402774334
