times:
  edit-metadata: 1.4119194075465202
  landing: 0.019579008221626282
  view-data: 0.28715433180332184
