times:
  edit-metadata: 0.49711130699142814
  landing: 0.04607186606153846
  view-data: 0.20326407998800278
