times:
  edit-metadata: 1.6824423167854548
  landing: 0.1853144895285368
  view-data: 0.045464666560292244
