times:
  edit-metadata: 1.4225358786061406
  landing: 0.1485444288700819
  view-data: 0.46521199215203524
