times:
  edit-metadata: 1.6087957546114922
  landing: 0.023235496133565903
  view-data: 0.4571437183767557
