times:
  edit-metadata: 1.2646662211045623
  landing: 0.19500932563096285
  view-data: 0.23695004545152187
