times:
  edit-metadata: 1.3062984608113766
  landing: 0.022020242176949978
  view-data: 0.027203870005905628
