times:
  edit-metadata: 1.5086534582078457
  landing: 0.023557908833026886
  view-data: 0.02823151834309101
