times:
  edit-metadata: 1.421614583581686
  landing: 0.01936578005552292
  view-data: 0.2492562960833311
