times:
  edit-metadata: 1.3539270274341106
  landing: 0.020223628729581833
  view-data: 0.02505449205636978
