times:
  edit-metadata: 1.311286729760468
  landing: 0.02236129716038704
  view-data: 0.10121237300336361
