times:
  edit-metadata: 1.3666350524872541
  landing: 0.021856650710105896
  view-data: 0.35073016211390495
