times:
  edit-metadata: 1.3278710022568703
  landing: 0.018537276424467564
  view-data: 0.47389834374189377
