times:
  edit-metadata: 1.341380575671792
  landing: 0.02220909111201763
  view-data: 0.11781898513436317
