times:
  edit-metadata: 1.44767795689404
  landing: 0.022816486656665802
  view-data: 0.33548620715737343
