times:
  edit-metadata: 1.3934591906145215
  landing: 0.13342714495956898
  view-data: 0.11991573870182037
