times:
  edit-metadata: 1.9183744005858898
  landing: 0.38916295021772385
  view-data: 0.2271551415324211
