times:
  edit-metadata: 1.6256704479455948
  landing: 0.13266667909920216
  view-data: 0.32549707405269146
