times:
  edit-metadata: 1.5265013612806797
  landing: 0.15478758700191975
  view-data: 0.34082884155213833
