times:
  edit-metadata: 0.7134213228709996
  landing: 0.07067639706656337
  view-data: 0.2389746680855751
