times:
  edit-metadata: 1.5082113072276115
  landing: 0.02279563434422016
  view-data: 0.43833217956125736
