times:
  edit-metadata: 1.4375402331352234
  landing: 0.18211557157337666
  view-data: 0.3041292782872915
