times:
  edit-metadata: 1.346455978229642
  landing: 0.01955379080027342
  view-data: 0.025153844617307186
