times:
  edit-metadata: 1.7819432206451893
  landing: 0.024143023416399956
  view-data: 0.37391685508191586
