times:
  edit-metadata: 1.4262006860226393
  landing: 0.22991043515503407
  view-data: 0.02938336320221424
