times:
  edit-metadata: 1.583280548453331
  landing: 0.1858166754245758
  view-data: 0.3236464522778988
