times:
  edit-metadata: 1.5372480191290379
  landing: 0.022048400714993477
  view-data: 0.023229938000440598
