times:
  edit-metadata: 0.5078127239830792
  landing: 0.06884290697053075
  view-data: 0.22689806390553713
