times:
  edit-metadata: 0.5618664501234889
  landing: 0.07000238820910454
  view-data: 0.2432746160775423
