times:
  edit-metadata: 1.3706502448767424
  landing: 0.0230075903236866
  view-data: 0.27629639208316803
