times:
  edit-metadata: 2.015924323350191
  landing: 0.019978372380137444
  view-data: 0.23189040273427963
