times:
  edit-metadata: 1.359080133959651
  landing: 0.14120388962328434
  view-data: 0.3079898338764906
