times:
  edit-metadata: 1.5589785352349281
  landing: 0.2986041195690632
  view-data: 0.3373505678027868
