times:
  edit-metadata: 1.3848064560443163
  landing: 0.20293126814067364
  view-data: 0.12597816810011864
