times:
  edit-metadata: 1.4084368385374546
  landing: 0.02466059848666191
  view-data: 0.02845075912773609
