times:
  edit-metadata: 1.233282702974975
  landing: 0.13497226126492023
  view-data: 0.027022024616599083
