times:
  edit-metadata: 1.3497058041393757
  landing: 0.018992257304489613
  view-data: 0.028722818940877914
