times:
  edit-metadata: 1.59081912599504
  landing: 0.24686053022742271
  view-data: 0.16615279205143452
