times:
  edit-metadata: 1.2409576373174787
  landing: 0.1948935203254223
  view-data: 0.024345372803509235
