times:
  edit-metadata: 1.3187268730252981
  landing: 0.022364475764334202
  view-data: 0.3549093557521701
