times:
  edit-metadata: 1.3209574408829212
  landing: 0.020870182663202286
  view-data: 0.12147463858127594
