times:
  edit-metadata: 1.5536710787564516
  landing: 0.053931599482893944
  view-data: 0.03145105950534344
