times:
  edit-metadata: 0.6588938189670444
  landing: 0.06007878901436925
  view-data: 0.3126836530864239
