times:
  edit-metadata: 1.4703351650387049
  landing: 0.0258293729275465
  view-data: 0.1520812101662159
