times:
  edit-metadata: 1.3397825546562672
  landing: 0.019430484622716904
  view-data: 0.026693351566791534
