times:
  edit-metadata: 1.2164825182408094
  landing: 0.24883732106536627
  view-data: 0.024573376402258873
