times:
  edit-metadata: 1.2057567443698645
  landing: 0.021850433200597763
  view-data: 0.12210898194462061
