times:
  edit-metadata: 1.3286233600229025
  landing: 0.15481426753103733
  view-data: 0.1260471548885107
