times:
  edit-metadata: 0.42486699391156435
  landing: 0.04348675347864628
  view-data: 0.21858246810734272
