times:
  edit-metadata: 1.3331386474892497
  landing: 0.02233893796801567
  view-data: 0.1007560919970274
