times:
  edit-metadata: 0.48756028478965163
  landing: 0.038756032940000296
  view-data: 0.2119862106628716
