times:
  edit-metadata: 0.40900790970772505
  landing: 0.0583306597545743
  view-data: 0.539426033385098
