times:
  edit-metadata: 1.880089521408081
  landing: 0.3427320346236229
  view-data: 0.6151490826159716
