times:
  edit-metadata: 0.41100424202159047
  landing: 0.057179759722203016
  view-data: 0.46519116731360555
