times:
  edit-metadata: 1.2772936504334211
  landing: 0.019500233232975006
  view-data: 0.4316205959767103
