times:
  edit-metadata: 1.344166323542595
  landing: 0.022538522258400917
  view-data: 0.026621220633387566
