times:
  edit-metadata: 0.41444582864642143
  landing: 0.03905794769525528
  view-data: 0.1972064869478345
