times:
  edit-metadata: 1.3246273584663868
  landing: 0.12211187463253736
  view-data: 0.26362305879592896
