times:
  edit-metadata: 1.221149512566626
  landing: 0.1211748393252492
  view-data: 0.2300798324868083
