times:
  edit-metadata: 1.32215556781739
  landing: 0.024014271795749664
  view-data: 0.12178635876625776
