times:
  edit-metadata: 1.6978939063847065
  landing: 0.02280581369996071
  view-data: 0.051556539721786976
