times:
  edit-metadata: 1.4792275670915842
  landing: 0.15456786006689072
  view-data: 0.5036576427519321
