times:
  edit-metadata: 1.406734773889184
  landing: 0.021390383131802082
  view-data: 0.4644523235037923
