times:
  edit-metadata: 1.2735551558434963
  landing: 0.018509766086935997
  view-data: 0.02335391566157341
