times:
  edit-metadata: 1.244870226830244
  landing: 0.018851487897336483
  view-data: 0.13848457019776106
