times:
  edit-metadata: 1.2563165072351694
  landing: 0.019677606411278248
  view-data: 0.02473267912864685
