times:
  edit-metadata: 1.4927096907049417
  landing: 0.27102697268128395
  view-data: 0.14393115229904652
