times:
  edit-metadata: 1.4469547308981419
  landing: 0.02206270955502987
  view-data: 0.02985387109220028
