times:
  edit-metadata: 1.3801380712538958
  landing: 0.13225769624114037
  view-data: 0.2975796405225992
