times:
  edit-metadata: 1.482255706563592
  landing: 0.12162686884403229
  view-data: 0.3639872707426548
