times:
  edit-metadata: 1.2989890817552805
  landing: 0.023614433594048023
  view-data: 0.025805259123444557
