times:
  edit-metadata: 1.231279730796814
  landing: 0.020764688961207867
  view-data: 0.12574014347046614
