times:
  edit-metadata: 1.2386865550652146
  landing: 0.019811897538602352
  view-data: 0.023109205067157745
