times:
  edit-metadata: 1.2543303659185767
  landing: 0.021797291934490204
  view-data: 0.02625262551009655
