times:
  edit-metadata: 1.2564532738178968
  landing: 0.13735997769981623
  view-data: 0.02793299313634634
