times:
  edit-metadata: 1.390514049679041
  landing: 0.021737918257713318
  view-data: 0.02653368003666401
