times:
  edit-metadata: 0.4164284113794565
  landing: 0.04522231686860323
  view-data: 0.20527100656181574
