times:
  edit-metadata: 0.43000658228993416
  landing: 0.04125633463263512
  view-data: 0.21130823902785778
