times:
  edit-metadata: 1.6407731957733631
  landing: 0.023546412587165833
  view-data: 0.20045326463878155
