times:
  edit-metadata: 1.3422847148030996
  landing: 0.20838960446417332
  view-data: 0.31944331526756287
