times:
  edit-metadata: 1.3246239898726344
  landing: 0.1257799193263054
  view-data: 0.12166627123951912
