times:
  edit-metadata: 0.4018351659178734
  landing: 0.05183898098766804
  view-data: 0.3278306759893894
