times:
  edit-metadata: 0.4878254672512412
  landing: 0.05240034917369485
  view-data: 0.20099761337041855
