times:
  edit-metadata: 1.4600788485258818
  landing: 0.221941240131855
  view-data: 0.38299134001135826
