times:
  edit-metadata: 1.2459479803219438
  landing: 0.022597131319344044
  view-data: 0.023632261902093887
