times:
  edit-metadata: 1.6765258237719536
  landing: 0.30356597527861595
  view-data: 0.4034909922629595
