times:
  edit-metadata: 1.3056783471256495
  landing: 0.12911639641970396
  view-data: 0.026307658292353153
