times:
  edit-metadata: 1.3985451012849808
  landing: 0.019819768145680428
  view-data: 0.11329744569957256
