times:
  edit-metadata: 1.3890685569494963
  landing: 0.19134311936795712
  view-data: 0.3756153751164675
