times:
  edit-metadata: 1.2487975982949138
  landing: 0.021320825442671776
  view-data: 0.2108205622062087
