times:
  edit-metadata: 1.3534150291234255
  landing: 0.11426709592342377
  view-data: 0.023710347712039948
