times:
  edit-metadata: 1.3198489248752594
  landing: 0.021054886281490326
  view-data: 0.02898418717086315
