times:
  edit-metadata: 1.4248748272657394
  landing: 0.019846562296152115
  view-data: 0.35741201788187027
