times:
  edit-metadata: 1.3263146858662367
  landing: 0.019543184898793697
  view-data: 0.12261110544204712
