times:
  edit-metadata: 1.2740193009376526
  landing: 0.14890382066369057
  view-data: 0.12695212475955486
