times:
  edit-metadata: 1.4496134091168642
  landing: 0.24917225912213326
  view-data: 0.39871544763445854
