times:
  edit-metadata: 1.4254122115671635
  landing: 0.24297589994966984
  view-data: 0.027586206793785095
