times:
  edit-metadata: 1.2690876862034202
  landing: 0.18402860313653946
  view-data: 0.11856292001903057
