times:
  edit-metadata: 0.5916916360147297
  landing: 0.04691758332774043
  view-data: 0.2103295112028718
