times:
  edit-metadata: 0.5171078802086413
  landing: 0.05770788434892893
  view-data: 0.19873642269521952
