times:
  edit-metadata: 0.4969794903881848
  landing: 0.044735551811754704
  view-data: 0.2076337318867445
