times:
  edit-metadata: 1.3144907169044018
  landing: 0.1302207112312317
  view-data: 0.3542726691812277
