times:
  edit-metadata: 1.4225412029772997
  landing: 0.020143374800682068
  view-data: 0.1215633824467659
