times:
  edit-metadata: 1.322734309360385
  landing: 0.02395039051771164
  view-data: 0.12466382794082165
