times:
  edit-metadata: 1.5663210079073906
  landing: 0.019261173903942108
  view-data: 0.15773745439946651
