times:
  edit-metadata: 1.2692949082702398
  landing: 0.020813546143472195
  view-data: 0.02480797190219164
