times:
  edit-metadata: 1.3167901011183858
  landing: 0.019311269745230675
  view-data: 0.027066737413406372
