times:
  edit-metadata: 1.3080918565392494
  landing: 0.021365579217672348
  view-data: 0.4620117172598839
