times:
  edit-metadata: 1.3599858162924647
  landing: 0.1284501664340496
  view-data: 0.1282077757641673
