times:
  edit-metadata: 0.4672078359872103
  landing: 0.07768225017935038
  view-data: 0.20731380814686418
