times:
  edit-metadata: 1.304438291117549
  landing: 0.021511942148208618
  view-data: 0.299582839012146
