times:
  edit-metadata: 1.3042903188616037
  landing: 0.01997271552681923
  view-data: 0.33879617787897587
