times:
  edit-metadata: 0.4211722733452916
  landing: 0.055496228858828545
  view-data: 0.20322278328239918
