times:
  edit-metadata: 0.6629815767519176
  landing: 0.1172415278851986
  view-data: 0.22046954091638327
