times:
  edit-metadata: 1.2869543451815844
  landing: 0.018973367288708687
  view-data: 0.026159275323152542
