times:
  edit-metadata: 1.2330839168280363
  landing: 0.13004697673022747
  view-data: 0.32217193208634853
