times:
  edit-metadata: 1.434104522690177
  landing: 0.020320530980825424
  view-data: 0.44347837194800377
