times:
  edit-metadata: 1.2536473758518696
  landing: 0.019273114390671253
  view-data: 0.023083909414708614
