times:
  edit-metadata: 1.3890048135071993
  landing: 0.15009883977472782
  view-data: 0.026140984147787094
