times:
  edit-metadata: 0.4162985561415553
  landing: 0.040094166062772274
  view-data: 0.2016099402680993
