times:
  edit-metadata: 1.568123146891594
  landing: 0.16700276546180248
  view-data: 0.4626705888658762
