times:
  edit-metadata: 1.2941465880721807
  landing: 0.02015598490834236
  view-data: 0.3310658782720566
