times:
  edit-metadata: 1.8451938144862652
  landing: 0.021142352372407913
  view-data: 0.0242368932813406
