times:
  edit-metadata: 2.9021116020012414
  landing: 0.33338624400494155
  view-data: 0.30884474400954787
