times:
  edit-metadata: 1.286583784967661
  landing: 0.019618325866758823
  view-data: 0.1373251210898161
