times:
  edit-metadata: 0.5208206488750875
  landing: 0.07725146599113941
  view-data: 0.21289378311485052
