times:
  edit-metadata: 1.2440923852846026
  landing: 0.02178677450865507
  view-data: 0.1209683483466506
