times:
  edit-metadata: 1.314474635757506
  landing: 0.02128689084202051
  view-data: 0.12352207768708467
