times:
  edit-metadata: 1.233295195735991
  landing: 0.02111680619418621
  view-data: 0.4444307880476117
