times:
  edit-metadata: 1.452296894043684
  landing: 0.02026301622390747
  view-data: 0.1685868762433529
