times:
  edit-metadata: 1.5857192054390907
  landing: 0.25712101347744465
  view-data: 0.19464618153870106
