times:
  edit-metadata: 0.470544143114239
  landing: 0.0670701120980084
  view-data: 0.31640535593032837
