times:
  edit-metadata: 1.3596475813537836
  landing: 0.1229118425399065
  view-data: 0.12449063919484615
