times:
  edit-metadata: 1.284889793023467
  landing: 0.019339188933372498
  view-data: 0.023732010275125504
