times:
  edit-metadata: 1.3785575777292252
  landing: 0.020916249603033066
  view-data: 0.34099334105849266
