times:
  edit-metadata: 1.5750647280365229
  landing: 0.28491785004734993
  view-data: 0.28654185496270657
