times:
  edit-metadata: 1.2753764800727367
  landing: 0.18155217170715332
  view-data: 0.140275739133358
