times:
  edit-metadata: 1.320552607998252
  landing: 0.022359434515237808
  view-data: 0.027663324028253555
