times:
  edit-metadata: 1.577142408117652
  landing: 0.3404351733624935
  view-data: 0.344860203564167
