times:
  edit-metadata: 1.353552332147956
  landing: 0.22758007049560547
  view-data: 0.3152636978775263
