times:
  edit-metadata: 0.5304600903764367
  landing: 0.07333653699606657
  view-data: 0.2791681201197207
