times:
  edit-metadata: 1.3123512528836727
  landing: 0.027651675045490265
  view-data: 0.02729867212474346
