times:
  edit-metadata: 1.323994250036776
  landing: 0.019327529706060886
  view-data: 0.02343039494007826
