times:
  edit-metadata: 1.3105702959001064
  landing: 0.022030909545719624
  view-data: 0.1319672167301178
