times:
  edit-metadata: 0.4314388195052743
  landing: 0.041834672912955284
  view-data: 0.2054948154836893
