times:
  edit-metadata: 1.2378928223624825
  landing: 0.02055551018565893
  view-data: 0.0986209325492382
