times:
  edit-metadata: 1.2561502447351813
  landing: 0.15787499956786633
  view-data: 0.12971990182995796
