times:
  edit-metadata: 1.2338232975453138
  landing: 0.021482262760400772
  view-data: 0.38076163828372955
