times:
  edit-metadata: 1.2701290994882584
  landing: 0.01991943921893835
  view-data: 0.09888275619596243
