times:
  edit-metadata: 1.653320910409093
  landing: 0.02090184949338436
  view-data: 0.05414202809333801
