times:
  edit-metadata: 1.2695528138428926
  landing: 0.14632122870534658
  view-data: 0.3715938115492463
