times:
  edit-metadata: 1.6799685023725033
  landing: 0.1674579232931137
  view-data: 0.13922923989593983
