times:
  edit-metadata: 1.2646019970998168
  landing: 0.1302300002425909
  view-data: 0.02515806257724762
