times:
  edit-metadata: 1.355457006022334
  landing: 0.023880472406744957
  view-data: 0.33536069095134735
