times:
  edit-metadata: 0.42655877815559506
  landing: 0.046294896863400936
  view-data: 0.33179965103045106
