times:
  edit-metadata: 1.3384960647672415
  landing: 0.09400692023336887
  view-data: 0.32497030310332775
