times:
  edit-metadata: 1.5639646090567112
  landing: 0.3127076327800751
  view-data: 0.027309905737638474
