times:
  edit-metadata: 1.2563659185543656
  landing: 0.02059830166399479
  view-data: 0.023288210853934288
