times:
  edit-metadata: 0.3957707043737173
  landing: 0.052029283717274666
  view-data: 0.3390059322118759
