times:
  edit-metadata: 0.43044186010956764
  landing: 0.04180992301553488
  view-data: 0.33615412190556526
