times:
  edit-metadata: 1.4326428323984146
  landing: 0.274724991992116
  view-data: 0.40226243250072
