times:
  edit-metadata: 1.4136524051427841
  landing: 0.16391063295304775
  view-data: 0.027075108140707016
