times:
  edit-metadata: 1.3283724691718817
  landing: 0.025295810773968697
  view-data: 0.026356177404522896
