times:
  edit-metadata: 0.4302084827795625
  landing: 0.043608734384179115
  view-data: 0.32953523378819227
