times:
  edit-metadata: 1.2731545232236385
  landing: 0.1162132453173399
  view-data: 0.11918861232697964
