times:
  edit-metadata: 0.4176238407380879
  landing: 0.042152710258960724
  view-data: 0.32922582188621163
