times:
  edit-metadata: 1.283522242680192
  landing: 0.019759781658649445
  view-data: 0.022990262135863304
