times:
  edit-metadata: 1.2481828276067972
  landing: 0.02301274798810482
  view-data: 0.11724749486893415
