times:
  edit-metadata: 1.2919365763664246
  landing: 0.01978202536702156
  view-data: 0.09970295429229736
