times:
  edit-metadata: 0.4844590309076011
  landing: 0.06922259042039514
  view-data: 0.21190044563263655
