times:
  edit-metadata: 1.285858060233295
  landing: 0.20676986500620842
  view-data: 0.4555941913276911
