times:
  edit-metadata: 1.2580787427723408
  landing: 0.02360551431775093
  view-data: 0.1225419957190752
