times:
  edit-metadata: 1.350271737203002
  landing: 0.018561212345957756
  view-data: 0.024327296763658524
