times:
  edit-metadata: 1.288900200277567
  landing: 0.19555252604186535
  view-data: 0.023620523512363434
