times:
  edit-metadata: 1.2730977702885866
  landing: 0.023354326374828815
  view-data: 0.029428835026919842
