times:
  edit-metadata: 1.4141131155192852
  landing: 0.22701593302190304
  view-data: 0.15527455881237984
