times:
  edit-metadata: 1.4741938915103674
  landing: 0.4113803617656231
  view-data: 0.4031259724870324
