times:
  edit-metadata: 1.574724491685629
  landing: 0.27150845527648926
  view-data: 0.13050591200590134
