times:
  edit-metadata: 1.3068304108455777
  landing: 0.01974979043006897
  view-data: 0.11879154480993748
