times:
  edit-metadata: 0.41576322820037603
  landing: 0.04452931880950928
  view-data: 0.20460197515785694
