times:
  edit-metadata: 0.4379606507718563
  landing: 0.049594318494200706
  view-data: 0.34088397584855556
