times:
  edit-metadata: 1.6197647731751204
  landing: 0.26212294213473797
  view-data: 0.3014320507645607
