times:
  edit-metadata: 1.4317789897322655
  landing: 0.2453549336642027
  view-data: 0.3722637612372637
