times:
  edit-metadata: 0.40686226915568113
  landing: 0.042288695462048054
  view-data: 0.23943887371569872
