times:
  edit-metadata: 2.1127905631437898
  landing: 0.2212530905380845
  view-data: 0.37209098134189844
