times:
  edit-metadata: 1.3433443875983357
  landing: 0.15561068430542946
  view-data: 0.025422639213502407
