times:
  edit-metadata: 2.211353600025177
  landing: 0.021602334454655647
  view-data: 0.03010672889649868
