times:
  edit-metadata: 1.2495098914951086
  landing: 0.02071620337665081
  view-data: 0.025457657873630524
