times:
  edit-metadata: 0.4219956863671541
  landing: 0.04157630447298288
  view-data: 0.361597441136837
