times:
  edit-metadata: 1.732463551685214
  landing: 0.30265488289296627
  view-data: 0.026897206902503967
