times:
  edit-metadata: 0.41461058519780636
  landing: 0.0454366123303771
  view-data: 0.4667372899129987
