times:
  edit-metadata: 1.3056035609915853
  landing: 0.22948320489376783
  view-data: 0.025373833253979683
