times:
  edit-metadata: 1.4460526052862406
  landing: 0.02141772396862507
  view-data: 0.11915380880236626
