times:
  edit-metadata: 1.3682687729597092
  landing: 0.02245660126209259
  view-data: 0.02410862408578396
