times:
  edit-metadata: 1.2675616322085261
  landing: 0.02066580019891262
  view-data: 0.426071560010314
