times:
  edit-metadata: 1.2760370085015893
  landing: 0.021588954143226147
  view-data: 0.2090126732364297
