times:
  edit-metadata: 1.3847459089010954
  landing: 0.024409860372543335
  view-data: 0.4817496705800295
