times:
  edit-metadata: 1.243434827774763
  landing: 0.133754450827837
  view-data: 0.024576540105044842
