times:
  edit-metadata: 1.366040637716651
  landing: 0.019503528252243996
  view-data: 0.4077702406793833
