times:
  edit-metadata: 1.468383340165019
  landing: 0.21208618208765984
  view-data: 0.4306928161531687
