times:
  edit-metadata: 1.2014202186837792
  landing: 0.02115197852253914
  view-data: 0.1278503118082881
