times:
  edit-metadata: 0.6728605590760708
  landing: 0.0655515780672431
  view-data: 0.20663449401035905
