times:
  edit-metadata: 1.316812377423048
  landing: 0.02278868295252323
  view-data: 0.14332673326134682
