times:
  edit-metadata: 1.4188385652378201
  landing: 0.1292037796229124
  view-data: 0.22239154111593962
