times:
  edit-metadata: 1.2436781814321876
  landing: 0.020813914947211742
  view-data: 0.02681730780750513
