times:
  edit-metadata: 1.268662174232304
  landing: 0.1901972871273756
  view-data: 0.02429419569671154
