times:
  edit-metadata: 1.2689809389412403
  landing: 0.020074465312063694
  view-data: 0.026813961565494537
