times:
  edit-metadata: 1.2779871504753828
  landing: 0.01844477653503418
  view-data: 0.12254056241363287
