times:
  edit-metadata: 0.4171106079593301
  landing: 0.04543055780231953
  view-data: 0.19709560181945562
