times:
  edit-metadata: 1.3387797055765986
  landing: 0.01929586846381426
  view-data: 0.028307627886533737
