times:
  edit-metadata: 0.6432701288722456
  landing: 0.049246890004724264
  view-data: 0.31335998699069023
