times:
  edit-metadata: 1.291486382484436
  landing: 0.2387241655960679
  view-data: 0.4021718194708228
