times:
  edit-metadata: 0.4402189953252673
  landing: 0.03971219342201948
  view-data: 0.22852678410708904
