times:
  edit-metadata: 1.3233521301299334
  landing: 0.1163982879370451
  view-data: 0.12305111717432737
