times:
  edit-metadata: 1.7080216072499752
  landing: 0.33984800055623055
  view-data: 0.7022839430719614
