times:
  edit-metadata: 1.6577554196119308
  landing: 0.021218985319137573
  view-data: 0.14292937144637108
