times:
  edit-metadata: 1.3072586674243212
  landing: 0.0232417993247509
  view-data: 0.3178073577582836
