times:
  edit-metadata: 1.3528727181255817
  landing: 0.017913603223860264
  view-data: 0.026132257655262947
