times:
  edit-metadata: 0.4282248429954052
  landing: 0.044694564305245876
  view-data: 0.21184972673654556
