times:
  edit-metadata: 1.2404401367530227
  landing: 0.018775582313537598
  view-data: 0.027377570047974586
