times:
  edit-metadata: 1.7312890235334635
  landing: 0.05312805436551571
  view-data: 0.3705977201461792
