times:
  edit-metadata: 1.352070340886712
  landing: 0.02118893712759018
  view-data: 0.12285315059125423
