times:
  edit-metadata: 1.3324432158842683
  landing: 0.01834069937467575
  view-data: 0.05095004104077816
