times:
  edit-metadata: 1.2896695248782635
  landing: 0.021298067644238472
  view-data: 0.025765929371118546
