times:
  edit-metadata: 1.5960846412926912
  landing: 0.25997451692819595
  view-data: 0.2745845094323158
