times:
  edit-metadata: 1.4272732846438885
  landing: 0.01982991024851799
  view-data: 0.32339539006352425
