times:
  edit-metadata: 1.34345050342381
  landing: 0.12026832439005375
  view-data: 0.10128464736044407
