times:
  edit-metadata: 0.423045851290226
  landing: 0.041520082391798496
  view-data: 0.3326119100674987
