times:
  edit-metadata: 0.4068388221785426
  landing: 0.0464704018086195
  view-data: 0.21324155572801828
