times:
  edit-metadata: 1.2568698097020388
  landing: 0.022550499998033047
  view-data: 0.025872349739074707
