times:
  edit-metadata: 1.2928292453289032
  landing: 0.019396813586354256
  view-data: 0.31565099209547043
