times:
  edit-metadata: 1.2574989516288042
  landing: 0.019964726641774178
  view-data: 0.02371329814195633
