times:
  edit-metadata: 1.321086460724473
  landing: 0.021289611235260963
  view-data: 0.1264831656590104
