times:
  edit-metadata: 0.40727991331368685
  landing: 0.04158124513924122
  view-data: 0.20237643364816904
