times:
  edit-metadata: 1.2526881555095315
  landing: 0.021187392063438892
  view-data: 0.025737391784787178
