times:
  edit-metadata: 1.32228593993932
  landing: 0.021869681775569916
  view-data: 0.029298750683665276
