times:
  edit-metadata: 1.2830644054338336
  landing: 0.13418804295361042
  view-data: 0.02571964543312788
