times:
  edit-metadata: 0.7256353907287121
  landing: 0.0702470107935369
  view-data: 0.23203721176832914
