times:
  edit-metadata: 1.5560515113174915
  landing: 0.02057361602783203
  view-data: 0.024593118578195572
