times:
  edit-metadata: 1.316636759787798
  landing: 0.020481301471590996
  view-data: 0.025539623573422432
