times:
  edit-metadata: 0.4686513398773968
  landing: 0.12675705971196294
  view-data: 0.264051906298846
