times:
  edit-metadata: 1.2709334744140506
  landing: 0.019572618417441845
  view-data: 0.025501894764602184
