times:
  edit-metadata: 0.42285234294831753
  landing: 0.051667422987520695
  view-data: 0.32660479843616486
