times:
  edit-metadata: 1.2666364619508386
  landing: 0.021831536665558815
  view-data: 0.02332734502851963
