times:
  edit-metadata: 1.2732051946222782
  landing: 0.1217197272926569
  view-data: 0.12208567652851343
