times:
  edit-metadata: 0.42506735399365425
  landing: 0.04324577748775482
  view-data: 0.1952312933281064
