times:
  edit-metadata: 1.360159699805081
  landing: 0.019814876839518547
  view-data: 0.11654726974666119
