times:
  edit-metadata: 1.354116989299655
  landing: 0.021343400701880455
  view-data: 0.10028555057942867
