times:
  edit-metadata: 0.8130218647420406
  landing: 0.0608522011898458
  view-data: 0.2103274231776595
