times:
  edit-metadata: 1.2174087688326836
  landing: 0.13332794792950153
  view-data: 0.11300520040094852
