times:
  edit-metadata: 1.5764055605977774
  landing: 0.27571449615061283
  view-data: 0.36574736796319485
