times:
  edit-metadata: 0.4875942626968026
  landing: 0.07595107285305858
  view-data: 0.21463609393686056
