times:
  edit-metadata: 1.3347384687513113
  landing: 0.021625817753374577
  view-data: 0.0996344955638051
