times:
  edit-metadata: 1.331420473754406
  landing: 0.13422078173607588
  view-data: 0.12850578594952822
