times:
  edit-metadata: 1.3378418367356062
  landing: 0.01951739937067032
  view-data: 0.023783676326274872
