times:
  edit-metadata: 1.254188809543848
  landing: 0.02051552850753069
  view-data: 0.02650013566017151
