times:
  edit-metadata: 1.37043378315866
  landing: 0.022905200719833374
  view-data: 0.02533203549683094
