times:
  edit-metadata: 0.424760140478611
  landing: 0.04984977934509516
  view-data: 0.2182082049548626
