times:
  edit-metadata: 1.3687615348026156
  landing: 0.1301803793758154
  view-data: 0.13543196860700846
