times:
  edit-metadata: 0.5818399069830775
  landing: 0.14181441068649292
  view-data: 0.24678244115784764
