times:
  edit-metadata: 0.4235458532348275
  landing: 0.042532323859632015
  view-data: 0.19722479209303856
