times:
  edit-metadata: 1.283220504410565
  landing: 0.020945088006556034
  view-data: 0.025871277786791325
