times:
  edit-metadata: 0.5089655607007444
  landing: 0.05238157883286476
  view-data: 0.20667134271934628
