times:
  edit-metadata: 0.40926874801516533
  landing: 0.0529696736484766
  view-data: 0.21852609608322382
