times:
  edit-metadata: 1.3627053275704384
  landing: 0.1954947980120778
  view-data: 0.42023047246038914
