times:
  edit-metadata: 1.3001273851841688
  landing: 0.022134480997920036
  view-data: 0.3900067452341318
