times:
  edit-metadata: 1.272313199006021
  landing: 0.020276238210499287
  view-data: 0.028628988191485405
