times:
  edit-metadata: 1.3575045503675938
  landing: 0.1446583867073059
  view-data: 0.3527470901608467
