times:
  edit-metadata: 1.323324417695403
  landing: 0.16431507840752602
  view-data: 0.026080762967467308
