times:
  edit-metadata: 1.22113374248147
  landing: 0.021764429286122322
  view-data: 0.1303680371493101
