times:
  edit-metadata: 1.264494277536869
  landing: 0.01798422820866108
  view-data: 0.3286218252032995
