times:
  edit-metadata: 1.3698433712124825
  landing: 0.02004186436533928
  view-data: 0.30513663217425346
