times:
  edit-metadata: 1.3670137971639633
  landing: 0.020782841369509697
  view-data: 0.025576580315828323
