times:
  edit-metadata: 1.27040343452245
  landing: 0.020512022078037262
  view-data: 0.024973849765956402
