times:
  edit-metadata: 1.3707084823399782
  landing: 0.02282865159213543
  view-data: 0.026465794071555138
