times:
  edit-metadata: 1.4142644759267569
  landing: 0.021761350333690643
  view-data: 0.02772742509841919
