times:
  edit-metadata: 1.3871440719813108
  landing: 0.024105116724967957
  view-data: 0.02633550949394703
