times:
  edit-metadata: 1.3654909059405327
  landing: 0.15005325339734554
  view-data: 0.027786487713456154
