times:
  edit-metadata: 1.511526644229889
  landing: 0.25777941569685936
  view-data: 0.05831190012395382
