times:
  edit-metadata: 1.3263900084421039
  landing: 0.01978693436831236
  view-data: 0.02558241132646799
