times:
  edit-metadata: 1.3801832990720868
  landing: 0.14454430807381868
  view-data: 0.12285531498491764
