times:
  edit-metadata: 1.4477950762957335
  landing: 0.01904006116092205
  view-data: 0.022300811484456062
