times:
  edit-metadata: 1.3497486989945173
  landing: 0.1442227140069008
  view-data: 0.025909461081027985
