times:
  edit-metadata: 1.2623870521783829
  landing: 0.02040157839655876
  view-data: 0.025509022176265717
