times:
  edit-metadata: 1.2583423294126987
  landing: 0.2091179210692644
  view-data: 0.4358087684959173
