times:
  edit-metadata: 1.3045421335846186
  landing: 0.1373983956873417
  view-data: 0.33670690655708313
