times:
  edit-metadata: 1.612420347519219
  landing: 0.24692946951836348
  view-data: 0.24846608191728592
