times:
  edit-metadata: 1.3229080718010664
  landing: 0.019434459507465363
  view-data: 0.024511132389307022
