times:
  edit-metadata: 1.656093804165721
  landing: 0.021071657538414
  view-data: 0.4495563320815563
