times:
  edit-metadata: 1.3486365769058466
  landing: 0.1920958999544382
  view-data: 0.3591009434312582
