times:
  edit-metadata: 1.3292938265949488
  landing: 0.21265853755176067
  view-data: 0.0252357330173254
