times:
  edit-metadata: 1.3651371654123068
  landing: 0.020110152661800385
  view-data: 0.02684014104306698
