times:
  edit-metadata: 1.2775439117103815
  landing: 0.021216832101345062
  view-data: 0.026826443150639534
