times:
  edit-metadata: 0.42417565919458866
  landing: 0.044579314067959785
  view-data: 0.21154129412025213
