times:
  edit-metadata: 0.7397939870133996
  landing: 0.06327655771747231
  view-data: 0.3114556563086808
