times:
  edit-metadata: 0.5047794030979276
  landing: 0.05621085921302438
  view-data: 0.21426350297406316
