times:
  edit-metadata: 1.2383076986297965
  landing: 0.01980109792202711
  view-data: 0.025983973406255245
