times:
  edit-metadata: 0.40511474292725325
  landing: 0.05194706283509731
  view-data: 0.21591574884951115
