times:
  edit-metadata: 1.3423488596454263
  landing: 0.2081322893500328
  view-data: 0.23224850557744503
