times:
  edit-metadata: 1.373877689242363
  landing: 0.11300015635788441
  view-data: 0.12384288385510445
