times:
  edit-metadata: 1.3416608311235905
  landing: 0.02027416229248047
  view-data: 0.02780006267130375
