times:
  edit-metadata: 1.4296316616237164
  landing: 0.3214176557958126
  view-data: 0.17951593548059464
