times:
  edit-metadata: 1.2620787303894758
  landing: 0.1159181697294116
  view-data: 0.2011433243751526
