times:
  edit-metadata: 0.7879187511280179
  landing: 0.04198717139661312
  view-data: 0.21229189820587635
