times:
  edit-metadata: 1.282571810297668
  landing: 0.025193308480083942
  view-data: 0.024088499136269093
