times:
  edit-metadata: 1.3174000438302755
  landing: 0.021196547895669937
  view-data: 0.1296523790806532
