times:
  edit-metadata: 0.47667051618918777
  landing: 0.0628581759519875
  view-data: 0.20942172314971685
