times:
  edit-metadata: 1.2907116990536451
  landing: 0.021007589995861053
  view-data: 0.10416028276085854
