times:
  edit-metadata: 2.6094686537981033
  landing: 0.2657428625971079
  view-data: 0.7421342078596354
