times:
  edit-metadata: 0.6108808778226376
  landing: 0.13119230698794127
  view-data: 0.20198064716532826
