times:
  edit-metadata: 1.3164615212008357
  landing: 0.0191598329693079
  view-data: 0.023478309623897076
