times:
  edit-metadata: 1.396794794127345
  landing: 0.1313347965478897
  view-data: 0.12170428410172462
