times:
  edit-metadata: 1.3074506865814328
  landing: 0.14845238719135523
  view-data: 0.4128157766535878
