times:
  edit-metadata: 1.2130427388474345
  landing: 0.021165610291063786
  view-data: 0.11639757361263037
