times:
  edit-metadata: 1.2794527858495712
  landing: 0.19905555807054043
  view-data: 0.638053560629487
