times:
  edit-metadata: 1.241192608140409
  landing: 0.19643020257353783
  view-data: 0.09708223585039377
