times:
  edit-metadata: 0.41790211852639914
  landing: 0.04351246543228626
  view-data: 0.33303042966872454
