times:
  edit-metadata: 0.7324535548686981
  landing: 0.061669067945331335
  view-data: 0.2259512678720057
