times:
  edit-metadata: 0.423573755659163
  landing: 0.050401545129716396
  view-data: 0.20446048211306334
