times:
  edit-metadata: 1.83895830437541
  landing: 0.01940622366964817
  view-data: 0.12972895801067352
