times:
  edit-metadata: 1.2378680109977722
  landing: 0.12148807756602764
  view-data: 0.025103664956986904
