times:
  edit-metadata: 1.3942033499479294
  landing: 0.018493114039301872
  view-data: 0.022919826209545135
