times:
  edit-metadata: 0.4473523236811161
  landing: 0.044752899557352066
  view-data: 0.1976305302232504
