times:
  edit-metadata: 0.4171385858207941
  landing: 0.05139572359621525
  view-data: 0.1989214075729251
