times:
  edit-metadata: 0.6443206332623959
  landing: 0.057880320120602846
  view-data: 0.28013855312019587
