times:
  edit-metadata: 1.699195384979248
  landing: 0.019402580335736275
  view-data: 0.2980810534209013
