times:
  edit-metadata: 1.5608220007270575
  landing: 0.02252083271741867
  view-data: 0.1506681628525257
