times:
  edit-metadata: 2.104259317740798
  landing: 0.020560985431075096
  view-data: 0.02620910108089447
