times:
  edit-metadata: 2.4922174839302897
  landing: 0.30908855982124805
  view-data: 0.038420709781348705
