times:
  edit-metadata: 1.7406312841922045
  landing: 0.01870584301650524
  view-data: 0.13895300775766373
