times:
  edit-metadata: 2.2851788103580475
  landing: 0.2901727017015219
  view-data: 0.4687681049108505
