times:
  edit-metadata: 2.132793264463544
  landing: 0.22267952002584934
  view-data: 0.3935534358024597
