times:
  edit-metadata: 0.7478366820141673
  landing: 0.061876246239989996
  view-data: 0.22666628891602159
