times:
  edit-metadata: 1.7791675757616758
  landing: 0.2400457262992859
  view-data: 0.18362153880298138
