times:
  edit-metadata: 1.7811749000102282
  landing: 0.1507180817425251
  view-data: 0.15008146315813065
