times:
  edit-metadata: 1.7508170399814844
  landing: 0.02105536311864853
  view-data: 0.025549915619194508
