times:
  edit-metadata: 1.6848275754600763
  landing: 0.02119961380958557
  view-data: 0.027055133134126663
