times:
  edit-metadata: 2.355151906609535
  landing: 0.02258124202489853
  view-data: 0.3684125691652298
