times:
  edit-metadata: 3.2275594640523195
  landing: 0.5933424178510904
  view-data: 0.5727385710924864
