times:
  edit-metadata: 1.7112846653908491
  landing: 0.019310899078845978
  view-data: 0.351988323032856
