times:
  edit-metadata: 1.5853925747796893
  landing: 0.021154072135686874
  view-data: 0.02688402123749256
