times:
  edit-metadata: 1.0397190880030394
  landing: 0.1265982910990715
  view-data: 0.3045440958812833
