times:
  edit-metadata: 2.3012145794928074
  landing: 0.3193986564874649
  view-data: 0.35738389380276203
