times:
  edit-metadata: 1.6628293683752418
  landing: 0.14591043256223202
  view-data: 0.13403894007205963
