times:
  edit-metadata: 1.6740958411246538
  landing: 0.019425811246037483
  view-data: 0.13812522403895855
