times:
  edit-metadata: 1.71967145614326
  landing: 0.3969466872513294
  view-data: 0.02417685277760029
