times:
  edit-metadata: 1.6681249625980854
  landing: 0.020576683804392815
  view-data: 0.025259751826524734
