times:
  edit-metadata: 1.8830250706523657
  landing: 0.24531421810388565
  view-data: 0.17669379897415638
