times:
  edit-metadata: 1.7066702265292406
  landing: 0.1558226328343153
  view-data: 0.027135541662573814
