times:
  edit-metadata: 1.6524804960936308
  landing: 0.07566321548074484
  view-data: 0.1341443108394742
