times:
  edit-metadata: 1.6417389810085297
  landing: 0.021238384768366814
  view-data: 0.025502540171146393
