times:
  edit-metadata: 1.6368877235800028
  landing: 0.01812136545777321
  view-data: 0.10407918132841587
