times:
  edit-metadata: 1.808294391259551
  landing: 0.02352454699575901
  view-data: 0.31524474546313286
