times:
  edit-metadata: 0.9570038178935647
  landing: 0.07566117076203227
  view-data: 0.2608386497013271
