times:
  edit-metadata: 1.8197754565626383
  landing: 0.15441698394715786
  view-data: 0.14304759725928307
