times:
  edit-metadata: 1.599584886804223
  landing: 0.019475802779197693
  view-data: 0.4266769587993622
