times:
  edit-metadata: 1.7229520101100206
  landing: 0.022176846861839294
  view-data: 0.34123471938073635
