times:
  edit-metadata: 0.9214235041290522
  landing: 0.06690545892342925
  view-data: 0.33603283716365695
