times:
  edit-metadata: 1.6720331124961376
  landing: 0.022200923413038254
  view-data: 0.02411436289548874
