times:
  edit-metadata: 1.7469138745218515
  landing: 0.2718807440251112
  view-data: 0.12066791020333767
