times:
  edit-metadata: 0.8137374566867948
  landing: 0.04238422401249409
  view-data: 0.21380963502451777
