times:
  edit-metadata: 1.752066334709525
  landing: 0.13534088246524334
  view-data: 0.16087106242775917
