times:
  edit-metadata: 1.7502865232527256
  landing: 0.02248566411435604
  view-data: 0.026816343888640404
