times:
  edit-metadata: 1.605010274797678
  landing: 0.16725579649209976
  view-data: 0.2739745108410716
