times:
  edit-metadata: 1.733155395835638
  landing: 0.23499377444386482
  view-data: 0.022017156705260277
