times:
  edit-metadata: 2.01363218575716
  landing: 0.2561152968555689
  view-data: 0.13274952583014965
