times:
  edit-metadata: 2.16567400097847
  landing: 0.387164693325758
  view-data: 0.48147917725145817
