times:
  edit-metadata: 1.7553192805498838
  landing: 0.0203972440212965
  view-data: 0.2640770301222801
