times:
  edit-metadata: 0.845482540782541
  landing: 0.05520486319437623
  view-data: 0.22436995198950171
