times:
  edit-metadata: 1.7402169667184353
  landing: 0.17427562084048986
  view-data: 0.1511977519840002
