times:
  edit-metadata: 2.9245259817689657
  landing: 0.5388381574302912
  view-data: 0.03162929229438305
