times:
  edit-metadata: 1.7105687921866775
  landing: 0.01969224400818348
  view-data: 0.054399918764829636
