times:
  edit-metadata: 1.6629740372300148
  landing: 0.02175070531666279
  view-data: 0.27894433587789536
