times:
  edit-metadata: 1.7175470981746912
  landing: 0.020112747326493263
  view-data: 0.3427145089954138
