times:
  edit-metadata: 1.735381854698062
  landing: 0.14481730479747057
  view-data: 0.022967406548559666
