times:
  edit-metadata: 2.1118591651320457
  landing: 0.20655575580894947
  view-data: 0.4017951190471649
