times:
  edit-metadata: 1.7479639761149883
  landing: 0.1301312604919076
  view-data: 0.1343004535883665
