times:
  edit-metadata: 1.7456801608204842
  landing: 0.11834301985800266
  view-data: 0.02598525397479534
