times:
  edit-metadata: 1.6750668957829475
  landing: 0.02297312393784523
  view-data: 0.024740813300013542
