times:
  edit-metadata: 1.7519846810027957
  landing: 0.25195261742919683
  view-data: 0.029272432439029217
