times:
  edit-metadata: 1.7215006649494171
  landing: 0.022093860432505608
  view-data: 0.1430728118866682
