times:
  edit-metadata: 0.9875707281753421
  landing: 0.05343661876395345
  view-data: 0.3020235178992152
