times:
  edit-metadata: 1.6701736003160477
  landing: 0.019586734473705292
  view-data: 0.02657921053469181
