times:
  edit-metadata: 1.7705692779272795
  landing: 0.01947208307683468
  view-data: 0.032714782282710075
