times:
  edit-metadata: 2.053175549954176
  landing: 0.2138513270765543
  view-data: 0.026294076815247536
