times:
  edit-metadata: 2.4097690656781197
  landing: 0.26517635583877563
  view-data: 0.281886737793684
