times:
  edit-metadata: 1.6762514878064394
  landing: 0.02373775839805603
  view-data: 0.024978268891572952
