times:
  edit-metadata: 1.7038424424827099
  landing: 0.1396726444363594
  view-data: 0.1266354862600565
