times:
  edit-metadata: 1.6388220051303506
  landing: 0.02007625624537468
  view-data: 0.13148650713264942
