times:
  edit-metadata: 2.1114309299737215
  landing: 0.21310287155210972
  view-data: 0.1640001591295004
