times:
  edit-metadata: 1.8479689005762339
  landing: 0.23762137815356255
  view-data: 0.36215249449014664
