times:
  edit-metadata: 1.9330348316580057
  landing: 0.2723968271166086
  view-data: 0.023458385840058327
