times:
  edit-metadata: 1.8450707010924816
  landing: 0.0228709876537323
  view-data: 0.23969190381467342
