times:
  edit-metadata: 1.7085701748728752
  landing: 0.01762480102479458
  view-data: 0.023476602509617805
