times:
  edit-metadata: 1.652465920895338
  landing: 0.01796754077076912
  view-data: 0.022229352965950966
