times:
  edit-metadata: 2.077619533985853
  landing: 0.1925449427217245
  view-data: 0.3933163061738014
