times:
  edit-metadata: 1.6501323785632849
  landing: 0.023685751482844353
  view-data: 0.32124376855790615
