times:
  edit-metadata: 2.3061822429299355
  landing: 0.022978680208325386
  view-data: 0.3459857888519764
