times:
  edit-metadata: 1.6867022179067135
  landing: 0.13132053799927235
  view-data: 0.02275027707219124
