times:
  edit-metadata: 1.7159517891705036
  landing: 0.1973261758685112
  view-data: 0.023651035502552986
