times:
  edit-metadata: 2.0621947441250086
  landing: 0.019563091918826103
  view-data: 0.02553485706448555
