times:
  edit-metadata: 1.8477549124509096
  landing: 0.13545585237443447
  view-data: 0.3708726279437542
