times:
  edit-metadata: 1.6871227100491524
  landing: 0.019905220717191696
  view-data: 0.025657569989562035
