times:
  edit-metadata: 2.0506339110434055
  landing: 0.020645687356591225
  view-data: 0.028772875666618347
