times:
  edit-metadata: 1.697493003681302
  landing: 0.022285381332039833
  view-data: 0.02522987313568592
