times:
  edit-metadata: 2.1557305492460728
  landing: 0.28105886839330196
  view-data: 0.280783724039793
