times:
  edit-metadata: 1.5227753845974803
  landing: 0.02089554537087679
  view-data: 0.024352540262043476
