times:
  edit-metadata: 1.7668176665902138
  landing: 0.1984505308791995
  view-data: 0.4427106734365225
