times:
  edit-metadata: 1.6898342492058873
  landing: 0.1432791706174612
  view-data: 0.2801887262612581
