times:
  edit-metadata: 2.5380311738699675
  landing: 0.21573812142014503
  view-data: 0.2591230496764183
