times:
  edit-metadata: 2.1370880249887705
  landing: 0.05221671238541603
  view-data: 0.33909052051603794
