times:
  edit-metadata: 1.6036179810762405
  landing: 0.022133641876280308
  view-data: 0.10136216226965189
