times:
  edit-metadata: 1.800162112340331
  landing: 0.024420469999313354
  view-data: 0.12579418160021305
