times:
  edit-metadata: 1.5249285530298948
  landing: 0.01975199393928051
  view-data: 0.09758882597088814
