times:
  edit-metadata: 1.7198763098567724
  landing: 0.13413487933576107
  view-data: 0.024503130465745926
