times:
  edit-metadata: 0.8385583739727736
  landing: 0.09136831294745207
  view-data: 0.32632415601983666
