times:
  edit-metadata: 0.9236074527725577
  landing: 0.06765308091416955
  view-data: 0.23354627192020416
