times:
  edit-metadata: 2.042652303352952
  landing: 0.022413279861211777
  view-data: 0.027652902528643608
