times:
  edit-metadata: 1.7323789913207293
  landing: 0.01898721605539322
  view-data: 0.13790948688983917
