times:
  edit-metadata: 1.6396022383123636
  landing: 0.02042487356811762
  view-data: 0.4688253588974476
