times:
  edit-metadata: 1.7491696681827307
  landing: 0.09652098827064037
  view-data: 0.02629782259464264
