times:
  edit-metadata: 0.7432792051695287
  landing: 0.04525789897888899
  view-data: 0.2695558397099376
