times:
  edit-metadata: 1.7865988332778215
  landing: 0.020970923826098442
  view-data: 0.1309638675302267
