times:
  edit-metadata: 1.6422340516000986
  landing: 0.17847109492868185
  view-data: 0.4403297323733568
