times:
  edit-metadata: 1.68038360029459
  landing: 0.022008433938026428
  view-data: 0.12913835234940052
