times:
  edit-metadata: 2.168489370495081
  landing: 0.2424495443701744
  view-data: 0.2848632950335741
