times:
  edit-metadata: 1.7889550607651472
  landing: 0.01942840963602066
  view-data: 0.024186642840504646
