times:
  edit-metadata: 0.7400263859890401
  landing: 0.0595636167563498
  view-data: 0.21694268099963665
