times:
  edit-metadata: 1.7052965313196182
  landing: 0.0208381749689579
  view-data: 0.028998753055930138
