times:
  edit-metadata: 1.025801530573517
  landing: 0.05505437683314085
  view-data: 0.36697812797501683
