times:
  edit-metadata: 1.6836999766528606
  landing: 0.01950439065694809
  view-data: 0.02689744345843792
