times:
  edit-metadata: 1.6920640226453543
  landing: 0.02055605687201023
  view-data: 0.12596712820231915
