times:
  edit-metadata: 0.9804835864342749
  landing: 0.06736309034749866
  view-data: 0.21304560406133533
