times:
  edit-metadata: 0.9209977770224214
  landing: 0.07914569694548845
  view-data: 0.21814082888886333
