times:
  edit-metadata: 1.7050737272948027
  landing: 0.020058656111359596
  view-data: 0.27658940479159355
