times:
  edit-metadata: 1.7027256432920694
  landing: 0.13139690831303596
  view-data: 0.02523617446422577
