times:
  edit-metadata: 1.7384824771434069
  landing: 0.05274347774684429
  view-data: 0.1776769869029522
