times:
  edit-metadata: 1.7209160383790731
  landing: 0.01917790062725544
  view-data: 0.3933981526643038
