times:
  edit-metadata: 1.019283405970782
  landing: 0.14921248285099864
  view-data: 0.26762706181034446
