times:
  edit-metadata: 1.8823897000402212
  landing: 0.021840423345565796
  view-data: 0.3869032822549343
