times:
  edit-metadata: 1.685178468003869
  landing: 0.19148928672075272
  view-data: 0.2861572280526161
