times:
  edit-metadata: 1.9437962211668491
  landing: 0.4597644191235304
  view-data: 0.3794490694999695
