times:
  edit-metadata: 1.7325215078890324
  landing: 0.150484224781394
  view-data: 0.025210626423358917
