times:
  edit-metadata: 1.750320265069604
  landing: 0.01929069310426712
  view-data: 0.15099438838660717
