times:
  edit-metadata: 1.8168749418109655
  landing: 0.0240517295897007
  view-data: 0.029398033395409584
