times:
  edit-metadata: 1.8081162264570594
  landing: 0.02113720215857029
  view-data: 0.02304042037576437
