times:
  edit-metadata: 1.8675898425281048
  landing: 0.21535882353782654
  view-data: 0.36279297061264515
