times:
  edit-metadata: 1.858992898836732
  landing: 0.10423947498202324
  view-data: 0.03967396356165409
