times:
  edit-metadata: 1.7188703753054142
  landing: 0.1883578784763813
  view-data: 0.11919611785560846
