times:
  edit-metadata: 1.8027906604111195
  landing: 0.1555008590221405
  view-data: 0.023396283388137817
