times:
  edit-metadata: 1.9452075194567442
  landing: 0.11697040498256683
  view-data: 0.3303693514317274
