times:
  edit-metadata: 0.9742569411173463
  landing: 0.12756366468966007
  view-data: 0.22653791587799788
