times:
  edit-metadata: 2.24341844022274
  landing: 0.0500283632427454
  view-data: 0.06537745893001556
