times:
  edit-metadata: 0.7560811811126769
  landing: 0.06236375402659178
  view-data: 0.21765573415905237
