times:
  edit-metadata: 2.144468892365694
  landing: 0.3027930464595556
  view-data: 0.31656818091869354
