times:
  edit-metadata: 1.8642666228115559
  landing: 0.019734883680939674
  view-data: 0.14157939329743385
