times:
  edit-metadata: 1.6775651797652245
  landing: 0.16869844309985638
  view-data: 0.15370403788983822
