times:
  edit-metadata: 0.8948937919922173
  landing: 0.0891378722153604
  view-data: 0.27712873788550496
