times:
  edit-metadata: 1.6910001784563065
  landing: 0.020188312977552414
  view-data: 0.02666025422513485
