times:
  edit-metadata: 2.0006838757544756
  landing: 0.2602604180574417
  view-data: 0.03118392452597618
