times:
  edit-metadata: 1.6711146086454391
  landing: 0.021335121244192123
  view-data: 0.02575942873954773
