times:
  edit-metadata: 1.7238206304609776
  landing: 0.0200937669724226
  view-data: 0.027550892904400826
