times:
  edit-metadata: 1.0672293188981712
  landing: 0.0766260321252048
  view-data: 0.23682287894189358
