times:
  edit-metadata: 0.7899642470292747
  landing: 0.07219081418588758
  view-data: 0.22560471203178167
