times:
  edit-metadata: 1.7101613050326705
  landing: 0.09661220107227564
  view-data: 0.029780258424580097
