times:
  edit-metadata: 1.9886329378932714
  landing: 0.1892536748200655
  view-data: 0.3376109413802624
