times:
  edit-metadata: 1.0110703599639237
  landing: 0.04782890994101763
  view-data: 0.31393158808350563
