times:
  edit-metadata: 1.6241579335182905
  landing: 0.02023205626755953
  view-data: 0.11511354986578226
