times:
  edit-metadata: 1.7477535866200924
  landing: 0.022648997604846954
  view-data: 0.12459211982786655
