times:
  edit-metadata: 1.7191790826618671
  landing: 0.178870202973485
  view-data: 0.02589021436870098
