times:
  edit-metadata: 0.7792543573305011
  landing: 0.049163911025971174
  view-data: 0.22023728815838695
