times:
  edit-metadata: 1.5231781527400017
  landing: 0.02340408693999052
  view-data: 0.025729483924806118
