times:
  edit-metadata: 1.8508496284484863
  landing: 0.021761005744338036
  view-data: 0.43428270518779755
