times:
  edit-metadata: 1.6691466178745031
  landing: 0.02019255794584751
  view-data: 0.3310653604567051
