times:
  edit-metadata: 0.8166364450007677
  landing: 0.05465770419687033
  view-data: 0.22473828680813313
