times:
  edit-metadata: 1.721134839579463
  landing: 0.11685474403202534
  view-data: 0.025498490780591965
