times:
  edit-metadata: 1.8230779012665153
  landing: 0.01813896745443344
  view-data: 0.024490374140441418
