times:
  edit-metadata: 1.7493909448385239
  landing: 0.11624939180910587
  view-data: 0.022930487990379333
