times:
  edit-metadata: 1.8203869257122278
  landing: 0.1498639229685068
  view-data: 0.3679938483983278
