times:
  edit-metadata: 1.6785608604550362
  landing: 0.021830648183822632
  view-data: 0.02825111895799637
