times:
  edit-metadata: 2.4931769222021103
  landing: 0.17630251869559288
  view-data: 0.38731920532882214
