times:
  edit-metadata: 1.7997363489121199
  landing: 0.02146720699965954
  view-data: 0.025605786591768265
