times:
  edit-metadata: 1.7424308862537146
  landing: 0.14273591805249453
  view-data: 0.4964696550741792
