times:
  edit-metadata: 2.2185842487961054
  landing: 0.2665144633501768
  view-data: 0.33747185207903385
