times:
  edit-metadata: 1.659175556153059
  landing: 0.12092994153499603
  view-data: 0.3415393754839897
