times:
  edit-metadata: 0.849975012242794
  landing: 0.08146013086661696
  view-data: 0.2311812797561288
