times:
  edit-metadata: 1.7828264525160193
  landing: 0.19014203548431396
  view-data: 0.05419990420341492
