times:
  edit-metadata: 0.7939610751345754
  landing: 0.09876950969919562
  view-data: 0.23692517122253776
