times:
  edit-metadata: 1.7281044535338879
  landing: 0.019248783588409424
  view-data: 0.12735533341765404
