times:
  edit-metadata: 2.1347887963056564
  landing: 0.27465175464749336
  view-data: 0.34748057089746
