times:
  edit-metadata: 1.7361411862075329
  landing: 0.01948213204741478
  view-data: 0.24115164391696453
