times:
  edit-metadata: 1.737230896949768
  landing: 0.02161850966513157
  view-data: 0.02236916869878769
