times:
  edit-metadata: 0.7834955076687038
  landing: 0.08482247870415449
  view-data: 0.3167357170023024
