times:
  edit-metadata: 0.435476740822196
  landing: 0.04446072783321142
  view-data: 0.3351213335990906
