times:
  edit-metadata: 0.4483245676383376
  landing: 0.04498029034584761
  view-data: 0.331615106202662
