times:
  edit-metadata: 0.44623797573149204
  landing: 0.053036002907902
  view-data: 0.5890193949453533
