times:
  edit-metadata: 0.4744655778631568
  landing: 0.05093546863645315
  view-data: 0.21117801405489445
