times:
  edit-metadata: 0.44237110996618867
  landing: 0.050511504989117384
  view-data: 0.3216005624271929
