times:
  edit-metadata: 0.4629192128777504
  landing: 0.048433936201035976
  view-data: 0.35619151312857866
