times:
  edit-metadata: 0.4539928138256073
  landing: 0.047444424126297235
  view-data: 0.20614364510402083
