times:
  edit-metadata: 0.41658135829493403
  landing: 0.046123777981847525
  view-data: 0.6052982150577009
