times:
  edit-metadata: 0.44696742203086615
  landing: 0.043957799673080444
  view-data: 0.3638867218978703
