times:
  edit-metadata: 0.44337914884090424
  landing: 0.0505144102498889
  view-data: 0.22873974964022636
