times:
  edit-metadata: 1.6622095443308353
  landing: 0.2764537241309881
  view-data: 0.284560551866889
