times:
  edit-metadata: 1.6771124098449945
  landing: 0.29338472709059715
  view-data: 0.17172124236822128
