times:
  edit-metadata: 2.400233145803213
  landing: 0.27883719466626644
  view-data: 0.39833775348961353
