times:
  edit-metadata: 1.517197908833623
  landing: 0.021771777421236038
  view-data: 0.02736515924334526
