times:
  edit-metadata: 0.8111114529892802
  landing: 0.12756525864824653
  view-data: 0.20891782781109214
