times:
  edit-metadata: 1.4366250354796648
  landing: 0.021079189144074917
  view-data: 0.42618914134800434
