times:
  edit-metadata: 1.485148803330958
  landing: 0.14390078652650118
  view-data: 0.022831142880022526
