times:
  edit-metadata: 1.6187691558152437
  landing: 0.1617619674652815
  view-data: 0.15923594497144222
