times:
  edit-metadata: 1.4666796121746302
  landing: 0.018651772290468216
  view-data: 0.3215958420187235
