times:
  edit-metadata: 1.5439390782266855
  landing: 0.019513124600052834
  view-data: 0.02445310354232788
