times:
  edit-metadata: 1.354176975786686
  landing: 0.020364083349704742
  view-data: 0.38490807730704546
