times:
  edit-metadata: 1.5122291762381792
  landing: 0.022215580567717552
  view-data: 0.28344733640551567
