times:
  edit-metadata: 1.4281090907752514
  landing: 0.1384181994944811
  view-data: 0.023967832326889038
