times:
  edit-metadata: 1.4471028931438923
  landing: 0.021349597722291946
  view-data: 0.02803194709122181
