times:
  edit-metadata: 0.5365408202633262
  landing: 0.045359086245298386
  view-data: 0.19233805034309626
