times:
  edit-metadata: 0.8672873340547085
  landing: 0.08873033290728927
  view-data: 0.23575604893267155
