times:
  edit-metadata: 1.3779282979667187
  landing: 0.02147095277905464
  view-data: 0.024160880595445633
