times:
  edit-metadata: 0.8814029931090772
  landing: 0.1506597138941288
  view-data: 0.2152952468022704
