times:
  edit-metadata: 0.5518756192177534
  landing: 0.0440432233735919
  view-data: 0.3394899405539036
