times:
  edit-metadata: 1.3686419213190675
  landing: 0.023323778994381428
  view-data: 0.11877711862325668
