times:
  edit-metadata: 1.4438251722604036
  landing: 0.019031772390007973
  view-data: 0.46380567643791437
