times:
  edit-metadata: 1.525564099662006
  landing: 0.020470292307436466
  view-data: 0.4148904662579298
