times:
  edit-metadata: 2.7038400739984354
  landing: 0.11609408700314816
  view-data: 0.6368570439954055
