times:
  edit-metadata: 1.3925073612481356
  landing: 0.02173225674778223
  view-data: 0.09680055547505617
