times:
  edit-metadata: 1.4589508129283786
  landing: 0.021787975914776325
  view-data: 0.12549928948283195
