times:
  edit-metadata: 1.3828399227932096
  landing: 0.021482838317751884
  view-data: 0.12042974215000868
