times:
  edit-metadata: 0.6209204397164285
  landing: 0.05629609897732735
  view-data: 0.2103667319752276
