times:
  edit-metadata: 1.4217720795422792
  landing: 0.02241467870771885
  view-data: 0.10617485083639622
