times:
  edit-metadata: 1.414643962867558
  landing: 0.02099488116800785
  view-data: 0.027496498078107834
