times:
  edit-metadata: 1.4021625770255923
  landing: 0.021072731353342533
  view-data: 0.12530838418751955
