times:
  edit-metadata: 1.411759963259101
  landing: 0.01877777650952339
  view-data: 0.02315276674926281
