times:
  edit-metadata: 1.4374801069498062
  landing: 0.020163158886134624
  view-data: 0.12092748936265707
