times:
  edit-metadata: 1.8478887882083654
  landing: 0.058723028749227524
  view-data: 0.029385827481746674
