times:
  edit-metadata: 1.4090606775134802
  landing: 0.14073331467807293
  view-data: 0.03313945233821869
