times:
  edit-metadata: 0.5401191506534815
  landing: 0.046845181845128536
  view-data: 0.3300751899369061
