times:
  edit-metadata: 0.57657236373052
  landing: 0.0661293095909059
  view-data: 0.2274143281392753
