times:
  edit-metadata: 1.7638351004570723
  landing: 0.022538237273693085
  view-data: 0.18564090505242348
