times:
  edit-metadata: 1.7807467710226774
  landing: 0.21341918408870697
  view-data: 0.5001649223268032
