times:
  edit-metadata: 1.819372121244669
  landing: 0.14781799539923668
  view-data: 0.22411667928099632
