times:
  edit-metadata: 0.5485110962763429
  landing: 0.048689267598092556
  view-data: 0.19883285276591778
