times:
  edit-metadata: 1.4499645922333002
  landing: 0.022504519671201706
  view-data: 0.11820863839238882
