times:
  edit-metadata: 1.6432921774685383
  landing: 0.2222003359347582
  view-data: 0.41538277827203274
