times:
  edit-metadata: 1.3432316351681948
  landing: 0.02035321295261383
  view-data: 0.1358080105856061
