times:
  edit-metadata: 1.4350757980719209
  landing: 0.021598120220005512
  view-data: 0.026795780286192894
