times:
  edit-metadata: 1.4507981073111296
  landing: 0.1909094313159585
  view-data: 0.21928656846284866
