times:
  edit-metadata: 1.4874900113791227
  landing: 0.15095977671444416
  view-data: 0.023720580153167248
