times:
  edit-metadata: 1.408579665236175
  landing: 0.022529741749167442
  view-data: 0.12068599741905928
