times:
  edit-metadata: 1.4156580353155732
  landing: 0.02170218899846077
  view-data: 0.2228944106027484
