times:
  edit-metadata: 1.80699675809592
  landing: 0.017843631096184254
  view-data: 0.029102821834385395
