times:
  edit-metadata: 0.659387762658298
  landing: 0.04624079121276736
  view-data: 0.319741103798151
