times:
  edit-metadata: 1.4022331591695547
  landing: 0.218937112018466
  view-data: 0.2745356820523739
