times:
  edit-metadata: 1.5138612631708384
  landing: 0.025677036494016647
  view-data: 0.028307244181632996
