times:
  edit-metadata: 0.9529926171526313
  landing: 0.0780145418830216
  view-data: 0.23038153210654855
