times:
  edit-metadata: 0.5462290868163109
  landing: 0.046465110033750534
  view-data: 0.20211373642086983
