times:
  edit-metadata: 0.6218479983508587
  landing: 0.15938062500208616
  view-data: 0.20652969600632787
