times:
  edit-metadata: 1.4315391294658184
  landing: 0.020334189757704735
  view-data: 0.35791327990591526
