times:
  edit-metadata: 1.537917297333479
  landing: 0.12182861752808094
  view-data: 0.024524305015802383
