times:
  edit-metadata: 1.3743843995034695
  landing: 0.180670321919024
  view-data: 0.43054696917533875
