times:
  edit-metadata: 1.5194058548659086
  landing: 0.022149451076984406
  view-data: 0.023863380774855614
