times:
  edit-metadata: 1.4309414038434625
  landing: 0.02145198453217745
  view-data: 0.02551980223506689
