times:
  edit-metadata: 1.3456678939983249
  landing: 0.021512526087462902
  view-data: 0.11670210119336843
