times:
  edit-metadata: 1.4091045456007123
  landing: 0.021277143619954586
  view-data: 0.026188558898866177
