times:
  edit-metadata: 1.4018988218158484
  landing: 0.11750171892344952
  view-data: 0.09858727641403675
