times:
  edit-metadata: 1.3995279669761658
  landing: 0.021364828571677208
  view-data: 0.025885804556310177
