times:
  edit-metadata: 1.441391852684319
  landing: 0.02023748867213726
  view-data: 0.1943067954853177
