times:
  edit-metadata: 1.3390537770465016
  landing: 0.022004845552146435
  view-data: 0.023547020740807056
