times:
  edit-metadata: 1.700755711644888
  landing: 0.2559727914631367
  view-data: 0.2098173052072525
