times:
  edit-metadata: 1.6708058938384056
  landing: 0.2182601671665907
  view-data: 0.06800769083201885
