times:
  edit-metadata: 1.4869456943124533
  landing: 0.24817090295255184
  view-data: 0.027628688141703606
