times:
  edit-metadata: 1.8049606075510383
  landing: 0.01918639335781336
  view-data: 0.02633742429316044
