times:
  edit-metadata: 1.8823581729084253
  landing: 0.14025934785604477
  view-data: 0.35576186515390873
