times:
  edit-metadata: 1.9243407156318426
  landing: 0.25992581248283386
  view-data: 0.1488273236900568
