times:
  edit-metadata: 0.5271517792716622
  landing: 0.04200134426355362
  view-data: 0.2046031914651394
