times:
  edit-metadata: 0.5867272256873548
  landing: 0.06346624717116356
  view-data: 0.2091530729085207
