times:
  edit-metadata: 1.4211502596735954
  landing: 0.022969181649386883
  view-data: 0.025322950445115566
