times:
  edit-metadata: 1.6649519391357899
  landing: 0.04506779462099075
  view-data: 0.16557948105037212
