times:
  edit-metadata: 1.427708476781845
  landing: 0.02138182334601879
  view-data: 0.4123547123745084
