times:
  edit-metadata: 1.48809923697263
  landing: 0.02602296508848667
  view-data: 0.05407021474093199
