times:
  edit-metadata: 0.5283787725493312
  landing: 0.043837825767695904
  view-data: 0.32703122589737177
