times:
  edit-metadata: 1.441105319187045
  landing: 0.18875542469322681
  view-data: 0.24837281182408333
