times:
  edit-metadata: 1.4640462379902601
  landing: 0.02358327805995941
  view-data: 0.3212800733745098
