times:
  edit-metadata: 1.475300768390298
  landing: 0.15699263848364353
  view-data: 0.370399609208107
