times:
  edit-metadata: 1.444393739104271
  landing: 0.02266377117484808
  view-data: 0.023528311401605606
