times:
  edit-metadata: 1.3873714599758387
  landing: 0.021305985748767853
  view-data: 0.027735034935176373
