times:
  edit-metadata: 1.3707120893523097
  landing: 0.023898107931017876
  view-data: 0.10703120101243258
