times:
  edit-metadata: 1.470735490322113
  landing: 0.021534323692321777
  view-data: 0.024216674268245697
