times:
  edit-metadata: 0.5445364331826568
  landing: 0.04637990612536669
  view-data: 0.19599307794123888
