times:
  edit-metadata: 1.869226923212409
  landing: 0.29063766077160835
  view-data: 0.4436696358025074
