times:
  edit-metadata: 1.3427331736311316
  landing: 0.021428314968943596
  view-data: 0.120444992557168
