times:
  edit-metadata: 1.4046484669670463
  landing: 0.021254115737974644
  view-data: 0.025482351891696453
