times:
  edit-metadata: 1.5819258634001017
  landing: 0.021909071132540703
  view-data: 0.12370968610048294
