times:
  edit-metadata: 1.4370852652937174
  landing: 0.02276485227048397
  view-data: 0.02538961172103882
