times:
  edit-metadata: 1.418802523985505
  landing: 0.01961062289774418
  view-data: 0.12089045532047749
