times:
  edit-metadata: 1.8335398826748133
  landing: 0.1657138429582119
  view-data: 0.15547723323106766
