times:
  edit-metadata: 0.5975063592195511
  landing: 0.05871208291500807
  view-data: 0.2505125901661813
