times:
  edit-metadata: 2.365608712658286
  landing: 0.02118171751499176
  view-data: 0.027427393943071365
