times:
  edit-metadata: 1.5193046871572733
  landing: 0.01948046125471592
  view-data: 0.1349324882030487
