times:
  edit-metadata: 1.8763827830553055
  landing: 0.24923374317586422
  view-data: 0.18408250622451305
