times:
  edit-metadata: 1.5496113318949938
  landing: 0.13242829591035843
  view-data: 0.026500070467591286
