times:
  edit-metadata: 1.4644144885241985
  landing: 0.02259407751262188
  view-data: 0.024639271199703217
