times:
  edit-metadata: 1.397397548891604
  landing: 0.020689407363533974
  view-data: 0.12145616393536329
