times:
  edit-metadata: 1.4798632645979524
  landing: 0.01909179799258709
  view-data: 0.02296121045947075
