times:
  edit-metadata: 1.3646931936964393
  landing: 0.022350129671394825
  view-data: 0.027664546854794025
