times:
  edit-metadata: 1.776181049644947
  landing: 0.01970856636762619
  view-data: 0.022527831606566906
