times:
  edit-metadata: 0.6257342379540205
  landing: 0.07192074414342642
  view-data: 0.21348798694089055
