times:
  edit-metadata: 1.8785318713635206
  landing: 0.2911883778870106
  view-data: 0.18165529146790504
