times:
  edit-metadata: 0.5363965844735503
  landing: 0.04928161110728979
  view-data: 0.19719095900654793
