times:
  edit-metadata: 2.0237848423421383
  landing: 0.16739774774760008
  view-data: 0.02545195911079645
