times:
  edit-metadata: 1.5273766089230776
  landing: 0.022741817869246006
  view-data: 0.1369071351364255
