times:
  edit-metadata: 1.3840711759403348
  landing: 0.019634454511106014
  view-data: 0.026945709250867367
