times:
  edit-metadata: 1.390635504387319
  landing: 0.02360482420772314
  view-data: 0.025811294093728065
