times:
  edit-metadata: 1.4413643246516585
  landing: 0.024416275322437286
  view-data: 0.35843839682638645
