times:
  edit-metadata: 0.8167600128799677
  landing: 0.06417748890817165
  view-data: 0.24136259220540524
