times:
  edit-metadata: 0.5432532429695129
  landing: 0.04778375755995512
  view-data: 0.3314543170854449
