times:
  edit-metadata: 0.5274508506990969
  landing: 0.03894120082259178
  view-data: 0.3449075981043279
