times:
  edit-metadata: 0.6102911150082946
  landing: 0.07601007679477334
  view-data: 0.2113244510255754
