times:
  edit-metadata: 1.4749829545617104
  landing: 0.020513290539383888
  view-data: 0.19445570651441813
