times:
  edit-metadata: 1.395186479203403
  landing: 0.02286891359835863
  view-data: 0.09996716119349003
