times:
  edit-metadata: 0.528550248593092
  landing: 0.04602536279708147
  view-data: 0.20975455828011036
