times:
  edit-metadata: 2.5534959752112627
  landing: 0.018853215500712395
  view-data: 0.4456642344594002
