times:
  edit-metadata: 1.3827453069388866
  landing: 0.021284480579197407
  view-data: 0.1041317731142044
