times:
  edit-metadata: 1.4003774840384722
  landing: 0.14391801599413157
  view-data: 0.12086337432265282
