times:
  edit-metadata: 1.3951311837881804
  landing: 0.02188575081527233
  view-data: 0.023425382561981678
