times:
  edit-metadata: 1.4701057327911258
  landing: 0.02370619121938944
  view-data: 0.022505201399326324
