times:
  edit-metadata: 0.5397148299962282
  landing: 0.045833117328584194
  view-data: 0.19457797147333622
