times:
  edit-metadata: 2.478047041222453
  landing: 0.33689687587320805
  view-data: 0.4687167201191187
