times:
  edit-metadata: 0.5190099366009235
  landing: 0.04583636950701475
  view-data: 0.32736780121922493
