times:
  edit-metadata: 1.391858795657754
  landing: 0.021443803794682026
  view-data: 0.024746526964008808
