times:
  edit-metadata: 0.5440586693584919
  landing: 0.04119061725214124
  view-data: 0.342592709697783
