times:
  edit-metadata: 0.6784861818887293
  landing: 0.046410398092120886
  view-data: 0.38508525816723704
