times:
  edit-metadata: 1.4910386353731155
  landing: 0.38821908831596375
  view-data: 0.3607385754585266
