times:
  edit-metadata: 1.4281065110117197
  landing: 0.09522607177495956
  view-data: 0.11588774248957634
