times:
  edit-metadata: 1.3640465065836906
  landing: 0.22809944953769445
  view-data: 0.025833540596067905
