times:
  edit-metadata: 1.3845001785084605
  landing: 0.022551750764250755
  view-data: 0.027091634459793568
