times:
  edit-metadata: 1.4907968686893582
  landing: 0.11334538366645575
  view-data: 0.024837973527610302
