times:
  edit-metadata: 1.3643901161849499
  landing: 0.020706435665488243
  view-data: 0.12162168603390455
