times:
  edit-metadata: 1.617800640873611
  landing: 0.27142466604709625
  view-data: 0.49496419075876474
