times:
  edit-metadata: 1.43037280254066
  landing: 0.023510605096817017
  view-data: 0.02752835676074028
