times:
  edit-metadata: 1.395440548658371
  landing: 0.021464327350258827
  view-data: 0.025610225275158882
