times:
  edit-metadata: 1.4694447796791792
  landing: 0.018052201718091965
  view-data: 0.022796878591179848
