times:
  edit-metadata: 1.9325877837836742
  landing: 0.19209845177829266
  view-data: 0.4061075635254383
