times:
  edit-metadata: 1.4649320440366864
  landing: 0.13313696719706059
  view-data: 0.030949649401009083
