times:
  edit-metadata: 1.460639693774283
  landing: 0.1940950220450759
  view-data: 0.532887109555304
