times:
  edit-metadata: 0.5478439666330814
  landing: 0.0430590957403183
  view-data: 0.19214405585080385
