times:
  edit-metadata: 1.7773664239794016
  landing: 0.21017741598188877
  view-data: 0.5084083434194326
