times:
  edit-metadata: 1.4504877235740423
  landing: 0.02135656401515007
  view-data: 0.025958862155675888
