times:
  edit-metadata: 0.5359298489056528
  landing: 0.047936162911355495
  view-data: 0.21478435304015875
