times:
  edit-metadata: 1.4054162660613656
  landing: 0.021005642600357533
  view-data: 0.12159406952559948
