times:
  edit-metadata: 1.7504762969911098
  landing: 0.02342950738966465
  view-data: 0.18451317586004734
