times:
  edit-metadata: 1.5685310531407595
  landing: 0.2552828397601843
  view-data: 0.6168085485696793
