times:
  edit-metadata: 0.5532962530851364
  landing: 0.04736481048166752
  view-data: 0.21019980497658253
