times:
  edit-metadata: 1.4062581099569798
  landing: 0.019892152398824692
  view-data: 0.025869019329547882
