times:
  edit-metadata: 0.5279006008058786
  landing: 0.04739201255142689
  view-data: 0.47115000523626804
