times:
  edit-metadata: 1.5008017150685191
  landing: 0.01873098872601986
  view-data: 0.02446240372955799
