times:
  edit-metadata: 1.3930122423917055
  landing: 0.020793628878891468
  view-data: 0.02607815433293581
