times:
  edit-metadata: 1.4450897220522165
  landing: 0.22546276450157166
  view-data: 0.023979658260941505
