times:
  edit-metadata: 1.4892249051481485
  landing: 0.02289193496108055
  view-data: 0.023913469165563583
