times:
  edit-metadata: 1.4212027825415134
  landing: 0.02088913694024086
  view-data: 0.30923690646886826
