times:
  edit-metadata: 1.3532972345128655
  landing: 0.13589354697614908
  view-data: 0.22590679675340652
