times:
  edit-metadata: 0.8152195727452636
  landing: 0.14126932295039296
  view-data: 0.21583675174042583
