times:
  edit-metadata: 1.4336442165076733
  landing: 0.2458152025938034
  view-data: 0.02403842657804489
