times:
  edit-metadata: 1.3445343179628253
  landing: 0.019177882932126522
  view-data: 0.10002123471349478
