times:
  edit-metadata: 1.799452155828476
  landing: 0.03219221159815788
  view-data: 0.1370067186653614
