times:
  edit-metadata: 0.5300692096352577
  landing: 0.04483690578490496
  view-data: 0.20025150664150715
