times:
  edit-metadata: 1.5233972575515509
  landing: 0.02170185185968876
  view-data: 0.3227129206061363
