times:
  edit-metadata: 1.5051690954715014
  landing: 0.1505871396511793
  view-data: 0.3539085425436497
