times:
  edit-metadata: 1.380696041509509
  landing: 0.023394028656184673
  view-data: 0.026046534068882465
