times:
  edit-metadata: 0.562943619210273
  landing: 0.04260716587305069
  view-data: 0.33939871191978455
