times:
  edit-metadata: 1.4372938144952059
  landing: 0.02182387374341488
  view-data: 0.12295950204133987
