times:
  edit-metadata: 0.52175906393677
  landing: 0.044816176407039165
  view-data: 0.21876048482954502
