times:
  edit-metadata: 0.6086686151102185
  landing: 0.16978305391967297
  view-data: 0.3008307539857924
