times:
  edit-metadata: 0.5574046345427632
  landing: 0.05005678068846464
  view-data: 0.19994765520095825
