times:
  edit-metadata: 1.4110249811783433
  landing: 0.24074949137866497
  view-data: 0.36937244702130556
