times:
  edit-metadata: 0.5413397550582886
  landing: 0.04625940602272749
  view-data: 0.45867818128317595
