times:
  edit-metadata: 1.360869612544775
  landing: 0.18868096731603146
  view-data: 0.02571786381304264
