times:
  edit-metadata: 1.478656305000186
  landing: 0.025381794199347496
  view-data: 0.10736990533769131
