times:
  edit-metadata: 1.4197042938321829
  landing: 0.19888269528746605
  view-data: 0.0276489295065403
