times:
  edit-metadata: 1.5130573101341724
  landing: 0.022876299917697906
  view-data: 0.44404321163892746
