times:
  edit-metadata: 0.8189845429733396
  landing: 0.05634567001834512
  view-data: 0.35294245183467865
