times:
  edit-metadata: 0.5394143844023347
  landing: 0.0412002494558692
  view-data: 0.23158502578735352
