times:
  edit-metadata: 1.6164079327136278
  landing: 0.027120381593704224
  view-data: 0.3332319799810648
