times:
  edit-metadata: 2.0122044570744038
  landing: 0.3785364218056202
  view-data: 0.2198744136840105
