times:
  edit-metadata: 0.5669506937265396
  landing: 0.04644376412034035
  view-data: 0.8522960590198636
