times:
  edit-metadata: 1.6023622397333384
  landing: 0.1616584025323391
  view-data: 0.3711692877113819
