times:
  edit-metadata: 1.3820487596094608
  landing: 0.022370154969394207
  view-data: 0.11847434751689434
