times:
  edit-metadata: 1.4678692128509283
  landing: 0.13119497895240784
  view-data: 0.40773775801062584
