times:
  edit-metadata: 1.383287931792438
  landing: 0.20657384023070335
  view-data: 0.09905413817614317
