times:
  edit-metadata: 1.544314998202026
  landing: 0.21551919635385275
  view-data: 0.4728466374799609
