times:
  edit-metadata: 0.8520554048009217
  landing: 0.07283994695171714
  view-data: 0.20957579091191292
