times:
  edit-metadata: 1.6267883144319057
  landing: 0.03112066723406315
  view-data: 0.5947573781013489
