times:
  edit-metadata: 1.3916289946064353
  landing: 0.02088197972625494
  view-data: 0.14119348023086786
