times:
  edit-metadata: 1.5638658944517374
  landing: 0.021240880712866783
  view-data: 0.02635834366083145
