times:
  edit-metadata: 1.436007528565824
  landing: 0.022737481631338596
  view-data: 0.4131788546219468
