times:
  edit-metadata: 0.5433697961270809
  landing: 0.04449896886944771
  view-data: 0.1981628779321909
