times:
  edit-metadata: 1.380063801072538
  landing: 0.019567131996154785
  view-data: 0.43387844879180193
