times:
  edit-metadata: 1.4681755267083645
  landing: 0.13508817926049232
  view-data: 0.02324344962835312
