times:
  edit-metadata: 1.4353332445025444
  landing: 0.13551041670143604
  view-data: 0.023466793820261955
