times:
  edit-metadata: 1.4028906747698784
  landing: 0.020945170894265175
  view-data: 0.02814187854528427
