times:
  edit-metadata: 1.8258596863597631
  landing: 0.022228289395570755
  view-data: 0.1303137931972742
