times:
  edit-metadata: 1.427048192359507
  landing: 0.01959915552288294
  view-data: 0.12320377677679062
