times:
  edit-metadata: 1.3513648370280862
  landing: 0.11956994701176882
  view-data: 0.12609453592449427
