times:
  edit-metadata: 1.542838042601943
  landing: 0.02320491336286068
  view-data: 0.33408090844750404
