times:
  edit-metadata: 0.5999838560819626
  landing: 0.13379176799207926
  view-data: 0.31629073387011886
