times:
  edit-metadata: 1.4456636644899845
  landing: 0.1405535787343979
  view-data: 0.031160200014710426
