times:
  edit-metadata: 1.4317581420764327
  landing: 0.021206899546086788
  view-data: 0.3386269612237811
