times:
  edit-metadata: 0.5413746042177081
  landing: 0.05033201351761818
  view-data: 0.19690637476742268
