times:
  edit-metadata: 0.542833436280489
  landing: 0.04024523124098778
  view-data: 0.19411165919154882
