times:
  edit-metadata: 0.6072190538980067
  landing: 0.06377692194655538
  view-data: 0.20377748413011432
