times:
  edit-metadata: 1.4114801790565252
  landing: 0.13348439149558544
  view-data: 0.025785738602280617
