times:
  edit-metadata: 1.4991516778245568
  landing: 0.24119537882506847
  view-data: 0.2652974808588624
