times:
  edit-metadata: 1.4094449197873473
  landing: 0.02333145309239626
  view-data: 0.02489869575947523
