times:
  edit-metadata: 1.422146089375019
  landing: 0.02021396905183792
  view-data: 0.44663515873253345
