times:
  edit-metadata: 1.5768049359321594
  landing: 0.324661023914814
  view-data: 0.2838607635349035
