times:
  edit-metadata: 2.1803277898579836
  landing: 0.31420634128153324
  view-data: 0.17671249620616436
