times:
  edit-metadata: 1.3815099960193038
  landing: 0.017998375929892063
  view-data: 0.10103098023682833
