times:
  edit-metadata: 1.9304976556450129
  landing: 0.022755177691578865
  view-data: 0.049222998321056366
