times:
  edit-metadata: 1.3823274848982692
  landing: 0.02006051130592823
  view-data: 0.12441025301814079
