times:
  edit-metadata: 1.5566190220415592
  landing: 0.021522782742977142
  view-data: 0.026550699025392532
