times:
  edit-metadata: 1.4310256009921432
  landing: 0.0190334627404809
  view-data: 0.1354423128068447
