times:
  edit-metadata: 1.4251895491033792
  landing: 0.023727959021925926
  view-data: 0.02498467266559601
