times:
  edit-metadata: 1.3921999298036098
  landing: 0.09528362099081278
  view-data: 0.12037406768649817
