times:
  edit-metadata: 1.4144312180578709
  landing: 0.2297457568347454
  view-data: 0.11295776814222336
