times:
  edit-metadata: 1.8356987722218037
  landing: 0.3357510678470135
  view-data: 0.1629055980592966
