times:
  edit-metadata: 1.3931595599278808
  landing: 0.021579542197287083
  view-data: 0.026858205907046795
