times:
  edit-metadata: 1.3384587038308382
  landing: 0.02248048596084118
  view-data: 0.027466165833175182
