times:
  edit-metadata: 1.580788929015398
  landing: 0.019828755408525467
  view-data: 0.02307002805173397
