times:
  edit-metadata: 0.6661995444446802
  landing: 0.09962359815835953
  view-data: 0.2115757130086422
