times:
  edit-metadata: 0.5475124986842275
  landing: 0.048951578326523304
  view-data: 0.4630887657403946
