times:
  edit-metadata: 1.47900184802711
  landing: 0.02025848813354969
  view-data: 0.3319829162210226
