times:
  edit-metadata: 1.4500673543661833
  landing: 0.14726103283464909
  view-data: 0.023116614669561386
