times:
  edit-metadata: 1.4572394927963614
  landing: 0.01779299322515726
  view-data: 0.02615324966609478
