times:
  edit-metadata: 1.3815987780690193
  landing: 0.021623709239065647
  view-data: 0.12343709729611874
