times:
  edit-metadata: 0.5393021423369646
  landing: 0.04201353341341019
  view-data: 0.20279719028621912
