times:
  edit-metadata: 1.3723303088918328
  landing: 0.022186431102454662
  view-data: 0.025247600860893726
