times:
  edit-metadata: 1.3721995698288083
  landing: 0.11620319820940495
  view-data: 0.0270706620067358
