times:
  edit-metadata: 0.5497310301288962
  landing: 0.04224174655973911
  view-data: 0.19610354490578175
