times:
  edit-metadata: 1.4175798846408725
  landing: 0.01912003941833973
  view-data: 0.4042719407007098
