times:
  edit-metadata: 1.3525457410141826
  landing: 0.020107733085751534
  view-data: 0.1208007289096713
