times:
  edit-metadata: 1.4838608764111996
  landing: 0.018465752713382244
  view-data: 0.1185357989743352
