times:
  edit-metadata: 1.5829712320119143
  landing: 0.023356426507234573
  view-data: 0.025186369195580482
