times:
  edit-metadata: 1.6919510196894407
  landing: 0.03780389204621315
  view-data: 0.029238659888505936
