times:
  edit-metadata: 1.9610643424093723
  landing: 0.021400893107056618
  view-data: 0.025844721123576164
