times:
  edit-metadata: 1.3884300347417593
  landing: 0.019193842075765133
  view-data: 0.12244522012770176
