times:
  edit-metadata: 1.4756875298917294
  landing: 0.018040155991911888
  view-data: 0.02441401779651642
