times:
  edit-metadata: 1.446008937433362
  landing: 0.018433531746268272
  view-data: 0.02421090565621853
