times:
  edit-metadata: 0.5450696237385273
  landing: 0.04835301637649536
  view-data: 0.20070067699998617
