times:
  edit-metadata: 1.3979699816554785
  landing: 0.02133287861943245
  view-data: 0.12177217938005924
