times:
  edit-metadata: 1.3745204526931047
  landing: 0.19511527474969625
  view-data: 0.4769234824925661
