times:
  edit-metadata: 1.4686877150088549
  landing: 0.12094506621360779
  view-data: 0.024143720045685768
