times:
  edit-metadata: 1.4733047559857368
  landing: 0.11266176402568817
  view-data: 0.025105314329266548
