times:
  edit-metadata: 1.5702501200139523
  landing: 0.12850761786103249
  view-data: 0.024009432643651962
