times:
  edit-metadata: 1.7251434233039618
  landing: 0.34509027004241943
  view-data: 0.3273316062986851
