times:
  edit-metadata: 1.402585064060986
  landing: 0.12317101750522852
  view-data: 0.026690847240388393
