times:
  edit-metadata: 1.3585566878318787
  landing: 0.02254539355635643
  view-data: 0.024972237646579742
