times:
  edit-metadata: 1.381658999249339
  landing: 0.02106501068919897
  view-data: 0.02370128594338894
