times:
  edit-metadata: 1.4322993531823158
  landing: 0.02943652868270874
  view-data: 0.023636125028133392
