times:
  edit-metadata: 1.5489925742149353
  landing: 0.257169246673584
  view-data: 0.4495289847254753
