times:
  edit-metadata: 0.623190478887409
  landing: 0.061875680927187204
  view-data: 0.20873383013531566
