times:
  edit-metadata: 1.4026606976985931
  landing: 0.022459079511463642
  view-data: 0.027424934320151806
