times:
  edit-metadata: 1.7476532869040966
  landing: 0.04336184170097113
  view-data: 0.024298899807035923
