times:
  edit-metadata: 1.4993339944630861
  landing: 0.021097123622894287
  view-data: 0.14397667348384857
