times:
  edit-metadata: 1.4413335910066962
  landing: 0.019850904121994972
  view-data: 0.21459435857832432
