times:
  edit-metadata: 1.4987375997006893
  landing: 0.021886568516492844
  view-data: 0.02706006169319153
