times:
  edit-metadata: 1.3493553409352899
  landing: 0.02444546762853861
  view-data: 0.11658929288387299
