times:
  edit-metadata: 0.5253430148586631
  landing: 0.042707376182079315
  view-data: 0.34008470457047224
