times:
  edit-metadata: 1.358088887296617
  landing: 0.15465936809778214
  view-data: 0.22468884754925966
