times:
  edit-metadata: 0.8244764478877187
  landing: 0.11303263064473867
  view-data: 0.31105459202080965
