times:
  edit-metadata: 0.5583724761381745
  landing: 0.04360343236476183
  view-data: 0.317506087012589
