times:
  edit-metadata: 1.502545079216361
  landing: 0.02180963009595871
  view-data: 0.1400243528187275
