times:
  edit-metadata: 1.735638989135623
  landing: 0.2903119157999754
  view-data: 0.03119105100631714
