times:
  edit-metadata: 0.8093932289630175
  landing: 0.1282082418911159
  view-data: 0.22193041490390897
