times:
  edit-metadata: 1.482064377516508
  landing: 0.11705111525952816
  view-data: 0.11735164187848568
