times:
  edit-metadata: 1.4989104494452477
  landing: 0.14204657450318336
  view-data: 0.29840467032045126
