times:
  edit-metadata: 1.6447166241705418
  landing: 0.02178085222840309
  view-data: 0.4230909440666437
