times:
  edit-metadata: 1.3814369272440672
  landing: 0.02255885861814022
  view-data: 0.026667963713407516
