times:
  edit-metadata: 1.5531408339738846
  landing: 0.021277904510498047
  view-data: 0.0294109508395195
