times:
  edit-metadata: 1.4229886075481772
  landing: 0.019982128404080868
  view-data: 0.13521569222211838
