times:
  edit-metadata: 1.4392046332359314
  landing: 0.023562835529446602
  view-data: 0.12030015327036381
