times:
  edit-metadata: 1.4385989932343364
  landing: 0.017890911549329758
  view-data: 0.46503736823797226
