times:
  edit-metadata: 1.5878941118717194
  landing: 0.019495302811264992
  view-data: 0.03076738864183426
