times:
  edit-metadata: 1.4916065614670515
  landing: 0.02320907637476921
  view-data: 0.3169432245194912
