times:
  edit-metadata: 1.4148841612040997
  landing: 0.02173244021832943
  view-data: 0.10382942482829094
