times:
  edit-metadata: 0.6215751259587705
  landing: 0.04441501526162028
  view-data: 0.21013583103194833
