times:
  edit-metadata: 0.5285522686317563
  landing: 0.04456722643226385
  view-data: 0.3372214836999774
