times:
  edit-metadata: 1.4607974328100681
  landing: 0.02107224613428116
  view-data: 0.3210988789796829
