times:
  edit-metadata: 1.685840567573905
  landing: 0.018708262592554092
  view-data: 0.2840172238647938
