times:
  edit-metadata: 1.6156930923461914
  landing: 0.02098703198134899
  view-data: 0.026743752881884575
