times:
  edit-metadata: 0.5348990373313427
  landing: 0.04326448030769825
  view-data: 0.3290494428947568
