times:
  edit-metadata: 0.7541500418446958
  landing: 0.11188670573756099
  view-data: 0.2085474031046033
