times:
  edit-metadata: 0.6710916319862008
  landing: 0.09585802489891648
  view-data: 0.3112145201303065
