times:
  edit-metadata: 1.4495599307119846
  landing: 0.018749689683318138
  view-data: 0.365674015134573
