times:
  edit-metadata: 1.4198160227388144
  landing: 0.020053645595908165
  view-data: 0.02579958736896515
