times:
  edit-metadata: 1.9856284260749817
  landing: 0.4383298847824335
  view-data: 0.39058007299900055
