times:
  edit-metadata: 0.8246728810481727
  landing: 0.10363911464810371
  view-data: 0.21798765286803246
