times:
  edit-metadata: 0.7683884110301733
  landing: 0.09369213599711657
  view-data: 0.22394422627985477
