times:
  edit-metadata: 0.8985503427684307
  landing: 0.06072712875902653
  view-data: 0.21946995332837105
