times:
  edit-metadata: 0.8812422757036984
  landing: 0.05895122513175011
  view-data: 0.22596167400479317
