times:
  edit-metadata: 0.6440182183869183
  landing: 0.06786438310518861
  view-data: 0.22976572113111615
