times:
  edit-metadata: 0.6885572620667517
  landing: 0.06603221828117967
  view-data: 0.35608237190172076
