times:
  edit-metadata: 0.7524710199795663
  landing: 0.10890513705089688
  view-data: 0.21954717906191945
