times:
  edit-metadata: 1.6483684126287699
  landing: 0.15879683196544647
  view-data: 0.2667438071221113
