times:
  edit-metadata: 0.8073005527257919
  landing: 0.06471455097198486
  view-data: 0.20670944778248668
