times:
  edit-metadata: 0.6255226759240031
  landing: 0.06685770209878683
  view-data: 0.21507396269589663
