times:
  edit-metadata: 0.6116751153022051
  landing: 0.06253289990127087
  view-data: 0.22850041557103395
