times:
  edit-metadata: 0.8677289336919785
  landing: 0.0667847990989685
  view-data: 0.2985293669626117
