times:
  edit-metadata: 1.646239971742034
  landing: 0.20941613800823689
  view-data: 0.3733318615704775
