times:
  edit-metadata: 1.7268798481673002
  landing: 0.27619937621057034
  view-data: 0.027700455859303474
