times:
  edit-metadata: 0.7623562132939696
  landing: 0.07000550720840693
  view-data: 0.339386701118201
