times:
  edit-metadata: 0.6378701869398355
  landing: 0.07632249686866999
  view-data: 0.22948223073035479
