times:
  edit-metadata: 0.7387372609227896
  landing: 0.09121074667200446
  view-data: 0.22553950222209096
