times:
  edit-metadata: 0.6409408748149872
  landing: 0.058572182431817055
  view-data: 0.21578152384608984
