times:
  edit-metadata: 0.9173469082452357
  landing: 0.1527207330800593
  view-data: 0.3023567977361381
