times:
  edit-metadata: 0.6551274070516229
  landing: 0.05057389894500375
  view-data: 0.2260786578990519
