times:
  edit-metadata: 0.8781345100142062
  landing: 0.09966164221987128
  view-data: 0.3346914961002767
