times:
  edit-metadata: 0.6353616928681731
  landing: 0.07862053904682398
  view-data: 0.23623463697731495
