times:
  edit-metadata: 0.6327990619465709
  landing: 0.061556098982691765
  view-data: 0.21603668294847012
