times:
  edit-metadata: 1.6114338468760252
  landing: 0.019523754715919495
  view-data: 0.37912530824542046
