times:
  edit-metadata: 0.6898835501633584
  landing: 0.13256790582090616
  view-data: 0.3360394942574203
