times:
  edit-metadata: 0.6190500529482961
  landing: 0.0665255761705339
  view-data: 0.22372196707874537
