times:
  edit-metadata: 0.6428907169029117
  landing: 0.07281798077747226
  view-data: 0.21949810069054365
