times:
  edit-metadata: 0.7834954280406237
  landing: 0.0721127800643444
  view-data: 0.2897687703371048
