times:
  edit-metadata: 0.6633398933336139
  landing: 0.13597282394766808
  view-data: 0.284037624951452
