times:
  edit-metadata: 0.8349728398025036
  landing: 0.15312338061630726
  view-data: 0.23499678820371628
