times:
  edit-metadata: 2.6574322340020444
  landing: 0.3205613439931767
  view-data: 0.4028472409991082
