times:
  edit-metadata: 0.9242777531035244
  landing: 0.05972618004307151
  view-data: 0.21591487899422646
