times:
  edit-metadata: 9.204194105230272
  landing: 0.22626146022230387
  view-data: 0.024083483964204788
