times:
  edit-metadata: 12.89520565001294
  landing: 0.06715471018105745
  view-data: 0.9450097912922502
