times:
  edit-metadata: 10.090612737461925
  landing: 0.019864034838974476
  view-data: 0.13781810458749533
