times:
  edit-metadata: 9.062057480216026
  landing: 0.019103536382317543
  view-data: 0.02520075999200344
