times:
  edit-metadata: 14.520810827612877
  landing: 0.27075432799756527
  view-data: 0.351685244590044
