times:
  edit-metadata: 12.928524358198047
  landing: 0.019169433042407036
  view-data: 0.12879507429897785
