times:
  edit-metadata: 9.209235543385148
  landing: 0.019631543196737766
  view-data: 0.0239572050049901
