times:
  edit-metadata: 13.522983554750681
  landing: 0.0221115630120039
  view-data: 0.023285288363695145
