times:
  edit-metadata: 12.528433863073587
  landing: 0.02125048078596592
  view-data: 0.1207679882645607
