times:
  edit-metadata: 7.5163558488711715
  landing: 0.04341747146099806
  view-data: 0.622432554140687
