times:
  edit-metadata: 13.02117969840765
  landing: 0.022020094096660614
  view-data: 0.026309680193662643
