times:
  edit-metadata: 12.895333359017968
  landing: 0.022822313010692596
  view-data: 0.106091832742095
