times:
  edit-metadata: 12.689293524250388
  landing: 0.12440261244773865
  view-data: 0.025693148374557495
