times:
  edit-metadata: 7.641351442784071
  landing: 0.04136990662664175
  view-data: 0.6287117432802916
