times:
  edit-metadata: 7.70949674397707
  landing: 0.05377632286399603
  view-data: 0.6231617452576756
