times:
  edit-metadata: 12.367307744920254
  landing: 0.019803525879979134
  view-data: 0.02273024432361126
