times:
  edit-metadata: 8.831224490888417
  landing: 0.11743740737438202
  view-data: 0.024711718782782555
