times:
  edit-metadata: 8.853384182788432
  landing: 0.020864546298980713
  view-data: 0.13451989088207483
