times:
  edit-metadata: 9.03186480421573
  landing: 0.1441778400912881
  view-data: 0.34535608906298876
