times:
  edit-metadata: 12.312315424904227
  landing: 0.04792821407318115
  view-data: 1.0727270520292222
