times:
  edit-metadata: 12.874782842118293
  landing: 0.048272313084453344
  view-data: 0.9807658158242702
