times:
  edit-metadata: 9.315234337002039
  landing: 0.019809859804809093
  view-data: 0.023578994907438755
