times:
  edit-metadata: 12.764328308403492
  landing: 0.16404268331825733
  view-data: 0.02731335535645485
