times:
  edit-metadata: 9.247581684961915
  landing: 0.020631873048841953
  view-data: 0.12227264419198036
