times:
  edit-metadata: 12.688242262229323
  landing: 0.02097182907164097
  view-data: 0.1221116092056036
