times:
  edit-metadata: 8.944273626431823
  landing: 0.019260656088590622
  view-data: 0.02389824017882347
