times:
  edit-metadata: 8.982617400586605
  landing: 0.020616413094103336
  view-data: 0.43200275395065546
