times:
  edit-metadata: 12.782514292746782
  landing: 0.13386709615588188
  view-data: 0.024087611585855484
