times:
  edit-metadata: 9.4364074729383
  landing: 0.01937795151025057
  view-data: 0.049497488886117935
