times:
  edit-metadata: 13.097759367898107
  landing: 0.14884629473090172
  view-data: 0.02563067153096199
