times:
  edit-metadata: 9.463902747258544
  landing: 0.019216292537748814
  view-data: 0.024412324652075768
