times:
  edit-metadata: 10.73149544512853
  landing: 0.05055546015501022
  view-data: 0.8213393739424646
