times:
  edit-metadata: 8.938472972251475
  landing: 0.019771992228925228
  view-data: 0.13237555138766766
