times:
  edit-metadata: 13.33124290034175
  landing: 0.2729031164199114
  view-data: 0.13396349549293518
