times:
  edit-metadata: 12.650167104788125
  landing: 0.044582299888134
  view-data: 0.8700475669465959
