times:
  edit-metadata: 9.03832727111876
  landing: 0.11130505334585905
  view-data: 0.027244157157838345
