times:
  edit-metadata: 7.6159600876271725
  landing: 0.05285861808806658
  view-data: 0.7755792485550046
