times:
  edit-metadata: 9.238185049034655
  landing: 0.01805249974131584
  view-data: 0.022186092101037502
