times:
  edit-metadata: 12.990213619545102
  landing: 0.23703639395534992
  view-data: 0.027453554794192314
