times:
  edit-metadata: 9.415296023711562
  landing: 0.12775579281151295
  view-data: 0.02461160346865654
