times:
  edit-metadata: 12.142447935417295
  landing: 0.01879793591797352
  view-data: 0.02619059383869171
