times:
  edit-metadata: 8.857953993603587
  landing: 0.021103275008499622
  view-data: 0.028988529928028584
