times:
  edit-metadata: 9.531591171398759
  landing: 0.14708183147013187
  view-data: 0.02690324652940035
