times:
  edit-metadata: 12.282812820747495
  landing: 0.019024712964892387
  view-data: 0.026212140917778015
