times:
  edit-metadata: 7.591654406860471
  landing: 0.04849541559815407
  view-data: 0.6315722139552236
