times:
  edit-metadata: 11.53820775821805
  landing: 0.3587223868817091
  view-data: 0.387173056602478
