times:
  edit-metadata: 14.694906007498503
  landing: 0.2123885117471218
  view-data: 0.4790852088481188
