times:
  edit-metadata: 9.351554192602634
  landing: 0.02144272718578577
  view-data: 0.12558304797858
