times:
  edit-metadata: 9.017020970582962
  landing: 0.22910874150693417
  view-data: 0.22761698998510838
