times:
  edit-metadata: 9.362800226546824
  landing: 0.10699078999459743
  view-data: 0.11777075659483671
