times:
  edit-metadata: 9.083901464007795
  landing: 0.01889619417488575
  view-data: 0.44989922922104597
