times:
  edit-metadata: 8.838985688053071
  landing: 0.020281750708818436
  view-data: 0.02820607554167509
