times:
  edit-metadata: 12.717662436887622
  landing: 0.020040122792124748
  view-data: 0.30036474764347076
