times:
  edit-metadata: 8.948206197470427
  landing: 0.019450269639492035
  view-data: 0.02491622418165207
