times:
  edit-metadata: 12.109827980399132
  landing: 0.18969169072806835
  view-data: 0.02935977280139923
