times:
  edit-metadata: 12.919104365631938
  landing: 0.18684769608080387
  view-data: 0.3210255987942219
