times:
  edit-metadata: 14.014096086844802
  landing: 0.15455367416143417
  view-data: 0.026538260281085968
