times:
  edit-metadata: 9.030051936395466
  landing: 0.024650639854371548
  view-data: 0.45942010544240475
