times:
  edit-metadata: 12.889380167704076
  landing: 0.09663432603701949
  view-data: 0.8070991919375956
