times:
  edit-metadata: 13.10330899991095
  landing: 0.1271765325218439
  view-data: 0.1340099275112152
