times:
  edit-metadata: 15.361644541844726
  landing: 0.3271093890070915
  view-data: 0.17216034419834614
