times:
  edit-metadata: 12.69102069735527
  landing: 0.20381161011755466
  view-data: 0.10582376085221767
