times:
  edit-metadata: 9.24603979755193
  landing: 0.02008870430290699
  view-data: 0.025682860985398293
