times:
  edit-metadata: 12.942382868845016
  landing: 0.08342092297971249
  view-data: 0.781772821675986
