times:
  edit-metadata: 12.250625921413302
  landing: 0.01773061230778694
  view-data: 0.2758374325931072
