times:
  edit-metadata: 8.904529531486332
  landing: 0.018585767596960068
  view-data: 0.12064534053206444
