times:
  edit-metadata: 14.562466630712152
  landing: 0.020593339577317238
  view-data: 0.4116472452878952
