times:
  edit-metadata: 14.936204295605421
  landing: 0.16224704310297966
  view-data: 0.3075129520148039
