times:
  edit-metadata: 9.960860999301076
  landing: 0.01896335743367672
  view-data: 0.022052046842873096
