times:
  edit-metadata: 14.547446254640818
  landing: 0.2182603944092989
  view-data: 0.025668343529105186
