times:
  edit-metadata: 9.591918915510178
  landing: 0.1188063332810998
  view-data: 0.05384127702564001
