times:
  edit-metadata: 9.0840995432809
  landing: 0.01980834174901247
  view-data: 0.023142813704907894
