times:
  edit-metadata: 9.40244309976697
  landing: 0.17751110345125198
  view-data: 0.02369611617177725
