times:
  edit-metadata: 9.227840319275856
  landing: 0.020363545045256615
  view-data: 0.4466928392648697
