times:
  edit-metadata: 9.09159190300852
  landing: 0.020575924776494503
  view-data: 0.029360408894717693
