times:
  edit-metadata: 10.791204460896552
  landing: 0.04431504802778363
  view-data: 0.787640789989382
