times:
  edit-metadata: 15.466677479445934
  landing: 0.3684350661933422
  view-data: 0.33745043352246284
