times:
  edit-metadata: 9.081928685307503
  landing: 0.13751288410276175
  view-data: 0.023446406237781048
