times:
  edit-metadata: 7.549705541692674
  landing: 0.046938479878008366
  view-data: 0.9847009275108576
