times:
  edit-metadata: 12.156060745939612
  landing: 0.021426737308502197
  view-data: 0.11275849118828773
