times:
  edit-metadata: 12.458153512328863
  landing: 0.025747086852788925
  view-data: 0.10038144141435623
