times:
  edit-metadata: 9.910015171393752
  landing: 0.14460782893002033
  view-data: 0.02484908699989319
