times:
  edit-metadata: 9.090695068240166
  landing: 0.1189190037548542
  view-data: 0.4951706249266863
