times:
  edit-metadata: 14.664084650576115
  landing: 0.3847690261900425
  view-data: 0.6390751991420984
