times:
  edit-metadata: 12.028058467432857
  landing: 0.020651495084166527
  view-data: 0.02649766393005848
