times:
  edit-metadata: 12.472691779024899
  landing: 0.08877471322193742
  view-data: 0.9414984942413867
