times:
  edit-metadata: 14.0199531968683
  landing: 0.28422037325799465
  view-data: 0.5068912282586098
