times:
  edit-metadata: 9.232405792921782
  landing: 0.23093304503709078
  view-data: 0.11625130102038383
