times:
  edit-metadata: 7.8755735997110605
  landing: 0.04642302077263594
  view-data: 0.7241929862648249
