times:
  edit-metadata: 7.484675956889987
  landing: 0.048049597069621086
  view-data: 0.754156731069088
