times:
  edit-metadata: 13.578416120260954
  landing: 0.12041628360748291
  view-data: 0.027877705171704292
