times:
  edit-metadata: 9.034913031384349
  landing: 0.21037969458848238
  view-data: 0.40281022898852825
