times:
  edit-metadata: 11.990790117532015
  landing: 0.2044951356947422
  view-data: 0.47227154672145844
