times:
  edit-metadata: 10.851186824031174
  landing: 0.05025220802053809
  view-data: 0.8133816896006465
