times:
  edit-metadata: 13.426728243008256
  landing: 0.02367810159921646
  view-data: 0.024448901414871216
