times:
  edit-metadata: 12.362853763625026
  landing: 0.02079315483570099
  view-data: 0.023264963179826736
