times:
  edit-metadata: 8.976024153642356
  landing: 0.022346407175064087
  view-data: 0.02831604052335024
