times:
  edit-metadata: 12.001231426373124
  landing: 0.08450065786018968
  view-data: 0.9349212609231472
