times:
  edit-metadata: 7.638385442085564
  landing: 0.041509345173835754
  view-data: 0.7557632150128484
