times:
  edit-metadata: 12.848767727613449
  landing: 0.018902147188782692
  view-data: 0.30892176926136017
