times:
  edit-metadata: 10.65458611305803
  landing: 0.17138968780636787
  view-data: 0.38693605829030275
