times:
  edit-metadata: 7.493134563788772
  landing: 0.04746466875076294
  view-data: 0.5998545438051224
