times:
  edit-metadata: 16.03667110390961
  landing: 0.24758951924741268
  view-data: 0.4364213068038225
