times:
  edit-metadata: 7.600776990875602
  landing: 0.04799712263047695
  view-data: 0.7640400342643261
