times:
  edit-metadata: 15.18683097884059
  landing: 0.33460070565342903
  view-data: 0.18054182454943657
