times:
  edit-metadata: 10.860584436915815
  landing: 0.04464024631306529
  view-data: 0.8332708789967
