times:
  edit-metadata: 12.206454560160637
  landing: 0.021172689273953438
  view-data: 0.026626182720065117
