times:
  edit-metadata: 8.959801767021418
  landing: 0.019452186301350594
  view-data: 0.13844706863164902
