times:
  edit-metadata: 12.53892885800451
  landing: 0.0829893690533936
  view-data: 0.9764320659451187
