times:
  edit-metadata: 12.37426457554102
  landing: 0.12029794603586197
  view-data: 0.02487940527498722
