times:
  edit-metadata: 9.803917701356113
  landing: 0.21528646163642406
  view-data: 0.024990996345877647
