times:
  edit-metadata: 12.008679231628776
  landing: 0.19536449015140533
  view-data: 0.32344627380371094
