times:
  edit-metadata: 8.805289761163294
  landing: 0.020441405475139618
  view-data: 0.025523989461362362
