times:
  edit-metadata: 15.109524995088577
  landing: 0.28031066805124283
  view-data: 0.31719454005360603
