times:
  edit-metadata: 7.681085341610014
  landing: 0.03986674454063177
  view-data: 0.6442960444837809
