times:
  edit-metadata: 8.843580572865903
  landing: 0.17242310289293528
  view-data: 0.4166460745036602
