times:
  edit-metadata: 7.519537268206477
  landing: 0.04305935371667147
  view-data: 0.6264324672520161
