times:
  edit-metadata: 12.2569245044142
  landing: 0.02594119869172573
  view-data: 0.02488919533789158
