times:
  edit-metadata: 10.010361928492785
  landing: 0.158642184920609
  view-data: 0.13214030489325523
