times:
  edit-metadata: 12.879886917769909
  landing: 0.1277404986321926
  view-data: 0.09618275985121727
