times:
  edit-metadata: 13.008527858182788
  landing: 0.02044728584587574
  view-data: 0.10196335054934025
