times:
  edit-metadata: 12.064251221250743
  landing: 0.05308225890621543
  view-data: 1.0025423439219594
