times:
  edit-metadata: 8.971432429738343
  landing: 0.019660656340420246
  view-data: 0.12056029960513115
