times:
  edit-metadata: 12.729106480255723
  landing: 0.1433246247470379
  view-data: 0.12129392847418785
