times:
  edit-metadata: 7.62585231801495
  landing: 0.04145999625325203
  view-data: 0.8883112231269479
