times:
  edit-metadata: 14.10647863522172
  landing: 0.1567854005843401
  view-data: 0.474382434040308
