times:
  edit-metadata: 12.638519622385502
  landing: 0.02235499769449234
  view-data: 0.029527487233281136
