times:
  edit-metadata: 7.611989816650748
  landing: 0.04383949935436249
  view-data: 0.6236862242221832
