times:
  edit-metadata: 8.975556781515479
  landing: 0.021607493981719017
  view-data: 0.027565459720790386
