times:
  edit-metadata: 13.749770177528262
  landing: 0.3540652636438608
  view-data: 0.025334397330880165
