times:
  edit-metadata: 12.612855980172753
  landing: 0.24691792204976082
  view-data: 0.025038309395313263
