times:
  edit-metadata: 8.81370275374502
  landing: 0.1558128772303462
  view-data: 0.024058804847300053
