times:
  edit-metadata: 7.393599987030029
  landing: 0.04586074873805046
  view-data: 0.6114718308672309
