times:
  edit-metadata: 13.428039103746414
  landing: 0.025522204115986824
  view-data: 0.03241084888577461
