times:
  edit-metadata: 13.171549325808883
  landing: 0.03814503876492381
  view-data: 1.1372730499133468
