times:
  edit-metadata: 12.809608537703753
  landing: 0.1371368821710348
  view-data: 0.37767708487808704
