times:
  edit-metadata: 8.752357177436352
  landing: 0.19033444207161665
  view-data: 0.027545209974050522
