times:
  edit-metadata: 12.700080543290824
  landing: 0.07442704634740949
  view-data: 1.029414220713079
