times:
  edit-metadata: 9.697973809204996
  landing: 0.026046253740787506
  view-data: 0.3923281831666827
