times:
  edit-metadata: 12.670361828058958
  landing: 0.150539917871356
  view-data: 0.026237700134515762
