times:
  edit-metadata: 9.021759216673672
  landing: 0.023493393324315548
  view-data: 0.11471775732934475
