times:
  edit-metadata: 8.795069247484207
  landing: 0.020170191302895546
  view-data: 0.11816838011145592
