times:
  edit-metadata: 12.905685437843204
  landing: 0.04209855105727911
  view-data: 0.8488738816231489
