times:
  edit-metadata: 10.803424684330821
  landing: 0.05162603035569191
  view-data: 0.8186803101561964
