times:
  edit-metadata: 9.055469809100032
  landing: 0.2058597058057785
  view-data: 0.023797749541699886
