times:
  edit-metadata: 8.780961292795837
  landing: 0.0194518705829978
  view-data: 0.12156063225120306
