times:
  edit-metadata: 12.691486615687609
  landing: 0.12833989225327969
  view-data: 0.1272630151361227
