times:
  edit-metadata: 8.922964371740818
  landing: 0.02099674753844738
  view-data: 0.11603321600705385
