times:
  edit-metadata: 9.48478342872113
  landing: 0.20113877393305302
  view-data: 0.4885239312425256
