times:
  edit-metadata: 10.891417195089161
  landing: 0.04750037984922528
  view-data: 0.8608934869989753
