times:
  edit-metadata: 14.12049063667655
  landing: 0.2615710720419884
  view-data: 0.3686636760830879
