times:
  edit-metadata: 10.023326590657234
  landing: 0.021026702597737312
  view-data: 0.027673255652189255
