times:
  edit-metadata: 9.281524000689387
  landing: 0.019883032888174057
  view-data: 0.11820850986987352
