times:
  edit-metadata: 15.055472418665886
  landing: 0.21788867935538292
  view-data: 0.19800026714801788
