times:
  edit-metadata: 9.014090814627707
  landing: 0.023258589208126068
  view-data: 0.12089412193745375
