times:
  edit-metadata: 9.152080266736448
  landing: 0.020830840803682804
  view-data: 0.1213674508035183
