times:
  edit-metadata: 9.691619424149394
  landing: 0.018674928694963455
  view-data: 0.1412738235667348
