times:
  edit-metadata: 7.6676950845867395
  landing: 0.04894052725285292
  view-data: 0.6297256238758564
