times:
  edit-metadata: 14.093318872153759
  landing: 0.17802833020687103
  view-data: 0.022486528381705284
