times:
  edit-metadata: 12.446234105154872
  landing: 0.019506441429257393
  view-data: 0.024074340239167213
