times:
  edit-metadata: 7.55255439132452
  landing: 0.04420540761202574
  view-data: 0.6263664560392499
