times:
  edit-metadata: 8.782240371219814
  landing: 0.02318776212632656
  view-data: 0.027244912460446358
