times:
  edit-metadata: 9.712198816239834
  landing: 0.22024012450128794
  view-data: 0.11797892395406961
