times:
  edit-metadata: 7.859004685655236
  landing: 0.05151836480945349
  view-data: 0.6116180196404457
