times:
  edit-metadata: 7.652866203337908
  landing: 0.04890097212046385
  view-data: 0.6218676809221506
