times:
  edit-metadata: 16.213775534182787
  landing: 0.2948200795799494
  view-data: 0.4637852907180786
