times:
  edit-metadata: 9.496662269346416
  landing: 0.022317402064800262
  view-data: 0.11960737966001034
