times:
  edit-metadata: 9.091617548838258
  landing: 0.02059138473123312
  view-data: 0.0246604410931468
