times:
  edit-metadata: 12.963306089863181
  landing: 0.02340666949748993
  view-data: 0.3518931306898594
