times:
  edit-metadata: 8.94282091781497
  landing: 0.12337798718363047
  view-data: 0.022920062765479088
