times:
  edit-metadata: 12.194330302067101
  landing: 0.06326620187610388
  view-data: 0.9711760636419058
