times:
  edit-metadata: 12.583483906462789
  landing: 0.1837211586534977
  view-data: 0.022936014458537102
