times:
  edit-metadata: 8.875053926371038
  landing: 0.11898582614958286
  view-data: 0.41628820542246103
