times:
  edit-metadata: 9.015432508662343
  landing: 0.019257345236837864
  view-data: 0.025561501272022724
