times:
  edit-metadata: 13.795447060838342
  landing: 0.344887001439929
  view-data: 0.5196358561515808
