times:
  edit-metadata: 14.302840679883957
  landing: 0.27302005141973495
  view-data: 0.3835053127259016
