times:
  edit-metadata: 9.082058172672987
  landing: 0.01985930185765028
  view-data: 0.47046894021332264
