times:
  edit-metadata: 9.003626022487879
  landing: 0.021119887940585613
  view-data: 0.026817645877599716
