times:
  edit-metadata: 12.76544177904725
  landing: 0.02044895850121975
  view-data: 0.026647524908185005
