times:
  edit-metadata: 9.49748616758734
  landing: 0.02021187823265791
  view-data: 0.10270057898014784
