times:
  edit-metadata: 13.500173496082425
  landing: 0.24855132028460503
  view-data: 0.13693951070308685
