times:
  edit-metadata: 8.980077623389661
  landing: 0.018665987998247147
  view-data: 0.02676160540431738
