times:
  edit-metadata: 9.017754141241312
  landing: 0.02039881143718958
  view-data: 0.11726927198469639
