times:
  edit-metadata: 8.766523785889149
  landing: 0.021247627213597298
  view-data: 0.027127237990498543
