times:
  edit-metadata: 9.26529324799776
  landing: 0.04938831552863121
  view-data: 0.026662608608603477
