times:
  edit-metadata: 8.87867554742843
  landing: 0.01998038124293089
  view-data: 0.02467620000243187
