times:
  edit-metadata: 12.982210043817759
  landing: 0.20483750104904175
  view-data: 0.28559294156730175
