times:
  edit-metadata: 15.439106980338693
  landing: 0.24685084261000156
  view-data: 0.4277094081044197
