times:
  edit-metadata: 9.145880392752588
  landing: 0.01963333785533905
  view-data: 0.4791217064484954
