times:
  edit-metadata: 12.681037297472358
  landing: 0.019033947959542274
  view-data: 0.023707224056124687
