times:
  edit-metadata: 9.08652777876705
  landing: 0.020585307851433754
  view-data: 0.12514388374984264
