times:
  edit-metadata: 12.032269263640046
  landing: 0.020490923896431923
  view-data: 0.2747069839388132
