times:
  edit-metadata: 9.39984863717109
  landing: 0.18885100539773703
  view-data: 0.11916339863091707
