times:
  edit-metadata: 9.933245157822967
  landing: 0.26375300250947475
  view-data: 0.4641591450199485
