times:
  edit-metadata: 8.809976072050631
  landing: 0.1253002407029271
  view-data: 0.02444299589842558
