times:
  edit-metadata: 8.928555706515908
  landing: 0.021989649161696434
  view-data: 0.02764677070081234
