times:
  edit-metadata: 9.622132079675794
  landing: 0.21656282246112823
  view-data: 0.023644499480724335
