times:
  edit-metadata: 7.543918004259467
  landing: 0.04048924520611763
  view-data: 0.7557928878813982
