times:
  edit-metadata: 13.886341599747539
  landing: 0.021864181384444237
  view-data: 0.3527291100472212
