times:
  edit-metadata: 12.059343453496695
  landing: 0.20072869397699833
  view-data: 0.36500908248126507
