times:
  edit-metadata: 14.191798551008105
  landing: 0.15046582370996475
  view-data: 0.38130755722522736
