times:
  edit-metadata: 12.52424531057477
  landing: 0.019544852897524834
  view-data: 0.10348828695714474
