times:
  edit-metadata: 14.272548159584403
  landing: 0.054726675152778625
  view-data: 0.3693865481764078
