times:
  edit-metadata: 8.767638265155256
  landing: 0.022007519379258156
  view-data: 0.12238426506519318
