times:
  edit-metadata: 14.508496494963765
  landing: 0.2431491483002901
  view-data: 0.40718776918947697
