times:
  edit-metadata: 7.509875501971692
  landing: 0.04230325808748603
  view-data: 0.6420383187942207
