times:
  edit-metadata: 7.666667175479233
  landing: 0.0523642860352993
  view-data: 0.6341141490265727
