times:
  edit-metadata: 9.071404214948416
  landing: 0.019334983080625534
  view-data: 0.12479264289140701
