times:
  edit-metadata: 12.208433562889695
  landing: 0.02164742350578308
  view-data: 0.026044288650155067
