times:
  edit-metadata: 9.129391381517053
  landing: 0.020120481960475445
  view-data: 0.024576300755143166
