times:
  edit-metadata: 14.749773696064949
  landing: 0.27124961093068123
  view-data: 0.024822235107421875
