times:
  edit-metadata: 9.110661842860281
  landing: 0.02186040859669447
  view-data: 0.12566089071333408
