times:
  edit-metadata: 10.767176288645715
  landing: 0.049883781000971794
  view-data: 0.8867525439709425
