times:
  edit-metadata: 13.151758465915918
  landing: 0.061789424158632755
  view-data: 0.840555532835424
