times:
  edit-metadata: 12.089387089014053
  landing: 0.018926139920949936
  view-data: 0.02662917599081993
