times:
  edit-metadata: 12.926762354094535
  landing: 0.04692220874130726
  view-data: 0.98830092465505
