times:
  edit-metadata: 13.83338269405067
  landing: 0.21216024085879326
  view-data: 0.4686797745525837
