times:
  edit-metadata: 13.12758850492537
  landing: 0.13110552169382572
  view-data: 0.027291979640722275
