times:
  edit-metadata: 12.300950684119016
  landing: 0.07650122698396444
  view-data: 1.0419858251698315
