times:
  edit-metadata: 7.610198271460831
  landing: 0.04901107773184776
  view-data: 0.6497546099126339
