times:
  edit-metadata: 15.705202737823129
  landing: 0.19460143893957138
  view-data: 0.383829640224576
