times:
  edit-metadata: 10.073887700214982
  landing: 0.018452029675245285
  view-data: 0.4169778320938349
