times:
  edit-metadata: 9.365886058658361
  landing: 0.11510910652577877
  view-data: 0.023488888517022133
