times:
  edit-metadata: 13.594833271577954
  landing: 0.021366450935602188
  view-data: 0.0246170312166214
