times:
  edit-metadata: 8.960889256559312
  landing: 0.021204420365393162
  view-data: 0.45232576690614223
