times:
  edit-metadata: 9.633892240934074
  landing: 0.18878500815480947
  view-data: 0.02438820991665125
