times:
  edit-metadata: 12.89728202112019
  landing: 0.020819971337914467
  view-data: 0.31328981928527355
