times:
  edit-metadata: 7.508157974109054
  landing: 0.04802971053868532
  view-data: 0.616399691440165
