times:
  edit-metadata: 14.356927840039134
  landing: 0.01853770576417446
  view-data: 0.127529539167881
