times:
  edit-metadata: 13.286552835255861
  landing: 0.020041216164827347
  view-data: 0.02435171976685524
