times:
  edit-metadata: 7.604708172380924
  landing: 0.04990014620125294
  view-data: 0.6072010938078165
