times:
  edit-metadata: 8.788824561052024
  landing: 0.18881799560040236
  view-data: 0.4443838959559798
