times:
  edit-metadata: 9.222558881156147
  landing: 0.1406950280070305
  view-data: 0.02493464946746826
