times:
  edit-metadata: 12.958138135727495
  landing: 0.05246158177033067
  view-data: 0.9537451500073075
