times:
  edit-metadata: 12.091918816789985
  landing: 0.11840539798140526
  view-data: 0.12239118665456772
