times:
  edit-metadata: 7.664539883844554
  landing: 0.042213053442537785
  view-data: 0.7709910115227103
