times:
  edit-metadata: 13.145308459177613
  landing: 0.02190481312572956
  view-data: 0.026416413486003876
