times:
  edit-metadata: 12.703502480871975
  landing: 0.039862852077931166
  view-data: 1.0822562952525914
