times:
  edit-metadata: 7.640915603376925
  landing: 0.050427451729774475
  view-data: 0.6113846953958273
