times:
  edit-metadata: 13.48292394168675
  landing: 0.023289453238248825
  view-data: 0.31720178201794624
