times:
  edit-metadata: 7.545580042526126
  landing: 0.05238087847828865
  view-data: 0.6189013598486781
