times:
  edit-metadata: 7.47452184278518
  landing: 0.04720442462712526
  view-data: 0.62202331982553
