times:
  edit-metadata: 8.697980401106179
  landing: 0.13155451323837042
  view-data: 0.025557593442499638
