times:
  edit-metadata: 9.61937062535435
  landing: 0.1281799804419279
  view-data: 0.1377565674483776
