times:
  edit-metadata: 12.41245978884399
  landing: 0.021932730451226234
  view-data: 0.12378915958106518
