times:
  edit-metadata: 9.410688480362296
  landing: 0.020002763718366623
  view-data: 0.14419145602732897
