times:
  edit-metadata: 9.183051457628608
  landing: 0.01963707711547613
  view-data: 0.43185173254460096
