times:
  edit-metadata: 12.845691805705428
  landing: 0.020076101645827293
  view-data: 0.023511221632361412
