times:
  edit-metadata: 8.925376748666167
  landing: 0.18079096358269453
  view-data: 0.12039724085479975
