times:
  edit-metadata: 9.02898229751736
  landing: 0.01825101114809513
  view-data: 0.12156528513878584
