times:
  edit-metadata: 20.85073572100373
  landing: 0.1883103619911708
  view-data: 0.5306291689921636
