times:
  edit-metadata: 7.5873404974117875
  landing: 0.0407903678715229
  view-data: 0.6057957010343671
