times:
  edit-metadata: 7.4594104192219675
  landing: 0.04846944101154804
  view-data: 0.7589663430117071
