times:
  edit-metadata: 13.532965626567602
  landing: 0.019679758697748184
  view-data: 0.024921797215938568
