times:
  edit-metadata: 7.59171009529382
  landing: 0.04908418841660023
  view-data: 0.6225031735375524
