times:
  edit-metadata: 9.471627157181501
  landing: 0.02346157841384411
  view-data: 0.023176461458206177
