times:
  edit-metadata: 12.431134084239602
  landing: 0.023550214245915413
  view-data: 0.024445505812764168
