times:
  edit-metadata: 7.6795280845835805
  landing: 0.0543043427169323
  view-data: 0.7512026932090521
