times:
  edit-metadata: 12.94572160905227
  landing: 0.049875520169734955
  view-data: 0.8987083309330046
