times:
  edit-metadata: 12.182042811065912
  landing: 0.02212442457675934
  view-data: 0.26882006227970123
