times:
  edit-metadata: 9.102171130478382
  landing: 0.01917629037052393
  view-data: 0.4310120679438114
