times:
  edit-metadata: 15.285842806100845
  landing: 0.2285696119070053
  view-data: 0.4537369031459093
