times:
  edit-metadata: 9.223618208430707
  landing: 0.12246876396238804
  view-data: 0.22493430227041245
