times:
  edit-metadata: 9.863010781817138
  landing: 0.04645466897636652
  view-data: 0.04208853282034397
