times:
  edit-metadata: 9.255319261923432
  landing: 0.21251873765140772
  view-data: 0.02427034266293049
