times:
  edit-metadata: 9.022078329697251
  landing: 0.22046199161559343
  view-data: 0.35348881129175425
