times:
  edit-metadata: 14.696348303928971
  landing: 0.16650954447686672
  view-data: 0.1994720883667469
