times:
  edit-metadata: 9.522257836535573
  landing: 0.13503776583820581
  view-data: 0.09863796271383762
