times:
  edit-metadata: 9.578313207253814
  landing: 0.13663435261696577
  view-data: 0.13735490012913942
