times:
  edit-metadata: 13.129290010780096
  landing: 0.019849328324198723
  view-data: 0.023782987147569656
