times:
  edit-metadata: 12.54140960611403
  landing: 0.18952089175581932
  view-data: 0.3137620761990547
