times:
  edit-metadata: 13.202935822308064
  landing: 0.25303511321544647
  view-data: 0.10479717887938023
