times:
  edit-metadata: 8.907328980974853
  landing: 0.020823849365115166
  view-data: 0.0228336239233613
