times:
  edit-metadata: 12.632709428668022
  landing: 0.04184340871870518
  view-data: 0.12480557151138783
