times:
  edit-metadata: 8.698543107137084
  landing: 0.02167175617069006
  view-data: 0.1185558820143342
