times:
  edit-metadata: 9.491976749151945
  landing: 0.02288760617375374
  view-data: 0.31503372453153133
