times:
  edit-metadata: 7.5264436127617955
  landing: 0.050469291396439075
  view-data: 0.8724186159670353
