times:
  edit-metadata: 8.885807671584189
  landing: 0.021933981217443943
  view-data: 0.024922904558479786
