times:
  edit-metadata: 8.92320045363158
  landing: 0.024583064951002598
  view-data: 0.02579662762582302
