times:
  edit-metadata: 8.966803822666407
  landing: 0.18224221374839544
  view-data: 0.4217403493821621
