times:
  edit-metadata: 9.408591158688068
  landing: 0.021889003925025463
  view-data: 0.11096141673624516
