times:
  edit-metadata: 10.225279692560434
  landing: 0.24294585175812244
  view-data: 0.4119313694536686
