times:
  edit-metadata: 9.072659716010094
  landing: 0.02407057024538517
  view-data: 0.023085111752152443
