times:
  edit-metadata: 12.92966160736978
  landing: 0.02032138966023922
  view-data: 0.14167856983840466
