times:
  edit-metadata: 12.583827949129045
  landing: 0.27682420890778303
  view-data: 0.5019196113571525
