times:
  edit-metadata: 9.053569074720144
  landing: 0.02123370859771967
  view-data: 0.12069746851921082
