times:
  edit-metadata: 8.809930928051472
  landing: 0.020488740876317024
  view-data: 0.02649053931236267
