times:
  edit-metadata: 13.155750894919038
  landing: 0.02011847123503685
  view-data: 0.12350262515246868
