times:
  edit-metadata: 9.684696071781218
  landing: 0.021206635050475597
  view-data: 0.09528135508298874
