times:
  edit-metadata: 8.874772323295474
  landing: 0.022325387224555016
  view-data: 0.09970452357083559
