times:
  edit-metadata: 12.449962612241507
  landing: 0.023267488926649094
  view-data: 0.024226170033216476
