times:
  edit-metadata: 9.213495763018727
  landing: 0.02108827419579029
  view-data: 0.02578899823129177
