times:
  edit-metadata: 7.821943645365536
  landing: 0.04281658120453358
  view-data: 0.6284361770376563
