times:
  edit-metadata: 7.404850383289158
  landing: 0.04220110457390547
  view-data: 0.6356444321572781
