times:
  edit-metadata: 0.4559248425066471
  landing: 0.039496660232543945
  view-data: 0.2132026720792055
