times:
  edit-metadata: 0.45388886891305447
  landing: 0.04393032193183899
  view-data: 0.3286926159635186
