times:
  edit-metadata: 0.4581276439130306
  landing: 0.05434011295437813
  view-data: 0.3556843148544431
