times:
  edit-metadata: 0.44279318023473024
  landing: 0.04375498089939356
  view-data: 0.4593160916119814
