times:
  edit-metadata: 0.46015903633087873
  landing: 0.05083188973367214
  view-data: 0.33471422269940376
