times:
  edit-metadata: 0.4603307330980897
  landing: 0.04315683804452419
  view-data: 0.6098367008380592
