times:
  edit-metadata: 0.47524973563849926
  landing: 0.053556106984615326
  view-data: 0.19810818322002888
