times:
  edit-metadata: 0.4363074176944792
  landing: 0.04366101883351803
  view-data: 0.4625450521707535
