times:
  edit-metadata: 0.4503263896331191
  landing: 0.04933327157050371
  view-data: 0.19954526983201504
