times:
  edit-metadata: 0.4374400395900011
  landing: 0.048879623878747225
  view-data: 0.3370980960316956
