times:
  edit-metadata: 1.519281392917037
  landing: 0.02860684134066105
  view-data: 0.15600197575986385
