times:
  edit-metadata: 1.5901695471256971
  landing: 0.01929108425974846
  view-data: 0.1348778884857893
