times:
  edit-metadata: 2.044738035649061
  landing: 0.3580183368176222
  view-data: 0.28971848636865616
