times:
  edit-metadata: 0.6381479701958597
  landing: 0.05277791805565357
  view-data: 0.21319521497935057
