times:
  edit-metadata: 1.4061142764985561
  landing: 0.023334931582212448
  view-data: 0.026928424835205078
