times:
  edit-metadata: 0.6325824069790542
  landing: 0.12979657296091318
  view-data: 0.3136416431516409
