times:
  edit-metadata: 0.6425551767461002
  landing: 0.10878946632146835
  view-data: 0.2326145232655108
