times:
  edit-metadata: 2.0893990080803633
  landing: 0.35792310908436775
  view-data: 0.21724391262978315
