times:
  edit-metadata: 1.4028403628617525
  landing: 0.019357463344931602
  view-data: 0.025640852749347687
