times:
  edit-metadata: 1.6961884032934904
  landing: 0.14343828707933426
  view-data: 0.42206672206521034
