times:
  edit-metadata: 1.4387146960943937
  landing: 0.018363846465945244
  view-data: 0.26811235398054123
