times:
  edit-metadata: 1.5805030968040228
  landing: 0.1967434324324131
  view-data: 0.3253762014210224
