times:
  edit-metadata: 0.581690015271306
  landing: 0.06660411087796092
  view-data: 0.21807194594293833
