times:
  edit-metadata: 1.8970179297029972
  landing: 0.17406391724944115
  view-data: 0.37850080989301205
