times:
  edit-metadata: 1.6535911653190851
  landing: 0.185307789593935
  view-data: 0.36061661317944527
