times:
  edit-metadata: 1.4865625575184822
  landing: 0.019994402304291725
  view-data: 0.29191516526043415
