times:
  edit-metadata: 1.6720911655575037
  landing: 0.056508783251047134
  view-data: 0.024105854332447052
