times:
  edit-metadata: 1.3968778792768717
  landing: 0.11359578743577003
  view-data: 0.02534528076648712
