times:
  edit-metadata: 1.6629884988069534
  landing: 0.023300835862755775
  view-data: 0.5405840240418911
