times:
  edit-metadata: 1.8306869734078646
  landing: 0.0412222221493721
  view-data: 0.0573691762983799
