times:
  edit-metadata: 0.8730286918580532
  landing: 0.05652154190465808
  view-data: 0.23523099394515157
