times:
  edit-metadata: 1.406313931569457
  landing: 0.022180935367941856
  view-data: 0.026736710220575333
