times:
  edit-metadata: 1.776294881477952
  landing: 0.12244164943695068
  view-data: 0.4177954625338316
