times:
  edit-metadata: 1.689153941348195
  landing: 0.2766354847699404
  view-data: 0.27240427769720554
