times:
  edit-metadata: 1.4243782851845026
  landing: 0.02153695747256279
  view-data: 0.4034589771181345
