times:
  edit-metadata: 1.4444968029856682
  landing: 0.02726362831890583
  view-data: 0.03555191308259964
