times:
  edit-metadata: 1.4899974130094051
  landing: 0.01908065937459469
  view-data: 0.0241866335272789
