times:
  edit-metadata: 1.839242435991764
  landing: 0.018657034263014793
  view-data: 0.027026988565921783
