times:
  edit-metadata: 1.8566457349807024
  landing: 0.23564809001982212
  view-data: 0.437867671251297
