times:
  edit-metadata: 0.6454085577279329
  landing: 0.057173995301127434
  view-data: 0.219305788166821
