times:
  edit-metadata: 1.5170059315860271
  landing: 0.23309952020645142
  view-data: 0.38409989699721336
