times:
  edit-metadata: 1.403457636013627
  landing: 0.023087983950972557
  view-data: 0.025541065260767937
