times:
  edit-metadata: 2.148798631504178
  landing: 0.27298792265355587
  view-data: 0.13524175435304642
