times:
  edit-metadata: 1.6377491373568773
  landing: 0.022670205682516098
  view-data: 0.35820768401026726
