times:
  edit-metadata: 1.3996728640049696
  landing: 0.017763080075383186
  view-data: 0.024510640650987625
