times:
  edit-metadata: 1.4424859918653965
  landing: 0.20173759199678898
  view-data: 0.34169719368219376
