times:
  edit-metadata: 1.5445564929395914
  landing: 0.24012006260454655
  view-data: 0.16171640530228615
