times:
  edit-metadata: 1.4941095933318138
  landing: 0.021507835015654564
  view-data: 0.025739284232258797
