times:
  edit-metadata: 1.4050193205475807
  landing: 0.021006599068641663
  view-data: 0.02634485624730587
