times:
  edit-metadata: 1.7082017362117767
  landing: 0.02519584819674492
  view-data: 0.13677761144936085
