times:
  edit-metadata: 1.435773679986596
  landing: 0.01949804648756981
  view-data: 0.025304075330495834
