times:
  edit-metadata: 0.593877105973661
  landing: 0.06715702125802636
  view-data: 0.22032580990344286
