times:
  edit-metadata: 2.1261129369959235
  landing: 0.030882149003446102
  view-data: 0.4285330269485712
