times:
  edit-metadata: 1.4540065191686153
  landing: 0.12247341126203537
  view-data: 0.36035535484552383
