times:
  edit-metadata: 1.4163218718022108
  landing: 0.021236319094896317
  view-data: 0.024499528110027313
