times:
  edit-metadata: 1.5254490729421377
  landing: 0.020972199738025665
  view-data: 0.13958090916275978
