times:
  edit-metadata: 1.406641835346818
  landing: 0.019074533134698868
  view-data: 0.05418722331523895
