times:
  edit-metadata: 0.6358123021200299
  landing: 0.05249593500047922
  view-data: 0.21596791269257665
