times:
  edit-metadata: 1.5180265288800001
  landing: 0.01901395618915558
  view-data: 0.31316181272268295
