times:
  edit-metadata: 1.590466158464551
  landing: 0.22813923843204975
  view-data: 0.1455620527267456
