times:
  edit-metadata: 1.4698593746870756
  landing: 0.23136072792112827
  view-data: 0.31755304522812366
