times:
  edit-metadata: 1.415767565369606
  landing: 0.14687497355043888
  view-data: 0.11685528792440891
