times:
  edit-metadata: 1.4235862493515015
  landing: 0.09413552097976208
  view-data: 0.024751868098974228
