times:
  edit-metadata: 0.5677082110196352
  landing: 0.06197977997362614
  view-data: 0.21697120973840356
