times:
  edit-metadata: 1.5324237570166588
  landing: 0.020737696439027786
  view-data: 0.11999518610537052
