times:
  edit-metadata: 1.6535233948379755
  landing: 0.2794746123254299
  view-data: 0.4157140292227268
