times:
  edit-metadata: 1.413825698196888
  landing: 0.019320620223879814
  view-data: 0.024690454825758934
