times:
  edit-metadata: 0.5633217981085181
  landing: 0.06855154922232032
  view-data: 0.21869618585333228
