times:
  edit-metadata: 0.601456836797297
  landing: 0.04496369604021311
  view-data: 0.21376993786543608
