times:
  edit-metadata: 0.7808091887272894
  landing: 0.12529978808015585
  view-data: 0.21242622006684542
