times:
  edit-metadata: 1.420917695388198
  landing: 0.01892847567796707
  view-data: 0.023385951295495033
