times:
  edit-metadata: 1.6240749042481184
  landing: 0.2937370277941227
  view-data: 0.02502482756972313
