times:
  edit-metadata: 1.4308006670325994
  landing: 0.24191349372267723
  view-data: 0.12744854390621185
