times:
  edit-metadata: 1.5280745793133974
  landing: 0.2858292832970619
  view-data: 0.2917256522923708
