times:
  edit-metadata: 1.4397340137511492
  landing: 0.026756390929222107
  view-data: 0.02290080301463604
