times:
  edit-metadata: 1.4598632957786322
  landing: 0.019367358647286892
  view-data: 0.023713323287665844
