times:
  edit-metadata: 1.437288872897625
  landing: 0.02131270244717598
  view-data: 0.026662176474928856
