times:
  edit-metadata: 0.8178323959000409
  landing: 0.05612584017217159
  view-data: 0.2960578417405486
