times:
  edit-metadata: 1.418364828452468
  landing: 0.021941915154457092
  view-data: 0.02563699334859848
