times:
  edit-metadata: 1.3773421049118042
  landing: 0.02036157436668873
  view-data: 0.026853181421756744
