times:
  edit-metadata: 1.596645176410675
  landing: 0.023161882534623146
  view-data: 0.3115598037838936
