times:
  edit-metadata: 1.4503259994089603
  landing: 0.1258680447936058
  view-data: 0.026850596070289612
