times:
  edit-metadata: 1.428269151598215
  landing: 0.02177831344306469
  view-data: 0.02529001794755459
