times:
  edit-metadata: 1.4131445530802011
  landing: 0.021257411688566208
  view-data: 0.1013015117496252
