times:
  edit-metadata: 1.545105280354619
  landing: 0.022538840770721436
  view-data: 0.026870176196098328
