times:
  edit-metadata: 0.6408670949749649
  landing: 0.1417755507864058
  view-data: 0.21584829688072205
