times:
  edit-metadata: 1.493590647354722
  landing: 0.024473628029227257
  view-data: 0.2605281490832567
