times:
  edit-metadata: 1.3895262721925974
  landing: 0.019443238154053688
  view-data: 0.33905090019106865
