times:
  edit-metadata: 1.6033083237707615
  landing: 0.17626112885773182
  view-data: 0.31119045056402683
