times:
  edit-metadata: 1.4929186590015888
  landing: 0.14092448726296425
  view-data: 0.34675777703523636
