times:
  edit-metadata: 0.8684182669967413
  landing: 0.06059109605848789
  view-data: 0.22856991924345493
