times:
  edit-metadata: 1.6666257120668888
  landing: 0.11773979663848877
  view-data: 0.2938153836876154
