times:
  edit-metadata: 2.2065981160849333
  landing: 0.4495755936950445
  view-data: 0.02618919499218464
