times:
  edit-metadata: 1.6516275871545076
  landing: 0.2706685196608305
  view-data: 0.2419896461069584
