times:
  edit-metadata: 1.583846626803279
  landing: 0.1344971563667059
  view-data: 0.023833006620407104
