times:
  edit-metadata: 1.5596082471311092
  landing: 0.020840661600232124
  view-data: 0.04491312429308891
