times:
  edit-metadata: 1.4272155575454235
  landing: 0.02234477363526821
  view-data: 0.12854000367224216
