times:
  edit-metadata: 1.4512024745345116
  landing: 0.20369556546211243
  view-data: 0.1381490509957075
