times:
  edit-metadata: 1.416414923965931
  landing: 0.02048967033624649
  view-data: 0.23887567594647408
