times:
  edit-metadata: 1.4350076708942652
  landing: 0.1294560506939888
  view-data: 0.1216900646686554
