times:
  edit-metadata: 1.4453406408429146
  landing: 0.26185671612620354
  view-data: 0.02560591511428356
