times:
  edit-metadata: 2.1767279244959354
  landing: 0.27416676469147205
  view-data: 0.6143157724291086
