times:
  edit-metadata: 1.4333819579333067
  landing: 0.17633581720292568
  view-data: 0.21970435418188572
