times:
  edit-metadata: 1.4851677529513836
  landing: 0.14577005431056023
  view-data: 0.023436222225427628
