times:
  edit-metadata: 1.466455064713955
  landing: 0.022030167281627655
  view-data: 0.13276123255491257
