times:
  edit-metadata: 1.8063603434711695
  landing: 0.30337805300951004
  view-data: 0.4085798878222704
