times:
  edit-metadata: 0.5974085470661521
  landing: 0.14635500498116016
  view-data: 0.21674985997378826
