times:
  edit-metadata: 0.801161474082619
  landing: 0.06401819782331586
  view-data: 0.29997683921828866
