times:
  edit-metadata: 1.4426499772816896
  landing: 0.020012903958559036
  view-data: 0.3180614672601223
