times:
  edit-metadata: 1.4610796719789505
  landing: 0.2427494004368782
  view-data: 0.026165354996919632
