times:
  edit-metadata: 1.592124916613102
  landing: 0.21205288730561733
  view-data: 0.43199698626995087
