times:
  edit-metadata: 1.593001028522849
  landing: 0.1644743923097849
  view-data: 0.025623241439461708
