times:
  edit-metadata: 1.6061016507446766
  landing: 0.021572694182395935
  view-data: 0.31853922456502914
