times:
  edit-metadata: 2.2484253477305174
  landing: 0.47017892077565193
  view-data: 0.17218690365552902
