times:
  edit-metadata: 1.6344064883887768
  landing: 0.22624198347330093
  view-data: 0.2877584844827652
