times:
  edit-metadata: 0.7468061540275812
  landing: 0.06771119497716427
  view-data: 0.29654702404513955
