times:
  edit-metadata: 1.4367103092372417
  landing: 0.020336585119366646
  view-data: 0.027168968692421913
