times:
  edit-metadata: 1.6833408400416374
  landing: 0.14846203662455082
  view-data: 0.4610585831105709
