times:
  edit-metadata: 1.4340543057769537
  landing: 0.0191534124314785
  view-data: 0.022381816059350967
