times:
  edit-metadata: 1.480518613010645
  landing: 0.0243198461830616
  view-data: 0.02565334364771843
