times:
  edit-metadata: 1.3874427061527967
  landing: 0.14397588185966015
  view-data: 0.02753673493862152
