times:
  edit-metadata: 0.7788185998797417
  landing: 0.07268321001902223
  view-data: 0.21479746280238032
