times:
  edit-metadata: 1.5107374209910631
  landing: 0.024155253544449806
  view-data: 0.02646736055612564
