times:
  edit-metadata: 1.7206304389983416
  landing: 0.15628551319241524
  view-data: 0.39933134615421295
