times:
  edit-metadata: 1.4596134889870882
  landing: 0.021114420145750046
  view-data: 0.022771380841732025
