times:
  edit-metadata: 1.5856609363108873
  landing: 0.1363279577344656
  view-data: 0.12288061529397964
