times:
  edit-metadata: 1.4331203177571297
  landing: 0.1403677249327302
  view-data: 0.02572742197662592
