times:
  edit-metadata: 1.4676006436347961
  landing: 0.022111695259809494
  view-data: 0.02397838979959488
