times:
  edit-metadata: 0.6331365499645472
  landing: 0.0685462886467576
  view-data: 0.3041450958698988
