times:
  edit-metadata: 1.439029410481453
  landing: 0.020033301785588264
  view-data: 0.022728651762008667
