times:
  edit-metadata: 1.5498111378401518
  landing: 0.14579044841229916
  view-data: 0.1337547618895769
