times:
  edit-metadata: 1.5111913457512856
  landing: 0.019042495638132095
  view-data: 0.12922839634120464
