times:
  edit-metadata: 1.3853403627872467
  landing: 0.020893173292279243
  view-data: 0.29553810879588127
