times:
  edit-metadata: 1.4605473782867193
  landing: 0.10273501835763454
  view-data: 0.02573024109005928
