times:
  edit-metadata: 1.629166143015027
  landing: 0.019830407574772835
  view-data: 0.023248374462127686
