times:
  edit-metadata: 1.79091452434659
  landing: 0.17794653587043285
  view-data: 0.3026731126010418
