times:
  edit-metadata: 0.8448244091123343
  landing: 0.11786324111744761
  view-data: 0.2811996922828257
