times:
  edit-metadata: 0.6306258621625602
  landing: 0.08498080912977457
  view-data: 0.3029117500409484
