times:
  edit-metadata: 1.592861607670784
  landing: 0.02448234148323536
  view-data: 0.36933163926005363
