times:
  edit-metadata: 1.6791048906743526
  landing: 0.15682568028569221
  view-data: 0.17540045268833637
