times:
  edit-metadata: 1.4318363089114428
  landing: 0.020284492522478104
  view-data: 0.025971505790948868
