times:
  edit-metadata: 1.420192951336503
  landing: 0.1882769949734211
  view-data: 0.3458422292023897
