times:
  edit-metadata: 1.5442636758089066
  landing: 0.019139638170599937
  view-data: 0.02457030676305294
