times:
  edit-metadata: 0.5782698690891266
  landing: 0.11375335697084665
  view-data: 0.2938424590975046
