times:
  edit-metadata: 1.5309913400560617
  landing: 0.19406502693891525
  view-data: 0.02599434182047844
