times:
  edit-metadata: 0.6016411790624261
  landing: 0.08711088029667735
  view-data: 0.2158582592383027
