times:
  edit-metadata: 1.3996514678001404
  landing: 0.024461135268211365
  view-data: 0.02281246893107891
