times:
  edit-metadata: 0.7588606579229236
  landing: 0.0666419630870223
  view-data: 0.27327830670401454
