times:
  edit-metadata: 1.5931067075580359
  landing: 0.2378084361553192
  view-data: 0.025340115651488304
