times:
  edit-metadata: 0.7904306948184967
  landing: 0.16086332174018025
  view-data: 0.31134399911388755
