times:
  edit-metadata: 2.5357775859883986
  landing: 0.1899591679975856
  view-data: 0.2592636350018438
