times:
  edit-metadata: 0.6758001400157809
  landing: 0.06377878272905946
  view-data: 0.30612780386582017
