times:
  edit-metadata: 1.4907062482088804
  landing: 0.14644349925220013
  view-data: 0.04728403687477112
