times:
  edit-metadata: 1.6032439321279526
  landing: 0.13266455754637718
  view-data: 0.30699311196804047
