times:
  edit-metadata: 0.4369184719398618
  landing: 0.05418437998741865
  view-data: 0.33717227075248957
