times:
  edit-metadata: 0.4397997846826911
  landing: 0.045217025093734264
  view-data: 0.20514179021120071
