times:
  edit-metadata: 0.4396836496889591
  landing: 0.044030699878931046
  view-data: 0.19841687101870775
