times:
  edit-metadata: 0.4668230013921857
  landing: 0.04267498757690191
  view-data: 0.3395110936835408
