times:
  edit-metadata: 0.4764336487278342
  landing: 0.043736254796385765
  view-data: 0.1916950447484851
