times:
  edit-metadata: 0.4962769509293139
  landing: 0.035801941994577646
  view-data: 0.33184838481247425
