times:
  edit-metadata: 0.49561632331460714
  landing: 0.049143265932798386
  view-data: 0.3281546104699373
