times:
  edit-metadata: 0.5064550167880952
  landing: 0.05085824755951762
  view-data: 0.47274013608694077
