times:
  edit-metadata: 0.49509130511432886
  landing: 0.038687312975525856
  view-data: 0.21251623518764973
