times:
  edit-metadata: 0.5162497297860682
  landing: 0.04165942408144474
  view-data: 0.46851618122309446
