times:
  edit-metadata: 0.517314578872174
  landing: 0.05113462312147021
  view-data: 0.3385632839053869
