times:
  edit-metadata: 0.6062204716727138
  landing: 0.0372627479955554
  view-data: 0.2021355079486966
