times:
  edit-metadata: 0.4906170731410384
  landing: 0.046430102083832026
  view-data: 0.33226443314924836
