times:
  edit-metadata: 1.7097522374242544
  landing: 0.035713592544198036
  view-data: 0.5190429706126451
