times:
  edit-metadata: 1.7852075546979904
  landing: 0.24668043106794357
  view-data: 0.42539531737565994
