times:
  edit-metadata: 1.7796241287142038
  landing: 0.16425317712128162
  view-data: 0.023957600817084312
