times:
  edit-metadata: 1.360192071646452
  landing: 0.12191294878721237
  view-data: 0.023693867027759552
