times:
  edit-metadata: 1.5018902011215687
  landing: 0.020980382338166237
  view-data: 0.12803559750318527
