times:
  edit-metadata: 1.3505947459489107
  landing: 0.13564858678728342
  view-data: 0.21728431060910225
