times:
  edit-metadata: 0.5743268439546227
  landing: 0.08669074904173613
  view-data: 0.20219335285946727
