times:
  edit-metadata: 1.4461438097059727
  landing: 0.02032727375626564
  view-data: 0.024897688999772072
