times:
  edit-metadata: 1.3678011000156403
  landing: 0.019675949588418007
  view-data: 0.027691587805747986
