times:
  edit-metadata: 0.7528315838426352
  landing: 0.08345167012885213
  view-data: 0.20917107677087188
