times:
  edit-metadata: 1.4205494411289692
  landing: 0.01938304677605629
  view-data: 0.09684166125953197
