times:
  edit-metadata: 1.5850933771580458
  landing: 0.0637396089732647
  view-data: 0.3568402249366045
