times:
  edit-metadata: 1.4370416030287743
  landing: 0.20889195054769516
  view-data: 0.1290918979793787
