times:
  edit-metadata: 1.5687698442488909
  landing: 0.17643981240689754
  view-data: 0.03299988806247711
