times:
  edit-metadata: 1.4584054555743933
  landing: 0.025358499959111214
  view-data: 0.026316776871681213
