times:
  edit-metadata: 1.6915752030909061
  landing: 0.257541049271822
  view-data: 0.4257720038294792
