times:
  edit-metadata: 1.381606724113226
  landing: 0.1247780341655016
  view-data: 0.025653325021266937
