times:
  edit-metadata: 1.500446917489171
  landing: 0.17407759092748165
  view-data: 0.026140809059143066
