times:
  edit-metadata: 1.39811272919178
  landing: 0.025053126737475395
  view-data: 0.02738499455153942
