times:
  edit-metadata: 1.5041546877473593
  landing: 0.25458507612347603
  view-data: 0.4125923942774534
