times:
  edit-metadata: 1.3891822304576635
  landing: 0.021928414702415466
  view-data: 0.026022551581263542
