times:
  edit-metadata: 0.5373058458790183
  landing: 0.10271592205390334
  view-data: 0.21467164997011423
