times:
  edit-metadata: 1.6276164874434471
  landing: 0.14806031994521618
  view-data: 0.333114517852664
