times:
  edit-metadata: 1.3948128540068865
  landing: 0.023418163880705833
  view-data: 0.025256233289837837
