times:
  edit-metadata: 1.3675864338874817
  landing: 0.2057015560567379
  view-data: 0.303408145904541
