times:
  edit-metadata: 0.692498398013413
  landing: 0.06044565420597792
  view-data: 0.28102447697892785
