times:
  edit-metadata: 1.4893604274839163
  landing: 0.01948416978120804
  view-data: 0.40145345963537693
