times:
  edit-metadata: 1.3675908390432596
  landing: 0.24404988251626492
  view-data: 0.025498203933238983
