times:
  edit-metadata: 1.5354061275720596
  landing: 0.020010944455862045
  view-data: 0.025948548689484596
