times:
  edit-metadata: 0.7028002007864416
  landing: 0.04395637381821871
  view-data: 0.20924405194818974
