times:
  edit-metadata: 1.4410446789115667
  landing: 0.021348867565393448
  view-data: 0.02467156946659088
