times:
  edit-metadata: 1.406055698171258
  landing: 0.21413560397922993
  view-data: 0.02445088140666485
