times:
  edit-metadata: 1.491789098829031
  landing: 0.022656908258795738
  view-data: 0.12325803376734257
