times:
  edit-metadata: 1.6760610863566399
  landing: 0.02026163414120674
  view-data: 0.02648543193936348
