times:
  edit-metadata: 0.527734539937228
  landing: 0.1160485977306962
  view-data: 0.2826934759505093
