times:
  edit-metadata: 0.5433821799233556
  landing: 0.061995461117476225
  view-data: 0.21200503082945943
