times:
  edit-metadata: 1.6131823938339949
  landing: 0.232057373970747
  view-data: 0.3986521828919649
