times:
  edit-metadata: 1.4994548726826906
  landing: 0.023207969963550568
  view-data: 0.02810940146446228
