times:
  edit-metadata: 0.7869837433099747
  landing: 0.06437695072963834
  view-data: 0.23997630970552564
