times:
  edit-metadata: 1.4097023587673903
  landing: 0.018679875880479813
  view-data: 0.024740882217884064
