times:
  edit-metadata: 1.4057947602123022
  landing: 0.2041823510080576
  view-data: 0.10067577846348286
