times:
  edit-metadata: 1.3965624049305916
  landing: 0.021918006241321564
  view-data: 0.024425005540251732
