times:
  edit-metadata: 1.3530531469732523
  landing: 0.020646821707487106
  view-data: 0.025502463802695274
