times:
  edit-metadata: 1.652316503226757
  landing: 0.020881762728095055
  view-data: 0.13196312077343464
