times:
  edit-metadata: 1.6184563618153334
  landing: 0.20114142075181007
  view-data: 0.3867745064198971
