times:
  edit-metadata: 1.3397674299776554
  landing: 0.26014512218534946
  view-data: 0.33645792677998543
