times:
  edit-metadata: 1.4043589644134045
  landing: 0.1461314931511879
  view-data: 0.13462796062231064
