times:
  edit-metadata: 1.527189215645194
  landing: 0.01932973973453045
  view-data: 0.026555348187685013
