times:
  edit-metadata: 1.5701877623796463
  landing: 0.18457398004829884
  view-data: 0.12865135818719864
