times:
  edit-metadata: 1.433123180642724
  landing: 0.02279481291770935
  view-data: 0.12886931747198105
