times:
  edit-metadata: 0.5566903157159686
  landing: 0.11471202597022057
  view-data: 0.21807653410360217
