times:
  edit-metadata: 1.4797783996909857
  landing: 0.1058014202862978
  view-data: 0.1365923173725605
