times:
  edit-metadata: 1.9672225397080183
  landing: 0.29998367466032505
  view-data: 0.1944286897778511
