times:
  edit-metadata: 1.583560299128294
  landing: 0.2909765765070915
  view-data: 0.3868883363902569
