times:
  edit-metadata: 2.031553241991787
  landing: 0.1763762820046395
  view-data: 0.29883221599448007
