times:
  edit-metadata: 1.4307488854974508
  landing: 0.019642336294054985
  view-data: 0.02386072650551796
