times:
  edit-metadata: 1.386801153421402
  landing: 0.01895090378820896
  view-data: 0.023812033236026764
