times:
  edit-metadata: 0.5709174778312445
  landing: 0.06298581417649984
  view-data: 0.21442412538453937
