times:
  edit-metadata: 0.5846843579784036
  landing: 0.055763863027095795
  view-data: 0.20957705797627568
