times:
  edit-metadata: 1.9326998423784971
  landing: 0.23128235153853893
  view-data: 0.3347410373389721
