times:
  edit-metadata: 1.4202967137098312
  landing: 0.021955709904432297
  view-data: 0.12963929027318954
