times:
  edit-metadata: 1.41149490326643
  landing: 0.019215328618884087
  view-data: 0.023142170161008835
