times:
  edit-metadata: 0.5554249780252576
  landing: 0.06499661598354578
  view-data: 0.20694808196276426
