times:
  edit-metadata: 1.4452304653823376
  landing: 0.01908261515200138
  view-data: 0.23211831785738468
