times:
  edit-metadata: 1.477183047682047
  landing: 0.14034267142415047
  view-data: 0.34175401739776134
