times:
  edit-metadata: 1.5121198929846287
  landing: 0.22833816148340702
  view-data: 0.3823535982519388
