times:
  edit-metadata: 1.6061045695096254
  landing: 0.2831064239144325
  view-data: 0.024903716519474983
