times:
  edit-metadata: 1.6697442941367626
  landing: 0.2690198626369238
  view-data: 0.43045490235090256
