times:
  edit-metadata: 1.8345717415213585
  landing: 0.020105667412281036
  view-data: 0.3118709046393633
