times:
  edit-metadata: 1.6024478059262037
  landing: 0.023886429145932198
  view-data: 0.02431255765259266
