times:
  edit-metadata: 1.3789494577795267
  landing: 0.14105244167149067
  view-data: 0.12931852787733078
