times:
  edit-metadata: 1.6430657971650362
  landing: 0.2658055052161217
  view-data: 0.4650493208318949
