times:
  edit-metadata: 0.5368419820442796
  landing: 0.06426391983404756
  view-data: 0.20737203489989042
