times:
  edit-metadata: 1.454038117080927
  landing: 0.21398383006453514
  view-data: 0.36157908849418163
