times:
  edit-metadata: 1.4681184701621532
  landing: 0.11796129681169987
  view-data: 0.14103680849075317
