times:
  edit-metadata: 1.3458727393299341
  landing: 0.11740866489708424
  view-data: 0.31344542093575
