times:
  edit-metadata: 1.4381902739405632
  landing: 0.021643944084644318
  view-data: 0.02590537816286087
