times:
  edit-metadata: 0.5337622635997832
  landing: 0.09132480202242732
  view-data: 0.298926489893347
