times:
  edit-metadata: 1.535995576530695
  landing: 0.04725329205393791
  view-data: 0.15368991903960705
