times:
  edit-metadata: 1.6984100956469774
  landing: 0.02626977488398552
  view-data: 0.2134334146976471
