times:
  edit-metadata: 1.3974919263273478
  landing: 0.02058134414255619
  view-data: 0.38628390431404114
