times:
  edit-metadata: 1.4344753362238407
  landing: 0.31930900923907757
  view-data: 0.3463146314024925
