times:
  edit-metadata: 1.4707150999456644
  landing: 0.019557490944862366
  view-data: 0.17478979006409645
