times:
  edit-metadata: 1.4056196603924036
  landing: 0.13876968994736671
  view-data: 0.12815791927278042
