times:
  edit-metadata: 0.5558175928890705
  landing: 0.06691940128803253
  view-data: 0.20869845617562532
