times:
  edit-metadata: 0.671339170075953
  landing: 0.05308453692123294
  view-data: 0.2698069391772151
