times:
  edit-metadata: 0.564900569152087
  landing: 0.07315000239759684
  view-data: 0.19935597898438573
