times:
  edit-metadata: 1.6327713690698147
  landing: 0.24402964860200882
  view-data: 0.43476082012057304
