times:
  edit-metadata: 1.4381687641143799
  landing: 0.020272109657526016
  view-data: 0.033686885610222816
