times:
  edit-metadata: 1.385452277958393
  landing: 0.019523868337273598
  view-data: 0.12817023880779743
