times:
  edit-metadata: 1.7500278037041426
  landing: 0.25894749350845814
  view-data: 0.5723848920315504
