times:
  edit-metadata: 1.8431841135025024
  landing: 0.2947263177484274
  view-data: 0.38464951515197754
