times:
  edit-metadata: 1.373048521578312
  landing: 0.021237172186374664
  view-data: 0.029099002480506897
