times:
  edit-metadata: 1.7874528374522924
  landing: 0.02702873945236206
  view-data: 0.30673916079103947
