times:
  edit-metadata: 1.5977091416716576
  landing: 0.12750275246798992
  view-data: 0.026611072942614555
