times:
  edit-metadata: 0.5715882130898535
  landing: 0.07050420204177499
  view-data: 0.21661648573353887
