times:
  edit-metadata: 0.575785013847053
  landing: 0.04621943086385727
  view-data: 0.22000257205218077
