times:
  edit-metadata: 0.744082978926599
  landing: 0.065571378916502
  view-data: 0.23946687998250127
