times:
  edit-metadata: 0.5754762520082295
  landing: 0.044692003168165684
  view-data: 0.20204037334769964
