times:
  edit-metadata: 1.273948859423399
  landing: 0.0223422572016716
  view-data: 0.31592804566025734
