times:
  edit-metadata: 1.464342411607504
  landing: 0.12718270905315876
  view-data: 0.14455441385507584
