times:
  edit-metadata: 1.4607844967395067
  landing: 0.021209441125392914
  view-data: 0.0232091024518013
