times:
  edit-metadata: 1.353357020765543
  landing: 0.021213559433817863
  view-data: 0.024279408156871796
