times:
  edit-metadata: 0.8317207852378488
  landing: 0.04742618789896369
  view-data: 0.2036182670854032
