times:
  edit-metadata: 1.5685854498296976
  landing: 0.02103275991976261
  view-data: 0.02570820041000843
