times:
  edit-metadata: 1.4738473389297724
  landing: 0.01982879638671875
  view-data: 0.12154923565685749
