times:
  edit-metadata: 0.5462299571372569
  landing: 0.10864769900217652
  view-data: 0.2953651864081621
