times:
  edit-metadata: 1.3671886157244444
  landing: 0.15197200886905193
  view-data: 0.02723490074276924
