times:
  edit-metadata: 1.5331028085201979
  landing: 0.27692569978535175
  view-data: 0.14529166743159294
