times:
  edit-metadata: 0.5366846588440239
  landing: 0.0706501160748303
  view-data: 0.21023768186569214
