times:
  edit-metadata: 1.7111108349636197
  landing: 0.32869560085237026
  view-data: 0.19944164156913757
