times:
  edit-metadata: 1.5536101441830397
  landing: 0.19003718346357346
  view-data: 0.18914910033345222
