times:
  edit-metadata: 1.360798891633749
  landing: 0.01995159313082695
  view-data: 0.022804979234933853
