times:
  edit-metadata: 1.3818312045186758
  landing: 0.022825753316283226
  view-data: 0.354074789211154
