times:
  edit-metadata: 1.3838581535965204
  landing: 0.021191667765378952
  view-data: 0.33095751889050007
