times:
  edit-metadata: 1.7586766947060823
  landing: 0.27792154252529144
  view-data: 0.44173426553606987
