times:
  edit-metadata: 1.2992086242884398
  landing: 0.021362151950597763
  view-data: 0.2958785202354193
