times:
  edit-metadata: 1.3559808731079102
  landing: 0.22914565540850163
  view-data: 0.023540480062365532
