times:
  edit-metadata: 1.3329480048269033
  landing: 0.02113560400903225
  view-data: 0.02322566881775856
