times:
  edit-metadata: 1.396224021911621
  landing: 0.13014332577586174
  view-data: 0.029320430010557175
