times:
  edit-metadata: 0.596942906267941
  landing: 0.06562880193814635
  view-data: 0.2903826432302594
