times:
  edit-metadata: 1.886313496157527
  landing: 0.018654314801096916
  view-data: 0.05682778358459473
