times:
  edit-metadata: 1.3821223489940166
  landing: 0.019663924351334572
  view-data: 0.2780978810042143
