times:
  edit-metadata: 1.3356695584952831
  landing: 0.020889071747660637
  view-data: 0.027237722650170326
