times:
  edit-metadata: 1.3752447795122862
  landing: 0.11652377806603909
  view-data: 0.024009859189391136
