times:
  edit-metadata: 0.5869022337719798
  landing: 0.10068033821880817
  view-data: 0.21234427392482758
