times:
  edit-metadata: 1.3461853377521038
  landing: 0.019857482984662056
  view-data: 0.027400141581892967
