times:
  edit-metadata: 1.5812449678778648
  landing: 0.020735764876008034
  view-data: 0.33571635000407696
