times:
  edit-metadata: 1.378206118941307
  landing: 0.14210634864866734
  view-data: 0.02326294220983982
