times:
  edit-metadata: 1.7321611568331718
  landing: 0.02514606900513172
  view-data: 0.1935008391737938
