times:
  edit-metadata: 1.434612961485982
  landing: 0.021599745377898216
  view-data: 0.027077767997980118
