times:
  edit-metadata: 1.3790705958381295
  landing: 0.12421743851155043
  view-data: 0.023200790397822857
