times:
  edit-metadata: 1.638050688430667
  landing: 0.24282257817685604
  view-data: 0.1478902194648981
