times:
  edit-metadata: 1.6946480497717857
  landing: 0.11618615221232176
  view-data: 0.031153731979429722
