times:
  edit-metadata: 1.4245397727936506
  landing: 0.1419660449028015
  view-data: 0.027230452746152878
