times:
  edit-metadata: 1.6866221465170383
  landing: 0.15637453459203243
  view-data: 0.030262921005487442
