times:
  edit-metadata: 2.0652736518532038
  landing: 0.2789433114230633
  view-data: 0.1878841146826744
