times:
  edit-metadata: 1.689582783728838
  landing: 0.23015527613461018
  view-data: 0.35792634077370167
