times:
  edit-metadata: 1.5960170924663544
  landing: 0.022271636873483658
  view-data: 0.468692185357213
