times:
  edit-metadata: 1.6797119174152613
  landing: 0.15200495161116123
  view-data: 0.24653506465256214
