times:
  edit-metadata: 1.6407009977847338
  landing: 0.29318632557988167
  view-data: 0.42585072852671146
