times:
  edit-metadata: 1.4149786066263914
  landing: 0.20473961904644966
  view-data: 0.3526965994387865
