times:
  edit-metadata: 0.5576727031730115
  landing: 0.083607641980052
  view-data: 0.20582769392058253
