times:
  edit-metadata: 1.3449708558619022
  landing: 0.021623875945806503
  view-data: 0.024555854499340057
