times:
  edit-metadata: 1.396595137193799
  landing: 0.1421459773555398
  view-data: 0.2821922283619642
