times:
  edit-metadata: 0.4551253169775009
  landing: 0.0520134000107646
  view-data: 0.23575275670737028
