times:
  edit-metadata: 0.43403341621160507
  landing: 0.04301233682781458
  view-data: 0.34853376587852836
