times:
  edit-metadata: 0.4678838229738176
  landing: 0.04478727001696825
  view-data: 0.3497649054042995
