times:
  edit-metadata: 0.45960813853889704
  landing: 0.04993853531777859
  view-data: 0.20804466493427753
