times:
  edit-metadata: 0.426164623349905
  landing: 0.05583423376083374
  view-data: 0.37476244661957026
