times:
  edit-metadata: 0.44517961982637644
  landing: 0.04347964283078909
  view-data: 0.47397092496976256
