times:
  edit-metadata: 0.4477724269963801
  landing: 0.03902263008058071
  view-data: 0.35058163898065686
