times:
  edit-metadata: 0.46218656562268734
  landing: 0.04978282516822219
  view-data: 0.32314129220321774
