times:
  edit-metadata: 0.4541065515950322
  landing: 0.05035392474383116
  view-data: 0.1882764007896185
