times:
  edit-metadata: 0.452294435352087
  landing: 0.044883607886731625
  view-data: 0.19180181808769703
