times:
  edit-metadata: 1.5220449939370155
  landing: 0.3705561012029648
  view-data: 0.33696199394762516
