times:
  edit-metadata: 1.298548687249422
  landing: 0.18193276226520538
  view-data: 0.12381400913000107
