times:
  edit-metadata: 1.3160631135106087
  landing: 0.021986786276102066
  view-data: 0.3619015049189329
