times:
  edit-metadata: 1.3072712421417236
  landing: 0.021139392629265785
  view-data: 0.09925125166773796
