times:
  edit-metadata: 1.3583854734897614
  landing: 0.02181955985724926
  view-data: 0.11367545276880264
