times:
  edit-metadata: 1.3883449770510197
  landing: 0.018624739721417427
  view-data: 0.022406836971640587
