times:
  edit-metadata: 0.6808441942557693
  landing: 0.0927142039872706
  view-data: 0.2863930622115731
