times:
  edit-metadata: 1.3575042877346277
  landing: 0.019116525538265705
  view-data: 0.027277563698589802
