times:
  edit-metadata: 1.3086136505007744
  landing: 0.020231742411851883
  view-data: 0.12506714649498463
