times:
  edit-metadata: 1.3129370994865894
  landing: 0.01861576922237873
  view-data: 0.024594038724899292
