times:
  edit-metadata: 1.807280169799924
  landing: 0.27362197265028954
  view-data: 0.13625029474496841
