times:
  edit-metadata: 2.3644031174480915
  landing: 0.17650956474244595
  view-data: 0.24322636611759663
