times:
  edit-metadata: 1.3815563563257456
  landing: 0.212902064435184
  view-data: 0.42031360790133476
