times:
  edit-metadata: 1.4061264041811228
  landing: 0.02185196802020073
  view-data: 0.13155405968427658
