times:
  edit-metadata: 1.2771154902875423
  landing: 0.019701997749507427
  view-data: 0.027688482776284218
