times:
  edit-metadata: 1.5868086405098438
  landing: 0.1766213160008192
  view-data: 0.15684421360492706
