times:
  edit-metadata: 0.5667263846844435
  landing: 0.15279942518100142
  view-data: 0.20508969761431217
