times:
  edit-metadata: 0.6259294538758695
  landing: 0.0731499888934195
  view-data: 0.27770302491262555
