times:
  edit-metadata: 1.3377591092139482
  landing: 0.02008019108325243
  view-data: 0.15027661994099617
