times:
  edit-metadata: 1.3597237635403872
  landing: 0.05223457328975201
  view-data: 0.026547307148575783
