times:
  edit-metadata: 1.297773426398635
  landing: 0.01932813972234726
  view-data: 0.024050364270806313
