times:
  edit-metadata: 0.5209773699752986
  landing: 0.07512058597058058
  view-data: 0.21104443911463022
