times:
  edit-metadata: 2.1422285800799727
  landing: 0.06536903604865074
  view-data: 0.17151109222322702
