times:
  edit-metadata: 1.3653277568519115
  landing: 0.14408650435507298
  view-data: 0.025565408170223236
