times:
  edit-metadata: 1.3254759851843119
  landing: 0.22409197688102722
  view-data: 0.319921163842082
