times:
  edit-metadata: 1.4342055413872004
  landing: 0.1267396342009306
  view-data: 0.45257268846035004
