times:
  edit-metadata: 1.408736191689968
  landing: 0.23391778208315372
  view-data: 0.024334708228707314
