times:
  edit-metadata: 1.3096832819283009
  landing: 0.02062361128628254
  view-data: 0.028238175436854362
