times:
  edit-metadata: 1.315771196037531
  landing: 0.018521812744438648
  view-data: 0.4049673527479172
