times:
  edit-metadata: 0.7044530981220305
  landing: 0.08196146693080664
  view-data: 0.2515873331576586
