times:
  edit-metadata: 1.4055067002773285
  landing: 0.15309629775583744
  view-data: 0.024055596441030502
