times:
  edit-metadata: 1.4194450601935387
  landing: 0.02403874695301056
  view-data: 0.10536445304751396
