times:
  edit-metadata: 1.659395331516862
  landing: 0.1465545166283846
  view-data: 0.29090618900954723
