times:
  edit-metadata: 1.3076604716479778
  landing: 0.01889214850962162
  view-data: 0.024880237877368927
