times:
  edit-metadata: 1.2817704360932112
  landing: 0.18758025392889977
  view-data: 0.025262555107474327
