times:
  edit-metadata: 1.5944312382489443
  landing: 0.14936046674847603
  view-data: 0.030030345544219017
