times:
  edit-metadata: 1.334028096869588
  landing: 0.021281274035573006
  view-data: 0.025351496413350105
