times:
  edit-metadata: 1.2859773924574256
  landing: 0.02272873930633068
  view-data: 0.09909923747181892
