times:
  edit-metadata: 1.4643459878861904
  landing: 0.021458908915519714
  view-data: 0.33533010445535183
