times:
  edit-metadata: 1.2928152456879616
  landing: 0.11789624020457268
  view-data: 0.28699469938874245
