times:
  edit-metadata: 0.49835015600547194
  landing: 0.07482459582388401
  view-data: 0.21158197429031134
