times:
  edit-metadata: 1.5457567293196917
  landing: 0.1111735887825489
  view-data: 0.2533306572586298
