times:
  edit-metadata: 1.3999747149646282
  landing: 0.14327469654381275
  view-data: 0.11689524259418249
