times:
  edit-metadata: 1.367757492698729
  landing: 0.1768716722726822
  view-data: 0.022767188027501106
