times:
  edit-metadata: 1.6660079266875982
  landing: 0.027956776320934296
  view-data: 0.43486239202320576
