times:
  edit-metadata: 0.988742362242192
  landing: 0.0478638312779367
  view-data: 0.20459707686677575
