times:
  edit-metadata: 1.2846152316778898
  landing: 0.10138619132339954
  view-data: 0.024978335946798325
