times:
  edit-metadata: 1.3155687488615513
  landing: 0.021248474717140198
  view-data: 0.02744501270353794
