times:
  edit-metadata: 0.4892328968271613
  landing: 0.059903023298829794
  view-data: 0.2130783968605101
