times:
  edit-metadata: 1.385514860972762
  landing: 0.021222740411758423
  view-data: 0.12742744199931622
