times:
  edit-metadata: 1.5208759400993586
  landing: 0.021451540291309357
  view-data: 0.33557440526783466
