times:
  edit-metadata: 0.4907651599496603
  landing: 0.06711279507726431
  view-data: 0.21253426186740398
