times:
  edit-metadata: 1.5438047517091036
  landing: 0.25163507275283337
  view-data: 0.3203158862888813
