times:
  edit-metadata: 2.1281821420416236
  landing: 0.02367463707923889
  view-data: 0.1735592009499669
