times:
  edit-metadata: 1.3777533937245607
  landing: 0.020672814920544624
  view-data: 0.025303754955530167
