times:
  edit-metadata: 1.4801960084587336
  landing: 0.01989947445690632
  view-data: 0.024512838572263718
