times:
  edit-metadata: 1.512523589655757
  landing: 0.2609147075563669
  view-data: 0.0251939557492733
