times:
  edit-metadata: 1.3646430261433125
  landing: 0.022358978167176247
  view-data: 0.025879723951220512
