times:
  edit-metadata: 1.3690569121390581
  landing: 0.19156106747686863
  view-data: 0.027591178193688393
