times:
  edit-metadata: 1.4151466060429811
  landing: 0.14184295572340488
  view-data: 0.5077183283865452
