times:
  edit-metadata: 0.5262686600908637
  landing: 0.060099597088992596
  view-data: 0.22666813898831606
