times:
  edit-metadata: 1.5007516276091337
  landing: 0.019941875711083412
  view-data: 0.16293226182460785
