times:
  edit-metadata: 1.5611043833196163
  landing: 0.025261472910642624
  view-data: 0.14071001671254635
