times:
  edit-metadata: 1.3707206724211574
  landing: 0.020441748201847076
  view-data: 0.48198993410915136
