times:
  edit-metadata: 1.2798385797068477
  landing: 0.12389492057263851
  view-data: 0.027653888799250126
