times:
  edit-metadata: 1.498028079047799
  landing: 0.02130044996738434
  view-data: 0.36860831640660763
