times:
  edit-metadata: 1.8267430923879147
  landing: 0.25743940472602844
  view-data: 0.30961476638913155
