times:
  edit-metadata: 1.4462949195876718
  landing: 0.018693373538553715
  view-data: 0.02652634959667921
