times:
  edit-metadata: 1.7114791590720415
  landing: 0.2497309073805809
  view-data: 0.02463526651263237
