times:
  edit-metadata: 1.380232784897089
  landing: 0.02348715253174305
  view-data: 0.026058528572320938
