times:
  edit-metadata: 0.506734455935657
  landing: 0.08111011469736695
  view-data: 0.2119217528961599
