times:
  edit-metadata: 1.4715046416968107
  landing: 0.20925775170326233
  view-data: 0.3102801889181137
