times:
  edit-metadata: 1.6083451937884092
  landing: 0.02125289849936962
  view-data: 0.02394353784620762
