times:
  edit-metadata: 1.3820224180817604
  landing: 0.2060239426791668
  view-data: 0.023982888087630272
