times:
  edit-metadata: 1.7911777198314667
  landing: 0.375744242221117
  view-data: 0.16143159940838814
