times:
  edit-metadata: 1.3496991861611605
  landing: 0.18207281455397606
  view-data: 0.02673238515853882
