times:
  edit-metadata: 1.3032340202480555
  landing: 0.023492000997066498
  view-data: 0.29972405172884464
