times:
  edit-metadata: 1.3459227066487074
  landing: 0.018322549760341644
  view-data: 0.38581592589616776
