times:
  edit-metadata: 0.4990278370678425
  landing: 0.1278221462853253
  view-data: 0.29430018411949277
