times:
  edit-metadata: 0.7229172401130199
  landing: 0.06668351916596293
  view-data: 0.21151207527145743
