times:
  edit-metadata: 0.5830016299150884
  landing: 0.0698812659829855
  view-data: 0.22086337115615606
