times:
  edit-metadata: 1.3134353961795568
  landing: 0.023347118869423866
  view-data: 0.027365516871213913
