times:
  edit-metadata: 1.4707611873745918
  landing: 0.15375066921114922
  view-data: 0.37216013483703136
