times:
  edit-metadata: 1.4591959547251463
  landing: 0.021204113960266113
  view-data: 0.2162393517792225
