times:
  edit-metadata: 1.3766112681478262
  landing: 0.1766408160328865
  view-data: 0.37694052793085575
