times:
  edit-metadata: 1.3100417163223028
  landing: 0.01882053166627884
  view-data: 0.02444152534008026
