times:
  edit-metadata: 0.5178074510768056
  landing: 0.13505133613944054
  view-data: 0.27006072690710425
