times:
  edit-metadata: 1.3381498120725155
  landing: 0.02045278809964657
  view-data: 0.1520172283053398
