times:
  edit-metadata: 1.3654099963605404
  landing: 0.12386392802000046
  view-data: 0.12893944419920444
