times:
  edit-metadata: 1.3784100152552128
  landing: 0.019905688241124153
  view-data: 0.29867273196578026
