times:
  edit-metadata: 1.4032433312386274
  landing: 0.022316576912999153
  view-data: 0.31538054160773754
