times:
  edit-metadata: 1.3894217889755964
  landing: 0.02156198024749756
  view-data: 0.1323042679578066
