times:
  edit-metadata: 1.3968337383121252
  landing: 0.13914689980447292
  view-data: 0.4024142809212208
