times:
  edit-metadata: 0.7002229620702565
  landing: 0.05096242390573025
  view-data: 0.2056659171357751
