times:
  edit-metadata: 0.582813770044595
  landing: 0.08409284567460418
  view-data: 0.3563936371356249
