times:
  edit-metadata: 1.4052268117666245
  landing: 0.018829183652997017
  view-data: 0.024459557607769966
