times:
  edit-metadata: 1.79934985563159
  landing: 0.3099679872393608
  view-data: 0.3885971028357744
