times:
  edit-metadata: 0.5680490150116384
  landing: 0.04894028976559639
  view-data: 0.2789234830997884
