times:
  edit-metadata: 0.7979587810114026
  landing: 0.08777012676000595
  view-data: 0.27436848636716604
