times:
  edit-metadata: 1.3388292798772454
  landing: 0.18316769786179066
  view-data: 1.0472946129739285
