times:
  edit-metadata: 1.3061299975961447
  landing: 0.021159321069717407
  view-data: 0.02518710494041443
