times:
  edit-metadata: 1.3628245033323765
  landing: 0.021767769008874893
  view-data: 0.4500189255923033
