times:
  edit-metadata: 0.49941909592598677
  landing: 0.06554967304691672
  view-data: 0.22995356936007738
