times:
  edit-metadata: 1.4979300200939178
  landing: 0.16716139763593674
  view-data: 0.1660895049571991
