times:
  edit-metadata: 0.4815668389201164
  landing: 0.06488276598975062
  view-data: 0.21996084274724126
