times:
  edit-metadata: 0.5493934499099851
  landing: 0.19510504696518183
  view-data: 0.33656729478389025
