times:
  edit-metadata: 1.5379558261483908
  landing: 0.2591393180191517
  view-data: 0.5408026427030563
