times:
  edit-metadata: 1.6108294147998095
  landing: 0.25675530172884464
  view-data: 0.025583254173398018
