times:
  edit-metadata: 1.458176958374679
  landing: 0.20610459987074137
  view-data: 0.33464024122804403
