times:
  edit-metadata: 1.5405952129513025
  landing: 0.021654805168509483
  view-data: 0.5565447267144918
