times:
  edit-metadata: 0.513808093033731
  landing: 0.07332836091518402
  view-data: 0.22114569833502173
