times:
  edit-metadata: 1.4328467901796103
  landing: 0.13623436354100704
  view-data: 0.02723468467593193
