times:
  edit-metadata: 1.3515244405716658
  landing: 0.19382929243147373
  view-data: 0.02226206101477146
