times:
  edit-metadata: 1.2614782359451056
  landing: 0.02674750331789255
  view-data: 0.23279752489179373
