times:
  edit-metadata: 1.2745072096586227
  landing: 0.018762982450425625
  view-data: 0.024202981032431126
