times:
  edit-metadata: 1.4964176192879677
  landing: 0.2171837631613016
  view-data: 0.16636710427701473
