times:
  edit-metadata: 1.6090017557144165
  landing: 0.1617620438337326
  view-data: 0.35003819689154625
