times:
  edit-metadata: 1.870303139090538
  landing: 0.2450195588171482
  view-data: 0.18188300542533398
