times:
  edit-metadata: 1.42618428170681
  landing: 0.02172592282295227
  view-data: 0.025944024324417114
