times:
  edit-metadata: 1.4834613222628832
  landing: 0.17345011979341507
  view-data: 0.13886087201535702
