times:
  edit-metadata: 1.2935832096263766
  landing: 0.11649151984602213
  view-data: 0.12149351835250854
