times:
  edit-metadata: 1.3546410351991653
  landing: 0.19137042760849
  view-data: 0.12572538293898106
