times:
  edit-metadata: 1.3180620055645704
  landing: 0.09730633348226547
  view-data: 0.3144843699410558
