times:
  edit-metadata: 0.5680227503180504
  landing: 0.09116758173331618
  view-data: 0.28812117502093315
