times:
  edit-metadata: 1.6714416462928057
  landing: 0.031821586191654205
  view-data: 0.376025153324008
