times:
  edit-metadata: 1.3943665493279696
  landing: 0.022127024829387665
  view-data: 0.02718932367861271
