times:
  edit-metadata: 1.7165809832513332
  landing: 0.3368205204606056
  view-data: 0.031302619725465775
