times:
  edit-metadata: 1.3613891024142504
  landing: 0.02065841667354107
  view-data: 0.027350645512342453
