times:
  edit-metadata: 1.3568407502025366
  landing: 0.021569130942225456
  view-data: 0.025988293811678886
