times:
  edit-metadata: 1.6479293815791607
  landing: 0.27705457247793674
  view-data: 0.5055058933794498
