times:
  edit-metadata: 1.3729904815554619
  landing: 0.15517213568091393
  view-data: 0.02287530153989792
