times:
  edit-metadata: 1.3392515182495117
  landing: 0.04639520589262247
  view-data: 0.02996092662215233
