times:
  edit-metadata: 0.4906660560518503
  landing: 0.06354629807174206
  view-data: 0.20613233605399728
