times:
  edit-metadata: 1.3569156806915998
  landing: 0.14813023060560226
  view-data: 0.12833652459084988
