times:
  edit-metadata: 1.301171775907278
  landing: 0.14793003350496292
  view-data: 0.02614080347120762
