times:
  edit-metadata: 1.2910625748336315
  landing: 0.12846520729362965
  view-data: 0.2714508567005396
