times:
  edit-metadata: 1.776862520724535
  landing: 0.26727475970983505
  view-data: 0.14575539156794548
