times:
  edit-metadata: 1.3752276673913002
  landing: 0.1446634829044342
  view-data: 0.02632184326648712
