times:
  edit-metadata: 1.399625688791275
  landing: 0.018470704555511475
  view-data: 0.027241496369242668
