times:
  edit-metadata: 1.5817144494503736
  landing: 0.22480177134275436
  view-data: 0.3021143786609173
