times:
  edit-metadata: 1.3339719027280807
  landing: 0.020418142899870872
  view-data: 0.026578804478049278
