times:
  edit-metadata: 1.4514016658067703
  landing: 0.13191303797066212
  view-data: 0.14237410761415958
