times:
  edit-metadata: 1.3419172940775752
  landing: 0.019462128169834614
  view-data: 0.19644291885197163
