times:
  edit-metadata: 1.3220218578353524
  landing: 0.14361851569265127
  view-data: 0.027752285823225975
