times:
  edit-metadata: 1.2713033203035593
  landing: 0.01826288178563118
  view-data: 0.4153789998963475
