times:
  edit-metadata: 1.3704391410574317
  landing: 0.01798312459141016
  view-data: 0.20573646668344736
