times:
  edit-metadata: 1.3268456310033798
  landing: 0.021506961435079575
  view-data: 0.026136834174394608
