times:
  edit-metadata: 1.4029723294079304
  landing: 0.25611613504588604
  view-data: 0.027550172060728073
