times:
  edit-metadata: 1.6570678539574146
  landing: 0.16703171096742153
  view-data: 0.16111664846539497
