times:
  edit-metadata: 1.6291218101978302
  landing: 0.2661888264119625
  view-data: 0.337809219956398
