times:
  edit-metadata: 1.4906777730211616
  landing: 0.24111468065530062
  view-data: 0.322993197478354
