times:
  edit-metadata: 1.451108980923891
  landing: 0.024883940815925598
  view-data: 0.15660792589187622
