times:
  edit-metadata: 1.3758561173453927
  landing: 0.19276100117713213
  view-data: 0.13323146663606167
