times:
  edit-metadata: 0.48684658808633685
  landing: 0.06264485791325569
  view-data: 0.21297515695914626
