times:
  edit-metadata: 0.6482945699244738
  landing: 0.12801524112001061
  view-data: 0.2802800917997956
