times:
  edit-metadata: 1.327074870467186
  landing: 0.020651452243328094
  view-data: 0.026820603758096695
