times:
  edit-metadata: 1.357062904164195
  landing: 0.018789582885801792
  view-data: 0.024977526627480984
