times:
  edit-metadata: 1.2777549279853702
  landing: 0.02154240757226944
  view-data: 0.02845681644976139
