times:
  edit-metadata: 1.3068396169692278
  landing: 0.19614851474761963
  view-data: 0.026764754205942154
