times:
  edit-metadata: 1.3355696145445108
  landing: 0.01904720813035965
  view-data: 0.029521096497774124
