times:
  edit-metadata: 1.329137308523059
  landing: 0.020550141111016273
  view-data: 0.025343405082821846
