times:
  edit-metadata: 1.382548145018518
  landing: 0.018887877464294434
  view-data: 0.37271015252918005
