times:
  edit-metadata: 1.6505013033747673
  landing: 0.277299115434289
  view-data: 0.3220533188432455
