times:
  edit-metadata: 1.3752280790358782
  landing: 0.021828027442097664
  view-data: 0.1219237670302391
