times:
  edit-metadata: 1.6904294323176146
  landing: 0.2933413218706846
  view-data: 0.2947338651865721
