times:
  edit-metadata: 1.4768415205180645
  landing: 0.20083783380687237
  view-data: 0.4308041650801897
