times:
  edit-metadata: 1.4037413820624352
  landing: 0.018805954605340958
  view-data: 0.025515172630548477
