times:
  edit-metadata: 0.43240728694945574
  landing: 0.04433502722531557
  view-data: 0.21043693274259567
