times:
  edit-metadata: 0.46454430744051933
  landing: 0.043489658273756504
  view-data: 0.20041799638420343
