times:
  edit-metadata: 0.4497377369552851
  landing: 0.04103614389896393
  view-data: 0.3330725124105811
