times:
  edit-metadata: 0.45095715299248695
  landing: 0.049339757300913334
  view-data: 0.3399843955412507
