times:
  edit-metadata: 0.4517059945501387
  landing: 0.04326631082221866
  view-data: 0.1999585903249681
