times:
  edit-metadata: 0.44563229009509087
  landing: 0.04036558512598276
  view-data: 0.19695211108773947
