times:
  edit-metadata: 0.44870443269610405
  landing: 0.04980422183871269
  view-data: 0.2115725176408887
