times:
  edit-metadata: 0.43842428736388683
  landing: 0.04709621798247099
  view-data: 0.23235604539513588
