times:
  edit-metadata: 0.43531842064112425
  landing: 0.047445341013371944
  view-data: 0.2098473785445094
