times:
  edit-metadata: 0.4153888104483485
  landing: 0.04634619131684303
  view-data: 0.3320943797007203
