times:
  edit-metadata: 1.777638304978609
  landing: 0.05241517536342144
  view-data: 0.37565188482403755
