times:
  edit-metadata: 0.6345583219081163
  landing: 0.07444215705618262
  view-data: 0.21774289570748806
