times:
  edit-metadata: 0.8056277860887349
  landing: 0.12311456818133593
  view-data: 0.32080949377268553
