times:
  edit-metadata: 0.9559382582083344
  landing: 0.0891526360064745
  view-data: 0.32010618317872286
