times:
  edit-metadata: 0.6614161389879882
  landing: 0.0462037050165236
  view-data: 0.23038553819060326
