times:
  edit-metadata: 0.8893159809522331
  landing: 0.091055354103446
  view-data: 0.21754934079945087
