times:
  edit-metadata: 0.7422199877910316
  landing: 0.08777705393731594
  view-data: 0.21360642602667212
