times:
  edit-metadata: 1.8712085485458374
  landing: 0.13037777319550514
  view-data: 0.4114587362855673
