times:
  edit-metadata: 2.275205325335264
  landing: 0.24869311787188053
  view-data: 0.1355638336390257
