times:
  edit-metadata: 0.6083703353069723
  landing: 0.13837785506621003
  view-data: 0.3164897742681205
