times:
  edit-metadata: 0.9113161349669099
  landing: 0.047499492298811674
  view-data: 0.32527089305222034
