times:
  edit-metadata: 0.6769648380577564
  landing: 0.046446558088064194
  view-data: 0.28784893080592155
