times:
  edit-metadata: 0.6644022311083972
  landing: 0.12349759927019477
  view-data: 0.21919746790081263
