times:
  edit-metadata: 0.8745783311314881
  landing: 0.15517463302239776
  view-data: 0.2413675650022924
