times:
  edit-metadata: 0.637246344704181
  landing: 0.07135175308212638
  view-data: 0.21257038926705718
