times:
  edit-metadata: 0.6154011688195169
  landing: 0.07746444595977664
  view-data: 0.22861454263329506
