times:
  edit-metadata: 0.9988599559292197
  landing: 0.043583895079791546
  view-data: 0.2804606640711427
