times:
  edit-metadata: 0.6781021039932966
  landing: 0.044771218206733465
  view-data: 0.2156236032024026
