times:
  edit-metadata: 1.028314313851297
  landing: 0.06930267019197345
  view-data: 0.2237635012716055
