times:
  edit-metadata: 0.6981380670331419
  landing: 0.03873467305675149
  view-data: 0.21081215888261795
