times:
  edit-metadata: 0.7338252649642527
  landing: 0.15626468695700169
  view-data: 0.22833023313432932
