times:
  edit-metadata: 0.9166926881298423
  landing: 0.05889425426721573
  view-data: 0.22626043809577823
