times:
  edit-metadata: 0.6838293257169425
  landing: 0.18645907286554575
  view-data: 0.21920982282608747
