times:
  edit-metadata: 0.695166049990803
  landing: 0.0485534081235528
  view-data: 0.2226293357089162
