times:
  edit-metadata: 0.8450991320423782
  landing: 0.06846716580912471
  view-data: 0.27343025896698236
