times:
  edit-metadata: 0.6182110109366477
  landing: 0.08661973290145397
  view-data: 0.23693737015128136
