times:
  edit-metadata: 0.9586795191280544
  landing: 0.17377135204151273
  view-data: 0.21714327530935407
