times:
  edit-metadata: 0.6145288147963583
  landing: 0.07925757998600602
  view-data: 0.2221347400918603
