times:
  edit-metadata: 1.8043792955577374
  landing: 0.28603789024055004
  view-data: 0.3616853281855583
