times:
  edit-metadata: 0.9687323812395334
  landing: 0.0674494500271976
  view-data: 0.3058505333028734
