times:
  edit-metadata: 0.6306959888897836
  landing: 0.06792614702135324
  view-data: 0.21572511084377766
