times:
  edit-metadata: 1.3014348791912198
  landing: 0.024645906873047352
  view-data: 0.025722927413880825
