times:
  edit-metadata: 0.4939195364713669
  landing: 0.04678672458976507
  view-data: 0.19575931783765554
