times:
  edit-metadata: 0.4764105360955
  landing: 0.050794290378689766
  view-data: 0.21765610296279192
