times:
  edit-metadata: 0.5310138077475131
  landing: 0.05731450766324997
  view-data: 0.2116690818220377
