times:
  edit-metadata: 1.549541411921382
  landing: 0.20975329913198948
  view-data: 0.29477572441101074
