times:
  edit-metadata: 1.3223630907014012
  landing: 0.02122760470956564
  view-data: 0.0257551446557045
