times:
  edit-metadata: 1.3703774465247989
  landing: 0.30678634252399206
  view-data: 0.19759108778089285
