times:
  edit-metadata: 1.3188482951372862
  landing: 0.12174375634640455
  view-data: 0.12507969327270985
