times:
  edit-metadata: 1.415365626104176
  landing: 0.021113375201821327
  view-data: 0.4129222007468343
