times:
  edit-metadata: 1.3094724398106337
  landing: 0.1956635694950819
  view-data: 0.09774345811456442
