times:
  edit-metadata: 1.3938414547592402
  landing: 0.023858489468693733
  view-data: 0.026762524619698524
