times:
  edit-metadata: 1.374251775443554
  landing: 0.019931119866669178
  view-data: 0.026617943309247494
