times:
  edit-metadata: 0.4886198751628399
  landing: 0.04083339497447014
  view-data: 0.21406401321291924
