times:
  edit-metadata: 1.3359064981341362
  landing: 0.022078394889831543
  view-data: 0.025861132889986038
