times:
  edit-metadata: 1.3059019474312663
  landing: 0.1358380476012826
  view-data: 0.19692078884691
