times:
  edit-metadata: 0.5260208332911134
  landing: 0.0614356929436326
  view-data: 0.21496695606037974
