times:
  edit-metadata: 1.3812355734407902
  landing: 0.02150299772620201
  view-data: 0.34304509311914444
