times:
  edit-metadata: 0.5052850376814604
  landing: 0.04366551199927926
  view-data: 0.33091139094904065
