times:
  edit-metadata: 1.5593200493603945
  landing: 0.2543426835909486
  view-data: 0.15166909899562597
