times:
  edit-metadata: 1.2780787581577897
  landing: 0.02141329739242792
  view-data: 0.028617246076464653
