times:
  edit-metadata: 0.7218811055645347
  landing: 0.055579204112291336
  view-data: 0.3160365717485547
