times:
  edit-metadata: 1.3947864919900894
  landing: 0.01980421505868435
  view-data: 0.2453644759953022
