times:
  edit-metadata: 0.5582549907267094
  landing: 0.11763697257265449
  view-data: 0.21296634804457426
