times:
  edit-metadata: 1.305769020691514
  landing: 0.018929630517959595
  view-data: 0.09921741299331188
