times:
  edit-metadata: 0.47586607467383146
  landing: 0.046303125098347664
  view-data: 0.33676518872380257
