times:
  edit-metadata: 1.390030355192721
  landing: 0.021061034873127937
  view-data: 0.4511631140485406
