times:
  edit-metadata: 1.4894768744707108
  landing: 0.05166058428585529
  view-data: 0.3619176372885704
