times:
  edit-metadata: 1.4875588193535805
  landing: 0.020607560873031616
  view-data: 0.29830584302544594
