times:
  edit-metadata: 1.6854875665158033
  landing: 0.15842293202877045
  view-data: 0.024806270375847816
