times:
  edit-metadata: 1.3208409706130624
  landing: 0.020716343075037003
  view-data: 0.12272868305444717
