times:
  edit-metadata: 1.3823193944990635
  landing: 0.020349301397800446
  view-data: 0.02405776083469391
