times:
  edit-metadata: 0.5807469021528959
  landing: 0.04507287498563528
  view-data: 0.2634555450640619
