times:
  edit-metadata: 1.3522877283394337
  landing: 0.2002402562648058
  view-data: 0.4567655250430107
