times:
  edit-metadata: 1.2917350642383099
  landing: 0.022390315309166908
  view-data: 0.022779736667871475
