times:
  edit-metadata: 1.3290710784494877
  landing: 0.023725105449557304
  view-data: 0.026997247710824013
