times:
  edit-metadata: 1.8874010052531958
  landing: 0.21966735273599625
  view-data: 0.37525281868875027
