times:
  edit-metadata: 1.397382590919733
  landing: 0.022803532890975475
  view-data: 0.3420234825462103
