times:
  edit-metadata: 1.3266612403094769
  landing: 0.022963231429457664
  view-data: 0.02538735792040825
