times:
  edit-metadata: 1.334283746778965
  landing: 0.020572351291775703
  view-data: 0.024676214903593063
