times:
  edit-metadata: 1.3498897049576044
  landing: 0.022244524210691452
  view-data: 0.35396964102983475
