times:
  edit-metadata: 1.3451947178691626
  landing: 0.18314259871840477
  view-data: 0.097769346088171
