times:
  edit-metadata: 0.4791360814124346
  landing: 0.040922620333731174
  view-data: 0.33849733136594296
