times:
  edit-metadata: 1.4016277063637972
  landing: 0.019494705833494663
  view-data: 0.02586216200143099
