times:
  edit-metadata: 1.3834042754024267
  landing: 0.02017100527882576
  view-data: 0.023432759568095207
