times:
  edit-metadata: 0.47663374431431293
  landing: 0.041198067367076874
  view-data: 0.33710888773202896
