times:
  edit-metadata: 1.3467091135680676
  landing: 0.02356680855154991
  view-data: 0.02782163769006729
