times:
  edit-metadata: 1.331438702531159
  landing: 0.022187293507158756
  view-data: 0.10448935255408287
