times:
  edit-metadata: 1.3144794506952167
  landing: 0.022893106564879417
  view-data: 0.12458807323127985
