times:
  edit-metadata: 1.3653351292014122
  landing: 0.22091201599687338
  view-data: 0.10045707877725363
