times:
  edit-metadata: 1.3138289703056216
  landing: 0.021794281899929047
  view-data: 0.024602155201137066
