times:
  edit-metadata: 0.4794070525094867
  landing: 0.04670150764286518
  view-data: 0.19715766049921513
