times:
  edit-metadata: 1.3558547627180815
  landing: 0.21116545051336288
  view-data: 0.027003061957657337
