times:
  edit-metadata: 0.5729625839740038
  landing: 0.13723165215924382
  view-data: 0.21107746986672282
