times:
  edit-metadata: 1.3240475859493017
  landing: 0.021765604615211487
  view-data: 0.0284712677821517
