times:
  edit-metadata: 1.3621001150459051
  landing: 0.021122287958860397
  view-data: 0.1913725035265088
