times:
  edit-metadata: 0.5586183969862759
  landing: 0.116722681093961
  view-data: 0.21555165806785226
