times:
  edit-metadata: 1.5610675141215324
  landing: 0.2562462408095598
  view-data: 0.05245404690504074
