times:
  edit-metadata: 0.4725518645718694
  landing: 0.047662751749157906
  view-data: 0.4822911061346531
