times:
  edit-metadata: 1.3079047380015254
  landing: 0.022115441970527172
  view-data: 0.026250739581882954
