times:
  edit-metadata: 1.3375801723450422
  landing: 0.020811833441257477
  view-data: 0.02469596639275551
