times:
  edit-metadata: 0.47615724988281727
  landing: 0.0450438242405653
  view-data: 0.2068038983270526
