times:
  edit-metadata: 1.6084810849279165
  landing: 0.19314908236265182
  view-data: 0.14465857297182083
