times:
  edit-metadata: 0.505518380086869
  landing: 0.10115906782448292
  view-data: 0.34289688570424914
