times:
  edit-metadata: 1.6984304245561361
  landing: 0.33927621878683567
  view-data: 0.3674077782779932
