times:
  edit-metadata: 0.8811834380030632
  landing: 0.06267694011330605
  view-data: 0.2018332160077989
