times:
  edit-metadata: 0.5223813592456281
  landing: 0.06074219010770321
  view-data: 0.3072120873257518
