times:
  edit-metadata: 1.3113801050931215
  landing: 0.02088947966694832
  view-data: 0.023814735002815723
