times:
  edit-metadata: 1.3873109789565206
  landing: 0.12731485534459352
  view-data: 0.023305020295083523
