times:
  edit-metadata: 1.3097083764150739
  landing: 0.02000818494707346
  view-data: 0.02399055752903223
