times:
  edit-metadata: 1.3972922433167696
  landing: 0.11641626246273518
  view-data: 0.02389530837535858
