times:
  edit-metadata: 1.3561223484575748
  landing: 0.02177436649799347
  view-data: 0.025523574091494083
