times:
  edit-metadata: 1.3773707188665867
  landing: 0.019698157906532288
  view-data: 0.025289762765169144
