times:
  edit-metadata: 1.8521516658365726
  landing: 0.21478006429970264
  view-data: 0.4137752391397953
