times:
  edit-metadata: 1.3740892009809613
  landing: 0.02143913507461548
  view-data: 0.02747888956218958
