times:
  edit-metadata: 0.5011761467903852
  landing: 0.039542785845696926
  view-data: 0.20543815195560455
