times:
  edit-metadata: 1.7168415561318398
  landing: 0.020773127675056458
  view-data: 0.027563229203224182
