times:
  edit-metadata: 1.4068799875676632
  landing: 0.018529079854488373
  view-data: 0.11879395507276058
