times:
  edit-metadata: 1.3781561255455017
  landing: 0.2909066155552864
  view-data: 0.1411704532802105
