times:
  edit-metadata: 1.3513916488736868
  landing: 0.01880381815135479
  view-data: 0.09647461585700512
