times:
  edit-metadata: 1.5830221250653267
  landing: 0.18524437583982944
  view-data: 0.35870120860636234
