times:
  edit-metadata: 1.390099635347724
  landing: 0.13940099626779556
  view-data: 0.028581250458955765
