times:
  edit-metadata: 1.4086453337222338
  landing: 0.16342692449688911
  view-data: 0.02962213195860386
