times:
  edit-metadata: 1.2981633488088846
  landing: 0.021909242495894432
  view-data: 0.1239431630820036
