times:
  edit-metadata: 0.48103341553360224
  landing: 0.047619602642953396
  view-data: 0.20657011587172747
