times:
  edit-metadata: 1.3029848812147975
  landing: 0.022658233530819416
  view-data: 0.026059349067509174
