times:
  edit-metadata: 0.6959344148635864
  landing: 0.0696061160415411
  view-data: 0.21209511114284396
