times:
  edit-metadata: 1.362063336186111
  landing: 0.020434758625924587
  view-data: 0.024441764689981937
