times:
  edit-metadata: 1.3016837369650602
  landing: 0.020284853875637054
  view-data: 0.23227276653051376
