times:
  edit-metadata: 0.5346676809713244
  landing: 0.06522308429703116
  view-data: 0.2223496767692268
