times:
  edit-metadata: 1.2997967693954706
  landing: 0.2233827719464898
  view-data: 0.1206052852794528
