times:
  edit-metadata: 1.434577813372016
  landing: 0.02258140780031681
  view-data: 0.419838628731668
