times:
  edit-metadata: 1.4320531729608774
  landing: 0.11774264555424452
  view-data: 0.02467278577387333
