times:
  edit-metadata: 1.3715783935040236
  landing: 0.2369669545441866
  view-data: 0.31823056749999523
