times:
  edit-metadata: 1.3907288638874888
  landing: 0.13949607498943806
  view-data: 0.13480614125728607
