times:
  edit-metadata: 1.520241491496563
  landing: 0.17966632172465324
  view-data: 0.35919097252190113
