times:
  edit-metadata: 1.3346025152131915
  landing: 0.021942990832030773
  view-data: 0.029657159000635147
