times:
  edit-metadata: 1.32163006067276
  landing: 0.02082864474505186
  view-data: 0.025305124931037426
