times:
  edit-metadata: 0.5254247821867466
  landing: 0.056128411553800106
  view-data: 0.21343994978815317
