times:
  edit-metadata: 1.42989463172853
  landing: 0.14511913992464542
  view-data: 0.32619666308164597
