times:
  edit-metadata: 1.2897914201021194
  landing: 0.13470653351396322
  view-data: 0.026567772030830383
