times:
  edit-metadata: 1.3749278439208865
  landing: 0.020217154175043106
  view-data: 0.22460678406059742
