times:
  edit-metadata: 0.46937717217952013
  landing: 0.04419947322458029
  view-data: 0.43344931676983833
