times:
  edit-metadata: 1.9804157000035048
  landing: 0.2561159934848547
  view-data: 0.4100961219519377
