times:
  edit-metadata: 1.284673050045967
  landing: 0.02077984530478716
  view-data: 0.031530044041574
