times:
  edit-metadata: 0.5129054002463818
  landing: 0.119658213108778
  view-data: 0.29622839903458953
