times:
  edit-metadata: 1.779494826681912
  landing: 0.1760700736194849
  view-data: 0.1837163008749485
