times:
  edit-metadata: 1.3974466305226088
  landing: 0.02045560162514448
  view-data: 0.025952291674911976
