times:
  edit-metadata: 1.6882980689406395
  landing: 0.23989937081933022
  view-data: 0.3402828983962536
