times:
  edit-metadata: 1.4796933196485043
  landing: 0.21120795235037804
  view-data: 0.025622759014368057
