times:
  edit-metadata: 0.469488057307899
  landing: 0.04968838952481747
  view-data: 0.19654597621411085
