times:
  edit-metadata: 1.4954753704369068
  landing: 0.135670879855752
  view-data: 0.30558255687355995
