times:
  edit-metadata: 0.5027179149910808
  landing: 0.06830938206985593
  view-data: 0.22001648508012295
