times:
  edit-metadata: 0.4957054452970624
  landing: 0.05022136680781841
  view-data: 0.20448741037398577
