times:
  edit-metadata: 1.37574727460742
  landing: 0.020666024647653103
  view-data: 0.02791587170213461
