times:
  edit-metadata: 1.7969559635967016
  landing: 0.027005691081285477
  view-data: 0.4944817926734686
