times:
  edit-metadata: 1.420472702011466
  landing: 0.04477732256054878
  view-data: 0.13833774998784065
