times:
  edit-metadata: 1.3646912910044193
  landing: 0.14126988966017962
  view-data: 0.2339231362566352
