times:
  edit-metadata: 1.2964419070631266
  landing: 0.2227194644510746
  view-data: 0.0228575412184
