times:
  edit-metadata: 0.4908203464001417
  landing: 0.04500834457576275
  view-data: 0.20106360595673323
