times:
  edit-metadata: 1.3895040936768055
  landing: 0.19586637429893017
  view-data: 0.025514259934425354
