times:
  edit-metadata: 1.3306994810700417
  landing: 0.020578620955348015
  view-data: 0.026677928864955902
