times:
  edit-metadata: 0.536610210314393
  landing: 0.07107177702710032
  view-data: 0.3632282465696335
