times:
  edit-metadata: 1.3757276628166437
  landing: 0.1446283981204033
  view-data: 0.1267725434154272
