times:
  edit-metadata: 1.3614517040550709
  landing: 0.01884935051202774
  view-data: 0.3393544740974903
