times:
  edit-metadata: 1.446166479960084
  landing: 0.19677718542516232
  view-data: 0.02484363317489624
