times:
  edit-metadata: 1.3704599905759096
  landing: 0.02266488689929247
  view-data: 0.10304700117558241
