times:
  edit-metadata: 1.3528939802199602
  landing: 0.019277263432741165
  view-data: 0.028921406716108322
