times:
  edit-metadata: 1.4091248353943229
  landing: 0.12466857954859734
  view-data: 0.12205347418785095
