times:
  edit-metadata: 2.1693851575255394
  landing: 0.18315181322395802
  view-data: 0.4131318088620901
