times:
  edit-metadata: 0.5008712327107787
  landing: 0.04800237249583006
  view-data: 0.20671058539301157
