times:
  edit-metadata: 1.3296601586043835
  landing: 0.21460364386439323
  view-data: 0.027584437280893326
