times:
  edit-metadata: 0.49228401388973
  landing: 0.04873844515532255
  view-data: 0.3276728130877018
