times:
  edit-metadata: 0.48018260672688484
  landing: 0.04803192988038063
  view-data: 0.3276223549619317
