times:
  edit-metadata: 1.3819500487297773
  landing: 0.020128555595874786
  view-data: 0.030573883093893528
