times:
  edit-metadata: 1.3353680912405252
  landing: 0.02209480293095112
  view-data: 0.024759355932474136
