times:
  edit-metadata: 1.4841696470975876
  landing: 0.1246993187814951
  view-data: 0.31445472687482834
