times:
  edit-metadata: 1.4342646282166243
  landing: 0.23093464225530624
  view-data: 0.025558479130268097
