times:
  edit-metadata: 1.3700822498649359
  landing: 0.01996416226029396
  view-data: 0.022954976186156273
