times:
  edit-metadata: 1.3905354226008058
  landing: 0.19334193132817745
  view-data: 0.46617506723850965
