times:
  edit-metadata: 1.5859337821602821
  landing: 0.24346649087965488
  view-data: 0.16809940338134766
