times:
  edit-metadata: 0.5472406381741166
  landing: 0.06160021107643843
  view-data: 0.24694388778880239
