times:
  edit-metadata: 0.4770105150528252
  landing: 0.04620652925223112
  view-data: 0.3430269220843911
