times:
  edit-metadata: 1.598196865990758
  landing: 0.02606638427823782
  view-data: 0.38764415495097637
