times:
  edit-metadata: 1.3431999329477549
  landing: 0.020766019821166992
  view-data: 0.02418103627860546
