times:
  edit-metadata: 1.452490696683526
  landing: 0.021504171192646027
  view-data: 0.14792400039732456
