times:
  edit-metadata: 1.3760033203288913
  landing: 0.020890953950583935
  view-data: 0.024325386621057987
