times:
  edit-metadata: 1.4939780794084072
  landing: 0.0237088855355978
  view-data: 0.29754047468304634
