times:
  edit-metadata: 1.5674671102315187
  landing: 0.22228145971894264
  view-data: 0.024599753320217133
