times:
  edit-metadata: 1.4830727837979794
  landing: 0.22719702310860157
  view-data: 0.05855856463313103
