times:
  edit-metadata: 0.4749442161992192
  landing: 0.045532748103141785
  view-data: 0.3325873860158026
