times:
  edit-metadata: 0.5474420650862157
  landing: 0.053446325939148664
  view-data: 0.2143778558820486
