times:
  edit-metadata: 1.387739583849907
  landing: 0.02128916885703802
  view-data: 0.09962958376854658
