times:
  edit-metadata: 1.472352989949286
  landing: 0.01879987958818674
  view-data: 0.13605164363980293
