times:
  edit-metadata: 1.297308748587966
  landing: 0.021110384725034237
  view-data: 0.3961829748004675
