times:
  edit-metadata: 1.3448913637548685
  landing: 0.14492648281157017
  view-data: 0.027020836248993874
