times:
  edit-metadata: 1.458022790029645
  landing: 0.2429333794862032
  view-data: 0.024175165221095085
