times:
  edit-metadata: 1.3236232055351138
  landing: 0.02167246863245964
  view-data: 0.42116114404052496
