times:
  edit-metadata: 1.3667546715587378
  landing: 0.022800954058766365
  view-data: 0.025357771664857864
