times:
  edit-metadata: 1.3570207972079515
  landing: 0.02148614637553692
  view-data: 0.026232702657580376
