times:
  edit-metadata: 1.350346177816391
  landing: 0.018685011193156242
  view-data: 0.16261805780231953
