times:
  edit-metadata: 1.4013775885105133
  landing: 0.020709991455078125
  view-data: 0.37920946814119816
