times:
  edit-metadata: 1.298335012048483
  landing: 0.021260717883706093
  view-data: 0.026498460210859776
