times:
  edit-metadata: 1.3768890518695116
  landing: 0.019836260937154293
  view-data: 0.4783036904409528
