times:
  edit-metadata: 0.7037999108433723
  landing: 0.04762259032577276
  view-data: 0.28412233805283904
