times:
  edit-metadata: 1.4589902246370912
  landing: 0.13247249461710453
  view-data: 0.42677818704396486
