times:
  edit-metadata: 1.3780525317415595
  landing: 0.12003979552537203
  view-data: 0.026212234050035477
