times:
  edit-metadata: 1.3190027503296733
  landing: 0.13195165153592825
  view-data: 0.026932423003017902
