times:
  edit-metadata: 1.4540490731596947
  landing: 0.26448045670986176
  view-data: 0.31334409303963184
