times:
  edit-metadata: 1.3319179993122816
  landing: 0.022619379684329033
  view-data: 0.025335991755127907
