times:
  edit-metadata: 1.4343464588746428
  landing: 0.15611549839377403
  view-data: 0.45268018636852503
