times:
  edit-metadata: 1.3768441630527377
  landing: 0.19272831361740828
  view-data: 0.2615658203139901
