times:
  edit-metadata: 1.5098923444747925
  landing: 0.3660576678812504
  view-data: 0.36135974153876305
