times:
  edit-metadata: 1.485083170235157
  landing: 0.022323304787278175
  view-data: 0.02293139323592186
