times:
  edit-metadata: 1.373087058775127
  landing: 0.11439836397767067
  view-data: 0.026229272596538067
