times:
  edit-metadata: 1.6370139196515083
  landing: 0.20552745647728443
  view-data: 0.12151492014527321
