times:
  edit-metadata: 1.3037204751744866
  landing: 0.2248503603041172
  view-data: 0.11801360547542572
