times:
  edit-metadata: 1.4397984873503447
  landing: 0.025209875777363777
  view-data: 0.02972184680402279
