times:
  edit-metadata: 1.3721173331141472
  landing: 0.021060965955257416
  view-data: 0.11812004167586565
