times:
  edit-metadata: 2.1047767102718353
  landing: 0.3945502396672964
  view-data: 0.5783937983214855
