times:
  edit-metadata: 1.44923510029912
  landing: 0.20353195909410715
  view-data: 0.49199089501053095
