times:
  edit-metadata: 0.49463848024606705
  landing: 0.04766445979475975
  view-data: 0.19900757353752851
