times:
  edit-metadata: 0.4911722531542182
  landing: 0.043945226818323135
  view-data: 0.19906594417989254
