times:
  edit-metadata: 1.3986391834914684
  landing: 0.14096033107489347
  view-data: 0.4375418331474066
