times:
  edit-metadata: 1.3399107856675982
  landing: 0.01999355386942625
  view-data: 0.40588843170553446
