times:
  edit-metadata: 1.3885777778923512
  landing: 0.13042569905519485
  view-data: 0.023371409624814987
