times:
  edit-metadata: 0.5136769548989832
  landing: 0.05768451001495123
  view-data: 0.22467402927577496
