times:
  edit-metadata: 0.46905422024428844
  landing: 0.047326792031526566
  view-data: 0.22261616680771112
