times:
  edit-metadata: 0.5339378011412919
  landing: 0.1739990129135549
  view-data: 0.22980888281017542
