times:
  edit-metadata: 1.3293891558423638
  landing: 0.019811149686574936
  view-data: 0.02548395562916994
