times:
  edit-metadata: 1.4032971765846014
  landing: 0.22410151362419128
  view-data: 0.15968042984604836
