times:
  edit-metadata: 1.6868660803884268
  landing: 0.24384641833603382
  view-data: 0.21990622207522392
