times:
  edit-metadata: 1.3467019712552428
  landing: 0.019746228121221066
  view-data: 0.12277332041412592
