times:
  edit-metadata: 1.3835617965087295
  landing: 0.02259711641818285
  view-data: 0.024331817403435707
