times:
  edit-metadata: 1.400151189416647
  landing: 0.04504844546318054
  view-data: 0.02404821291565895
