times:
  edit-metadata: 1.3608078584074974
  landing: 0.17448696494102478
  view-data: 0.12604352086782455
