times:
  edit-metadata: 0.474278524518013
  landing: 0.04350643139332533
  view-data: 0.4618770992383361
