times:
  edit-metadata: 1.3863577414304018
  landing: 0.02015208639204502
  view-data: 0.02732245158404112
