times:
  edit-metadata: 1.537378005683422
  landing: 0.03118422068655491
  view-data: 0.3160217311233282
