times:
  edit-metadata: 0.5010296935215592
  landing: 0.046004924923181534
  view-data: 0.202274763956666
