times:
  edit-metadata: 1.3607255145907402
  landing: 0.021127224899828434
  view-data: 0.027465056627988815
