times:
  edit-metadata: 1.3767630401998758
  landing: 0.020757319405674934
  view-data: 0.025342692621052265
