times:
  edit-metadata: 1.3180018672719598
  landing: 0.024771779775619507
  view-data: 0.11946907825767994
