times:
  edit-metadata: 1.3169621815904975
  landing: 0.13039949536323547
  view-data: 0.02679392322897911
