times:
  edit-metadata: 1.4519544607028365
  landing: 0.019140339456498623
  view-data: 0.4256064034998417
