times:
  edit-metadata: 1.5040595475584269
  landing: 0.022008905187249184
  view-data: 0.02717665769159794
