times:
  edit-metadata: 1.3267418704926968
  landing: 0.021605724468827248
  view-data: 0.027471184730529785
