times:
  edit-metadata: 0.6532060103490949
  landing: 0.06573904724791646
  view-data: 0.23554616188630462
