times:
  edit-metadata: 1.8135458584874868
  landing: 0.022964531555771828
  view-data: 0.03148413822054863
