times:
  edit-metadata: 1.3262391444295645
  landing: 0.022385939955711365
  view-data: 0.1317160241305828
