times:
  edit-metadata: 1.3421030035242438
  landing: 0.020841293968260288
  view-data: 0.026937931776046753
