times:
  edit-metadata: 1.3110140766948462
  landing: 0.01907962840050459
  view-data: 0.026838352903723717
