times:
  edit-metadata: 0.5401690630242229
  landing: 0.11344978818669915
  view-data: 0.2069677379913628
