times:
  edit-metadata: 1.8484830847010016
  landing: 0.022903505712747574
  view-data: 0.025749116204679012
