times:
  edit-metadata: 1.2977486364543438
  landing: 0.02213381417095661
  view-data: 0.4710663156583905
