times:
  edit-metadata: 1.3005558298900723
  landing: 0.021967072039842606
  view-data: 0.026254368014633656
