times:
  edit-metadata: 1.3385887183248997
  landing: 0.01975421980023384
  view-data: 0.028250420466065407
