times:
  edit-metadata: 1.2805627966299653
  landing: 0.12629987206310034
  view-data: 0.025798131711781025
