times:
  edit-metadata: 1.3297005034983158
  landing: 0.021943986415863037
  view-data: 0.12443380523473024
