times:
  edit-metadata: 0.5505810100585222
  landing: 0.054252924863249063
  view-data: 0.2113879919052124
