times:
  edit-metadata: 1.3727379012852907
  landing: 0.021228309720754623
  view-data: 0.12081366684287786
