times:
  edit-metadata: 1.4049458745867014
  landing: 0.021489746868610382
  view-data: 0.031558480113744736
