times:
  edit-metadata: 1.428357906639576
  landing: 0.1285448232665658
  view-data: 0.49581178184598684
