times:
  edit-metadata: 1.331052327528596
  landing: 0.0229246336966753
  view-data: 0.11960552167147398
