times:
  edit-metadata: 0.47186315804719925
  landing: 0.04436705354601145
  view-data: 0.33866449911147356
