times:
  edit-metadata: 1.453502407297492
  landing: 0.01832694746553898
  view-data: 0.3701403830200434
