times:
  edit-metadata: 0.4666055738925934
  landing: 0.05079715047031641
  view-data: 0.31648057233542204
