times:
  edit-metadata: 1.3218716466799378
  landing: 0.021469250321388245
  view-data: 0.02603153884410858
