times:
  edit-metadata: 0.78126429207623
  landing: 0.06629528477787971
  view-data: 0.26084113819524646
