times:
  edit-metadata: 0.6159048182889819
  landing: 0.09136296203359962
  view-data: 0.21253366209566593
