times:
  edit-metadata: 1.8326309490948915
  landing: 0.2088752891868353
  view-data: 0.361240116879344
