times:
  edit-metadata: 1.8064283821731806
  landing: 0.2606480661779642
  view-data: 0.47573863714933395
