times:
  edit-metadata: 1.319269172847271
  landing: 0.019129143096506596
  view-data: 0.024270860478281975
