times:
  edit-metadata: 1.3685442302376032
  landing: 0.01961243897676468
  view-data: 0.02427760511636734
