times:
  edit-metadata: 1.3158165104687214
  landing: 0.1658977596089244
  view-data: 0.12525993771851063
