times:
  edit-metadata: 1.2905586287379265
  landing: 0.01865010242909193
  view-data: 0.41269752103835344
