times:
  edit-metadata: 1.3054855046793818
  landing: 0.018471362069249153
  view-data: 0.027133849449455738
