times:
  edit-metadata: 1.344600273296237
  landing: 0.024343034252524376
  view-data: 0.026663904078304768
