times:
  edit-metadata: 1.7735065259039402
  landing: 0.21976132318377495
  view-data: 0.3279824126511812
