times:
  edit-metadata: 0.5048030531033874
  landing: 0.0425072880461812
  view-data: 0.4601927772164345
