times:
  edit-metadata: 1.4704869780689478
  landing: 0.17091676220297813
  view-data: 0.24679489061236382
