times:
  edit-metadata: 1.6865937802940607
  landing: 0.22468340396881104
  view-data: 0.2564896512776613
