times:
  edit-metadata: 1.2972540482878685
  landing: 0.021619276143610477
  view-data: 0.0261547788977623
