times:
  edit-metadata: 0.46987337712198496
  landing: 0.05668235197663307
  view-data: 0.33420552499592304
