times:
  edit-metadata: 1.380431454628706
  landing: 0.02042839117348194
  view-data: 0.42963267769664526
