times:
  edit-metadata: 1.339958367869258
  landing: 0.019591378048062325
  view-data: 0.025128664448857307
