times:
  edit-metadata: 1.3125557638704777
  landing: 0.02180615346878767
  view-data: 0.11722722556442022
