times:
  edit-metadata: 1.4926524497568607
  landing: 0.26339439675211906
  view-data: 0.3312805313616991
