times:
  edit-metadata: 1.2834466909989715
  landing: 0.022963469848036766
  view-data: 0.02717498689889908
