times:
  edit-metadata: 1.3351461980491877
  landing: 0.16943979263305664
  view-data: 0.13154235761612654
