times:
  edit-metadata: 1.3684094529598951
  landing: 0.1111368453130126
  view-data: 0.030118310824036598
