times:
  edit-metadata: 0.4738942924886942
  landing: 0.04825547616928816
  view-data: 0.19365286082029343
