times:
  edit-metadata: 1.2601437028497458
  landing: 0.01997130736708641
  view-data: 0.12762686796486378
