times:
  edit-metadata: 1.336587443947792
  landing: 0.022613581269979477
  view-data: 0.485159813426435
