times:
  edit-metadata: 1.7011278895661235
  landing: 0.020539892837405205
  view-data: 0.05579731334000826
