times:
  edit-metadata: 1.407255182042718
  landing: 0.14660811610519886
  view-data: 0.023044420406222343
