times:
  edit-metadata: 1.5700089242309332
  landing: 0.12773499824106693
  view-data: 0.026872646063566208
