times:
  edit-metadata: 0.5320314611308277
  landing: 0.06701621599495411
  view-data: 0.2193144247867167
