times:
  edit-metadata: 1.4430296011269093
  landing: 0.02032403089106083
  view-data: 0.3031700886785984
