times:
  edit-metadata: 1.3152687130495906
  landing: 0.02073531411588192
  view-data: 0.12045531906187534
