times:
  edit-metadata: 1.3490609042346478
  landing: 0.022024067118763924
  view-data: 0.029797891154885292
