times:
  edit-metadata: 1.4062754064798355
  landing: 0.019781513139605522
  view-data: 0.0251306165009737
