times:
  edit-metadata: 0.48996140342205763
  landing: 0.04296740144491196
  view-data: 0.20416639558970928
