times:
  edit-metadata: 1.3323762817308307
  landing: 0.022300615906715393
  view-data: 0.026653563603758812
