times:
  edit-metadata: 1.4731456600129604
  landing: 0.20834351889789104
  view-data: 0.12277575582265854
