times:
  edit-metadata: 1.6721098497509956
  landing: 0.019785914570093155
  view-data: 0.38846482895314693
