times:
  edit-metadata: 1.3178504835814238
  landing: 0.021711383014917374
  view-data: 0.4070611596107483
