times:
  edit-metadata: 1.3775637838989496
  landing: 0.021009734831750393
  view-data: 0.11988167092204094
