times:
  edit-metadata: 1.332400725223124
  landing: 0.019202970899641514
  view-data: 0.026384444907307625
