times:
  edit-metadata: 1.3384532183408737
  landing: 0.11489340290427208
  view-data: 0.024337485432624817
