times:
  edit-metadata: 1.3262829426676035
  landing: 0.02190609648823738
  view-data: 0.02683517150580883
