times:
  edit-metadata: 1.3655594568699598
  landing: 0.1367074754089117
  view-data: 0.13747768476605415
