times:
  edit-metadata: 0.4846641169860959
  landing: 0.04224968608468771
  view-data: 0.2131330482661724
