times:
  edit-metadata: 1.31695837341249
  landing: 0.1289746379479766
  view-data: 0.12353029474616051
