times:
  edit-metadata: 1.5185692105442286
  landing: 0.1667424477636814
  view-data: 0.33241716772317886
