times:
  edit-metadata: 0.5106082540005445
  landing: 0.07820719061419368
  view-data: 0.2162297242321074
