times:
  edit-metadata: 1.688148245215416
  landing: 0.3607739619910717
  view-data: 0.3792546857148409
