times:
  edit-metadata: 1.2940427213907242
  landing: 0.019595978781580925
  view-data: 0.025501037016510963
