times:
  edit-metadata: 0.4825894748792052
  landing: 0.05119634699076414
  view-data: 0.2042181696742773
