times:
  edit-metadata: 0.48238705983385444
  landing: 0.04759978409856558
  view-data: 0.19945419626310468
