times:
  edit-metadata: 1.470523789525032
  landing: 0.12076775170862675
  view-data: 0.024922620505094528
