times:
  edit-metadata: 0.4776403587311506
  landing: 0.042594434693455696
  view-data: 0.19765056110918522
