times:
  edit-metadata: 1.329693904146552
  landing: 0.021786365658044815
  view-data: 0.029789119958877563
