times:
  edit-metadata: 1.3389046275988221
  landing: 0.04958626255393028
  view-data: 0.029259870760142803
