times:
  edit-metadata: 1.3991348780691624
  landing: 0.019253775477409363
  view-data: 0.026429031044244766
