times:
  edit-metadata: 1.3748370744287968
  landing: 0.01856110990047455
  view-data: 0.023416880518198013
