times:
  edit-metadata: 1.4407371375709772
  landing: 0.303144846111536
  view-data: 0.02346823550760746
