times:
  edit-metadata: 1.5856497790664434
  landing: 0.1588018611073494
  view-data: 0.3437896016985178
