times:
  edit-metadata: 1.405397859402001
  landing: 0.018921815790235996
  view-data: 0.02537153847515583
