times:
  edit-metadata: 1.5046020299196243
  landing: 0.18949436210095882
  view-data: 0.1572270430624485
