times:
  edit-metadata: 1.473956746980548
  landing: 0.2700878996402025
  view-data: 0.057335615158081055
