times:
  edit-metadata: 1.308011238463223
  landing: 0.11497140768915415
  view-data: 0.1015736572444439
