times:
  edit-metadata: 1.7156203845515847
  landing: 0.01866117212921381
  view-data: 0.04577371198683977
