times:
  edit-metadata: 1.3496647495776415
  landing: 0.23494687117636204
  view-data: 0.02631123922765255
