times:
  edit-metadata: 1.556162491440773
  landing: 0.25111523270606995
  view-data: 0.3337154630571604
