times:
  edit-metadata: 1.3834976386278868
  landing: 0.02143753319978714
  view-data: 0.02451212890446186
