times:
  edit-metadata: 0.6535881944000721
  landing: 0.1710482118651271
  view-data: 0.2829212420620024
