times:
  edit-metadata: 1.2824792563915253
  landing: 0.020696171559393406
  view-data: 0.026335841976106167
