times:
  edit-metadata: 0.536260780878365
  landing: 0.054551994893699884
  view-data: 0.2041361089795828
