times:
  edit-metadata: 1.3129433784633875
  landing: 0.019012488424777985
  view-data: 0.023456953465938568
