times:
  edit-metadata: 1.3160595502704382
  landing: 0.024792833253741264
  view-data: 0.025004325434565544
