times:
  edit-metadata: 1.4887381792068481
  landing: 0.2027911525219679
  view-data: 0.33019630797207355
