times:
  edit-metadata: 1.333110624924302
  landing: 0.2077551931142807
  view-data: 0.3082040064036846
