times:
  edit-metadata: 1.5929904207587242
  landing: 0.291238646954298
  view-data: 0.034685591235756874
