times:
  edit-metadata: 1.318234659731388
  landing: 0.13109618797898293
  view-data: 0.028987791389226913
