times:
  edit-metadata: 1.2884002197533846
  landing: 0.02085052616894245
  view-data: 0.027899296954274178
