times:
  edit-metadata: 1.4117195159196854
  landing: 0.02206232026219368
  view-data: 0.03023054637014866
