times:
  edit-metadata: 1.340705407783389
  landing: 0.11673727072775364
  view-data: 0.026350505650043488
