times:
  edit-metadata: 1.7820380125194788
  landing: 0.021792719140648842
  view-data: 0.049052292481064796
