times:
  edit-metadata: 1.5643333736807108
  landing: 0.46931484900414944
  view-data: 0.19795244187116623
