times:
  edit-metadata: 1.6157329604029655
  landing: 0.2167823314666748
  view-data: 0.3268792163580656
