times:
  edit-metadata: 1.6201687138527632
  landing: 0.2344171404838562
  view-data: 0.028432611376047134
