times:
  edit-metadata: 1.2878428120166063
  landing: 0.022564124315977097
  view-data: 0.026726335287094116
