times:
  edit-metadata: 1.4403551518917084
  landing: 0.11938553862273693
  view-data: 0.16095883212983608
