times:
  edit-metadata: 1.471472231671214
  landing: 0.19669125601649284
  view-data: 0.025734422728419304
