times:
  edit-metadata: 1.5471190959215164
  landing: 0.022297300398349762
  view-data: 0.3076947070658207
