times:
  edit-metadata: 1.2836754769086838
  landing: 0.020219242200255394
  view-data: 0.02577344886958599
