times:
  edit-metadata: 1.366752177476883
  landing: 0.01882823184132576
  view-data: 0.13849256746470928
