times:
  edit-metadata: 1.44839645922184
  landing: 0.25162862055003643
  view-data: 0.14490880444645882
