times:
  edit-metadata: 1.529051000252366
  landing: 0.022172708064317703
  view-data: 0.20225369557738304
