times:
  edit-metadata: 1.464527377858758
  landing: 0.19130605272948742
  view-data: 0.3649219498038292
