times:
  edit-metadata: 1.463813491165638
  landing: 0.14853640273213387
  view-data: 0.33412405103445053
