times:
  edit-metadata: 1.5564217921346426
  landing: 0.2755938898772001
  view-data: 0.42127829045057297
