times:
  edit-metadata: 1.4051486868411303
  landing: 0.15205243229866028
  view-data: 0.13583472929894924
