times:
  edit-metadata: 1.4303968837484717
  landing: 0.14869260601699352
  view-data: 0.13160459697246552
