times:
  edit-metadata: 1.3697109632194042
  landing: 0.02216208726167679
  view-data: 0.29948130436241627
