times:
  edit-metadata: 1.672965096309781
  landing: 0.2886849641799927
  view-data: 0.42138794250786304
