times:
  edit-metadata: 1.3514436222612858
  landing: 0.01987532712519169
  view-data: 0.3106745332479477
