times:
  edit-metadata: 1.4411891177296638
  landing: 0.024095507338643074
  view-data: 0.4268625024706125
