times:
  edit-metadata: 0.5277571859769523
  landing: 0.11507117003202438
  view-data: 0.30833424208685756
