times:
  edit-metadata: 1.5929786376655102
  landing: 0.018290171399712563
  view-data: 0.33226171135902405
