times:
  edit-metadata: 1.319186557084322
  landing: 0.020260099321603775
  view-data: 0.023415815085172653
