times:
  edit-metadata: 1.3280170448124409
  landing: 0.23633025586605072
  view-data: 0.023813622072339058
