times:
  edit-metadata: 1.4758188556879759
  landing: 0.2841572277247906
  view-data: 0.25025169365108013
