times:
  edit-metadata: 1.3704412430524826
  landing: 0.01972132921218872
  view-data: 0.30784243158996105
