times:
  edit-metadata: 0.6137338131666183
  landing: 0.044342384207993746
  view-data: 0.2088285917416215
