times:
  edit-metadata: 1.4048718139529228
  landing: 0.13007037714123726
  view-data: 0.15925960056483746
