times:
  edit-metadata: 2.0712181627750397
  landing: 0.5293767768889666
  view-data: 0.46968179009854794
