times:
  edit-metadata: 1.5351215256378055
  landing: 0.14152585621923208
  view-data: 0.15411242470145226
