times:
  edit-metadata: 1.2730547627434134
  landing: 0.019374705851078033
  view-data: 0.030054626986384392
