times:
  edit-metadata: 1.3064516447484493
  landing: 0.10505485348403454
  view-data: 0.025196395814418793
