times:
  edit-metadata: 1.3493061270564795
  landing: 0.13357893377542496
  view-data: 0.027381012216210365
