times:
  edit-metadata: 1.3700024671852589
  landing: 0.022869374603033066
  view-data: 0.32429099828004837
