times:
  edit-metadata: 1.384150043129921
  landing: 0.19436859525740147
  view-data: 0.13926607929170132
