times:
  edit-metadata: 0.5181087837554514
  landing: 0.09373424993827939
  view-data: 0.21064783912152052
