times:
  edit-metadata: 1.3172452505677938
  landing: 0.026650428771972656
  view-data: 0.31343465112149715
