times:
  edit-metadata: 1.368083942681551
  landing: 0.01929025910794735
  view-data: 0.376896632835269
