times:
  edit-metadata: 1.4362531080842018
  landing: 0.12054282985627651
  view-data: 0.029119823127985
