times:
  edit-metadata: 1.3003802886232734
  landing: 0.019552407786250114
  view-data: 0.44177977461367846
