times:
  edit-metadata: 1.3659203480929136
  landing: 0.020664922893047333
  view-data: 0.02424001693725586
