times:
  edit-metadata: 1.459072446450591
  landing: 0.0214571887627244
  view-data: 0.026430942118167877
