times:
  edit-metadata: 2.5576081599865574
  landing: 0.3099695220007561
  view-data: 0.4872998320206534
