times:
  edit-metadata: 1.4810757040977478
  landing: 0.22190312296152115
  view-data: 0.31668407656252384
