times:
  edit-metadata: 1.791494058445096
  landing: 0.30275798588991165
  view-data: 0.3256147336214781
