times:
  edit-metadata: 1.3745475485920906
  landing: 0.11601543053984642
  view-data: 0.3182537090033293
