times:
  edit-metadata: 1.385871659964323
  landing: 0.019085552543401718
  view-data: 0.3297367859631777
