times:
  edit-metadata: 1.4472582209855318
  landing: 0.1621852768585086
  view-data: 0.46586243342608213
