times:
  edit-metadata: 0.7689175168052316
  landing: 0.06441457103937864
  view-data: 0.34047766542062163
