times:
  edit-metadata: 1.3507234584540129
  landing: 0.021582502871751785
  view-data: 0.025126781314611435
