times:
  edit-metadata: 1.4334827605634928
  landing: 0.021071627736091614
  view-data: 0.02672656998038292
