times:
  edit-metadata: 0.5787159791216254
  landing: 0.13186575612053275
  view-data: 0.21148053975775838
