times:
  edit-metadata: 1.4006089959293604
  landing: 0.02068626694381237
  view-data: 0.1384970098733902
