times:
  edit-metadata: 1.3714474402368069
  landing: 0.1874831672757864
  view-data: 0.13940013013780117
