times:
  edit-metadata: 0.5958636663854122
  landing: 0.06435892777517438
  view-data: 0.27545088389888406
