times:
  edit-metadata: 1.9524237923324108
  landing: 0.23975642025470734
  view-data: 0.4781084079295397
