times:
  edit-metadata: 0.5592235680669546
  landing: 0.07236199686303735
  view-data: 0.21747941803187132
