times:
  edit-metadata: 1.385553251951933
  landing: 0.02407432720065117
  view-data: 0.023581495508551598
