times:
  edit-metadata: 0.6845953669399023
  landing: 0.07701557409018278
  view-data: 0.2947013243101537
