times:
  edit-metadata: 1.4077175501734018
  landing: 0.019383544102311134
  view-data: 0.6000394076108932
