times:
  edit-metadata: 0.7570692109875381
  landing: 0.07511584833264351
  view-data: 0.20204997016116977
