times:
  edit-metadata: 0.5415379512123764
  landing: 0.05572421522811055
  view-data: 0.20671069528907537
