times:
  edit-metadata: 1.4037570524960756
  landing: 0.018182827159762383
  view-data: 0.023060845211148262
