times:
  edit-metadata: 1.7618798557668924
  landing: 0.18010761216282845
  view-data: 0.16843821853399277
