times:
  edit-metadata: 1.3147202227264643
  landing: 0.16810084506869316
  view-data: 0.023588690906763077
