times:
  edit-metadata: 1.7542477454990149
  landing: 0.3080838304013014
  view-data: 0.17990130372345448
