times:
  edit-metadata: 1.3737327121198177
  landing: 0.2467149067670107
  view-data: 0.3279092572629452
