times:
  edit-metadata: 1.5052579045295715
  landing: 0.3052718210965395
  view-data: 0.1488196775317192
