times:
  edit-metadata: 1.556751685217023
  landing: 0.19188842736184597
  view-data: 0.361194534227252
