times:
  edit-metadata: 1.4496967010200024
  landing: 0.2278519608080387
  view-data: 0.3714659921824932
