times:
  edit-metadata: 1.3825505170971155
  landing: 0.021215686574578285
  view-data: 0.02279621921479702
