times:
  edit-metadata: 1.3907113876193762
  landing: 0.02134694717824459
  view-data: 0.121866624802351
