times:
  edit-metadata: 1.363530496135354
  landing: 0.018089154735207558
  view-data: 0.2702045366168022
