times:
  edit-metadata: 1.2674049511551857
  landing: 0.02161332592368126
  view-data: 0.02480233460664749
