times:
  edit-metadata: 0.7059473758563399
  landing: 0.11755706928670406
  view-data: 0.29480058513581753
