times:
  edit-metadata: 1.569920839741826
  landing: 0.3120510447770357
  view-data: 0.32504110038280487
