times:
  edit-metadata: 0.5318395779468119
  landing: 0.050171307753771544
  view-data: 0.18809323711320758
