times:
  edit-metadata: 1.429465962573886
  landing: 0.020427333191037178
  view-data: 0.02399001084268093
