times:
  edit-metadata: 1.4878224162384868
  landing: 0.13872575107961893
  view-data: 0.4853146858513355
