times:
  edit-metadata: 1.3355666287243366
  landing: 0.1414584582671523
  view-data: 0.11677244026213884
