times:
  edit-metadata: 1.3446520566940308
  landing: 0.14072849601507187
  view-data: 0.0253913514316082
