times:
  edit-metadata: 0.578108579851687
  landing: 0.05181430233642459
  view-data: 0.19202675996348262
