times:
  edit-metadata: 1.461201038211584
  landing: 0.021669406443834305
  view-data: 0.025850800797343254
