times:
  edit-metadata: 1.4545661872252822
  landing: 0.12994318082928658
  view-data: 0.22486734297126532
