times:
  edit-metadata: 1.355184718966484
  landing: 0.020341571420431137
  view-data: 0.023325439542531967
