times:
  edit-metadata: 1.363192493095994
  landing: 0.020645450800657272
  view-data: 0.13688145577907562
