times:
  edit-metadata: 0.7095868880860507
  landing: 0.11523679783567786
  view-data: 0.22667980706319213
