times:
  edit-metadata: 1.488507917150855
  landing: 0.02214975096285343
  view-data: 0.16536389477550983
