times:
  edit-metadata: 0.48975022323429585
  landing: 0.09878685977309942
  view-data: 0.21259297896176577
