times:
  edit-metadata: 1.453877555206418
  landing: 0.020724160596728325
  view-data: 0.14897034130990505
