times:
  edit-metadata: 1.3650220828130841
  landing: 0.206957901827991
  view-data: 0.4153003077954054
