times:
  edit-metadata: 1.3043140731751919
  landing: 0.020336724817752838
  view-data: 0.1040877066552639
