times:
  edit-metadata: 0.8005265211686492
  landing: 0.06260238494724035
  view-data: 0.22224951721727848
