times:
  edit-metadata: 1.5289594251662493
  landing: 0.30076721124351025
  view-data: 0.14403095841407776
