times:
  edit-metadata: 1.3331218380481005
  landing: 0.26076031662523746
  view-data: 0.1234093215316534
