times:
  edit-metadata: 1.3054256923496723
  landing: 0.021056574769318104
  view-data: 0.02330127079039812
