times:
  edit-metadata: 1.3532974664121866
  landing: 0.021053969860076904
  view-data: 0.024502964690327644
