times:
  edit-metadata: 1.328843615949154
  landing: 0.021199055016040802
  view-data: 0.024416228756308556
