times:
  edit-metadata: 0.5360724502243102
  landing: 0.06231953389942646
  view-data: 0.20462712924927473
