times:
  edit-metadata: 1.3054767539724708
  landing: 0.1608142564073205
  view-data: 0.1351401275023818
