times:
  edit-metadata: 1.2917220760136843
  landing: 0.021079856902360916
  view-data: 0.02494044043123722
