times:
  edit-metadata: 0.7196417069062591
  landing: 0.05437342217192054
  view-data: 0.2207813528366387
