times:
  edit-metadata: 1.761746695265174
  landing: 0.324541786685586
  view-data: 0.46020025946199894
