times:
  edit-metadata: 1.3503466062247753
  landing: 0.023756297305226326
  view-data: 0.3064545802772045
