times:
  edit-metadata: 1.577329596504569
  landing: 0.022260315716266632
  view-data: 0.14254534058272839
