times:
  edit-metadata: 0.591006537899375
  landing: 0.07553396234288812
  view-data: 0.22302248002961278
