times:
  edit-metadata: 1.3465096987783909
  landing: 0.021134845912456512
  view-data: 0.02715608850121498
