times:
  edit-metadata: 1.4542709738016129
  landing: 0.19752567447721958
  view-data: 0.3696194048970938
