times:
  edit-metadata: 1.327686483040452
  landing: 0.020297063514590263
  view-data: 0.12120657879859209
