times:
  edit-metadata: 0.5627803490497172
  landing: 0.05274769617244601
  view-data: 0.21225862996652722
