times:
  edit-metadata: 1.319045402109623
  landing: 0.01872648112475872
  view-data: 0.02370312251150608
