times:
  edit-metadata: 1.4504787139594555
  landing: 0.020108891651034355
  view-data: 0.02479643188416958
