times:
  edit-metadata: 1.2673341780900955
  landing: 0.021462623961269855
  view-data: 0.025770194828510284
