times:
  edit-metadata: 0.5327021637931466
  landing: 0.0482582850381732
  view-data: 0.2086034519597888
