times:
  edit-metadata: 1.301876681856811
  landing: 0.20040164608508348
  view-data: 0.3823737157508731
