times:
  edit-metadata: 1.6099508758634329
  landing: 0.12710458412766457
  view-data: 0.1555283721536398
