times:
  edit-metadata: 1.8392286449670792
  landing: 0.1832642462104559
  view-data: 0.21737825497984886
