times:
  edit-metadata: 1.4191597793251276
  landing: 0.020347213372588158
  view-data: 0.034868527203798294
