times:
  edit-metadata: 1.4055381137877703
  landing: 0.15415406599640846
  view-data: 0.2921391110867262
