times:
  edit-metadata: 1.352059941738844
  landing: 0.02092985436320305
  view-data: 0.02618514746427536
