times:
  edit-metadata: 1.4246900770813227
  landing: 0.14291477389633656
  view-data: 0.02328355610370636
