times:
  edit-metadata: 1.6547722574323416
  landing: 0.18856658600270748
  view-data: 0.44970247335731983
