times:
  edit-metadata: 1.4716642796993256
  landing: 0.1950080692768097
  view-data: 0.14683212898671627
