times:
  edit-metadata: 1.3135050758719444
  landing: 0.023963095620274544
  view-data: 0.025516284629702568
