times:
  edit-metadata: 1.3293328434228897
  landing: 0.11946596205234528
  view-data: 0.10336715541779995
