times:
  edit-metadata: 1.408636269159615
  landing: 0.2381405420601368
  view-data: 0.02412437926977873
