times:
  edit-metadata: 1.3248993000015616
  landing: 0.17281538154929876
  view-data: 0.12262103706598282
