times:
  edit-metadata: 1.4973615948110819
  landing: 0.02284952439367771
  view-data: 0.10621088556945324
