times:
  edit-metadata: 1.3502999264746904
  landing: 0.020131127908825874
  view-data: 0.12566230446100235
