times:
  edit-metadata: 0.5524938488379121
  landing: 0.16131515195593238
  view-data: 0.2237701523117721
