times:
  edit-metadata: 1.4064316358417273
  landing: 0.019934818148612976
  view-data: 0.026933522894978523
