times:
  edit-metadata: 1.3602471873164177
  landing: 0.02349940314888954
  view-data: 0.02641378529369831
