times:
  edit-metadata: 1.366219399496913
  landing: 0.1357952617108822
  view-data: 0.139686094596982
