times:
  edit-metadata: 1.4693871680647135
  landing: 0.21636749245226383
  view-data: 0.26074614748358727
