times:
  edit-metadata: 1.3881367361173034
  landing: 0.02658461220562458
  view-data: 0.39147438015788794
