times:
  edit-metadata: 0.49308159202337265
  landing: 0.07176099438220263
  view-data: 0.21911441069096327
