times:
  edit-metadata: 1.2908339081332088
  landing: 0.0226048668846488
  view-data: 0.027832825668156147
