times:
  edit-metadata: 1.5867240969091654
  landing: 0.2874610610306263
  view-data: 0.18432382121682167
