times:
  edit-metadata: 1.3356792386621237
  landing: 0.022401113063097
  view-data: 0.025650251656770706
