times:
  edit-metadata: 1.472244868054986
  landing: 0.34691075421869755
  view-data: 0.349295636638999
