times:
  edit-metadata: 1.3390602711588144
  landing: 0.22056963294744492
  view-data: 0.49049769155681133
