times:
  edit-metadata: 0.5496026696637273
  landing: 0.16083451407030225
  view-data: 0.21037742728367448
