times:
  edit-metadata: 1.3381574284285307
  landing: 0.13891013897955418
  view-data: 0.30736953765153885
