times:
  edit-metadata: 1.3994858032092452
  landing: 0.021160701289772987
  view-data: 0.023313017562031746
