times:
  edit-metadata: 1.7928277477622032
  landing: 0.313334571197629
  view-data: 0.16721924766898155
