times:
  edit-metadata: 1.4171704426407814
  landing: 0.021494286134839058
  view-data: 0.028110530227422714
