times:
  edit-metadata: 1.2778391018509865
  landing: 0.02136056125164032
  view-data: 0.026261706836521626
