times:
  edit-metadata: 1.404061321169138
  landing: 0.02537589520215988
  view-data: 0.026238744147121906
