times:
  edit-metadata: 1.4544585086405277
  landing: 0.287513205781579
  view-data: 0.02651725709438324
