times:
  edit-metadata: 1.2836717050522566
  landing: 0.019190022721886635
  view-data: 0.02330669015645981
