times:
  edit-metadata: 0.6944836629554629
  landing: 0.03863001987338066
  view-data: 0.30540806893259287
