times:
  edit-metadata: 1.4393458375707269
  landing: 0.24424825329333544
  view-data: 0.41182964108884335
