times:
  edit-metadata: 1.604388875886798
  landing: 0.15218885987997055
  view-data: 0.4912886619567871
