times:
  edit-metadata: 0.5478324531577528
  landing: 0.06198052503168583
  view-data: 0.21056061889976263
