times:
  edit-metadata: 1.64295400865376
  landing: 0.024834034964442253
  view-data: 0.02626529335975647
