times:
  edit-metadata: 1.938081482425332
  landing: 0.022220216691493988
  view-data: 0.02451736479997635
