times:
  edit-metadata: 1.3963275291025639
  landing: 0.02311217412352562
  view-data: 0.025048036128282547
