times:
  edit-metadata: 1.6115459091961384
  landing: 0.01918596215546131
  view-data: 0.41120923683047295
