times:
  edit-metadata: 1.5522801596671343
  landing: 0.02424680069088936
  view-data: 0.5142864678055048
