times:
  edit-metadata: 1.4175176918506622
  landing: 0.023195143789052963
  view-data: 0.02681415155529976
