times:
  edit-metadata: 1.4276359975337982
  landing: 0.018806803971529007
  view-data: 0.09850218147039413
