times:
  edit-metadata: 1.3707765527069569
  landing: 0.018772797659039497
  view-data: 0.024956244975328445
