times:
  edit-metadata: 0.7095867260359228
  landing: 0.06891723815351725
  view-data: 0.3127119690179825
