times:
  edit-metadata: 1.3985190875828266
  landing: 0.1275522205978632
  view-data: 0.35206957533955574
