times:
  edit-metadata: 1.4999371711164713
  landing: 0.023022521287202835
  view-data: 0.2967903073877096
