times:
  edit-metadata: 1.341001344844699
  landing: 0.23947244323790073
  view-data: 0.3037627497687936
