times:
  edit-metadata: 1.3379321806132793
  landing: 0.022825056686997414
  view-data: 0.026885630562901497
