times:
  edit-metadata: 1.960747892037034
  landing: 0.14258066192269325
  view-data: 0.14499931409955025
