times:
  edit-metadata: 0.5584978731349111
  landing: 0.13698420906439424
  view-data: 0.33274909388273954
