times:
  edit-metadata: 1.4642672762274742
  landing: 0.021873649209737778
  view-data: 0.02386799454689026
