times:
  edit-metadata: 1.83400964923203
  landing: 0.14497777074575424
  view-data: 0.47546084225177765
