times:
  edit-metadata: 1.387441398575902
  landing: 0.13562891446053982
  view-data: 0.3478427119553089
