times:
  edit-metadata: 0.6168363112956285
  landing: 0.06251913495361805
  view-data: 0.3236298677511513
