times:
  edit-metadata: 1.3895784076303244
  landing: 0.18503275886178017
  view-data: 0.02713845856487751
