times:
  edit-metadata: 1.3421192541718483
  landing: 0.13447948917746544
  view-data: 0.02903541922569275
