times:
  edit-metadata: 1.6691131554543972
  landing: 0.16147565096616745
  view-data: 0.4926414005458355
