times:
  edit-metadata: 1.387764748185873
  landing: 0.02066233940422535
  view-data: 0.026784339919686317
