times:
  edit-metadata: 1.4793881382793188
  landing: 0.022234737873077393
  view-data: 0.19599134847521782
