times:
  edit-metadata: 0.530534359626472
  landing: 0.06776307476684451
  view-data: 0.20950801484286785
