times:
  edit-metadata: 1.9787177611142397
  landing: 0.0533413328230381
  view-data: 0.026590634137392044
