times:
  edit-metadata: 1.8491903841495514
  landing: 0.2846063058823347
  view-data: 0.40722242556512356
