times:
  edit-metadata: 0.7865059380419552
  landing: 0.061190580017864704
  view-data: 0.25658351415768266
