times:
  edit-metadata: 1.5006086267530918
  landing: 0.021184584125876427
  view-data: 0.026240523904561996
