times:
  edit-metadata: 1.3995658289641142
  landing: 0.01972750388085842
  view-data: 0.024308620020747185
