times:
  edit-metadata: 1.9076586961746216
  landing: 0.2152629792690277
  view-data: 0.1463612075895071
