times:
  edit-metadata: 1.4791457131505013
  landing: 0.2949891500174999
  view-data: 0.37733656726777554
