times:
  edit-metadata: 0.5821672263555229
  landing: 0.0628319913521409
  view-data: 0.20459532039240003
