times:
  edit-metadata: 1.3628798834979534
  landing: 0.0184308048337698
  view-data: 0.13834097236394882
