times:
  edit-metadata: 1.3583112731575966
  landing: 0.018992261961102486
  view-data: 0.12004962004721165
