times:
  edit-metadata: 1.409648446366191
  landing: 0.13706735707819462
  view-data: 0.25110319070518017
