times:
  edit-metadata: 1.4252012949436903
  landing: 0.019181355834007263
  view-data: 0.023296911269426346
