times:
  edit-metadata: 1.3410753160715103
  landing: 0.021669376641511917
  view-data: 0.024149907752871513
