times:
  edit-metadata: 1.9189129434525967
  landing: 0.29599109292030334
  view-data: 0.5607925448566675
