times:
  edit-metadata: 1.7729728911072016
  landing: 0.2511418592184782
  view-data: 0.208296250551939
