times:
  edit-metadata: 1.3576394841074944
  landing: 0.20286217331886292
  view-data: 0.02348625659942627
