times:
  edit-metadata: 1.3772611673921347
  landing: 0.021176636219024658
  view-data: 0.029933441430330276
