times:
  edit-metadata: 1.4535948727279902
  landing: 0.17746163718402386
  view-data: 0.30152213387191296
