times:
  edit-metadata: 0.8129155957140028
  landing: 0.052736171055585146
  view-data: 0.2151304609142244
