times:
  edit-metadata: 1.4148739837110043
  landing: 0.0196937657892704
  view-data: 0.025027940049767494
