times:
  edit-metadata: 1.3692754600197077
  landing: 0.19343391992151737
  view-data: 0.02472774311900139
