times:
  edit-metadata: 1.3279382698237896
  landing: 0.020726650953292847
  view-data: 0.030672915279865265
