times:
  edit-metadata: 1.4457012061029673
  landing: 0.29863788932561874
  view-data: 0.12715238332748413
