times:
  edit-metadata: 0.5757657308131456
  landing: 0.06853587366640568
  view-data: 0.22480426589027047
