times:
  edit-metadata: 1.5846165269613266
  landing: 0.13938574492931366
  view-data: 0.37068883888423443
