times:
  edit-metadata: 1.6168483011424541
  landing: 0.34486295841634274
  view-data: 0.5031538549810648
