times:
  edit-metadata: 1.6094265785068274
  landing: 0.290525384247303
  view-data: 0.37049177661538124
