times:
  edit-metadata: 0.5691639110445976
  landing: 0.1014482812024653
  view-data: 0.19970894791185856
