times:
  edit-metadata: 1.4278900194913149
  landing: 0.01875290833413601
  view-data: 0.13692191988229752
