times:
  edit-metadata: 1.4633877035230398
  landing: 0.019650761038064957
  view-data: 0.02236679382622242
