times:
  edit-metadata: 1.3506273683160543
  landing: 0.01953749544918537
  view-data: 0.022141875699162483
