times:
  edit-metadata: 1.477231353521347
  landing: 0.2201163750141859
  view-data: 0.027776315808296204
