times:
  edit-metadata: 1.387616029009223
  landing: 0.12744020111858845
  view-data: 0.10779827646911144
