times:
  edit-metadata: 1.3694622591137886
  landing: 0.01972111128270626
  view-data: 0.024193836376070976
