times:
  edit-metadata: 0.539672396145761
  landing: 0.05917107593268156
  view-data: 0.20267745899036527
