times:
  edit-metadata: 1.490570804104209
  landing: 0.15619594417512417
  view-data: 0.3841746486723423
