times:
  edit-metadata: 1.454056927934289
  landing: 0.17653467878699303
  view-data: 0.12192506715655327
