times:
  edit-metadata: 1.4592899549752474
  landing: 0.16179256327450275
  view-data: 0.3576423805207014
