times:
  edit-metadata: 1.5491594839841127
  landing: 0.2578805536031723
  view-data: 0.45352125354111195
