times:
  edit-metadata: 0.7450046497397125
  landing: 0.08079160284250975
  view-data: 0.29988133534789085
