times:
  edit-metadata: 1.3084641005843878
  landing: 0.018721427768468857
  view-data: 0.023218045011162758
