times:
  edit-metadata: 0.5369000071659684
  landing: 0.12002058420330286
  view-data: 0.35259224008768797
