times:
  edit-metadata: 1.3380735702812672
  landing: 0.020903687924146652
  view-data: 0.027158426120877266
