times:
  edit-metadata: 1.4399795476347208
  landing: 0.025002432987093925
  view-data: 0.027062468230724335
