times:
  edit-metadata: 1.9111720006912947
  landing: 0.15895344503223896
  view-data: 0.4063231833279133
