times:
  edit-metadata: 1.3080461453646421
  landing: 0.019391903653740883
  view-data: 0.02312377654016018
