times:
  edit-metadata: 0.73709054896608
  landing: 0.11592761008068919
  view-data: 0.22951357997953892
