times:
  edit-metadata: 1.9277411345392466
  landing: 0.018489159643650055
  view-data: 0.4930664114654064
