times:
  edit-metadata: 1.6205511968582869
  landing: 0.021086562424898148
  view-data: 0.5243629179894924
