times:
  edit-metadata: 1.651338655501604
  landing: 0.02312849648296833
  view-data: 0.18394263461232185
