times:
  edit-metadata: 1.3517272397875786
  landing: 0.0193911362439394
  view-data: 0.10161981731653214
