times:
  edit-metadata: 1.4177991766482592
  landing: 0.02135704830288887
  view-data: 0.024830272421240807
