times:
  edit-metadata: 1.4292837101966143
  landing: 0.024263668805360794
  view-data: 0.22829430177807808
