times:
  edit-metadata: 0.6095877941697836
  landing: 0.05092129483819008
  view-data: 0.20833954308182
