times:
  edit-metadata: 1.4907845854759216
  landing: 0.16898278519511223
  view-data: 0.027386419475078583
