times:
  edit-metadata: 1.4518851526081562
  landing: 0.1815953627228737
  view-data: 0.3369558323174715
