times:
  edit-metadata: 0.6382391541264951
  landing: 0.0778636489994824
  view-data: 0.30989450588822365
