times:
  edit-metadata: 1.4466416090726852
  landing: 0.1256756279617548
  view-data: 0.28841473907232285
