times:
  edit-metadata: 1.457111043855548
  landing: 0.0223191250115633
  view-data: 0.4028590563684702
