times:
  edit-metadata: 1.3826590813696384
  landing: 0.020512709394097328
  view-data: 0.10157141834497452
