times:
  edit-metadata: 1.3850353751331568
  landing: 0.019045665860176086
  view-data: 0.12126799114048481
