times:
  edit-metadata: 1.3114202786237001
  landing: 0.01988658681511879
  view-data: 0.4328118823468685
