times:
  edit-metadata: 1.647899465635419
  landing: 0.22250563651323318
  view-data: 0.4905811995267868
