times:
  edit-metadata: 1.6677541844546795
  landing: 0.020254384726285934
  view-data: 0.10337763093411922
