times:
  edit-metadata: 1.4302691388875246
  landing: 0.23156569711863995
  view-data: 0.14295129850506783
