times:
  edit-metadata: 1.364435838535428
  landing: 0.02108023315668106
  view-data: 0.025422656908631325
