times:
  edit-metadata: 2.0465099178254604
  landing: 0.24491331540048122
  view-data: 0.16862536408007145
