times:
  edit-metadata: 0.5989043889567256
  landing: 0.053693204652518034
  view-data: 0.21124845184385777
