times:
  edit-metadata: 1.325610602274537
  landing: 0.023944811895489693
  view-data: 0.024063628166913986
