times:
  edit-metadata: 1.6968308482319117
  landing: 0.15538358129560947
  view-data: 0.2765569929033518
