times:
  edit-metadata: 2.1486341934651136
  landing: 0.2813191507011652
  view-data: 0.19261781871318817
