times:
  edit-metadata: 1.3790931943804026
  landing: 0.024096526205539703
  view-data: 0.02399115264415741
