times:
  edit-metadata: 1.4326017796993256
  landing: 0.019034964963793755
  view-data: 0.024219023063778877
