times:
  edit-metadata: 1.3639943171292543
  landing: 0.18622390925884247
  view-data: 0.02408008836209774
