times:
  edit-metadata: 0.6353107681497931
  landing: 0.06373844388872385
  view-data: 0.25526858074590564
