times:
  edit-metadata: 1.6142279542982578
  landing: 0.02611355111002922
  view-data: 0.14264517836272717
