times:
  edit-metadata: 1.4059578627347946
  landing: 0.024609677493572235
  view-data: 0.025891397148370743
