times:
  edit-metadata: 0.5561250559985638
  landing: 0.05232345499098301
  view-data: 0.20687575079500675
