times:
  edit-metadata: 0.6533789010718465
  landing: 0.09273113310337067
  view-data: 0.22302353894338012
