times:
  edit-metadata: 1.9217882864177227
  landing: 0.2604948356747627
  view-data: 0.16722789034247398
