times:
  edit-metadata: 1.3055675188079476
  landing: 0.022360199131071568
  view-data: 0.026342272758483887
