times:
  edit-metadata: 1.3259051237255335
  landing: 0.02232367731630802
  view-data: 0.025506739504635334
