times:
  edit-metadata: 1.923555787652731
  landing: 0.16719024442136288
  view-data: 0.533352080732584
