times:
  edit-metadata: 1.3995313867926598
  landing: 0.02064013108611107
  view-data: 0.02487889863550663
