times:
  edit-metadata: 1.3640774600207806
  landing: 0.01907915249466896
  view-data: 0.31897442042827606
