times:
  edit-metadata: 1.4473204798996449
  landing: 0.18561186641454697
  view-data: 0.31991464644670486
