times:
  edit-metadata: 0.6093787541612983
  landing: 0.06537919864058495
  view-data: 0.20260619465261698
