times:
  edit-metadata: 0.6109600020572543
  landing: 0.055840892251580954
  view-data: 0.20921136811375618
