times:
  edit-metadata: 1.3462314363569021
  landing: 0.11700079217553139
  view-data: 0.026874708011746407
