times:
  edit-metadata: 1.5686138533055782
  landing: 0.2427831944078207
  view-data: 0.15375847183167934
