times:
  edit-metadata: 1.3611202407628298
  landing: 0.019498130306601524
  view-data: 0.025975454598665237
