times:
  edit-metadata: 1.7212178222835064
  landing: 0.1610559429973364
  view-data: 0.17399935983121395
