times:
  edit-metadata: 0.8211246221326292
  landing: 0.22604870283976197
  view-data: 0.3045889539644122
