times:
  edit-metadata: 1.6015301756560802
  landing: 0.199487442150712
  view-data: 0.33782768808305264
