times:
  edit-metadata: 1.502894725650549
  landing: 0.2115246206521988
  view-data: 0.3036554232239723
