times:
  edit-metadata: 0.8028048798441887
  landing: 0.10102302115410566
  view-data: 0.3175381040200591
