times:
  edit-metadata: 1.5409163665026426
  landing: 0.318843737244606
  view-data: 0.15205083973705769
