times:
  edit-metadata: 1.3711256831884384
  landing: 0.019469963386654854
  view-data: 0.14283808879554272
