times:
  edit-metadata: 1.397713977843523
  landing: 0.020145218819379807
  view-data: 0.02844441495835781
