times:
  edit-metadata: 0.7618132797069848
  landing: 0.08967921882867813
  view-data: 0.20480825519189239
