times:
  edit-metadata: 1.833855040371418
  landing: 0.29168341867625713
  view-data: 0.30384489707648754
