times:
  edit-metadata: 1.6029445882886648
  landing: 0.021208202466368675
  view-data: 0.4660485964268446
