times:
  edit-metadata: 1.41069639287889
  landing: 0.019016103819012642
  view-data: 0.025103092193603516
