times:
  edit-metadata: 0.5601161038503051
  landing: 0.04424735298380256
  view-data: 0.24797734804451466
