times:
  edit-metadata: 0.7015593661926687
  landing: 0.09965312108397484
  view-data: 0.2041768659837544
