times:
  edit-metadata: 1.371023615822196
  landing: 0.019509010016918182
  view-data: 0.12974785268306732
