times:
  edit-metadata: 1.4801037795841694
  landing: 0.025525063276290894
  view-data: 0.3707290608435869
