times:
  edit-metadata: 1.442317495122552
  landing: 0.021543841809034348
  view-data: 0.33731555938720703
