times:
  edit-metadata: 1.3838972710072994
  landing: 0.1553234625607729
  view-data: 0.030259065330028534
