times:
  edit-metadata: 1.6242730747908354
  landing: 0.22457889281213284
  view-data: 0.5283928159624338
