times:
  edit-metadata: 1.4157207682728767
  landing: 0.022461822256445885
  view-data: 0.026915952563285828
