times:
  edit-metadata: 1.6293775960803032
  landing: 0.3231768598780036
  view-data: 0.1482703322544694
