times:
  edit-metadata: 1.5804201047867537
  landing: 0.2498765643686056
  view-data: 0.3685317300260067
