times:
  edit-metadata: 1.6488050036132336
  landing: 0.24561922810971737
  view-data: 0.4928206745535135
