times:
  edit-metadata: 1.3318746834993362
  landing: 0.11879165284335613
  view-data: 0.026204751804471016
