times:
  edit-metadata: 1.9425690593197942
  landing: 0.020201736129820347
  view-data: 0.04743485618382692
