times:
  edit-metadata: 1.712562625296414
  landing: 0.018756813369691372
  view-data: 0.40750293619930744
