times:
  edit-metadata: 1.8063192693516612
  landing: 0.15352879092097282
  view-data: 0.023483778350055218
