times:
  edit-metadata: 3.260728444904089
  landing: 0.43531975895166397
  view-data: 0.3978133201599121
