times:
  edit-metadata: 1.1587405824102461
  landing: 0.07404650328680873
  view-data: 0.245549441780895
