times:
  edit-metadata: 2.0226150453090668
  landing: 0.01944713667035103
  view-data: 0.02590375579893589
