times:
  edit-metadata: 0.9649580838158727
  landing: 0.15653502894565463
  view-data: 0.2622991679236293
