times:
  edit-metadata: 1.9509554002434015
  landing: 0.02513027936220169
  view-data: 0.2806025706231594
