times:
  edit-metadata: 1.809682147577405
  landing: 0.14458579011261463
  view-data: 0.1140495054423809
