times:
  edit-metadata: 1.7973046526312828
  landing: 0.021309496834874153
  view-data: 0.027588434517383575
