times:
  edit-metadata: 1.7457705726847053
  landing: 0.02273908071219921
  view-data: 0.02620000299066305
