times:
  edit-metadata: 1.71653167065233
  landing: 0.17816901858896017
  view-data: 0.023320102132856846
