times:
  edit-metadata: 1.8715876154601574
  landing: 0.02141600288450718
  view-data: 0.1275540329515934
