times:
  edit-metadata: 2.2996307015419006
  landing: 0.024968966841697693
  view-data: 0.2981755677610636
