times:
  edit-metadata: 1.9610865395516157
  landing: 0.24292519316077232
  view-data: 0.026324955746531487
