times:
  edit-metadata: 1.6725316513329744
  landing: 0.023098918609321117
  view-data: 0.2238221876323223
