times:
  edit-metadata: 1.932170506566763
  landing: 0.020615607500076294
  view-data: 0.3273702096194029
