times:
  edit-metadata: 1.8242099648341537
  landing: 0.16965660918504
  view-data: 0.1190798431634903
