times:
  edit-metadata: 1.974897651001811
  landing: 0.1920988094061613
  view-data: 0.026059936732053757
