times:
  edit-metadata: 2.288168603554368
  landing: 0.23185927234590054
  view-data: 0.39591044560074806
