times:
  edit-metadata: 0.9334977809339762
  landing: 0.07365175010636449
  view-data: 0.22631988627836108
