times:
  edit-metadata: 0.9856602340005338
  landing: 0.047041898127645254
  view-data: 0.32511991122737527
