times:
  edit-metadata: 1.6877868082374334
  landing: 0.022600315511226654
  view-data: 0.09672248363494873
