times:
  edit-metadata: 1.1576377698220313
  landing: 0.049255351070314646
  view-data: 0.3632382331416011
