times:
  edit-metadata: 1.8319586552679539
  landing: 0.12930075079202652
  view-data: 0.3158436603844166
