times:
  edit-metadata: 2.7565366104245186
  landing: 0.3183055240660906
  view-data: 0.13101640716195107
