times:
  edit-metadata: 1.7707459796220064
  landing: 0.21051948703825474
  view-data: 0.35664205998182297
