times:
  edit-metadata: 1.8150430750101805
  landing: 0.10007186233997345
  view-data: 0.3841409031301737
