times:
  edit-metadata: 1.7577874585986137
  landing: 0.019856445491313934
  view-data: 0.1202575508505106
