times:
  edit-metadata: 1.8770944755524397
  landing: 0.13385746255517006
  view-data: 0.023634783923625946
