times:
  edit-metadata: 1.141377930995077
  landing: 0.14139985386282206
  view-data: 0.2214073110371828
