times:
  edit-metadata: 1.7688432559370995
  landing: 0.1387126548215747
  view-data: 0.1306992480531335
