times:
  edit-metadata: 2.1089667435735464
  landing: 0.34105553664267063
  view-data: 0.465312235057354
