times:
  edit-metadata: 0.8469284088350832
  landing: 0.05926244659349322
  view-data: 0.2243517697788775
