times:
  edit-metadata: 1.8767788633704185
  landing: 0.022702902555465698
  view-data: 0.12770556285977364
