times:
  edit-metadata: 2.2874783892184496
  landing: 0.019927188754081726
  view-data: 0.3572888411581516
