times:
  edit-metadata: 2.310361260548234
  landing: 0.020896069705486298
  view-data: 0.43222311325371265
