times:
  edit-metadata: 1.8736393637955189
  landing: 0.02138838730752468
  view-data: 0.025921089574694633
