times:
  edit-metadata: 1.7795835733413696
  landing: 0.019002769142389297
  view-data: 0.1349771935492754
