times:
  edit-metadata: 1.748228905722499
  landing: 0.022985924035310745
  view-data: 0.027825219556689262
