times:
  edit-metadata: 1.7623814418911934
  landing: 0.12433494813740253
  view-data: 0.2306706551462412
