times:
  edit-metadata: 1.9755917377769947
  landing: 0.2423296608030796
  view-data: 0.024614233523607254
