times:
  edit-metadata: 1.8147997930645943
  landing: 0.19917087350040674
  view-data: 0.22480286844074726
