times:
  edit-metadata: 2.182623764500022
  landing: 0.02962704747915268
  view-data: 0.3406313080340624
