times:
  edit-metadata: 1.7425474915653467
  landing: 0.18487956561148167
  view-data: 0.023021217435598373
