times:
  edit-metadata: 3.925476839998737
  landing: 0.40653351100627333
  view-data: 0.2615522110136226
