times:
  edit-metadata: 2.079808320850134
  landing: 0.23518966510891914
  view-data: 0.32618526369333267
