times:
  edit-metadata: 1.7542189992964268
  landing: 0.12846368551254272
  view-data: 0.026570606976747513
