times:
  edit-metadata: 1.9884512722492218
  landing: 0.22362690046429634
  view-data: 0.500183017924428
