times:
  edit-metadata: 1.1023152703419328
  landing: 0.14273618580773473
  view-data: 0.33706515980884433
