times:
  edit-metadata: 1.9043239150196314
  landing: 0.2373437136411667
  view-data: 0.36249864660203457
