times:
  edit-metadata: 1.7343813916668296
  landing: 0.2315836613997817
  view-data: 0.2796385195106268
