times:
  edit-metadata: 1.8217499665915966
  landing: 0.019554441794753075
  view-data: 0.14525418356060982
