times:
  edit-metadata: 2.0022200010716915
  landing: 0.16894069500267506
  view-data: 0.36857149563729763
