times:
  edit-metadata: 0.8601296129636467
  landing: 0.047094329725950956
  view-data: 0.2340548108331859
