times:
  edit-metadata: 1.7891439907252789
  landing: 0.021795792505145073
  view-data: 0.026362672448158264
