times:
  edit-metadata: 2.2183398604393005
  landing: 0.30911417119205
  view-data: 0.20498338900506496
