times:
  edit-metadata: 1.9920985978096724
  landing: 0.17945705819875002
  view-data: 0.11724287364631891
