times:
  edit-metadata: 1.2887947759591043
  landing: 0.10094814701005816
  view-data: 0.3295636149123311
