times:
  edit-metadata: 1.774142898619175
  landing: 0.02099747583270073
  view-data: 0.13484050519764423
