times:
  edit-metadata: 1.8474252633750439
  landing: 0.020166728645563126
  view-data: 0.024389248341321945
