times:
  edit-metadata: 2.3573694843798876
  landing: 0.4345500087365508
  view-data: 0.12840234395116568
