times:
  edit-metadata: 2.093387719243765
  landing: 0.15102996863424778
  view-data: 0.0590782780200243
