times:
  edit-metadata: 1.897159312851727
  landing: 0.01839958969503641
  view-data: 0.024268190376460552
