times:
  edit-metadata: 1.7289467751979828
  landing: 0.019496098160743713
  view-data: 0.027885431423783302
