times:
  edit-metadata: 1.9790607951581478
  landing: 0.12624857760965824
  view-data: 0.1394287720322609
