times:
  edit-metadata: 2.175022669136524
  landing: 0.47391059063374996
  view-data: 0.3176919873803854
