times:
  edit-metadata: 1.8621212672442198
  landing: 0.1307019665837288
  view-data: 0.23463749140501022
