times:
  edit-metadata: 1.8857466522604227
  landing: 0.020660409703850746
  view-data: 0.3317868076264858
