times:
  edit-metadata: 1.7523132367059588
  landing: 0.1272239349782467
  view-data: 0.29833000153303146
