times:
  edit-metadata: 1.8006513128057122
  landing: 0.17745525389909744
  view-data: 0.1410205950960517
