times:
  edit-metadata: 1.0017641982994974
  landing: 0.04495435394346714
  view-data: 0.23736863723024726
