times:
  edit-metadata: 2.100744217634201
  landing: 0.018961496651172638
  view-data: 0.3423943091183901
