times:
  edit-metadata: 1.8072392735630274
  landing: 0.018846066668629646
  view-data: 0.36807171255350113
