times:
  edit-metadata: 1.817697199061513
  landing: 0.13028267864137888
  view-data: 0.02321074903011322
