times:
  edit-metadata: 1.820038914680481
  landing: 0.12229028530418873
  view-data: 0.141489889472723
