times:
  edit-metadata: 1.843443749472499
  landing: 0.020626718178391457
  view-data: 0.02686803787946701
