times:
  edit-metadata: 1.8314912365749478
  landing: 0.3079000301659107
  view-data: 0.4083522008731961
