times:
  edit-metadata: 1.873110419139266
  landing: 0.02401612512767315
  view-data: 0.02528160810470581
