times:
  edit-metadata: 1.8139678370207548
  landing: 0.24856876768171787
  view-data: 0.026248784735798836
