times:
  edit-metadata: 1.8006779961287975
  landing: 0.02369171380996704
  view-data: 0.32913780584931374
