times:
  edit-metadata: 1.7596917413175106
  landing: 0.02868546172976494
  view-data: 0.12062969617545605
