times:
  edit-metadata: 1.9920515101402998
  landing: 0.02120285853743553
  view-data: 0.02595031075179577
