times:
  edit-metadata: 1.7983773574233055
  landing: 0.023131759837269783
  view-data: 0.027238331735134125
