times:
  edit-metadata: 2.153528816998005
  landing: 0.028953779488801956
  view-data: 0.24103455245494843
