times:
  edit-metadata: 1.9036193024367094
  landing: 0.2096326183527708
  view-data: 0.024424487724900246
