times:
  edit-metadata: 1.7605018196627498
  landing: 0.0248178755864501
  view-data: 0.02366349659860134
