times:
  edit-metadata: 1.971969410777092
  landing: 0.019939301535487175
  view-data: 0.3171043246984482
