times:
  edit-metadata: 2.099056474864483
  landing: 0.2625616267323494
  view-data: 0.054847477003932
