times:
  edit-metadata: 2.0561656206846237
  landing: 0.2806370798498392
  view-data: 0.287191828712821
