times:
  edit-metadata: 1.7569417040795088
  landing: 0.021736502647399902
  view-data: 0.30467247776687145
