times:
  edit-metadata: 1.1337767979130149
  landing: 0.11052350606769323
  view-data: 0.23724984098225832
