times:
  edit-metadata: 2.122221812605858
  landing: 0.3554663062095642
  view-data: 0.0645569134503603
