times:
  edit-metadata: 1.8473401796072721
  landing: 0.01940889935940504
  view-data: 0.026707983575761318
