times:
  edit-metadata: 2.186862563714385
  landing: 0.1557857021689415
  view-data: 0.14930713921785355
