times:
  edit-metadata: 1.8629555646330118
  landing: 0.1307583451271057
  view-data: 0.30417116172611713
