times:
  edit-metadata: 1.8657778073102236
  landing: 0.11665136367082596
  view-data: 0.2933576460927725
