times:
  edit-metadata: 1.734043131582439
  landing: 0.022091703489422798
  view-data: 0.40175847616046667
