times:
  edit-metadata: 1.8151658102869987
  landing: 0.021910404786467552
  view-data: 0.026207705959677696
