times:
  edit-metadata: 0.8373827389441431
  landing: 0.05244927201420069
  view-data: 0.2277603419497609
