times:
  edit-metadata: 1.8200262524187565
  landing: 0.021664394065737724
  view-data: 0.024088216945528984
