times:
  edit-metadata: 1.7118845162913203
  landing: 0.20940606202930212
  view-data: 0.34966772608458996
