times:
  edit-metadata: 1.730044137686491
  landing: 0.022091783583164215
  view-data: 0.024356186389923096
