times:
  edit-metadata: 1.8099134024232626
  landing: 0.021211784332990646
  view-data: 0.031768182292580605
