times:
  edit-metadata: 1.9234406873583794
  landing: 0.26696384139359
  view-data: 0.38339822366833687
