times:
  edit-metadata: 2.1392495930194855
  landing: 0.022559072822332382
  view-data: 0.3534870147705078
