times:
  edit-metadata: 2.009061338379979
  landing: 0.021566219627857208
  view-data: 0.13987517543137074
