times:
  edit-metadata: 1.8617437817156315
  landing: 0.022187773138284683
  view-data: 0.02695898711681366
