times:
  edit-metadata: 1.9611309841275215
  landing: 0.1309923343360424
  view-data: 0.026750488206744194
