times:
  edit-metadata: 1.7812653090804815
  landing: 0.019537584856152534
  view-data: 0.024244751781225204
