times:
  edit-metadata: 0.8461090070195496
  landing: 0.04482387425377965
  view-data: 0.2224956271238625
