times:
  edit-metadata: 1.9602679796516895
  landing: 0.021582359448075294
  view-data: 0.35283600352704525
