times:
  edit-metadata: 1.8752387780696154
  landing: 0.019876644015312195
  view-data: 0.13059303537011147
