times:
  edit-metadata: 2.0267743952572346
  landing: 0.2167970035225153
  view-data: 0.4101473316550255
