times:
  edit-metadata: 1.8076735204085708
  landing: 0.1959224035963416
  view-data: 0.23321069683879614
