times:
  edit-metadata: 2.0938487481325865
  landing: 0.020360488444566727
  view-data: 0.26818794198334217
