times:
  edit-metadata: 1.8201703857630491
  landing: 0.02297314815223217
  view-data: 0.026533497497439384
