times:
  edit-metadata: 1.815354036167264
  landing: 0.019650589674711227
  view-data: 0.025903169997036457
