times:
  edit-metadata: 1.8278789706528187
  landing: 0.02235686033964157
  view-data: 0.17168613336980343
