times:
  edit-metadata: 1.0755871911533177
  landing: 0.07195951277390122
  view-data: 0.2316975682042539
