times:
  edit-metadata: 1.71789544634521
  landing: 0.21198679879307747
  view-data: 0.12076702062040567
