times:
  edit-metadata: 1.7480194959789515
  landing: 0.019110631197690964
  view-data: 0.026746606454253197
