times:
  edit-metadata: 1.799886155873537
  landing: 0.11744271405041218
  view-data: 0.023831548169255257
