times:
  edit-metadata: 1.1614462616853416
  landing: 0.042266194242984056
  view-data: 0.23142209416255355
