times:
  edit-metadata: 1.099194558802992
  landing: 0.04570319689810276
  view-data: 0.3569746050052345
