times:
  edit-metadata: 1.1651761862449348
  landing: 0.11491042701527476
  view-data: 0.3808921566233039
