times:
  edit-metadata: 1.8303005769848824
  landing: 0.11515350826084614
  view-data: 0.02628285437822342
