times:
  edit-metadata: 1.9512785552069545
  landing: 0.01860575657337904
  view-data: 0.045221117325127125
