times:
  edit-metadata: 0.8748093121685088
  landing: 0.04947529220953584
  view-data: 0.22180734016001225
