times:
  edit-metadata: 1.8214122373610735
  landing: 0.10267790965735912
  view-data: 0.12477661855518818
