times:
  edit-metadata: 1.8722159080207348
  landing: 0.020791325718164444
  view-data: 0.32470957189798355
