times:
  edit-metadata: 2.3095716424286366
  landing: 0.2291744165122509
  view-data: 0.05912191979587078
