times:
  edit-metadata: 1.774440087378025
  landing: 0.021358376368880272
  view-data: 0.02370573580265045
