times:
  edit-metadata: 2.594796685501933
  landing: 0.29959728568792343
  view-data: 0.45718233846127987
