times:
  edit-metadata: 1.8239656370133162
  landing: 0.01926020160317421
  view-data: 0.10019499808549881
