times:
  edit-metadata: 2.0899814032018185
  landing: 0.23368660360574722
  view-data: 0.027798622846603394
