times:
  edit-metadata: 1.8485756320878863
  landing: 0.2211720598861575
  view-data: 0.35489525739103556
