times:
  edit-metadata: 2.1268524695187807
  landing: 0.23988073877990246
  view-data: 0.3440047837793827
