times:
  edit-metadata: 0.9647041629068553
  landing: 0.06923027336597443
  view-data: 0.2949427510611713
