times:
  edit-metadata: 1.8570567481219769
  landing: 0.020230690017342567
  view-data: 0.02770473249256611
