times:
  edit-metadata: 1.8552821539342403
  landing: 0.020678897388279438
  view-data: 0.02288805227726698
