times:
  edit-metadata: 1.8164986856281757
  landing: 0.21345586515963078
  view-data: 0.12188157998025417
