times:
  edit-metadata: 1.7674110531806946
  landing: 0.02132444456219673
  view-data: 0.2696980405598879
