times:
  edit-metadata: 1.7952279299497604
  landing: 0.01895807683467865
  view-data: 0.12275510653853416
