times:
  edit-metadata: 1.9357991870492697
  landing: 0.020958414301276207
  view-data: 0.023471059277653694
