times:
  edit-metadata: 2.0684305652976036
  landing: 0.02437273971736431
  view-data: 0.3149946592748165
