times:
  edit-metadata: 1.7675993274897337
  landing: 0.12356690503656864
  view-data: 0.02533883973956108
