times:
  edit-metadata: 1.0668899370357394
  landing: 0.0784874651581049
  view-data: 0.2359681730158627
