times:
  edit-metadata: 1.8544509876519442
  landing: 0.021192681044340134
  view-data: 0.1466372348368168
