times:
  edit-metadata: 1.995572540909052
  landing: 0.2659077364951372
  view-data: 0.14164024032652378
