times:
  edit-metadata: 0.955206657294184
  landing: 0.09611106803640723
  view-data: 0.25679527781903744
