times:
  edit-metadata: 1.7990638557821512
  landing: 0.019644182175397873
  view-data: 0.1274012252688408
