times:
  edit-metadata: 1.7939290795475245
  landing: 0.020498251542448997
  view-data: 0.2762061171233654
