times:
  edit-metadata: 0.8687130613252521
  landing: 0.05226508202031255
  view-data: 0.22106723533943295
