times:
  edit-metadata: 1.0440050289034843
  landing: 0.04827318573370576
  view-data: 0.32825250597670674
