times:
  edit-metadata: 1.2091611800715327
  landing: 0.08621805207803845
  view-data: 0.33720145793631673
