times:
  edit-metadata: 2.7200435362756252
  landing: 0.19047726690769196
  view-data: 0.41701147705316544
