times:
  edit-metadata: 1.767493961378932
  landing: 0.11617741733789444
  view-data: 0.3136767987161875
