times:
  edit-metadata: 1.800548154860735
  landing: 0.021404216066002846
  view-data: 0.12391830421984196
