times:
  edit-metadata: 1.83622538857162
  landing: 0.14589199796319008
  view-data: 0.027870992198586464
