times:
  edit-metadata: 2.056159395724535
  landing: 0.16962776891887188
  view-data: 0.19115715846419334
