times:
  edit-metadata: 1.7656543338671327
  landing: 0.188794469460845
  view-data: 0.4511022614315152
