times:
  edit-metadata: 1.9209220968186855
  landing: 0.02080882340669632
  view-data: 0.3246762380003929
