times:
  edit-metadata: 1.844475757330656
  landing: 0.02600611373782158
  view-data: 0.12289595976471901
