times:
  edit-metadata: 1.8092959802597761
  landing: 0.13207570277154446
  view-data: 0.3080497980117798
