times:
  edit-metadata: 2.144946001470089
  landing: 0.01866060309112072
  view-data: 0.15822569467127323
