times:
  edit-metadata: 0.9454923490993679
  landing: 0.10066770296543837
  view-data: 0.2340062321163714
