times:
  edit-metadata: 1.8302203975617886
  landing: 0.2069553593173623
  view-data: 0.023257650434970856
