times:
  edit-metadata: 0.8379533267579973
  landing: 0.049223959911614656
  view-data: 0.21220733411610126
