times:
  edit-metadata: 2.5528264734894037
  landing: 0.0243049468845129
  view-data: 0.2884042803198099
