times:
  edit-metadata: 2.4819606952369213
  landing: 0.01991315744817257
  view-data: 0.025341570377349854
