times:
  edit-metadata: 2.648740641772747
  landing: 0.11303757503628731
  view-data: 0.12196687236428261
