times:
  edit-metadata: 3.0985628310590982
  landing: 0.28160979226231575
  view-data: 0.39533571153879166
