times:
  edit-metadata: 2.5236268881708384
  landing: 0.019078539684414864
  view-data: 0.023553431034088135
