times:
  edit-metadata: 2.7546276673674583
  landing: 0.02070663310587406
  view-data: 0.13815300911664963
