times:
  edit-metadata: 2.5136045645922422
  landing: 0.01994207501411438
  view-data: 0.13897838443517685
