times:
  edit-metadata: 2.5534934774041176
  landing: 0.0194495040923357
  view-data: 0.02305269055068493
