times:
  edit-metadata: 2.761070491746068
  landing: 0.02166975475847721
  view-data: 0.025154275819659233
