times:
  edit-metadata: 2.7138573452830315
  landing: 0.02018137462437153
  view-data: 0.023994481191039085
