times:
  edit-metadata: 3.3604264948517084
  landing: 0.14971595257520676
  view-data: 0.15241153351962566
