times:
  edit-metadata: 2.917779492214322
  landing: 0.024498984217643738
  view-data: 0.37370351143181324
