times:
  edit-metadata: 2.4874182231724262
  landing: 0.020254405215382576
  view-data: 0.12492788583040237
