times:
  edit-metadata: 2.5126098915934563
  landing: 0.01982414908707142
  view-data: 0.3345580957829952
