times:
  edit-metadata: 2.2185497600585222
  landing: 0.022157748229801655
  view-data: 0.2468307102099061
