times:
  edit-metadata: 1.6659788386896253
  landing: 0.16861872700974345
  view-data: 0.3692694748751819
