times:
  edit-metadata: 3.236971804872155
  landing: 0.22399096749722958
  view-data: 0.5866571720689535
