times:
  edit-metadata: 2.2038023518398404
  landing: 0.020769615657627583
  view-data: 0.024296555668115616
