times:
  edit-metadata: 2.505228342488408
  landing: 0.04592621140182018
  view-data: 0.022937150672078133
