times:
  edit-metadata: 1.4867288968525827
  landing: 0.13829933060333133
  view-data: 0.25917491409927607
