times:
  edit-metadata: 2.361451756209135
  landing: 0.13262364733964205
  view-data: 0.2739363992586732
