times:
  edit-metadata: 2.855299960821867
  landing: 0.019124876707792282
  view-data: 0.14108425099402666
