times:
  edit-metadata: 2.4949953239411116
  landing: 0.21992131881415844
  view-data: 0.12658904120326042
