times:
  edit-metadata: 1.7053308999165893
  landing: 0.06047761673107743
  view-data: 0.4180307839997113
