times:
  edit-metadata: 2.5075421072542667
  landing: 0.019394133239984512
  view-data: 0.02394755184650421
