times:
  edit-metadata: 1.8310045097023249
  landing: 0.16727023804560304
  view-data: 0.31746705202385783
