times:
  edit-metadata: 2.589127816259861
  landing: 0.14657708071172237
  view-data: 0.10499222576618195
