times:
  edit-metadata: 2.8624642584472895
  landing: 0.020947160199284554
  view-data: 0.3377186022698879
