times:
  edit-metadata: 2.3673262177035213
  landing: 0.20550342835485935
  view-data: 0.2262092474848032
