times:
  edit-metadata: 2.4707770738750696
  landing: 0.13644898124039173
  view-data: 0.24737909715622663
