times:
  edit-metadata: 2.9085368616506457
  landing: 0.051140811294317245
  view-data: 0.1577319074422121
