times:
  edit-metadata: 2.413803673349321
  landing: 0.22850436344742775
  view-data: 0.4538043141365051
