times:
  edit-metadata: 2.69725981913507
  landing: 0.021761219948530197
  view-data: 0.1286081187427044
