times:
  edit-metadata: 1.4671816411428154
  landing: 0.08055797405540943
  view-data: 0.25111385295167565
