times:
  edit-metadata: 2.6656932570040226
  landing: 0.20381992682814598
  view-data: 0.35644931718707085
