times:
  edit-metadata: 2.5126563105732203
  landing: 0.18042241595685482
  view-data: 0.1284757535904646
