times:
  edit-metadata: 2.4357923474162817
  landing: 0.020518094301223755
  view-data: 0.10785136744379997
