times:
  edit-metadata: 2.4130854923278093
  landing: 0.09554919973015785
  view-data: 0.03017980232834816
