times:
  edit-metadata: 2.6010929523035884
  landing: 0.12013501953333616
  view-data: 0.2123297257348895
