times:
  edit-metadata: 2.3555367859080434
  landing: 0.020008990541100502
  view-data: 0.022637290880084038
