times:
  edit-metadata: 2.511752761900425
  landing: 0.11063498817384243
  view-data: 0.023218093439936638
