times:
  edit-metadata: 2.5438678674399853
  landing: 0.02379588410258293
  view-data: 0.025156941264867783
