times:
  edit-metadata: 3.2660610992461443
  landing: 0.31731198728084564
  view-data: 0.3997267484664917
