times:
  edit-metadata: 3.0681032948195934
  landing: 0.26817294023931026
  view-data: 0.3499980568885803
