times:
  edit-metadata: 1.5181483919732273
  landing: 0.06686024321243167
  view-data: 0.2515430310741067
