times:
  edit-metadata: 3.12042030505836
  landing: 0.16891918890178204
  view-data: 0.4318911097943783
