times:
  edit-metadata: 2.1675043599680066
  landing: 0.01975234691053629
  view-data: 0.4092223923653364
