times:
  edit-metadata: 2.447877027094364
  landing: 0.0198998861014843
  view-data: 0.11979572102427483
