times:
  edit-metadata: 3.27121295966208
  landing: 0.2202144581824541
  view-data: 0.3710556160658598
