times:
  edit-metadata: 2.660439971834421
  landing: 0.0194220133125782
  view-data: 0.025058811530470848
