times:
  edit-metadata: 2.5602818224579096
  landing: 0.024792756885290146
  view-data: 0.1207813248038292
