times:
  edit-metadata: 2.549993524327874
  landing: 0.41246199794113636
  view-data: 0.023048315197229385
