times:
  edit-metadata: 2.576453097164631
  landing: 0.19837842136621475
  view-data: 0.14383473433554173
