times:
  edit-metadata: 1.87828578799963
  landing: 0.05579575477167964
  view-data: 0.3457457572221756
