times:
  edit-metadata: 1.4787259208969772
  landing: 0.06205557379871607
  view-data: 0.2925503929145634
