times:
  edit-metadata: 2.443710269406438
  landing: 0.021712271496653557
  view-data: 0.1391719914972782
