times:
  edit-metadata: 2.4509461810812354
  landing: 0.14942588843405247
  view-data: 0.2641644896939397
