times:
  edit-metadata: 2.4086393117904663
  landing: 0.02072402648627758
  view-data: 0.12363015674054623
