times:
  edit-metadata: 2.92706435918808
  landing: 0.24072083830833435
  view-data: 0.527143644168973
