times:
  edit-metadata: 1.9699285891838372
  landing: 0.11612645536661148
  view-data: 0.4431763840839267
