times:
  edit-metadata: 4.106575564015657
  landing: 0.2673093500197865
  view-data: 0.17052547499770299
