times:
  edit-metadata: 2.6550536938011646
  landing: 0.02318217046558857
  view-data: 0.02639825828373432
