times:
  edit-metadata: 1.7354111359454691
  landing: 0.0680368160828948
  view-data: 0.345082791056484
