times:
  edit-metadata: 2.2169744167476892
  landing: 0.021529588848352432
  view-data: 0.22283863835036755
