times:
  edit-metadata: 2.464498307555914
  landing: 0.022516459226608276
  view-data: 0.02471638098359108
