times:
  edit-metadata: 2.475046392530203
  landing: 0.02229081094264984
  view-data: 0.12144862115383148
