times:
  edit-metadata: 2.980735721066594
  landing: 0.1553835477679968
  view-data: 0.025631777942180634
