times:
  edit-metadata: 2.4096092069521546
  landing: 0.18520624469965696
  view-data: 0.09363865200430155
