times:
  edit-metadata: 1.8556612064130604
  landing: 0.11258745891973376
  view-data: 0.2904588868841529
