times:
  edit-metadata: 2.1769306575879455
  landing: 0.12342188600450754
  view-data: 0.024881474673748016
