times:
  edit-metadata: 2.385333579033613
  landing: 0.1256125746294856
  view-data: 0.4184229215607047
