times:
  edit-metadata: 1.4515616768039763
  landing: 0.058921005111187696
  view-data: 0.2696701977401972
