times:
  edit-metadata: 3.965938175097108
  landing: 0.3049948029220104
  view-data: 0.3713919576257467
