times:
  edit-metadata: 2.597640348598361
  landing: 0.12959940917789936
  view-data: 0.14153465069830418
