times:
  edit-metadata: 1.942225811071694
  landing: 0.20062625780701637
  view-data: 0.41477616084739566
