times:
  edit-metadata: 2.690680794417858
  landing: 0.022373564541339874
  view-data: 0.025611871853470802
