times:
  edit-metadata: 2.455503551289439
  landing: 0.02107401192188263
  view-data: 0.1321370266377926
