times:
  edit-metadata: 2.425646997988224
  landing: 0.021802354604005814
  view-data: 0.026288943365216255
