times:
  edit-metadata: 2.8149189855903387
  landing: 0.2561407592147589
  view-data: 0.02400493621826172
