times:
  edit-metadata: 3.3172246124595404
  landing: 0.026978226378560066
  view-data: 0.19539153575897217
