times:
  edit-metadata: 1.6717519639059901
  landing: 0.06214804435148835
  view-data: 0.2658992689102888
