times:
  edit-metadata: 2.5305793154984713
  landing: 0.022981557995080948
  view-data: 0.025357171893119812
