times:
  edit-metadata: 2.502289466559887
  landing: 0.022986391559243202
  view-data: 0.027238670736551285
