times:
  edit-metadata: 3.3369308821856976
  landing: 0.18365736305713654
  view-data: 0.14554426819086075
