times:
  edit-metadata: 1.7750037950463593
  landing: 0.0808188640512526
  view-data: 0.3869647169485688
