times:
  edit-metadata: 2.8994641304016113
  landing: 0.021990029141306877
  view-data: 0.4346083514392376
