times:
  edit-metadata: 3.0710130520164967
  landing: 0.021201731637120247
  view-data: 0.15209303982555866
