times:
  edit-metadata: 2.631946975365281
  landing: 0.1547289863228798
  view-data: 0.32734853960573673
