times:
  edit-metadata: 1.8616399043239653
  landing: 0.06760843517258763
  view-data: 0.5148760639131069
