times:
  edit-metadata: 2.4752475637942553
  landing: 0.019432084634900093
  view-data: 0.283625103533268
