times:
  edit-metadata: 2.445628894492984
  landing: 0.15507654007524252
  view-data: 0.24598116148263216
