times:
  edit-metadata: 1.6224273541010916
  landing: 0.12851207004860044
  view-data: 0.263671379070729
