times:
  edit-metadata: 2.4349635131657124
  landing: 0.019748283550143242
  view-data: 0.025521626695990562
