times:
  edit-metadata: 2.3594845263287425
  landing: 0.026725723408162594
  view-data: 0.1869305521249771
