times:
  edit-metadata: 2.9055671617388725
  landing: 0.22320276126265526
  view-data: 0.396909162402153
