times:
  edit-metadata: 2.5114661026746035
  landing: 0.23815442062914371
  view-data: 0.13826638460159302
