times:
  edit-metadata: 2.571979997679591
  landing: 0.1416176874190569
  view-data: 0.1411083433777094
