times:
  edit-metadata: 2.5792585350573063
  landing: 0.27806132659316063
  view-data: 0.39416238106787205
