times:
  edit-metadata: 2.6751472242176533
  landing: 0.14658318646252155
  view-data: 0.029837224632501602
