times:
  edit-metadata: 2.42621411010623
  landing: 0.12643866427242756
  view-data: 0.02474229782819748
