times:
  edit-metadata: 2.4885747730731964
  landing: 0.27274677716195583
  view-data: 0.17695921659469604
