times:
  edit-metadata: 2.4824891313910484
  landing: 0.020024394616484642
  view-data: 0.02338934876024723
