times:
  edit-metadata: 2.50033519230783
  landing: 0.0212627612054348
  view-data: 0.023714009672403336
