times:
  edit-metadata: 3.5928649343550205
  landing: 0.16226320527493954
  view-data: 0.15798978507518768
