times:
  edit-metadata: 2.8047477062791586
  landing: 0.23533636890351772
  view-data: 0.26760039292275906
