times:
  edit-metadata: 1.7656502788886428
  landing: 0.0735935471020639
  view-data: 0.25507913436740637
