times:
  edit-metadata: 2.4796640127897263
  landing: 0.1257833233103156
  view-data: 0.023974205367267132
