times:
  edit-metadata: 2.4044444262981415
  landing: 0.02187361940741539
  view-data: 0.02570423297584057
