times:
  edit-metadata: 3.132548712193966
  landing: 0.26558767817914486
  view-data: 0.2740483097732067
