times:
  edit-metadata: 2.513424728065729
  landing: 0.021136067807674408
  view-data: 0.1235216073691845
