times:
  edit-metadata: 2.465549929998815
  landing: 0.019026732072234154
  view-data: 0.024268141947686672
