times:
  edit-metadata: 2.2825433304533362
  landing: 0.18311895336955786
  view-data: 0.4038981683552265
