times:
  edit-metadata: 1.6736002648249269
  landing: 0.0586792160756886
  view-data: 0.27214451879262924
