times:
  edit-metadata: 2.529425349086523
  landing: 0.021258343011140823
  view-data: 0.12495438382029533
