times:
  edit-metadata: 2.426114421337843
  landing: 0.022485068067908287
  view-data: 0.2866016533225775
