times:
  edit-metadata: 2.5445035099983215
  landing: 0.02190188691020012
  view-data: 0.023524850606918335
