times:
  edit-metadata: 2.5126533955335617
  landing: 0.13587571121752262
  view-data: 0.029524877667427063
