times:
  edit-metadata: 1.826566593721509
  landing: 0.1704170829616487
  view-data: 0.41503107734024525
