times:
  edit-metadata: 3.316870830953121
  landing: 0.2821184005588293
  view-data: 0.1752190738916397
