times:
  edit-metadata: 2.6332438085228205
  landing: 0.20808284915983677
  view-data: 0.025269867852330208
