times:
  edit-metadata: 2.385055609047413
  landing: 0.12601289339363575
  view-data: 0.1327783651649952
