times:
  edit-metadata: 1.9480139818042517
  landing: 0.06534758675843477
  view-data: 0.269638751167804
