times:
  edit-metadata: 2.7659734841436148
  landing: 0.01907452754676342
  view-data: 0.3325448166579008
