times:
  edit-metadata: 1.4762058109045029
  landing: 0.07695584697648883
  view-data: 0.2627219217829406
