times:
  edit-metadata: 2.528832968324423
  landing: 0.14055168814957142
  view-data: 0.29390789195895195
