times:
  edit-metadata: 2.7942931707948446
  landing: 0.13026798330247402
  view-data: 0.1412630621343851
