times:
  edit-metadata: 2.5756116528064013
  landing: 0.022267958149313927
  view-data: 0.025864489376544952
