times:
  edit-metadata: 2.565456550568342
  landing: 0.021879181265830994
  view-data: 0.292576365172863
