times:
  edit-metadata: 2.6240119133144617
  landing: 0.021429546177387238
  view-data: 0.24272812716662884
