times:
  edit-metadata: 3.2502523958683014
  landing: 0.023639144375920296
  view-data: 0.16556541621685028
