times:
  edit-metadata: 2.4070380441844463
  landing: 0.018952254205942154
  view-data: 0.12418277189135551
