times:
  edit-metadata: 2.414621263742447
  landing: 0.02159135229885578
  view-data: 0.02675577998161316
