times:
  edit-metadata: 1.831151211168617
  landing: 0.054998413659632206
  view-data: 0.30754677997902036
