times:
  edit-metadata: 2.24207416549325
  landing: 0.018984723836183548
  view-data: 0.025491224601864815
