times:
  edit-metadata: 2.5113701801747084
  landing: 0.02148004062473774
  view-data: 0.02600182220339775
