times:
  edit-metadata: 2.7707317396998405
  landing: 0.050432462245225906
  view-data: 0.024738643318414688
