times:
  edit-metadata: 2.5464119352400303
  landing: 0.0209564957767725
  view-data: 0.27440587617456913
