times:
  edit-metadata: 2.5029651783406734
  landing: 0.1173586156219244
  view-data: 0.3377393428236246
