times:
  edit-metadata: 3.044194420799613
  landing: 0.24170641228556633
  view-data: 0.29772280901670456
