times:
  edit-metadata: 3.0444392897188663
  landing: 0.17102773115038872
  view-data: 0.17896817438304424
