times:
  edit-metadata: 3.5290614888072014
  landing: 0.33505753241479397
  view-data: 0.1470805611461401
