times:
  edit-metadata: 2.4318418372422457
  landing: 0.02217816561460495
  view-data: 0.12474541552364826
