times:
  edit-metadata: 2.5719273760914803
  landing: 0.11749929934740067
  view-data: 0.025003792718052864
