times:
  edit-metadata: 2.786792114377022
  landing: 0.020894503220915794
  view-data: 0.1517129559069872
