times:
  edit-metadata: 3.0198580734431744
  landing: 0.2837219201028347
  view-data: 0.1697305105626583
