times:
  edit-metadata: 3.0213760416954756
  landing: 0.28051475062966347
  view-data: 0.4331320524215698
