times:
  edit-metadata: 1.8074197978712618
  landing: 0.05827304581180215
  view-data: 0.4112469260580838
