times:
  edit-metadata: 2.4238661229610443
  landing: 0.021370943635702133
  view-data: 0.2734646908938885
