times:
  edit-metadata: 3.0735529828816652
  landing: 0.05288781225681305
  view-data: 0.3786328136920929
