times:
  edit-metadata: 2.4825639203190804
  landing: 0.021841196343302727
  view-data: 0.026021648198366165
