times:
  edit-metadata: 2.3509251913055778
  landing: 0.18641533516347408
  view-data: 0.21280204877257347
