times:
  edit-metadata: 2.421346642076969
  landing: 0.020604634657502174
  view-data: 0.02504005655646324
