times:
  edit-metadata: 1.6379252709448338
  landing: 0.07065531611442566
  view-data: 0.29080638010054827
