times:
  edit-metadata: 2.411494141444564
  landing: 0.15302100591361523
  view-data: 0.024004921317100525
