times:
  edit-metadata: 2.982829015702009
  landing: 0.23966512642800808
  view-data: 0.3448517769575119
