times:
  edit-metadata: 2.2457013726234436
  landing: 0.021629218012094498
  view-data: 0.11778195202350616
