times:
  edit-metadata: 1.4389829067513347
  landing: 0.06281349621713161
  view-data: 0.25768304197117686
