times:
  edit-metadata: 3.2270874567329884
  landing: 0.23767680674791336
  view-data: 0.3929810505360365
