times:
  edit-metadata: 1.8174431626684964
  landing: 0.09987215790897608
  view-data: 0.29054702119901776
