times:
  edit-metadata: 2.778784805908799
  landing: 0.24448642507195473
  view-data: 0.42937565967440605
