times:
  edit-metadata: 2.532435618340969
  landing: 0.021940110251307487
  view-data: 0.1369534134864807
