times:
  edit-metadata: 2.4315181812271476
  landing: 0.02039651945233345
  view-data: 0.32372463028877974
