times:
  edit-metadata: 2.5524442978203297
  landing: 0.020857185125350952
  view-data: 0.3246062360703945
