times:
  edit-metadata: 2.5396255664527416
  landing: 0.2068883404135704
  view-data: 0.38141292333602905
