times:
  edit-metadata: 2.527026256546378
  landing: 0.019893407821655273
  view-data: 0.02403031289577484
