times:
  edit-metadata: 2.4465356208384037
  landing: 0.02295740321278572
  view-data: 0.026772523298859596
