times:
  edit-metadata: 2.6054161256179214
  landing: 0.024929314851760864
  view-data: 0.024950888007879257
