times:
  edit-metadata: 2.4410671833902597
  landing: 0.022716496139764786
  view-data: 0.02524612471461296
