times:
  edit-metadata: 2.454931516200304
  landing: 0.019251719117164612
  view-data: 0.027989912778139114
