times:
  edit-metadata: 0.4697641469538212
  landing: 0.05030005797743797
  view-data: 0.22611153032630682
