times:
  edit-metadata: 0.4430152727290988
  landing: 0.045062960125505924
  view-data: 0.19676651805639267
