times:
  edit-metadata: 0.4499549400061369
  landing: 0.0415992122143507
  view-data: 0.22196023259311914
