times:
  edit-metadata: 0.4408524679020047
  landing: 0.05185858905315399
  view-data: 0.23861943325027823
