times:
  edit-metadata: 0.4492540480569005
  landing: 0.050627198070287704
  view-data: 0.21552475821226835
