times:
  edit-metadata: 0.46601103991270065
  landing: 0.046325956005603075
  view-data: 0.468647335190326
