times:
  edit-metadata: 0.4585466617718339
  landing: 0.04473232012242079
  view-data: 0.5836563929915428
