times:
  edit-metadata: 0.4430219237692654
  landing: 0.05084522534161806
  view-data: 0.3393159070983529
