times:
  edit-metadata: 0.4436531076207757
  landing: 0.052533929236233234
  view-data: 1.4823475806042552
