times:
  edit-metadata: 0.45361502189189196
  landing: 0.05398154119029641
  view-data: 0.2342847720719874
