times:
  edit-metadata: 1.7751262970268726
  landing: 0.1593600232154131
  view-data: 0.023910269141197205
