times:
  edit-metadata: 1.3301378227770329
  landing: 0.01967334933578968
  view-data: 0.3814043514430523
