times:
  edit-metadata: 1.3495114296674728
  landing: 0.02185370959341526
  view-data: 0.02685217745602131
