times:
  edit-metadata: 2.1630921280011535
  landing: 0.194491725997068
  view-data: 0.46980028800317086
