times:
  edit-metadata: 1.3626208864152431
  landing: 0.020685456693172455
  view-data: 0.02664109319448471
