times:
  edit-metadata: 1.496341835707426
  landing: 0.24415925703942776
  view-data: 0.1518075317144394
