times:
  edit-metadata: 0.5478718657977879
  landing: 0.05151557503268123
  view-data: 0.20859127677977085
