times:
  edit-metadata: 1.3287485912442207
  landing: 0.01954839937388897
  view-data: 0.2883088253438473
