times:
  edit-metadata: 1.4065550155937672
  landing: 0.019023701548576355
  view-data: 0.14250212721526623
