times:
  edit-metadata: 0.49489987827837467
  landing: 0.06863988656550646
  view-data: 0.2016735658980906
