times:
  edit-metadata: 0.6496212119236588
  landing: 0.07859644200652838
  view-data: 0.2166990558616817
