times:
  edit-metadata: 0.5364539469592273
  landing: 0.054705834947526455
  view-data: 0.20964017510414124
