times:
  edit-metadata: 1.969424068927765
  landing: 0.2877847645431757
  view-data: 0.38982804119586945
