times:
  edit-metadata: 1.5655099172145128
  landing: 0.23787832632660866
  view-data: 0.024090850725769997
