times:
  edit-metadata: 1.376479453407228
  landing: 0.19312761537730694
  view-data: 0.19785855151712894
