times:
  edit-metadata: 1.472990384325385
  landing: 0.1955385059118271
  view-data: 0.25821564719080925
