times:
  edit-metadata: 1.3605866748839617
  landing: 0.09416916035115719
  view-data: 0.32882535085082054
