times:
  edit-metadata: 1.3526041861623526
  landing: 0.021199921146035194
  view-data: 0.050312163308262825
