times:
  edit-metadata: 2.8438270268961787
  landing: 0.21190334111452103
  view-data: 0.5103396410122514
