times:
  edit-metadata: 1.344201823696494
  landing: 0.01948608085513115
  view-data: 0.3078173156827688
