times:
  edit-metadata: 1.3083456326276064
  landing: 0.02492514532059431
  view-data: 0.46084021776914597
