times:
  edit-metadata: 1.273945246823132
  landing: 0.021194717846810818
  view-data: 0.11735356599092484
