times:
  edit-metadata: 1.4482544735074043
  landing: 0.2545126099139452
  view-data: 0.41436299681663513
