times:
  edit-metadata: 1.4235789235681295
  landing: 0.18265650421380997
  view-data: 0.1354569997638464
