times:
  edit-metadata: 0.7269702921621501
  landing: 0.08719167485833168
  view-data: 0.25366533268243074
