times:
  edit-metadata: 0.4747208086773753
  landing: 0.07741024624556303
  view-data: 0.21183401020243764
