times:
  edit-metadata: 1.4304910255596042
  landing: 0.23958678543567657
  view-data: 0.3806249285116792
