times:
  edit-metadata: 1.4610448218882084
  landing: 0.20519953593611717
  view-data: 0.026992782950401306
