times:
  edit-metadata: 0.5732326470315456
  landing: 0.04261832218617201
  view-data: 0.21148170623928308
