times:
  edit-metadata: 1.373161206021905
  landing: 0.21480032615363598
  view-data: 0.12850340083241463
