times:
  edit-metadata: 1.442352962680161
  landing: 0.14910855703055859
  view-data: 0.024075918830931187
