times:
  edit-metadata: 1.5919592753052711
  landing: 0.2533018086105585
  view-data: 0.20812607929110527
