times:
  edit-metadata: 1.3841528128832579
  landing: 0.13503112271428108
  view-data: 0.32818986289203167
