times:
  edit-metadata: 1.4300461057573557
  landing: 0.2671429645270109
  view-data: 0.09656608663499355
