times:
  edit-metadata: 1.7040481436997652
  landing: 0.23267132230103016
  view-data: 0.1618897020816803
