times:
  edit-metadata: 1.4455458130687475
  landing: 0.01965922862291336
  view-data: 0.3184722401201725
