times:
  edit-metadata: 1.3818310406059027
  landing: 0.1304412316530943
  view-data: 0.32613986544311047
