times:
  edit-metadata: 0.4690828248858452
  landing: 0.05424082186073065
  view-data: 0.22665788000449538
