times:
  edit-metadata: 0.5735472626984119
  landing: 0.12697199871763587
  view-data: 0.21024624584242702
