times:
  edit-metadata: 1.3572362530976534
  landing: 0.019839132204651833
  view-data: 0.04707990400493145
