times:
  edit-metadata: 0.5671319700777531
  landing: 0.04380560806021094
  view-data: 0.5032468866556883
