times:
  edit-metadata: 1.5017945989966393
  landing: 0.021778536960482597
  view-data: 0.025097792968153954
