times:
  edit-metadata: 1.6406165640801191
  landing: 0.02145860344171524
  view-data: 0.4036267567425966
