times:
  edit-metadata: 1.2831761268898845
  landing: 0.02127421833574772
  view-data: 0.02556817512959242
