times:
  edit-metadata: 1.3527504336088896
  landing: 0.022001095116138458
  view-data: 0.0277405958622694
