times:
  edit-metadata: 1.740206679329276
  landing: 0.15247346460819244
  view-data: 0.41334747709333897
