times:
  edit-metadata: 1.341024935245514
  landing: 0.02104734443128109
  view-data: 0.1277536302804947
