times:
  edit-metadata: 1.4135932996869087
  landing: 0.024073803797364235
  view-data: 0.1400683131068945
