times:
  edit-metadata: 1.6142532490193844
  landing: 0.2077321521937847
  view-data: 0.15464127995073795
