times:
  edit-metadata: 0.5428526876494288
  landing: 0.04598064627498388
  view-data: 0.22016165498644114
