times:
  edit-metadata: 0.5413580369204283
  landing: 0.044199054595083
  view-data: 0.21432524966076016
