times:
  edit-metadata: 1.7983557023108006
  landing: 0.25498704984784126
  view-data: 0.49146092496812344
