times:
  edit-metadata: 1.3078359887003899
  landing: 0.018940990790724754
  view-data: 0.022587565705180168
