times:
  edit-metadata: 1.496071713976562
  landing: 0.25632971059530973
  view-data: 0.46684598829597235
