times:
  edit-metadata: 1.3200688771903515
  landing: 0.21514743752777576
  view-data: 0.023977085947990417
