times:
  edit-metadata: 1.3586423508822918
  landing: 0.020478302612900734
  view-data: 0.0255214162170887
