times:
  edit-metadata: 1.7774702366441488
  landing: 0.28892200998961926
  view-data: 0.4924861006438732
