times:
  edit-metadata: 1.6164278630167246
  landing: 0.022508680820465088
  view-data: 0.5741927307099104
