times:
  edit-metadata: 1.352417292073369
  landing: 0.13447429426014423
  view-data: 0.022282563149929047
