times:
  edit-metadata: 0.7237267452292144
  landing: 0.06799937970936298
  view-data: 0.2714775372296572
