times:
  edit-metadata: 0.49513251101598144
  landing: 0.044914173893630505
  view-data: 0.21257135830819607
