times:
  edit-metadata: 1.2909327074885368
  landing: 0.019524291157722473
  view-data: 0.027213480323553085
