times:
  edit-metadata: 1.4172400794923306
  landing: 0.15486434288322926
  view-data: 0.16924351453781128
