times:
  edit-metadata: 1.4004994751885533
  landing: 0.020365317352116108
  view-data: 0.48853937070816755
