times:
  edit-metadata: 1.2750495793297887
  landing: 0.0210103215649724
  view-data: 0.02715261932462454
