times:
  edit-metadata: 2.027333751320839
  landing: 0.1643983107060194
  view-data: 0.23123632930219173
