times:
  edit-metadata: 1.6770820263773203
  landing: 0.01937863789498806
  view-data: 0.02503085322678089
