times:
  edit-metadata: 1.451478123664856
  landing: 0.27221689000725746
  view-data: 0.030787019059062004
