times:
  edit-metadata: 1.3235271079465747
  landing: 0.12428989820182323
  view-data: 0.02366458624601364
