times:
  edit-metadata: 1.7853980278596282
  landing: 0.1403891034424305
  view-data: 0.022380654700100422
