times:
  edit-metadata: 1.5672288984060287
  landing: 0.3368126470595598
  view-data: 0.48955667950212955
