times:
  edit-metadata: 1.3673765361309052
  landing: 0.02137649804353714
  view-data: 0.2371138408780098
