times:
  edit-metadata: 1.3310371190309525
  landing: 0.019183659926056862
  view-data: 0.3225615881383419
