times:
  edit-metadata: 1.3208973743021488
  landing: 0.021508073434233665
  view-data: 0.024974610656499863
