times:
  edit-metadata: 1.3267542347311974
  landing: 0.017756730318069458
  view-data: 0.026113703846931458
