times:
  edit-metadata: 1.5985038541257381
  landing: 0.01981346309185028
  view-data: 0.5031924229115248
