times:
  edit-metadata: 0.48130904603749514
  landing: 0.04385979287326336
  view-data: 0.2145885219797492
