times:
  edit-metadata: 1.3629622785374522
  landing: 0.018591699190437794
  view-data: 0.1383584076538682
