times:
  edit-metadata: 1.4157409723848104
  landing: 0.021468287333846092
  view-data: 0.1418663952499628
