times:
  edit-metadata: 1.6019444596022367
  landing: 0.02441045641899109
  view-data: 0.15185615234076977
