times:
  edit-metadata: 1.3894584979861975
  landing: 0.02388138137757778
  view-data: 0.02641855739057064
