times:
  edit-metadata: 1.3739791363477707
  landing: 0.028265155851840973
  view-data: 0.027419188991189003
