times:
  edit-metadata: 1.5242965389043093
  landing: 0.025183480232954025
  view-data: 0.31398111395537853
