times:
  edit-metadata: 0.5242301509715617
  landing: 0.04834083002060652
  view-data: 0.2923911018297076
