times:
  edit-metadata: 1.4564419789239764
  landing: 0.19960442371666431
  view-data: 0.1305526215583086
