times:
  edit-metadata: 1.3556826077401638
  landing: 0.14224622398614883
  view-data: 0.02552025206387043
