times:
  edit-metadata: 1.2830199981108308
  landing: 0.01964777708053589
  view-data: 0.13079131860285997
