times:
  edit-metadata: 1.3351703118532896
  landing: 0.23006069473922253
  view-data: 0.02418667823076248
