times:
  edit-metadata: 1.5985346175730228
  landing: 0.23366259038448334
  view-data: 0.053956080228090286
