times:
  edit-metadata: 1.4308375734835863
  landing: 0.3457251023501158
  view-data: 0.17774835787713528
