times:
  edit-metadata: 1.4668124113231897
  landing: 0.25105505529791117
  view-data: 0.30012530367821455
