times:
  edit-metadata: 1.3586094230413437
  landing: 0.024076709523797035
  view-data: 0.3096141628921032
