times:
  edit-metadata: 1.7565654590725899
  landing: 0.3198870439082384
  view-data: 0.19281884655356407
