times:
  edit-metadata: 1.38442019559443
  landing: 0.020339513197541237
  view-data: 0.02828991413116455
