times:
  edit-metadata: 1.389492629095912
  landing: 0.02209487184882164
  view-data: 0.02794092707335949
