times:
  edit-metadata: 1.7425274681299925
  landing: 0.1594938300549984
  view-data: 0.12596296146512032
