times:
  edit-metadata: 1.7493702750653028
  landing: 0.17834371514618397
  view-data: 0.4638387914747
