times:
  edit-metadata: 1.3719955887645483
  landing: 0.14284011721611023
  view-data: 0.28468216210603714
