times:
  edit-metadata: 1.3582097887992859
  landing: 0.019274198450148106
  view-data: 0.10122559312731028
