times:
  edit-metadata: 2.152340685017407
  landing: 0.288498449139297
  view-data: 0.028517143800854683
