times:
  edit-metadata: 1.3658108655363321
  landing: 0.11936431378126144
  view-data: 0.21810376830399036
