times:
  edit-metadata: 0.5468184151686728
  landing: 0.046513760928064585
  view-data: 0.20712879905477166
