times:
  edit-metadata: 1.3943482916802168
  landing: 0.16672974545508623
  view-data: 0.24055725149810314
