times:
  edit-metadata: 1.268863022327423
  landing: 0.02118542231619358
  view-data: 0.11804112233221531
