times:
  edit-metadata: 1.3663195688277483
  landing: 0.021984667517244816
  view-data: 0.02445902768522501
