times:
  edit-metadata: 0.6003291099332273
  landing: 0.04062999505549669
  view-data: 0.20691227866336703
