times:
  edit-metadata: 1.436240028589964
  landing: 0.02359039895236492
  view-data: 0.34869321808218956
