times:
  edit-metadata: 1.4524623537436128
  landing: 0.18811250571161509
  view-data: 0.1372208259999752
