times:
  edit-metadata: 1.7629396189004183
  landing: 0.021235782653093338
  view-data: 0.311955526471138
