times:
  edit-metadata: 1.4919125903397799
  landing: 0.022598180919885635
  view-data: 0.33043923042714596
