times:
  edit-metadata: 1.3449584133923054
  landing: 0.023310504853725433
  view-data: 0.30243237502872944
