times:
  edit-metadata: 1.4529747804626822
  landing: 0.13104160781949759
  view-data: 0.2938978811725974
