times:
  edit-metadata: 1.4137519095093012
  landing: 0.021063167601823807
  view-data: 0.33694107830524445
