times:
  edit-metadata: 1.6911689843982458
  landing: 0.24821378476917744
  view-data: 0.15413249842822552
