times:
  edit-metadata: 1.332532286643982
  landing: 0.021014073863625526
  view-data: 0.026600565761327744
