times:
  edit-metadata: 1.3851801976561546
  landing: 0.13428955525159836
  view-data: 0.026427412405610085
