times:
  edit-metadata: 1.4405392166227102
  landing: 0.1316106580197811
  view-data: 0.024347936734557152
