times:
  edit-metadata: 1.4335691016167402
  landing: 0.1476043350994587
  view-data: 0.14257310144603252
