times:
  edit-metadata: 0.7701098751276731
  landing: 0.040586096700280905
  view-data: 0.2631728481501341
