times:
  edit-metadata: 1.307018544524908
  landing: 0.020766474306583405
  view-data: 0.28083848394453526
