times:
  edit-metadata: 1.4380605602636933
  landing: 0.14383239578455687
  view-data: 0.16631500702351332
