times:
  edit-metadata: 0.5338650038465858
  landing: 0.05003690626472235
  view-data: 0.22679842822253704
