times:
  edit-metadata: 1.3397276755422354
  landing: 0.019597992300987244
  view-data: 0.10082105733454227
