times:
  edit-metadata: 1.3313030833378434
  landing: 0.12740286998450756
  view-data: 0.024177853949368
