times:
  edit-metadata: 2.1187628731131554
  landing: 0.02277025766670704
  view-data: 0.330527912825346
