times:
  edit-metadata: 1.532735824584961
  landing: 0.29049169830977917
  view-data: 0.1521808560937643
