times:
  edit-metadata: 1.419079665094614
  landing: 0.15166778303682804
  view-data: 0.39801441691815853
