times:
  edit-metadata: 0.4902488011866808
  landing: 0.04353788075968623
  view-data: 0.25306102680042386
