times:
  edit-metadata: 0.6917554941028357
  landing: 0.049944336991757154
  view-data: 0.21471374621614814
