times:
  edit-metadata: 1.3682232331484556
  landing: 0.019952785223722458
  view-data: 0.12531489692628384
