times:
  edit-metadata: 1.4290430173277855
  landing: 0.3056173212826252
  view-data: 0.4295604694634676
