times:
  edit-metadata: 1.3256069906055927
  landing: 0.020553726702928543
  view-data: 0.024960767477750778
