times:
  edit-metadata: 1.395453056320548
  landing: 0.02037719078361988
  view-data: 0.3332989923655987
