times:
  edit-metadata: 0.5393937611952424
  landing: 0.04517879383638501
  view-data: 0.21267795423045754
