times:
  edit-metadata: 1.6749325674027205
  landing: 0.3119540084153414
  view-data: 0.32936725951731205
