times:
  edit-metadata: 1.401160180568695
  landing: 0.260530274361372
  view-data: 0.10320144519209862
