times:
  edit-metadata: 1.5210577305406332
  landing: 0.021365780383348465
  view-data: 0.30992234125733376
