times:
  edit-metadata: 1.3194920532405376
  landing: 0.24723421223461628
  view-data: 0.023313596844673157
