times:
  edit-metadata: 1.3292053043842316
  landing: 0.19207111932337284
  view-data: 0.023691261187195778
