times:
  edit-metadata: 1.2982316259294748
  landing: 0.022650528699159622
  view-data: 0.026353098452091217
