times:
  edit-metadata: 1.2839569319039583
  landing: 0.022611722350120544
  view-data: 0.024005195125937462
