times:
  edit-metadata: 0.6477242480032146
  landing: 0.05084942793473601
  view-data: 0.1960113849490881
