times:
  edit-metadata: 1.4671335350722075
  landing: 0.21682499907910824
  view-data: 0.02955782786011696
