times:
  edit-metadata: 1.3498821873217821
  landing: 0.020896339789032936
  view-data: 0.026737717911601067
