times:
  edit-metadata: 1.3266925532370806
  landing: 0.018768105655908585
  view-data: 0.14531400054693222
