times:
  edit-metadata: 1.891326041892171
  landing: 0.27861280366778374
  view-data: 0.3662731032818556
