times:
  edit-metadata: 1.341049311682582
  landing: 0.19774221442639828
  view-data: 0.13934091478586197
