times:
  edit-metadata: 1.499296385794878
  landing: 0.02240394987165928
  view-data: 0.3704608790576458
