times:
  edit-metadata: 1.3462649881839752
  landing: 0.024707308039069176
  view-data: 0.12454107962548733
