times:
  edit-metadata: 1.3065940607339144
  landing: 0.020788777619600296
  view-data: 0.22517145052552223
