times:
  edit-metadata: 1.5565030220896006
  landing: 0.17038866598159075
  view-data: 0.39023988600820303
