times:
  edit-metadata: 1.5341966524720192
  landing: 0.13497275300323963
  view-data: 0.024401845410466194
