times:
  edit-metadata: 1.477497885003686
  landing: 0.21989182010293007
  view-data: 0.026847248896956444
