times:
  edit-metadata: 1.435511875897646
  landing: 0.024417130276560783
  view-data: 0.12713502533733845
