times:
  edit-metadata: 1.4493873957544565
  landing: 0.021052218973636627
  view-data: 0.023481523618102074
