times:
  edit-metadata: 1.3159900587052107
  landing: 0.02381768636405468
  view-data: 0.28546005487442017
