times:
  edit-metadata: 1.3354857675731182
  landing: 0.201495710760355
  view-data: 0.02768276073038578
