times:
  edit-metadata: 1.342591030523181
  landing: 0.020546136423945427
  view-data: 0.026686452329158783
