times:
  edit-metadata: 1.3396746320649981
  landing: 0.02107515837997198
  view-data: 0.4562392048537731
