times:
  edit-metadata: 1.3463345523923635
  landing: 0.01963815465569496
  view-data: 0.025037458166480064
