times:
  edit-metadata: 1.3434057366102934
  landing: 0.023226922377943993
  view-data: 0.39295696653425694
