times:
  edit-metadata: 1.4072763957083225
  landing: 0.25530695356428623
  view-data: 0.5397698571905494
