times:
  edit-metadata: 0.4847555998712778
  landing: 0.04695875383913517
  view-data: 0.20765528082847595
