times:
  edit-metadata: 1.4182526599615812
  landing: 0.02109222114086151
  view-data: 0.025060607120394707
