times:
  edit-metadata: 1.3835731372237206
  landing: 0.020996900275349617
  view-data: 0.2859352007508278
