times:
  edit-metadata: 0.658377334009856
  landing: 0.08825432322919369
  view-data: 0.32013697596266866
