times:
  edit-metadata: 1.5573972705751657
  landing: 0.3706069868057966
  view-data: 0.3263188935816288
