times:
  edit-metadata: 1.43766351044178
  landing: 0.02146101836115122
  view-data: 0.15687463991343975
