times:
  edit-metadata: 1.3374013341963291
  landing: 0.11999179050326347
  view-data: 0.027642767876386642
