times:
  edit-metadata: 0.5942110428586602
  landing: 0.16464720899239182
  view-data: 0.21364700933918357
