times:
  edit-metadata: 0.4292184291407466
  landing: 0.04741198197007179
  view-data: 0.20855238568037748
