times:
  edit-metadata: 0.4422512431629002
  landing: 0.049084566067904234
  view-data: 0.239737450145185
