times:
  edit-metadata: 0.44192143343389034
  landing: 0.05275198630988598
  view-data: 0.34865456260740757
