times:
  edit-metadata: 0.4627143684774637
  landing: 0.05050987470895052
  view-data: 0.23430334590375423
