times:
  edit-metadata: 0.4497783286496997
  landing: 0.05189937632530928
  view-data: 0.22868510894477367
