times:
  edit-metadata: 0.4279678328894079
  landing: 0.04410223290324211
  view-data: 0.35161313228309155
