times:
  edit-metadata: 0.4295783443376422
  landing: 0.03821783233433962
  view-data: 0.21103190910071135
