times:
  edit-metadata: 1.7793278535827994
  landing: 0.021147318184375763
  view-data: 0.2756606573238969
