times:
  edit-metadata: 1.8308879639953375
  landing: 0.021674472838640213
  view-data: 0.02628532238304615
