times:
  edit-metadata: 0.8860865789465606
  landing: 0.06586148077622056
  view-data: 0.22497041104361415
