times:
  edit-metadata: 1.8251645937561989
  landing: 0.018585005775094032
  view-data: 0.025832032784819603
