times:
  edit-metadata: 0.8700992180965841
  landing: 0.06061799684539437
  view-data: 0.23610990028828382
