times:
  edit-metadata: 2.4873904241248965
  landing: 0.26803666446357965
  view-data: 0.37150675524026155
