times:
  edit-metadata: 1.7817340977489948
  landing: 0.02022809162735939
  view-data: 0.4495435981079936
