times:
  edit-metadata: 1.8318693209439516
  landing: 0.020813390612602234
  view-data: 0.025457290932536125
