times:
  edit-metadata: 1.7608614349737763
  landing: 0.020493713207542896
  view-data: 0.027914402075111866
