times:
  edit-metadata: 1.8001352865248919
  landing: 0.01947443000972271
  view-data: 0.025459393858909607
