times:
  edit-metadata: 1.0660647270269692
  landing: 0.09399232780560851
  view-data: 0.2691633980721235
