times:
  edit-metadata: 0.8814915549010038
  landing: 0.06858655204996467
  view-data: 0.23308051377534866
