times:
  edit-metadata: 2.418918289244175
  landing: 0.18340132385492325
  view-data: 0.3564909975975752
