times:
  edit-metadata: 1.874027045443654
  landing: 0.023054350167512894
  view-data: 0.24580197222530842
