times:
  edit-metadata: 1.9766896311193705
  landing: 0.1815880686044693
  view-data: 0.026520298793911934
