times:
  edit-metadata: 1.1361151500605047
  landing: 0.1265383861027658
  view-data: 0.23169191181659698
