times:
  edit-metadata: 2.440547626465559
  landing: 0.23938357457518578
  view-data: 0.28985076770186424
