times:
  edit-metadata: 1.8773257490247488
  landing: 0.21735822781920433
  view-data: 0.0250796340405941
