times:
  edit-metadata: 1.9137491770088673
  landing: 0.15011056885123253
  view-data: 0.2899260502308607
