times:
  edit-metadata: 1.8520239777863026
  landing: 0.15278201177716255
  view-data: 0.1311040148139
