times:
  edit-metadata: 0.9764535780996084
  landing: 0.13355815969407558
  view-data: 0.38210680428892374
