times:
  edit-metadata: 2.684289826080203
  landing: 0.3382091810926795
  view-data: 0.3467967063188553
