times:
  edit-metadata: 1.8567857407033443
  landing: 0.022864030674099922
  view-data: 0.024599231779575348
