times:
  edit-metadata: 1.856542956084013
  landing: 0.0192126277834177
  view-data: 0.2229711450636387
