times:
  edit-metadata: 1.9004896376281977
  landing: 0.02324141375720501
  view-data: 0.02661759965121746
