times:
  edit-metadata: 2.13746221549809
  landing: 0.2340781968086958
  view-data: 0.04941805452108383
