times:
  edit-metadata: 1.711254266090691
  landing: 0.14891423471271992
  view-data: 0.12161943037062883
