times:
  edit-metadata: 1.8044756865128875
  landing: 0.2034342000260949
  view-data: 0.4974404126405716
