times:
  edit-metadata: 2.0968589037656784
  landing: 0.1258159764111042
  view-data: 0.02575697749853134
