times:
  edit-metadata: 1.9455670919269323
  landing: 0.2893737927079201
  view-data: 0.027734532952308655
