times:
  edit-metadata: 1.9311225153505802
  landing: 0.14055038057267666
  view-data: 0.1445267405360937
