times:
  edit-metadata: 1.816300731152296
  landing: 0.020659571513533592
  view-data: 0.022067179903388023
