times:
  edit-metadata: 2.322628142312169
  landing: 0.022067300975322723
  view-data: 0.3794252332299948
