times:
  edit-metadata: 1.887308781966567
  landing: 0.194333391264081
  view-data: 0.02395596168935299
