times:
  edit-metadata: 1.7692194068804383
  landing: 0.16950758267194033
  view-data: 0.40782665368169546
