times:
  edit-metadata: 1.9415014907717705
  landing: 0.21152750961482525
  view-data: 0.30929762683808804
