times:
  edit-metadata: 2.0604986418038607
  landing: 0.25003221072256565
  view-data: 0.3126706425100565
