times:
  edit-metadata: 1.788699682801962
  landing: 0.16460480447858572
  view-data: 0.0249922052025795
