times:
  edit-metadata: 2.2868362311273813
  landing: 0.026940669864416122
  view-data: 0.11220755986869335
