times:
  edit-metadata: 0.9456556313671172
  landing: 0.10949550475925207
  view-data: 0.34734718687832355
