times:
  edit-metadata: 1.8638041894882917
  landing: 0.021214138716459274
  view-data: 0.02842099592089653
