times:
  edit-metadata: 1.7939631473273039
  landing: 0.019786076620221138
  view-data: 0.028119193390011787
