times:
  edit-metadata: 1.94568233191967
  landing: 0.023605339229106903
  view-data: 0.027496807277202606
