times:
  edit-metadata: 1.8627355126664042
  landing: 0.22712496295571327
  view-data: 0.13662482798099518
