times:
  edit-metadata: 1.978274019435048
  landing: 0.23275571316480637
  view-data: 0.02431594207882881
