times:
  edit-metadata: 1.8812536094337702
  landing: 0.243951715528965
  view-data: 0.15389636997133493
