times:
  edit-metadata: 2.0581861175596714
  landing: 0.2667387258261442
  view-data: 0.1482450682669878
