times:
  edit-metadata: 2.111060705035925
  landing: 0.26269163377583027
  view-data: 0.3885036576539278
