times:
  edit-metadata: 1.7959705358371139
  landing: 0.2124202260747552
  view-data: 0.14059389848262072
