times:
  edit-metadata: 1.885994916781783
  landing: 0.0228012353181839
  view-data: 0.024433515965938568
