times:
  edit-metadata: 1.786713296547532
  landing: 0.1420318242162466
  view-data: 0.13472363725304604
