times:
  edit-metadata: 1.852843925356865
  landing: 0.1405069399625063
  view-data: 0.025701206177473068
