times:
  edit-metadata: 2.5560503602027893
  landing: 0.2517314162105322
  view-data: 0.029795927926898003
