times:
  edit-metadata: 2.0785341914743185
  landing: 0.2852001115679741
  view-data: 0.17423483543097973
