times:
  edit-metadata: 2.1318078581243753
  landing: 0.023385057225823402
  view-data: 0.0316686537116766
