times:
  edit-metadata: 1.7387650813907385
  landing: 0.14168244320899248
  view-data: 0.1371011482551694
