times:
  edit-metadata: 2.081296419724822
  landing: 0.1952974982559681
  view-data: 0.45000182650983334
