times:
  edit-metadata: 1.8622128665447235
  landing: 0.02140725404024124
  view-data: 0.02797798439860344
