times:
  edit-metadata: 1.8383632358163595
  landing: 0.018922179006040096
  view-data: 0.4703524820506573
