times:
  edit-metadata: 1.074765682220459
  landing: 0.07535307807847857
  view-data: 0.23653367767110467
