times:
  edit-metadata: 1.0702932360582054
  landing: 0.06289162905886769
  view-data: 0.3093134490773082
