times:
  edit-metadata: 1.7582402722910047
  landing: 0.051264398731291294
  view-data: 0.14586735237389803
