times:
  edit-metadata: 1.847296616062522
  landing: 0.019580749794840813
  view-data: 0.02348877675831318
