times:
  edit-metadata: 2.8115912172943354
  landing: 0.2863573953509331
  view-data: 0.2553013451397419
