times:
  edit-metadata: 1.7746845046058297
  landing: 0.018852283246815205
  view-data: 0.04677840042859316
