times:
  edit-metadata: 1.8544828668236732
  landing: 0.11815301515161991
  view-data: 0.15108896605670452
