times:
  edit-metadata: 0.8855277788825333
  landing: 0.059505460783839226
  view-data: 0.267095779068768
