times:
  edit-metadata: 1.9129474554210901
  landing: 0.14037842117249966
  view-data: 0.34191323816776276
