times:
  edit-metadata: 2.012603610754013
  landing: 0.019706498831510544
  view-data: 0.40895622968673706
