times:
  edit-metadata: 1.9249899443238974
  landing: 0.02322416938841343
  view-data: 0.11845719814300537
