times:
  edit-metadata: 1.1894859559834003
  landing: 0.05698980111628771
  view-data: 0.22884073201566935
