times:
  edit-metadata: 0.9822609294205904
  landing: 0.0738288233987987
  view-data: 0.23335937038064003
