times:
  edit-metadata: 2.1079067550599575
  landing: 0.18252594769001007
  view-data: 0.028975317254662514
