times:
  edit-metadata: 0.9587821112945676
  landing: 0.047352144960314035
  view-data: 0.22891018819063902
