times:
  edit-metadata: 1.9589141122996807
  landing: 0.020257800817489624
  view-data: 0.34860134683549404
