times:
  edit-metadata: 1.953413724899292
  landing: 0.15024361573159695
  view-data: 0.14779174886643887
