times:
  edit-metadata: 1.9130395986139774
  landing: 0.09675958007574081
  view-data: 0.025555076077580452
