times:
  edit-metadata: 0.9209540239535272
  landing: 0.06485328171402216
  view-data: 0.270891719032079
