times:
  edit-metadata: 1.2321626637130976
  landing: 0.06292748590931296
  view-data: 0.3710647076368332
