times:
  edit-metadata: 1.9091716464608908
  landing: 0.02069522812962532
  view-data: 0.0244290791451931
