times:
  edit-metadata: 1.8479456398636103
  landing: 0.14995566755533218
  view-data: 0.025154979899525642
