times:
  edit-metadata: 1.9069344867020845
  landing: 0.021004710346460342
  view-data: 0.3358660005033016
