times:
  edit-metadata: 1.8600338567048311
  landing: 0.020933257415890694
  view-data: 0.02578473649919033
