times:
  edit-metadata: 2.0171779468655586
  landing: 0.22535555809736252
  view-data: 0.1297446470707655
