times:
  edit-metadata: 1.839803896844387
  landing: 0.021297289058566093
  view-data: 0.027376813814044
