times:
  edit-metadata: 1.8649615393951535
  landing: 0.020885511301457882
  view-data: 0.028219172731041908
