times:
  edit-metadata: 2.2446460723876953
  landing: 0.16877740062773228
  view-data: 0.17929874546825886
