times:
  edit-metadata: 2.531140323728323
  landing: 0.2779842708259821
  view-data: 0.42098727263510227
