times:
  edit-metadata: 1.983792630955577
  landing: 0.018350083380937576
  view-data: 0.023123670369386673
