times:
  edit-metadata: 2.0542312804609537
  landing: 0.29035920463502407
  view-data: 0.14540343172848225
