times:
  edit-metadata: 1.8043650034815073
  landing: 0.12375802546739578
  view-data: 0.026819368824362755
