times:
  edit-metadata: 1.8143163714557886
  landing: 0.020163320004940033
  view-data: 0.3218047171831131
