times:
  edit-metadata: 0.8653666907921433
  landing: 0.058588805608451366
  view-data: 0.22977352002635598
