times:
  edit-metadata: 2.2777849305421114
  landing: 0.2725165281444788
  view-data: 0.13837675005197525
