times:
  edit-metadata: 1.0970510919578373
  landing: 0.08417191030457616
  view-data: 0.23836466809734702
