times:
  edit-metadata: 2.0327835883945227
  landing: 0.2209368720650673
  view-data: 0.3007896300405264
