times:
  edit-metadata: 1.9148940853774548
  landing: 0.020458582788705826
  view-data: 0.3130439631640911
