times:
  edit-metadata: 1.8937482088804245
  landing: 0.022551562637090683
  view-data: 0.027047153562307358
