times:
  edit-metadata: 2.0766195245087147
  landing: 0.1559009552001953
  view-data: 0.4164053089916706
