times:
  edit-metadata: 2.038612339645624
  landing: 0.020754117518663406
  view-data: 0.13107325695455074
