times:
  edit-metadata: 2.192729154601693
  landing: 0.09502951242029667
  view-data: 0.02696162648499012
