times:
  edit-metadata: 3.1332074031233788
  landing: 0.1858154684305191
  view-data: 0.4422703981399536
