times:
  edit-metadata: 1.7791992770507932
  landing: 0.1352685410529375
  view-data: 0.1345726167783141
