times:
  edit-metadata: 1.7958310917019844
  landing: 0.01863909140229225
  view-data: 0.025930257514119148
