times:
  edit-metadata: 0.9541969001293182
  landing: 0.15278969099745154
  view-data: 0.2606030791066587
