times:
  edit-metadata: 1.9482982736080885
  landing: 0.01977996714413166
  view-data: 0.32674248330295086
