times:
  edit-metadata: 1.0130906370468438
  landing: 0.0697867632843554
  view-data: 0.2724166722036898
