times:
  edit-metadata: 1.8168543111532927
  landing: 0.021663784980773926
  view-data: 0.11665996443480253
