times:
  edit-metadata: 1.7211060160771012
  landing: 0.16378074418753386
  view-data: 0.025480231270194054
