times:
  edit-metadata: 1.8927903678268194
  landing: 0.1460222341120243
  view-data: 0.3066180218011141
