times:
  edit-metadata: 2.3739805221557617
  landing: 0.4286325369030237
  view-data: 0.47648950666189194
