times:
  edit-metadata: 1.9142031520605087
  landing: 0.24620075337588787
  view-data: 0.3266719840466976
