times:
  edit-metadata: 2.705818483605981
  landing: 0.02462092414498329
  view-data: 0.05729175917804241
