times:
  edit-metadata: 1.9413735922425985
  landing: 0.02183552086353302
  view-data: 0.30914996191859245
