times:
  edit-metadata: 1.900073129683733
  landing: 0.0196370966732502
  view-data: 0.3601783402264118
