times:
  edit-metadata: 1.8794211857020855
  landing: 0.19346211105585098
  view-data: 0.2988970298320055
