times:
  edit-metadata: 1.8643685355782509
  landing: 0.16121944040060043
  view-data: 0.30868272110819817
