times:
  edit-metadata: 1.8494525291025639
  landing: 0.13264870271086693
  view-data: 0.025675488635897636
