times:
  edit-metadata: 1.8607168328016996
  landing: 0.020467039197683334
  view-data: 0.3283825907856226
