times:
  edit-metadata: 2.326546737924218
  landing: 0.23627414926886559
  view-data: 0.4357932060956955
