times:
  edit-metadata: 2.034261304885149
  landing: 0.1471905279904604
  view-data: 0.13991516083478928
