times:
  edit-metadata: 1.8478644397109747
  landing: 0.019314805045723915
  view-data: 0.1385539099574089
