times:
  edit-metadata: 1.8080150578171015
  landing: 0.18122702930122614
  view-data: 0.23993066418915987
