times:
  edit-metadata: 1.056471784133464
  landing: 0.06383762788027525
  view-data: 0.3446505730971694
