times:
  edit-metadata: 1.8785325586795807
  landing: 0.019267762079834938
  view-data: 0.1370950434356928
