times:
  edit-metadata: 1.9422173239290714
  landing: 0.023617200553417206
  view-data: 0.023814620450139046
