times:
  edit-metadata: 2.306971227750182
  landing: 0.11757862940430641
  view-data: 0.3632597513496876
