times:
  edit-metadata: 1.8463644832372665
  landing: 0.021222345530986786
  view-data: 0.025959279388189316
