times:
  edit-metadata: 1.7454643966630101
  landing: 0.12093722447752953
  view-data: 0.4511649161577225
