times:
  edit-metadata: 2.007475335150957
  landing: 0.020467396825551987
  view-data: 0.030193481594324112
