times:
  edit-metadata: 1.8862407458946109
  landing: 0.22677737940102816
  view-data: 0.41313873790204525
