times:
  edit-metadata: 1.9157876688987017
  landing: 0.019532032310962677
  view-data: 0.12226131558418274
