times:
  edit-metadata: 0.870454961899668
  landing: 0.04306626319885254
  view-data: 0.23631560429930687
