times:
  edit-metadata: 1.0658533698879182
  landing: 0.0588925676420331
  view-data: 0.2957821609452367
