times:
  edit-metadata: 1.9908896777778864
  landing: 0.01838499866425991
  view-data: 0.1327425930649042
