times:
  edit-metadata: 0.8985327668488026
  landing: 0.1348053920082748
  view-data: 0.37985837319865823
