times:
  edit-metadata: 2.1753096766769886
  landing: 0.32184762693941593
  view-data: 0.39203682728111744
