times:
  edit-metadata: 1.795659109018743
  landing: 0.11065440066158772
  view-data: 0.02759834285825491
