times:
  edit-metadata: 1.1495944056659937
  landing: 0.0818045730702579
  view-data: 0.3419907041825354
