times:
  edit-metadata: 1.9984380546957254
  landing: 0.2322173360735178
  view-data: 0.3953002579510212
