times:
  edit-metadata: 1.948757667094469
  landing: 0.025140825659036636
  view-data: 0.025830022990703583
