times:
  edit-metadata: 1.972849939018488
  landing: 0.35884685069322586
  view-data: 0.1531702410429716
