times:
  edit-metadata: 1.8176918011158705
  landing: 0.02070001047104597
  view-data: 0.3314504101872444
