times:
  edit-metadata: 2.4633235037326813
  landing: 0.18773416429758072
  view-data: 0.16624082252383232
