times:
  edit-metadata: 2.0672650802880526
  landing: 0.14341293275356293
  view-data: 0.36832015588879585
