times:
  edit-metadata: 0.8835890861228108
  landing: 0.05920873861759901
  view-data: 0.24542168295010924
