times:
  edit-metadata: 1.8332945443689823
  landing: 0.09450802393257618
  view-data: 0.12582366913557053
