times:
  edit-metadata: 1.8373439777642488
  landing: 0.12671248242259026
  view-data: 0.02412933111190796
