times:
  edit-metadata: 1.805820781737566
  landing: 0.14107576198875904
  view-data: 0.3550734706223011
