times:
  edit-metadata: 1.9347162675112486
  landing: 0.02103540301322937
  view-data: 0.025252068415284157
