times:
  edit-metadata: 2.1373116858303547
  landing: 0.1518743596971035
  view-data: 0.02560531161725521
