times:
  edit-metadata: 1.8093293868005276
  landing: 0.14035093411803246
  view-data: 0.023325988091528416
