times:
  edit-metadata: 1.7856747712939978
  landing: 0.020275790244340897
  view-data: 0.027334168553352356
