times:
  edit-metadata: 1.987501973286271
  landing: 0.02046091854572296
  view-data: 0.025247856974601746
