times:
  edit-metadata: 1.0209949128329754
  landing: 0.14037332916632295
  view-data: 0.23656131699681282
