times:
  edit-metadata: 1.8616367764770985
  landing: 0.24357930477708578
  view-data: 0.12787794787436724
