times:
  edit-metadata: 1.922616008669138
  landing: 0.13811786100268364
  view-data: 0.32803164795041084
