times:
  edit-metadata: 1.8208477981388569
  landing: 0.1274627037346363
  view-data: 0.024014336988329887
