times:
  edit-metadata: 1.9067277684807777
  landing: 0.2792374286800623
  view-data: 0.19787203148007393
