times:
  edit-metadata: 1.8832854349166155
  landing: 0.020188327878713608
  view-data: 0.02657647244632244
