times:
  edit-metadata: 1.9941467233002186
  landing: 0.29081958159804344
  view-data: 0.3338026814162731
