times:
  edit-metadata: 1.9127635136246681
  landing: 0.2873679790645838
  view-data: 0.38334428146481514
