times:
  edit-metadata: 1.9196794722229242
  landing: 0.020431777462363243
  view-data: 0.3124420028179884
