times:
  edit-metadata: 1.828065175563097
  landing: 0.1193681675940752
  view-data: 0.026229212060570717
