times:
  edit-metadata: 1.9110598918050528
  landing: 0.08997273817658424
  view-data: 0.0227863360196352
