times:
  edit-metadata: 1.9616622291505337
  landing: 0.13736684806644917
  view-data: 0.02612868882715702
