times:
  edit-metadata: 3.177025143028004
  landing: 0.2732303320080973
  view-data: 0.6734771879855543
