times:
  edit-metadata: 1.0557581963948905
  landing: 0.10343186790123582
  view-data: 0.24540595384314656
