times:
  edit-metadata: 2.489214278757572
  landing: 0.14386820420622826
  view-data: 0.38947965763509274
