times:
  edit-metadata: 0.4420376745983958
  landing: 0.05002199951559305
  view-data: 0.3520045420154929
