times:
  edit-metadata: 0.4337206920608878
  landing: 0.04294435493648052
  view-data: 0.2233186373487115
