times:
  edit-metadata: 0.4510891158133745
  landing: 0.045546893030405045
  view-data: 0.21596650499850512
