times:
  edit-metadata: 0.4608513778075576
  landing: 0.05352861387655139
  view-data: 0.3331424309872091
