times:
  edit-metadata: 0.4575751479715109
  landing: 0.043253522366285324
  view-data: 0.2129692379385233
