times:
  edit-metadata: 0.44892474077641964
  landing: 0.049890666268765926
  view-data: 0.2017002860084176
