times:
  edit-metadata: 0.45258199889212847
  landing: 0.045692453160881996
  view-data: 0.20265750074759126
