times:
  edit-metadata: 0.4420161400921643
  landing: 0.048059719149023294
  view-data: 0.3554287888109684
