times:
  edit-metadata: 0.4428738737478852
  landing: 0.04788017366081476
  view-data: 0.20738590881228447
