times:
  edit-metadata: 0.4409393919631839
  landing: 0.040736001916229725
  view-data: 0.8410552451387048
