times:
  edit-metadata: 0.4464242337271571
  landing: 0.04744719248265028
  view-data: 0.23806835059076548
