times:
  edit-metadata: 0.4395759920589626
  landing: 0.049006050918251276
  view-data: 0.46514350129291415
