times:
  edit-metadata: 0.9647248019464314
  landing: 0.03758981917053461
  view-data: 1.742812966927886
