times:
  edit-metadata: 1.7586315404623747
  landing: 0.15712530724704266
  view-data: 0.026675906032323837
