times:
  edit-metadata: 1.7037494741380215
  landing: 0.025400875136256218
  view-data: 0.3248860165476799
