times:
  edit-metadata: 2.2969050109386444
  landing: 0.19182884320616722
  view-data: 0.38598960638046265
