times:
  edit-metadata: 0.8291811221279204
  landing: 0.07273453800007701
  view-data: 0.21955976029857993
