times:
  edit-metadata: 1.6763362530618906
  landing: 0.1487855724990368
  view-data: 0.14753398671746254
