times:
  edit-metadata: 1.665295459330082
  landing: 0.021005013957619667
  view-data: 0.32024310156702995
