times:
  edit-metadata: 1.6856524236500263
  landing: 0.19419680535793304
  view-data: 0.02786053717136383
