times:
  edit-metadata: 0.769169099163264
  landing: 0.05010386789217591
  view-data: 0.23107425589114428
