times:
  edit-metadata: 1.6234552394598722
  landing: 0.11908610351383686
  view-data: 0.024357596412301064
