times:
  edit-metadata: 1.6693636253476143
  landing: 0.12802576832473278
  view-data: 0.026576777920126915
