times:
  edit-metadata: 1.9754557507112622
  landing: 0.2812705412507057
  view-data: 0.2862819079309702
