times:
  edit-metadata: 1.7442147862166166
  landing: 0.14313928224146366
  view-data: 0.025469373911619186
