times:
  edit-metadata: 1.769148025661707
  landing: 0.050825027748942375
  view-data: 0.05466136243194342
