times:
  edit-metadata: 1.658039204776287
  landing: 0.022025857120752335
  view-data: 0.025012800469994545
