times:
  edit-metadata: 1.6955948546528816
  landing: 0.02097165957093239
  view-data: 0.14989511296153069
