times:
  edit-metadata: 2.4568772353231907
  landing: 0.2654315438121557
  view-data: 0.4019498620182276
