times:
  edit-metadata: 2.0424376353621483
  landing: 0.020519938319921494
  view-data: 0.026905115693807602
