times:
  edit-metadata: 1.565774436108768
  landing: 0.019158191047608852
  view-data: 0.024164818227291107
