times:
  edit-metadata: 1.6092250607907772
  landing: 0.02159646898508072
  view-data: 0.40335464011877775
