times:
  edit-metadata: 1.6941548567265272
  landing: 0.021471621468663216
  view-data: 0.12094530835747719
