times:
  edit-metadata: 1.743976704776287
  landing: 0.021994171664118767
  view-data: 0.28540812246501446
