times:
  edit-metadata: 1.6609767600893974
  landing: 0.018892770633101463
  view-data: 0.12775319442152977
