times:
  edit-metadata: 1.6399934981018305
  landing: 0.020277205854654312
  view-data: 0.02575778402388096
