times:
  edit-metadata: 1.661876454949379
  landing: 0.02403893508017063
  view-data: 0.1351784784346819
