times:
  edit-metadata: 0.7733810390345752
  landing: 0.06402909709140658
  view-data: 0.2300223996862769
