times:
  edit-metadata: 1.6500274017453194
  landing: 0.0221619363874197
  view-data: 0.02751765586435795
