times:
  edit-metadata: 1.9166911598294973
  landing: 0.33435557037591934
  view-data: 0.37836719676852226
