times:
  edit-metadata: 1.672910800203681
  landing: 0.15622966550290585
  view-data: 0.024112356826663017
