times:
  edit-metadata: 0.9533436349593103
  landing: 0.105670559220016
  view-data: 0.3365411297418177
