times:
  edit-metadata: 2.16946230083704
  landing: 0.1891691144555807
  view-data: 0.45376404374837875
