times:
  edit-metadata: 1.6984170973300934
  landing: 0.1516739074140787
  view-data: 0.16936462093144655
