times:
  edit-metadata: 1.7316756825894117
  landing: 0.018864212557673454
  view-data: 0.34370293095707893
