times:
  edit-metadata: 1.7092608604580164
  landing: 0.12851226888597012
  view-data: 0.025190632790327072
