times:
  edit-metadata: 1.88115269318223
  landing: 0.1143336109817028
  view-data: 0.18010683357715607
