times:
  edit-metadata: 1.642548305913806
  landing: 0.023110593669116497
  view-data: 0.027472020126879215
