times:
  edit-metadata: 2.5073832497000694
  landing: 0.30031851306557655
  view-data: 0.4533093199133873
