times:
  edit-metadata: 1.6882766028866172
  landing: 0.11944629158824682
  view-data: 0.09900715574622154
