times:
  edit-metadata: 1.8066009525209665
  landing: 0.020997915416955948
  view-data: 0.32844801619648933
