times:
  edit-metadata: 1.6468147467821836
  landing: 0.01948518678545952
  view-data: 0.137671934440732
