times:
  edit-metadata: 1.780276264064014
  landing: 0.14227350056171417
  view-data: 0.2505728071555495
