times:
  edit-metadata: 1.6955214813351631
  landing: 0.0272023044526577
  view-data: 0.02636059932410717
