times:
  edit-metadata: 1.974358456209302
  landing: 0.019744910299777985
  view-data: 0.24236207455396652
