times:
  edit-metadata: 1.7311373185366392
  landing: 0.01949627324938774
  view-data: 0.14055590890347958
