times:
  edit-metadata: 1.666653006337583
  landing: 0.2476420383900404
  view-data: 0.4530427008867264
