times:
  edit-metadata: 0.8205203260295093
  landing: 0.07676916103810072
  view-data: 0.21052490873262286
