times:
  edit-metadata: 1.7152595147490501
  landing: 0.14440990705043077
  view-data: 0.14071461465209723
