times:
  edit-metadata: 2.788975454866886
  landing: 0.46781734749674797
  view-data: 0.4503194447606802
