times:
  edit-metadata: 0.9017814667895436
  landing: 0.06865020422264934
  view-data: 0.2946989550255239
