times:
  edit-metadata: 1.7126661017537117
  landing: 0.0210658498108387
  view-data: 0.026725593954324722
