times:
  edit-metadata: 1.6746408380568027
  landing: 0.12164492346346378
  view-data: 0.025323892012238503
