times:
  edit-metadata: 1.677261769771576
  landing: 0.021350007504224777
  view-data: 0.02911062352359295
