times:
  edit-metadata: 1.62309673987329
  landing: 0.13351732306182384
  view-data: 0.027929257601499557
