times:
  edit-metadata: 1.7022277023643255
  landing: 0.20951549150049686
  view-data: 0.35474328324198723
