times:
  edit-metadata: 1.6823597438633442
  landing: 0.020336171612143517
  view-data: 0.02672325260937214
