times:
  edit-metadata: 1.5947049306705594
  landing: 0.019680670462548733
  view-data: 0.13369767367839813
