times:
  edit-metadata: 1.693081559613347
  landing: 0.01990325190126896
  view-data: 0.3388307821005583
