times:
  edit-metadata: 0.7804337721318007
  landing: 0.03972644219174981
  view-data: 0.2243814249522984
