times:
  edit-metadata: 2.967740414023865
  landing: 0.3128975119907409
  view-data: 0.2139629729790613
