times:
  edit-metadata: 1.736412225291133
  landing: 0.1964719444513321
  view-data: 0.025359779596328735
