times:
  edit-metadata: 0.7633088049478829
  landing: 0.06363395508378744
  view-data: 0.22155164694413543
