times:
  edit-metadata: 1.65015540830791
  landing: 0.020683705806732178
  view-data: 0.02635982632637024
