times:
  edit-metadata: 1.6512973457574844
  landing: 0.019122499972581863
  view-data: 0.02597256563603878
