times:
  edit-metadata: 1.8277267403900623
  landing: 0.20954918675124645
  view-data: 0.33684956654906273
