times:
  edit-metadata: 1.7569710575044155
  landing: 0.1558997891843319
  view-data: 0.026968523859977722
