times:
  edit-metadata: 0.8172154282219708
  landing: 0.0640956130810082
  view-data: 0.22669073892757297
