times:
  edit-metadata: 1.6678546648472548
  landing: 0.14259373396635056
  view-data: 0.473934143781662
