times:
  edit-metadata: 2.057643523439765
  landing: 0.18224604055285454
  view-data: 0.2597381714731455
