times:
  edit-metadata: 1.7372750025242567
  landing: 0.21349070593714714
  view-data: 0.5566390343010426
