times:
  edit-metadata: 1.9470146354287863
  landing: 0.019338568672537804
  view-data: 0.027649391442537308
