times:
  edit-metadata: 1.6751471515744925
  landing: 0.22670875303447247
  view-data: 0.023248713463544846
