times:
  edit-metadata: 1.6976171173155308
  landing: 0.13833547942340374
  view-data: 0.3677579518407583
