times:
  edit-metadata: 1.0324530000798404
  landing: 0.03855967288836837
  view-data: 0.24462696118280292
