times:
  edit-metadata: 0.8196469722315669
  landing: 0.08826023899018764
  view-data: 0.2675511669367552
