times:
  edit-metadata: 0.7891078828833997
  landing: 0.07447696523740888
  view-data: 0.21235065022483468
