times:
  edit-metadata: 0.8727956390939653
  landing: 0.0439764279872179
  view-data: 0.22610847791656852
