times:
  edit-metadata: 1.5582338068634272
  landing: 0.15667528938502073
  view-data: 0.11729773599654436
