times:
  edit-metadata: 1.7634085919708014
  landing: 0.020419247448444366
  view-data: 0.14668321050703526
