times:
  edit-metadata: 2.651910638436675
  landing: 0.29354009218513966
  view-data: 0.13249509781599045
