times:
  edit-metadata: 2.015836641192436
  landing: 0.42161295749247074
  view-data: 0.25375050492584705
