times:
  edit-metadata: 1.802353858947754
  landing: 0.27050814032554626
  view-data: 0.39535852521657944
