times:
  edit-metadata: 1.5734154870733619
  landing: 0.023807302117347717
  view-data: 0.026367658749222755
