times:
  edit-metadata: 1.707404188811779
  landing: 0.02125478908419609
  view-data: 0.02489316090941429
