times:
  edit-metadata: 1.7226846031844616
  landing: 0.12141546793282032
  view-data: 0.0246968325227499
