times:
  edit-metadata: 1.6755537334829569
  landing: 0.022976284846663475
  view-data: 0.12328429892659187
