times:
  edit-metadata: 1.6965502025559545
  landing: 0.05284141656011343
  view-data: 0.022448023781180382
