times:
  edit-metadata: 2.6674475949257612
  landing: 0.27631353959441185
  view-data: 0.5259700119495392
