times:
  edit-metadata: 1.7351345643401146
  landing: 0.021565645933151245
  view-data: 0.12458096444606781
