times:
  edit-metadata: 1.7179793184623122
  landing: 0.021084261126816273
  view-data: 0.4140558475628495
