times:
  edit-metadata: 1.8688165564090014
  landing: 0.22615807689726353
  view-data: 0.05883110128343105
