times:
  edit-metadata: 1.6385235767811537
  landing: 0.020948966965079308
  view-data: 0.12481801770627499
