times:
  edit-metadata: 1.7067447332665324
  landing: 0.020361960865557194
  view-data: 0.2723804637789726
