times:
  edit-metadata: 1.6992327701300383
  landing: 0.02274658903479576
  view-data: 0.025401799008250237
