times:
  edit-metadata: 1.7871346063911915
  landing: 0.021481895819306374
  view-data: 0.2853885777294636
