times:
  edit-metadata: 0.7549345693551004
  landing: 0.06342744175344706
  view-data: 0.2332810079678893
