times:
  edit-metadata: 1.6977720875293016
  landing: 0.019039642065763474
  view-data: 0.023112749680876732
