times:
  edit-metadata: 2.0512602161616087
  landing: 0.043910639360547066
  view-data: 0.16104288212954998
