times:
  edit-metadata: 1.798142559826374
  landing: 0.02267923206090927
  view-data: 0.027027925476431847
