times:
  edit-metadata: 2.1432852558791637
  landing: 0.14826360531151295
  view-data: 0.33659384958446026
