times:
  edit-metadata: 1.7537456210702658
  landing: 0.13513555191457272
  view-data: 0.024601902812719345
