times:
  edit-metadata: 1.8457600101828575
  landing: 0.18767855502665043
  view-data: 0.026702914386987686
