times:
  edit-metadata: 1.6915824506431818
  landing: 0.13005452789366245
  view-data: 0.026123441755771637
