times:
  edit-metadata: 1.7766745034605265
  landing: 0.1274312101304531
  view-data: 0.02640780434012413
