times:
  edit-metadata: 0.8741509462706745
  landing: 0.07806074898689985
  view-data: 0.22935928963124752
