times:
  edit-metadata: 0.7341956570744514
  landing: 0.05791611922904849
  view-data: 0.22087493212893605
