times:
  edit-metadata: 0.7357505206018686
  landing: 0.06949986517429352
  view-data: 0.2070162990130484
