times:
  edit-metadata: 1.7532070223242044
  landing: 0.24612633883953094
  view-data: 0.02394273690879345
