times:
  edit-metadata: 1.6499986462295055
  landing: 0.02068992890417576
  view-data: 0.024685466662049294
