times:
  edit-metadata: 1.734990051947534
  landing: 0.01956409215927124
  view-data: 0.02266813814640045
