times:
  edit-metadata: 1.7429151544347405
  landing: 0.21590233966708183
  view-data: 0.4435692932456732
