times:
  edit-metadata: 2.345426592975855
  landing: 0.02418094500899315
  view-data: 0.1607588455080986
