times:
  edit-metadata: 1.9944519139826298
  landing: 0.025204582139849663
  view-data: 0.02611491270363331
