times:
  edit-metadata: 0.783803841099143
  landing: 0.08181312028318644
  view-data: 0.24551672488451004
