times:
  edit-metadata: 2.031456932425499
  landing: 0.021310340613126755
  view-data: 0.027266399934887886
