times:
  edit-metadata: 1.6310529317706823
  landing: 0.024959929287433624
  view-data: 0.027054177597165108
