times:
  edit-metadata: 1.9668203238397837
  landing: 0.16855701059103012
  view-data: 0.047778038308024406
