times:
  edit-metadata: 1.8436291348189116
  landing: 0.17542092315852642
  view-data: 0.13888162653893232
