times:
  edit-metadata: 1.9117308259010315
  landing: 0.21636763028800488
  view-data: 0.33664191886782646
