times:
  edit-metadata: 1.8836090601980686
  landing: 0.261385016143322
  view-data: 0.3570207431912422
