times:
  edit-metadata: 2.145377542823553
  landing: 0.022954721003770828
  view-data: 0.13778672367334366
