times:
  edit-metadata: 1.8247151663526893
  landing: 0.18862874433398247
  view-data: 0.02547587640583515
