times:
  edit-metadata: 1.9892714656889439
  landing: 0.022359080612659454
  view-data: 0.02646908536553383
