times:
  edit-metadata: 1.7630143854767084
  landing: 0.14614707697182894
  view-data: 0.023988123051822186
