times:
  edit-metadata: 1.712805918417871
  landing: 0.13721614703536034
  view-data: 0.4908695872873068
