times:
  edit-metadata: 1.9931390099227428
  landing: 0.3148700762540102
  view-data: 0.3857830632477999
