times:
  edit-metadata: 1.6027908390387893
  landing: 0.020335632376372814
  view-data: 0.09876533318310976
