times:
  edit-metadata: 0.8541707759723067
  landing: 0.08620285894721746
  view-data: 0.3228173619136214
