times:
  edit-metadata: 2.143506994470954
  landing: 0.15459472127258778
  view-data: 0.4306546077132225
