times:
  edit-metadata: 1.8044292610138655
  landing: 0.023125270381569862
  view-data: 0.14738749340176582
