times:
  edit-metadata: 1.7186104152351618
  landing: 0.020943447947502136
  view-data: 0.026290450245141983
