times:
  edit-metadata: 1.9068877715617418
  landing: 0.2623843476176262
  view-data: 0.36720624566078186
