times:
  edit-metadata: 2.1031243950128555
  landing: 0.16090120375156403
  view-data: 0.3932629954069853
