times:
  edit-metadata: 0.938661471940577
  landing: 0.08568183286115527
  view-data: 0.22083368292078376
