times:
  edit-metadata: 1.7374484492465854
  landing: 0.11789656803011894
  view-data: 0.2630152525380254
