times:
  edit-metadata: 0.7531887833029032
  landing: 0.06823306297883391
  view-data: 0.2313574180006981
