times:
  edit-metadata: 1.5884343991056085
  landing: 0.022051192820072174
  view-data: 0.11727052740752697
