times:
  edit-metadata: 2.017991978675127
  landing: 0.024155808612704277
  view-data: 0.3882185872644186
