times:
  edit-metadata: 1.684299597516656
  landing: 0.020896224305033684
  view-data: 0.027610616758465767
