times:
  edit-metadata: 2.2056739665567875
  landing: 0.36749844439327717
  view-data: 0.43185720033943653
