times:
  edit-metadata: 1.9854625314474106
  landing: 0.3007220234721899
  view-data: 0.16101588681340218
