times:
  edit-metadata: 0.9642923050560057
  landing: 0.06868581520393491
  view-data: 0.21504778508096933
