times:
  edit-metadata: 1.0469517312012613
  landing: 0.055702371057122946
  view-data: 0.2982052736915648
