times:
  edit-metadata: 1.7482343316078186
  landing: 0.25809197686612606
  view-data: 0.0986118484288454
