times:
  edit-metadata: 1.03588960878551
  landing: 0.06579640973359346
  view-data: 0.28871076786890626
