times:
  edit-metadata: 0.8632971826009452
  landing: 0.08450044365599751
  view-data: 0.3025430841371417
