times:
  edit-metadata: 1.6215100679546595
  landing: 0.2394960392266512
  view-data: 0.024033116176724434
