times:
  edit-metadata: 1.6521689910441637
  landing: 0.022451993077993393
  view-data: 0.02627473510801792
