times:
  edit-metadata: 1.7112480886280537
  landing: 0.023104285821318626
  view-data: 0.1359076425433159
