times:
  edit-metadata: 1.7151986323297024
  landing: 0.0238149743527174
  view-data: 0.026114903390407562
