times:
  edit-metadata: 1.669888417236507
  landing: 0.018363209441304207
  view-data: 0.40374559070914984
