times:
  edit-metadata: 1.8591479286551476
  landing: 0.024406660348176956
  view-data: 0.4081562962383032
