times:
  edit-metadata: 2.251421270892024
  landing: 0.20178285986185074
  view-data: 0.48645991645753384
