times:
  edit-metadata: 2.5701651591807604
  landing: 0.02406947687268257
  view-data: 0.26054135523736477
