times:
  edit-metadata: 2.626751521602273
  landing: 0.27636527083814144
  view-data: 0.3266232870519161
