times:
  edit-metadata: 0.822382302954793
  landing: 0.0720616327598691
  view-data: 0.3024694169871509
