times:
  edit-metadata: 1.837987083941698
  landing: 0.019531959667801857
  view-data: 0.023770224303007126
