times:
  edit-metadata: 1.7081283051520586
  landing: 0.02280592918395996
  view-data: 0.3418955933302641
