times:
  edit-metadata: 1.964604565873742
  landing: 0.13430635817348957
  view-data: 0.031171295791864395
