times:
  edit-metadata: 2.040190249681473
  landing: 0.18197335302829742
  view-data: 0.14737111143767834
