times:
  edit-metadata: 1.7643390372395515
  landing: 0.12233600579202175
  view-data: 0.2846057880669832
