times:
  edit-metadata: 1.6202177330851555
  landing: 0.01859392784535885
  view-data: 0.023863524198532104
