times:
  edit-metadata: 1.6882360614836216
  landing: 0.1368356365710497
  view-data: 0.025004109367728233
