times:
  edit-metadata: 1.676102894358337
  landing: 0.1394091686233878
  view-data: 0.41735515650361776
