times:
  edit-metadata: 1.0213699750602245
  landing: 0.0875568906776607
  view-data: 0.34002695931121707
