times:
  edit-metadata: 1.6422985829412937
  landing: 0.019699042662978172
  view-data: 0.026485014706850052
