times:
  edit-metadata: 1.9515100438147783
  landing: 0.020976319909095764
  view-data: 0.025540225207805634
