times:
  edit-metadata: 2.11860553920269
  landing: 0.04161306470632553
  view-data: 0.028383655473589897
