times:
  edit-metadata: 1.6804803051054478
  landing: 0.13854549825191498
  view-data: 0.31929563358426094
