times:
  edit-metadata: 1.6995410956442356
  landing: 0.019836820662021637
  view-data: 0.023013444617390633
