times:
  edit-metadata: 1.712742641568184
  landing: 0.23402549140155315
  view-data: 0.14241990819573402
