times:
  edit-metadata: 1.701397743076086
  landing: 0.01982380636036396
  view-data: 0.2890362776815891
