times:
  edit-metadata: 1.8601904101669788
  landing: 0.022214587777853012
  view-data: 0.02596365474164486
