times:
  edit-metadata: 1.6609954694285989
  landing: 0.0202520489692688
  view-data: 0.026243348605930805
