times:
  edit-metadata: 1.022588025778532
  landing: 0.04573845909908414
  view-data: 0.22859990177676082
