times:
  edit-metadata: 1.7223838400095701
  landing: 0.01930021494626999
  view-data: 0.024222910404205322
