times:
  edit-metadata: 1.7069022115319967
  landing: 0.20988689363002777
  view-data: 0.10498052835464478
