times:
  edit-metadata: 2.0493478029966354
  landing: 0.24591357074677944
  view-data: 0.13544055819511414
