times:
  edit-metadata: 2.13505076803267
  landing: 0.29598829336464405
  view-data: 0.4539395719766617
