times:
  edit-metadata: 1.7862561158835888
  landing: 0.019987523555755615
  view-data: 0.024309344589710236
