times:
  edit-metadata: 1.847487522289157
  landing: 0.12985754664987326
  view-data: 0.2594313146546483
