times:
  edit-metadata: 1.8584275655448437
  landing: 0.2768584080040455
  view-data: 0.026967424899339676
