times:
  edit-metadata: 1.146272324025631
  landing: 0.041809653863310814
  view-data: 0.3102077841758728
