times:
  edit-metadata: 1.7257615383714437
  landing: 0.22218125127255917
  view-data: 0.023397233337163925
