times:
  edit-metadata: 1.7638920191675425
  landing: 0.13845827989280224
  view-data: 0.023271935060620308
