times:
  edit-metadata: 1.6624628202989697
  landing: 0.023192042484879494
  view-data: 0.023483923636376858
