times:
  edit-metadata: 1.800278665497899
  landing: 0.22096161916851997
  view-data: 0.022959407418966293
