times:
  edit-metadata: 2.1552518159151077
  landing: 0.02449303213506937
  view-data: 0.025160363875329494
