times:
  edit-metadata: 1.987225217744708
  landing: 0.12580879591405392
  view-data: 0.031188154593110085
