times:
  edit-metadata: 1.877437848597765
  landing: 0.1613104362040758
  view-data: 0.02236149273812771
