times:
  edit-metadata: 1.9045253079384565
  landing: 0.13309975154697895
  view-data: 0.02842351235449314
