times:
  edit-metadata: 2.5235806480050087
  landing: 0.14609198085963726
  view-data: 0.4455030504614115
