times:
  edit-metadata: 1.8143077213317156
  landing: 0.1995792416855693
  view-data: 0.15423342306166887
