times:
  edit-metadata: 2.0510448049753904
  landing: 0.2925210800021887
  view-data: 0.5294569451361895
