times:
  edit-metadata: 2.0076893717050552
  landing: 0.20551853068172932
  view-data: 0.36223602667450905
