times:
  edit-metadata: 1.8053322732448578
  landing: 0.044171757996082306
  view-data: 0.31065723672509193
