times:
  edit-metadata: 1.7949208384379745
  landing: 0.18873369507491589
  view-data: 0.4572631176561117
