times:
  edit-metadata: 1.7761508245021105
  landing: 0.02110045962035656
  view-data: 0.3101165387779474
