times:
  edit-metadata: 1.7089743306860328
  landing: 0.020609453320503235
  view-data: 0.02511581964790821
