times:
  edit-metadata: 0.8881664066575468
  landing: 0.046228519175201654
  view-data: 0.23710632883012295
