times:
  edit-metadata: 0.9504015981219709
  landing: 0.04590160492807627
  view-data: 0.3512398209422827
