times:
  edit-metadata: 1.8106946721673012
  landing: 0.018433786928653717
  view-data: 0.023898214101791382
