times:
  edit-metadata: 1.9153722766786814
  landing: 0.13828573375940323
  view-data: 0.0579301118850708
