times:
  edit-metadata: 1.8310637334361672
  landing: 0.126864992082119
  view-data: 0.6440862081944942
