times:
  edit-metadata: 1.8391767665743828
  landing: 0.13501372747123241
  view-data: 0.026380548253655434
