times:
  edit-metadata: 0.8440747107379138
  landing: 0.04604513198137283
  view-data: 0.23397151427343488
