times:
  edit-metadata: 1.9264391735196114
  landing: 0.19105137325823307
  view-data: 0.10263778455555439
