times:
  edit-metadata: 1.8500182088464499
  landing: 0.25029544346034527
  view-data: 0.3056083731353283
