times:
  edit-metadata: 1.039015918970108
  landing: 0.04357194621115923
  view-data: 0.23164904909208417
