times:
  edit-metadata: 1.8551439866423607
  landing: 0.1852138750255108
  view-data: 0.13524297252297401
