times:
  edit-metadata: 0.955594427883625
  landing: 0.09391415305435658
  view-data: 0.23324513901025057
