times:
  edit-metadata: 1.70865642093122
  landing: 0.18056695535779
  view-data: 0.025229839608073235
