times:
  edit-metadata: 1.7608018107712269
  landing: 0.020656747743487358
  view-data: 0.02374272793531418
