times:
  edit-metadata: 2.104791698977351
  landing: 0.024512266740202904
  view-data: 0.1715452242642641
