times:
  edit-metadata: 1.0322008761577308
  landing: 0.043467660900205374
  view-data: 0.37481289682909846
