times:
  edit-metadata: 2.033018697053194
  landing: 0.021926594898104668
  view-data: 0.40867779217660427
