times:
  edit-metadata: 1.782815946266055
  landing: 0.19481312483549118
  view-data: 0.12586594559252262
