times:
  edit-metadata: 0.8698394349776208
  landing: 0.0467643509618938
  view-data: 0.22828251775354147
