times:
  edit-metadata: 1.0648337812162936
  landing: 0.06212186301127076
  view-data: 0.36128841899335384
