times:
  edit-metadata: 1.8276929473504424
  landing: 0.2400848027318716
  view-data: 0.15245782025158405
