times:
  edit-metadata: 2.2399829868227243
  landing: 0.3600495345890522
  view-data: 0.14874033443629742
