times:
  edit-metadata: 1.952722154557705
  landing: 0.26020737551152706
  view-data: 0.4483582079410553
