times:
  edit-metadata: 1.1097570969723165
  landing: 0.08716690726578236
  view-data: 0.2410462023690343
