times:
  edit-metadata: 1.8548642192035913
  landing: 0.022887486964464188
  view-data: 0.12848398089408875
