times:
  edit-metadata: 1.8942548427730799
  landing: 0.13993891701102257
  view-data: 0.023760812357068062
