times:
  edit-metadata: 1.7970949467271566
  landing: 0.02029309794306755
  view-data: 0.02711843140423298
