times:
  edit-metadata: 1.8831207007169724
  landing: 0.2940087132155895
  view-data: 0.3867087848484516
