times:
  edit-metadata: 1.824562355875969
  landing: 0.01918998919427395
  view-data: 0.025317037478089333
