times:
  edit-metadata: 1.8643955839797854
  landing: 0.16584927681833506
  view-data: 0.256636799313128
