times:
  edit-metadata: 2.0282678864896297
  landing: 0.21322114020586014
  view-data: 0.4440936464816332
