times:
  edit-metadata: 1.7695406898856163
  landing: 0.02118319645524025
  view-data: 0.026928631588816643
