times:
  edit-metadata: 1.8203115481883287
  landing: 0.11556804552674294
  view-data: 0.1189043428748846
