times:
  edit-metadata: 1.9837912674993277
  landing: 0.2007716204971075
  view-data: 0.09900152496993542
