times:
  edit-metadata: 1.7979645263403654
  landing: 0.14374123327434063
  view-data: 0.15306926891207695
