times:
  edit-metadata: 2.9812494330108166
  landing: 0.12203725427389145
  view-data: 0.4715234115719795
