times:
  edit-metadata: 1.8194981347769499
  landing: 0.15092605538666248
  view-data: 0.025326579809188843
