times:
  edit-metadata: 1.7748450450599194
  landing: 0.021126344799995422
  view-data: 0.3099058847874403
