times:
  edit-metadata: 1.8424556329846382
  landing: 0.2549327155575156
  view-data: 0.26231234055012465
