times:
  edit-metadata: 1.8135905666276813
  landing: 0.19784592278301716
  view-data: 0.13339917920529842
