times:
  edit-metadata: 1.854424998164177
  landing: 0.024162989109754562
  view-data: 0.12841605953872204
