times:
  edit-metadata: 1.8260629083961248
  landing: 0.2536794599145651
  view-data: 0.023107707500457764
