times:
  edit-metadata: 1.7675252426415682
  landing: 0.12380972504615784
  view-data: 0.02515702322125435
