times:
  edit-metadata: 2.1436094380915165
  landing: 0.2957745734602213
  view-data: 0.4270262084901333
