times:
  edit-metadata: 1.8295992650091648
  landing: 0.1412371937185526
  view-data: 0.02907527983188629
