times:
  edit-metadata: 2.2064487244933844
  landing: 0.02191271260380745
  view-data: 0.28143602795898914
