times:
  edit-metadata: 0.9683405738323927
  landing: 0.04156258702278137
  view-data: 0.22404233599081635
