times:
  edit-metadata: 2.101119128987193
  landing: 0.1566685363650322
  view-data: 0.348034692928195
