times:
  edit-metadata: 4.40431615099078
  landing: 0.36797366000246257
  view-data: 0.5198615550179966
