times:
  edit-metadata: 2.4521761927753687
  landing: 0.1766383983194828
  view-data: 0.34235221333801746
