times:
  edit-metadata: 1.8024778235703707
  landing: 0.01828012987971306
  view-data: 0.29920044355094433
