times:
  edit-metadata: 2.000631883740425
  landing: 0.17985123582184315
  view-data: 0.16973834857344627
