times:
  edit-metadata: 1.823828037828207
  landing: 0.021175626665353775
  view-data: 0.14542643539607525
