times:
  edit-metadata: 2.3302468433976173
  landing: 0.25784119218587875
  view-data: 0.15457769855856895
