times:
  edit-metadata: 2.866735314950347
  landing: 0.24689370393753052
  view-data: 0.34605745039880276
