times:
  edit-metadata: 1.7953059487044811
  landing: 0.02073228918015957
  view-data: 0.12510879337787628
