times:
  edit-metadata: 2.0167417861521244
  landing: 0.2624359671026468
  view-data: 0.372348565608263
