times:
  edit-metadata: 1.2433590930886567
  landing: 0.04596874676644802
  view-data: 0.31454984098672867
