times:
  edit-metadata: 1.7769127823412418
  landing: 0.15222886111587286
  view-data: 0.023262109607458115
