times:
  edit-metadata: 1.7987962365150452
  landing: 0.01995060406625271
  view-data: 0.023248735815286636
