times:
  edit-metadata: 1.105823952704668
  landing: 0.04466441320255399
  view-data: 0.3548318329267204
