times:
  edit-metadata: 1.7844026498496532
  landing: 0.02189052850008011
  view-data: 0.27296734787523746
