times:
  edit-metadata: 1.83703731931746
  landing: 0.019099781289696693
  view-data: 0.025747941806912422
