times:
  edit-metadata: 2.1950039360672235
  landing: 0.02579567674547434
  view-data: 0.4349010791629553
