times:
  edit-metadata: 1.8579249382019043
  landing: 0.01987256109714508
  view-data: 0.022621074691414833
