times:
  edit-metadata: 0.8750696671195328
  landing: 0.047546975780278444
  view-data: 0.23856664123013616
