times:
  edit-metadata: 2.4115899950265884
  landing: 0.21820221841335297
  view-data: 0.06414158828556538
