times:
  edit-metadata: 1.027539340313524
  landing: 0.0949545931071043
  view-data: 0.233131208922714
