times:
  edit-metadata: 1.7711051777005196
  landing: 0.02068708837032318
  view-data: 0.02651164121925831
