times:
  edit-metadata: 1.8530431371182203
  landing: 0.02424115128815174
  view-data: 0.29188319854438305
