times:
  edit-metadata: 1.8063513357192278
  landing: 0.02309507131576538
  view-data: 0.10176501423120499
