times:
  edit-metadata: 1.7979608792811632
  landing: 0.11962166428565979
  view-data: 0.024420076981186867
