times:
  edit-metadata: 1.9376512169837952
  landing: 0.11934120394289494
  view-data: 0.2682456262409687
