times:
  edit-metadata: 1.6663605812937021
  landing: 0.22325918171554804
  view-data: 0.10256472323089838
