times:
  edit-metadata: 1.6876033172011375
  landing: 0.020682641305029392
  view-data: 0.025172904133796692
