times:
  edit-metadata: 1.761760637164116
  landing: 0.02165338397026062
  view-data: 0.023433007299900055
