times:
  edit-metadata: 1.879159651696682
  landing: 0.022322403267025948
  view-data: 0.32698667980730534
