times:
  edit-metadata: 2.1692527253180742
  landing: 0.05461732856929302
  view-data: 0.026840263977646828
