times:
  edit-metadata: 1.8987653274089098
  landing: 0.019821790978312492
  view-data: 0.023353861644864082
