times:
  edit-metadata: 1.7889281120151281
  landing: 0.22890020534396172
  view-data: 0.15687422081828117
