times:
  edit-metadata: 0.8454944756813347
  landing: 0.057062522042542696
  view-data: 0.23342332895845175
