times:
  edit-metadata: 1.768147300928831
  landing: 0.20184973441064358
  view-data: 0.33251236751675606
