times:
  edit-metadata: 1.6868080263957381
  landing: 0.21316366828978062
  view-data: 0.4511253694072366
