times:
  edit-metadata: 1.653177653439343
  landing: 0.020999711006879807
  view-data: 0.02484716009348631
