times:
  edit-metadata: 1.751173997297883
  landing: 0.022370746359229088
  view-data: 0.02534952014684677
