times:
  edit-metadata: 1.7068810006603599
  landing: 0.020239164121448994
  view-data: 0.11822809744626284
