times:
  edit-metadata: 1.8237105049192905
  landing: 0.021530183032155037
  view-data: 0.024088623002171516
