times:
  edit-metadata: 1.9466299414634705
  landing: 0.15299256145954132
  view-data: 0.030067605897784233
