times:
  edit-metadata: 2.759545551612973
  landing: 0.22710049338638783
  view-data: 0.44183986261487007
