times:
  edit-metadata: 2.0916057843714952
  landing: 0.0246368870139122
  view-data: 0.024051997810602188
