times:
  edit-metadata: 0.9603605284355581
  landing: 0.14639570424333215
  view-data: 0.2971358299255371
