times:
  edit-metadata: 1.837339198216796
  landing: 0.24619560688734055
  view-data: 0.28603694774210453
