times:
  edit-metadata: 1.7491108905524015
  landing: 0.018321912735700607
  view-data: 0.02341073751449585
