times:
  edit-metadata: 1.7529641278088093
  landing: 0.02079494670033455
  view-data: 0.026848165318369865
