times:
  edit-metadata: 0.8784853047691286
  landing: 0.044915211386978626
  view-data: 0.22679308103397489
