times:
  edit-metadata: 1.8171071466058493
  landing: 0.20317785628139973
  view-data: 0.17265733517706394
