times:
  edit-metadata: 1.8848161827772856
  landing: 0.1316236760467291
  view-data: 0.16534117422997952
