times:
  edit-metadata: 2.226043475791812
  landing: 0.3070890475064516
  view-data: 0.34250275790691376
