times:
  edit-metadata: 2.0970284091308713
  landing: 0.019792032428085804
  view-data: 0.48624591529369354
