times:
  edit-metadata: 1.9327007308602333
  landing: 0.02080760896205902
  view-data: 0.12698296457529068
