times:
  edit-metadata: 1.8334124172106385
  landing: 0.020061323419213295
  view-data: 0.4377092504873872
