times:
  edit-metadata: 0.8537589348852634
  landing: 0.0465527530759573
  view-data: 0.22321611875668168
