times:
  edit-metadata: 1.7180770356208086
  landing: 0.025274165906012058
  view-data: 0.11809555720537901
