times:
  edit-metadata: 1.7861593440175056
  landing: 0.02117154374718666
  view-data: 0.025081731379032135
