times:
  edit-metadata: 1.9664182998239994
  landing: 0.02414756827056408
  view-data: 0.1222690287977457
