times:
  edit-metadata: 1.922422844916582
  landing: 0.21124519780278206
  view-data: 0.13800380565226078
