times:
  edit-metadata: 0.9453837247565389
  landing: 0.13401230098679662
  view-data: 0.23488547699525952
