times:
  edit-metadata: 1.1149901221506298
  landing: 0.08291246416047215
  view-data: 0.35053444281220436
