times:
  edit-metadata: 2.911032931995578
  landing: 0.2864806269935798
  view-data: 0.5467608770122752
