times:
  edit-metadata: 2.0481114592403173
  landing: 0.022921854630112648
  view-data: 0.15179242379963398
