times:
  edit-metadata: 1.7552738524973392
  landing: 0.022209549322724342
  view-data: 0.0275578573346138
