times:
  edit-metadata: 2.029414691030979
  landing: 0.19646989926695824
  view-data: 0.02535141445696354
