times:
  edit-metadata: 1.7256403919309378
  landing: 0.019461829215288162
  view-data: 0.02505618892610073
