times:
  edit-metadata: 1.1100707012228668
  landing: 0.054304881021380424
  view-data: 0.23321432061493397
