times:
  edit-metadata: 2.0115214604884386
  landing: 0.15957988798618317
  view-data: 0.34999578446149826
