times:
  edit-metadata: 0.8689758679829538
  landing: 0.05245488090440631
  view-data: 0.23146218713372946
