times:
  edit-metadata: 2.2729805447161198
  landing: 0.15203688852488995
  view-data: 0.42516556940972805
