times:
  edit-metadata: 1.770467970520258
  landing: 0.019814571365714073
  view-data: 0.02328205481171608
