times:
  edit-metadata: 1.918891303241253
  landing: 0.019258344545960426
  view-data: 0.02807394415140152
