times:
  edit-metadata: 1.890478334389627
  landing: 0.12845682445913553
  view-data: 0.09394717309623957
