times:
  edit-metadata: 0.8621007427573204
  landing: 0.044984922744333744
  view-data: 0.22574473032727838
