times:
  edit-metadata: 1.0588890672661364
  landing: 0.060146949253976345
  view-data: 0.3234536969102919
