times:
  edit-metadata: 2.1973215993493795
  landing: 0.29079860262572765
  view-data: 0.35094669088721275
