times:
  edit-metadata: 2.045427393168211
  landing: 0.2656043991446495
  view-data: 0.17233870550990105
