times:
  edit-metadata: 2.0892638312652707
  landing: 0.10008143074810505
  view-data: 0.02302852924913168
