times:
  edit-metadata: 2.010583395138383
  landing: 0.29194391146302223
  view-data: 0.23053616844117641
