times:
  edit-metadata: 1.8334437925368547
  landing: 0.21604128740727901
  view-data: 0.32026005536317825
