times:
  edit-metadata: 1.9203605484217405
  landing: 0.018659470602869987
  view-data: 0.030949236825108528
