times:
  edit-metadata: 1.9714772030711174
  landing: 0.11807203106582165
  view-data: 0.31484133563935757
