times:
  edit-metadata: 1.9514796417206526
  landing: 0.05950518324971199
  view-data: 0.29395255260169506
