times:
  edit-metadata: 1.793595563620329
  landing: 0.020173463970422745
  view-data: 0.02472800575196743
