times:
  edit-metadata: 1.9608670435845852
  landing: 0.02319938875734806
  view-data: 0.025287913158535957
