times:
  edit-metadata: 2.1608078740537167
  landing: 0.025913048535585403
  view-data: 0.02376045100390911
