times:
  edit-metadata: 1.7852647732943296
  landing: 0.12196575663983822
  view-data: 0.026194335892796516
