times:
  edit-metadata: 2.409797765314579
  landing: 0.17701157182455063
  view-data: 0.28709224984049797
