times:
  edit-metadata: 1.7926874971017241
  landing: 0.19171391613781452
  view-data: 0.14554660208523273
