times:
  edit-metadata: 1.7898281924426556
  landing: 0.02505091018974781
  view-data: 0.02723187766969204
