times:
  edit-metadata: 1.9487888449802995
  landing: 0.022374260239303112
  view-data: 0.31304053124040365
