times:
  edit-metadata: 1.8834491614252329
  landing: 0.23049559444189072
  view-data: 0.022361211478710175
