times:
  edit-metadata: 1.0803741440176964
  landing: 0.11082958476617932
  view-data: 0.2898119227029383
