times:
  edit-metadata: 2.0553088188171387
  landing: 0.16568445600569248
  view-data: 0.13378751277923584
