times:
  edit-metadata: 1.8267659731209278
  landing: 0.12855346500873566
  view-data: 0.3021887745708227
