times:
  edit-metadata: 0.623991722241044
  landing: 0.05822313018143177
  view-data: 0.21773434104397893
