times:
  edit-metadata: 0.6262084259651601
  landing: 0.043582621961832047
  view-data: 0.22053838288411498
