times:
  edit-metadata: 0.745138430967927
  landing: 0.10177546180784702
  view-data: 0.26303078699856997
