times:
  edit-metadata: 0.8841352090239525
  landing: 0.08380834804847836
  view-data: 0.26601236406713724
