times:
  edit-metadata: 0.6664253422059119
  landing: 0.06228454876691103
  view-data: 0.22828225698322058
