times:
  edit-metadata: 0.6009826818481088
  landing: 0.05611331993713975
  view-data: 0.22298930492252111
