times:
  edit-metadata: 0.633605123963207
  landing: 0.06410429207608104
  view-data: 0.21159170614555478
