times:
  edit-metadata: 0.7826455230824649
  landing: 0.05640703905373812
  view-data: 0.20697746705263853
