times:
  edit-metadata: 0.6158030712977052
  landing: 0.06852537067607045
  view-data: 0.20404168497771025
