times:
  edit-metadata: 0.7018929440528154
  landing: 0.07156865019351244
  view-data: 0.24834863375872374
