times:
  edit-metadata: 0.6779339769855142
  landing: 0.11187289888039231
  view-data: 0.21558240801095963
