times:
  edit-metadata: 1.9178913179785013
  landing: 0.2414877712726593
  view-data: 0.135209696367383
