times:
  edit-metadata: 0.610511174891144
  landing: 0.060723362024873495
  view-data: 0.20931863319128752
