times:
  edit-metadata: 0.7897820780053735
  landing: 0.09251731587573886
  view-data: 0.22047754703089595
