times:
  edit-metadata: 1.700569860637188
  landing: 0.24243802949786186
  view-data: 0.027276210486888885
