times:
  edit-metadata: 1.8190968502312899
  landing: 0.16317512281239033
  view-data: 0.3694494105875492
