times:
  edit-metadata: 0.9537986139766872
  landing: 0.06549481116235256
  view-data: 0.2972007258795202
