times:
  edit-metadata: 1.8762853424996138
  landing: 0.2542142476886511
  view-data: 0.36968133598566055
