times:
  edit-metadata: 0.7714325948618352
  landing: 0.04672334296628833
  view-data: 0.2257417468354106
