times:
  edit-metadata: 0.6229660590179265
  landing: 0.0635164650157094
  view-data: 0.21488618291914463
