times:
  edit-metadata: 0.7024547117762268
  landing: 0.11662428919225931
  view-data: 0.21604568185284734
