times:
  edit-metadata: 0.7590303071774542
  landing: 0.07410067413002253
  view-data: 0.3153105448000133
