times:
  edit-metadata: 0.8206544942222536
  landing: 0.06797826709225774
  view-data: 0.3140602568164468
