times:
  edit-metadata: 0.6219057478010654
  landing: 0.04882450867444277
  view-data: 0.2354573691263795
