times:
  edit-metadata: 0.6926296497695148
  landing: 0.11478165304288268
  view-data: 0.21748714288696647
