times:
  edit-metadata: 0.7826835480518639
  landing: 0.13119374215602875
  view-data: 0.2627942650578916
