times:
  edit-metadata: 0.8955271230079234
  landing: 0.07568287011235952
  view-data: 0.29917597863823175
