times:
  edit-metadata: 0.6605027439072728
  landing: 0.05774593725800514
  view-data: 0.23111208993941545
