times:
  edit-metadata: 0.8811754421330988
  landing: 0.07626280887052417
  view-data: 0.2819104972295463
