times:
  edit-metadata: 0.8272508960217237
  landing: 0.06510018464177847
  view-data: 0.2305069686844945
