times:
  edit-metadata: 0.6670205388218164
  landing: 0.060054427944123745
  view-data: 0.21617477806285024
