times:
  edit-metadata: 0.44513052282854915
  landing: 0.04140900820493698
  view-data: 0.722784383688122
