times:
  edit-metadata: 0.43006245512515306
  landing: 0.04307044576853514
  view-data: 0.3304975116625428
