times:
  edit-metadata: 0.4560124296694994
  landing: 0.048653991892933846
  view-data: 0.2056267149746418
