times:
  edit-metadata: 0.4392654215916991
  landing: 0.05381207261234522
  view-data: 0.20623990427702665
