times:
  edit-metadata: 0.4449977199546993
  landing: 0.04303556401282549
  view-data: 0.21925073163583875
