times:
  edit-metadata: 0.43367812037467957
  landing: 0.04826459754258394
  view-data: 0.3266851957887411
