times:
  edit-metadata: 0.44002349115908146
  landing: 0.05326797440648079
  view-data: 0.21113029588013887
