times:
  edit-metadata: 0.42631321400403976
  landing: 0.041777057107537985
  view-data: 0.45599110797047615
