times:
  edit-metadata: 0.4535481259226799
  landing: 0.0506601152010262
  view-data: 0.21296656597405672
