times:
  edit-metadata: 0.4330520019866526
  landing: 0.041216553654521704
  view-data: 0.46016229316592216
