times:
  edit-metadata: 2.211343578994274
  landing: 0.02107752114534378
  view-data: 0.31017183139920235
