times:
  edit-metadata: 2.2623961716890335
  landing: 0.13899856433272362
  view-data: 0.023393947631120682
