times:
  edit-metadata: 2.4558348190039396
  landing: 0.1398787871003151
  view-data: 0.14868127554655075
