times:
  edit-metadata: 2.3020130451768637
  landing: 0.022139571607112885
  view-data: 0.025685783475637436
