times:
  edit-metadata: 2.8747288286685944
  landing: 0.29446657188236713
  view-data: 0.1415800042450428
