times:
  edit-metadata: 1.7575833112932742
  landing: 0.10113788302987814
  view-data: 0.33105814829468727
