times:
  edit-metadata: 2.9038868118077517
  landing: 0.25915678031742573
  view-data: 0.5464332476258278
