times:
  edit-metadata: 2.3067980650812387
  landing: 0.2360845860093832
  view-data: 0.0246270801872015
