times:
  edit-metadata: 2.2990432046353817
  landing: 0.1156537514179945
  view-data: 0.026294535025954247
