times:
  edit-metadata: 2.21196348965168
  landing: 0.020577967166900635
  view-data: 0.025679562240839005
