times:
  edit-metadata: 2.1773289972916245
  landing: 0.030640751123428345
  view-data: 0.4181747520342469
