times:
  edit-metadata: 2.5578206200152636
  landing: 0.2464598473161459
  view-data: 0.13197060953825712
