times:
  edit-metadata: 3.7381551433354616
  landing: 0.2503214869648218
  view-data: 0.7512071710079908
