times:
  edit-metadata: 2.2893871068954468
  landing: 0.021489523351192474
  view-data: 0.31870415434241295
