times:
  edit-metadata: 2.2609004843980074
  landing: 0.020116304978728294
  view-data: 0.3280534762889147
