times:
  edit-metadata: 2.8718994203954935
  landing: 0.21706965751945972
  view-data: 0.6507923621684313
