times:
  edit-metadata: 2.696988556534052
  landing: 0.24010514467954636
  view-data: 0.45872116833925247
