times:
  edit-metadata: 2.3476981464773417
  landing: 0.21564722061157227
  view-data: 0.02678827755153179
