times:
  edit-metadata: 2.1384697388857603
  landing: 0.2702468056231737
  view-data: 0.028195603750646114
