times:
  edit-metadata: 2.418670181185007
  landing: 0.21425433456897736
  view-data: 0.02745806984603405
