times:
  edit-metadata: 1.4050962971523404
  landing: 0.052930247969925404
  view-data: 0.26567627117037773
