times:
  edit-metadata: 2.292612062767148
  landing: 0.02285819500684738
  view-data: 0.10763205401599407
