times:
  edit-metadata: 2.1967875007539988
  landing: 0.019485189579427242
  view-data: 0.2957220459356904
