times:
  edit-metadata: 2.6322808284312487
  landing: 0.022057440131902695
  view-data: 0.12202317081391811
