times:
  edit-metadata: 1.6857694052159786
  landing: 0.07036571158096194
  view-data: 0.3975392156280577
