times:
  edit-metadata: 1.6805585180409253
  landing: 0.13761298405006528
  view-data: 0.2612336836755276
