times:
  edit-metadata: 2.564546562731266
  landing: 0.024332236498594284
  view-data: 0.14426083117723465
