times:
  edit-metadata: 2.5798456333577633
  landing: 0.023001778870821
  view-data: 0.059644293040037155
