times:
  edit-metadata: 2.299707503989339
  landing: 0.2638364704325795
  view-data: 0.024271889589726925
