times:
  edit-metadata: 1.6574560306034982
  landing: 0.04078426584601402
  view-data: 0.2998960930854082
