times:
  edit-metadata: 2.2810766231268644
  landing: 0.11392289027571678
  view-data: 0.028762174770236015
