times:
  edit-metadata: 2.168877813965082
  landing: 0.021676162257790565
  view-data: 0.02539043314754963
