times:
  edit-metadata: 2.419182274490595
  landing: 0.024915829300880432
  view-data: 0.02558644860982895
