times:
  edit-metadata: 2.196403307840228
  landing: 0.019628791138529778
  view-data: 0.0248398557305336
