times:
  edit-metadata: 2.2776503171771765
  landing: 0.02141343057155609
  view-data: 0.3132272604852915
