times:
  edit-metadata: 2.503566427156329
  landing: 0.04977372661232948
  view-data: 0.025820741429924965
