times:
  edit-metadata: 1.6576979998499155
  landing: 0.06898611690849066
  view-data: 0.2569132698699832
