times:
  edit-metadata: 1.403524741064757
  landing: 0.056229440961033106
  view-data: 0.25241297110915184
