times:
  edit-metadata: 2.5574752409011126
  landing: 0.14048436097800732
  view-data: 0.4254450798034668
