times:
  edit-metadata: 2.320934019982815
  landing: 0.019756359979510307
  view-data: 0.2986548151820898
