times:
  edit-metadata: 2.226233022287488
  landing: 0.02497199736535549
  view-data: 0.027882972732186317
