times:
  edit-metadata: 2.688962151296437
  landing: 0.22640025336295366
  view-data: 0.44930896162986755
