times:
  edit-metadata: 2.1968076825141907
  landing: 0.02022574283182621
  view-data: 0.10307476855814457
