times:
  edit-metadata: 3.578050712996628
  landing: 0.5535036000073887
  view-data: 0.5843933360010851
