times:
  edit-metadata: 2.199822247028351
  landing: 0.021115435287356377
  view-data: 0.1335865594446659
