times:
  edit-metadata: 2.6655603386461735
  landing: 0.2685720082372427
  view-data: 0.024864409118890762
