times:
  edit-metadata: 2.296344608068466
  landing: 0.019628576934337616
  view-data: 0.022909682244062424
