times:
  edit-metadata: 2.5059238355606794
  landing: 0.22634035535156727
  view-data: 0.13419085927307606
