times:
  edit-metadata: 1.3474960322491825
  landing: 0.0485126837156713
  view-data: 0.2615463496185839
