times:
  edit-metadata: 2.4160770885646343
  landing: 0.14355125464498997
  view-data: 0.3439602516591549
