times:
  edit-metadata: 2.1891910433769226
  landing: 0.02149980515241623
  view-data: 0.026248907670378685
