times:
  edit-metadata: 2.483654481358826
  landing: 0.0193983381614089
  view-data: 0.022409322671592236
