times:
  edit-metadata: 1.5616757539100945
  landing: 0.08404420362785459
  view-data: 0.2636896730400622
