times:
  edit-metadata: 2.2996154706925154
  landing: 0.0221328716725111
  view-data: 0.38395947590470314
