times:
  edit-metadata: 2.2762642726302147
  landing: 0.019430534914135933
  view-data: 0.023758666589856148
