times:
  edit-metadata: 2.435860600322485
  landing: 0.024592600762844086
  view-data: 0.023112112656235695
