times:
  edit-metadata: 2.315820259973407
  landing: 0.38660284504294395
  view-data: 0.15568763203918934
