times:
  edit-metadata: 3.041459407657385
  landing: 0.03903926536440849
  view-data: 0.4415619745850563
