times:
  edit-metadata: 2.8411560989916325
  landing: 0.024495121091604233
  view-data: 0.39936913177371025
