times:
  edit-metadata: 2.1447713067755103
  landing: 0.2035187929868698
  view-data: 0.2153160758316517
