times:
  edit-metadata: 2.1819120151922107
  landing: 0.01950252614915371
  view-data: 0.2765023438259959
