times:
  edit-metadata: 2.60269196331501
  landing: 0.020745016634464264
  view-data: 0.03119618073105812
