times:
  edit-metadata: 3.9927373975515366
  landing: 0.25941135734319687
  view-data: 0.41340040788054466
