times:
  edit-metadata: 2.21694365888834
  landing: 0.020389849320054054
  view-data: 0.02719179168343544
