times:
  edit-metadata: 2.360263891518116
  landing: 0.02223818749189377
  view-data: 0.5436616037040949
