times:
  edit-metadata: 5.705584889015881
  landing: 0.7929375269741286
  view-data: 0.7085225459886715
