times:
  edit-metadata: 2.3551216442137957
  landing: 0.19296479038894176
  view-data: 0.3097619377076626
