times:
  edit-metadata: 2.2734034843742847
  landing: 0.020793136209249496
  view-data: 0.02516660839319229
