times:
  edit-metadata: 2.2573182759806514
  landing: 0.21953493822366
  view-data: 0.4134333496913314
