times:
  edit-metadata: 1.3777665020897985
  landing: 0.05908294999971986
  view-data: 0.257497841026634
