times:
  edit-metadata: 2.2751516178250313
  landing: 0.01952953450381756
  view-data: 0.3287255819886923
