times:
  edit-metadata: 2.2688973359763622
  landing: 0.17763370275497437
  view-data: 0.023316312581300735
