times:
  edit-metadata: 1.6180616412311792
  landing: 0.16346999490633607
  view-data: 0.4132725540548563
