times:
  edit-metadata: 2.219005612656474
  landing: 0.022491533309221268
  view-data: 0.025787219405174255
