times:
  edit-metadata: 2.3358093965798616
  landing: 0.019859623163938522
  view-data: 0.024365508928894997
