times:
  edit-metadata: 2.1740153040736914
  landing: 0.021311424672603607
  view-data: 0.02533036656677723
