times:
  edit-metadata: 2.727928940206766
  landing: 0.020957179367542267
  view-data: 0.5933583099395037
