times:
  edit-metadata: 2.7531690783798695
  landing: 0.3086130302399397
  view-data: 0.36592413671314716
