times:
  edit-metadata: 3.3411941342055798
  landing: 0.3244262710213661
  view-data: 0.0300010833889246
