times:
  edit-metadata: 2.3474694918841124
  landing: 0.022724991664290428
  view-data: 0.026300501078367233
