times:
  edit-metadata: 1.6175378682091832
  landing: 0.04469929588958621
  view-data: 0.27279745880514383
