times:
  edit-metadata: 1.7255920693278313
  landing: 0.05421009287238121
  view-data: 0.40892942110076547
