times:
  edit-metadata: 2.342001711949706
  landing: 0.023011907935142517
  view-data: 0.026247244328260422
