times:
  edit-metadata: 1.6034269756637514
  landing: 0.04351907130330801
  view-data: 0.3809666750021279
