times:
  edit-metadata: 1.416385994758457
  landing: 0.08627545135095716
  view-data: 0.31635983660817146
