times:
  edit-metadata: 1.3802387230098248
  landing: 0.05134224286302924
  view-data: 0.25125780096277595
