times:
  edit-metadata: 2.47194935567677
  landing: 0.021965298801660538
  view-data: 0.1546800434589386
