times:
  edit-metadata: 2.3319454193115234
  landing: 0.2146964045241475
  view-data: 0.45183636993169785
