times:
  edit-metadata: 1.4216579450294375
  landing: 0.05808225367218256
  view-data: 0.25826351484283805
