times:
  edit-metadata: 2.2605468519032
  landing: 0.19943481869995594
  view-data: 0.12506732158362865
