times:
  edit-metadata: 2.211100139655173
  landing: 0.02184319868683815
  view-data: 0.024537468329072
