times:
  edit-metadata: 2.5311527960002422
  landing: 0.2006264328956604
  view-data: 0.1397465504705906
