times:
  edit-metadata: 2.2803024034947157
  landing: 0.023190846666693687
  view-data: 0.025563543662428856
