times:
  edit-metadata: 2.28798696026206
  landing: 0.13373897597193718
  view-data: 0.025592416524887085
