times:
  edit-metadata: 2.271635277196765
  landing: 0.018188592046499252
  view-data: 0.023124178871512413
