times:
  edit-metadata: 2.316542936488986
  landing: 0.02013906091451645
  view-data: 0.3378940373659134
