times:
  edit-metadata: 1.602636942639947
  landing: 0.08844163734465837
  view-data: 0.2532307142391801
