times:
  edit-metadata: 3.3300311509519815
  landing: 0.1587367169559002
  view-data: 0.34478970244526863
