times:
  edit-metadata: 2.756235431879759
  landing: 0.20849938318133354
  view-data: 0.3946258891373873
