times:
  edit-metadata: 2.1893262350931764
  landing: 0.20056720077991486
  view-data: 0.254764755256474
