times:
  edit-metadata: 2.6261935643851757
  landing: 0.2318681962788105
  view-data: 0.3956983257085085
