times:
  edit-metadata: 2.3494662288576365
  landing: 0.02500641718506813
  view-data: 0.02354590781033039
