times:
  edit-metadata: 1.719040127005428
  landing: 0.09991374472156167
  view-data: 0.2851069988682866
