times:
  edit-metadata: 2.837249517440796
  landing: 0.27037366293370724
  view-data: 0.31171969324350357
