times:
  edit-metadata: 2.2802959121763706
  landing: 0.2428976222872734
  view-data: 0.32032988779246807
