times:
  edit-metadata: 2.4330102326348424
  landing: 0.02120415586978197
  view-data: 0.3876458117738366
