times:
  edit-metadata: 1.7930710050277412
  landing: 0.10387450503185391
  view-data: 0.3013785481452942
