times:
  edit-metadata: 2.199987618252635
  landing: 0.019480768591165543
  view-data: 0.3111397512257099
