times:
  edit-metadata: 2.4360346980392933
  landing: 0.1222174596041441
  view-data: 0.10336031205952168
