times:
  edit-metadata: 2.243252858519554
  landing: 0.01905505359172821
  view-data: 0.13664831593632698
