times:
  edit-metadata: 2.230646338313818
  landing: 0.10004177317023277
  view-data: 0.13417977653443813
