times:
  edit-metadata: 2.1443767361342907
  landing: 0.02050875313580036
  view-data: 0.3601028649136424
