times:
  edit-metadata: 2.287793477997184
  landing: 0.02053888887166977
  view-data: 0.12317946180701256
