times:
  edit-metadata: 2.3528937958180904
  landing: 0.02006981149315834
  view-data: 0.1490040197968483
