times:
  edit-metadata: 2.287870510481298
  landing: 0.12988843023777008
  view-data: 0.09626467525959015
