times:
  edit-metadata: 2.59491590783
  landing: 0.2435375601053238
  view-data: 0.3182967398315668
