times:
  edit-metadata: 2.3047973020002246
  landing: 0.23464901372790337
  view-data: 0.024133660830557346
