times:
  edit-metadata: 2.326049316674471
  landing: 0.020388983190059662
  view-data: 0.2973859775811434
