times:
  edit-metadata: 2.427433682605624
  landing: 0.023933444172143936
  view-data: 0.02806248888373375
