times:
  edit-metadata: 2.1977512296289206
  landing: 0.04102734848856926
  view-data: 0.024941083043813705
