times:
  edit-metadata: 2.761233124881983
  landing: 0.2443266324698925
  view-data: 0.2597313951700926
