times:
  edit-metadata: 1.9105640659108758
  landing: 0.03982630465179682
  view-data: 0.2984450291842222
