times:
  edit-metadata: 2.122990761883557
  landing: 0.1834731614217162
  view-data: 0.4187062717974186
