times:
  edit-metadata: 2.0859033847227693
  landing: 0.02959028910845518
  view-data: 0.026640474796295166
