times:
  edit-metadata: 2.256300250068307
  landing: 0.16325571201741695
  view-data: 0.023367632180452347
