times:
  edit-metadata: 2.107448320835829
  landing: 0.01942519750446081
  view-data: 0.22650574892759323
