times:
  edit-metadata: 2.219551160931587
  landing: 0.023066367954015732
  view-data: 0.33694678358733654
