times:
  edit-metadata: 2.9162709955126047
  landing: 0.3040581401437521
  view-data: 0.38778938353061676
