times:
  edit-metadata: 2.6815698072314262
  landing: 0.020051777362823486
  view-data: 0.02532474510371685
