times:
  edit-metadata: 2.469615099951625
  landing: 0.1619987841695547
  view-data: 0.028968850150704384
