times:
  edit-metadata: 2.2463324703276157
  landing: 0.01947498880326748
  view-data: 0.023922795429825783
