times:
  edit-metadata: 2.248528515920043
  landing: 0.20321377366781235
  view-data: 0.345706420019269
