times:
  edit-metadata: 3.181099435314536
  landing: 0.3465814534574747
  view-data: 0.43753732554614544
