times:
  edit-metadata: 2.7727431878447533
  landing: 0.03312079794704914
  view-data: 0.41171932592988014
