times:
  edit-metadata: 2.298511908389628
  landing: 0.2219403525814414
  view-data: 0.4351728344336152
