times:
  edit-metadata: 2.5958460327237844
  landing: 0.3693083990365267
  view-data: 0.42248313687741756
