times:
  edit-metadata: 2.2375080045312643
  landing: 0.021773602813482285
  view-data: 0.025534342974424362
