times:
  edit-metadata: 2.34030850417912
  landing: 0.020650148391723633
  view-data: 0.026454541832208633
