times:
  edit-metadata: 2.1439801696687937
  landing: 0.01803186908364296
  view-data: 0.023795485496520996
