times:
  edit-metadata: 2.2842078153043985
  landing: 0.0992542915046215
  view-data: 0.02566809393465519
