times:
  edit-metadata: 2.2731573786586523
  landing: 0.024098893627524376
  view-data: 0.2913420610129833
