times:
  edit-metadata: 2.0830874191597104
  landing: 0.020022916607558727
  view-data: 0.022416542284190655
