times:
  edit-metadata: 2.854750845581293
  landing: 0.023500068113207817
  view-data: 0.026874227449297905
