times:
  edit-metadata: 3.040981035679579
  landing: 0.020399563014507294
  view-data: 0.06215414218604565
