times:
  edit-metadata: 2.2733332440257072
  landing: 0.1271573957055807
  view-data: 0.3155295215547085
