times:
  edit-metadata: 2.1577433766797185
  landing: 0.11652821581810713
  view-data: 0.21535790897905827
