times:
  edit-metadata: 2.566043857485056
  landing: 0.16032277792692184
  view-data: 0.02807759679853916
