times:
  edit-metadata: 2.578698430210352
  landing: 0.23959888704121113
  view-data: 0.4245706219226122
