times:
  edit-metadata: 2.2176504535600543
  landing: 0.2087289746850729
  view-data: 0.41486993338912725
