times:
  edit-metadata: 2.4085750952363014
  landing: 0.1312775006517768
  view-data: 0.22035601921379566
