times:
  edit-metadata: 2.537442907691002
  landing: 0.20122603699564934
  view-data: 0.3944158311933279
