times:
  edit-metadata: 1.5553089664317667
  landing: 0.0584211265668273
  view-data: 0.25527690490707755
