times:
  edit-metadata: 2.2116300221532583
  landing: 0.01988450065255165
  view-data: 0.02350594848394394
