times:
  edit-metadata: 1.3509912360459566
  landing: 0.04117138311266899
  view-data: 0.2615151070058346
