times:
  edit-metadata: 2.6114337109029293
  landing: 0.02324880100786686
  view-data: 0.16248436458408833
