times:
  edit-metadata: 2.0641541816294193
  landing: 0.021131344139575958
  view-data: 0.025539605878293514
