times:
  edit-metadata: 1.6179155511781573
  landing: 0.08209021901711822
  view-data: 0.2615685979835689
