times:
  edit-metadata: 2.5468969754874706
  landing: 0.019486204721033573
  view-data: 0.04664235655218363
