times:
  edit-metadata: 2.2390125952661037
  landing: 0.02005675621330738
  view-data: 0.14337430708110332
