times:
  edit-metadata: 2.2744003161787987
  landing: 0.020354172214865685
  view-data: 0.4080427046865225
