times:
  edit-metadata: 2.7919141333550215
  landing: 0.20241405442357063
  view-data: 0.02701679803431034
