times:
  edit-metadata: 2.290552856400609
  landing: 0.20107095316052437
  view-data: 0.14035622589290142
