times:
  edit-metadata: 1.3534293319098651
  landing: 0.05857782578095794
  view-data: 0.2616599937900901
