times:
  edit-metadata: 2.1698411628603935
  landing: 0.02294187806546688
  view-data: 0.026357704773545265
