times:
  edit-metadata: 2.700134936720133
  landing: 0.11571633070707321
  view-data: 0.02529204823076725
