times:
  edit-metadata: 1.6199064129032195
  landing: 0.0438935779966414
  view-data: 0.3012108029797673
