times:
  edit-metadata: 2.3449482629075646
  landing: 0.019564136862754822
  view-data: 0.153430650010705
