times:
  edit-metadata: 2.089271659962833
  landing: 0.22860374860465527
  view-data: 0.024526897817850113
