times:
  edit-metadata: 2.1045279130339622
  landing: 0.19352443143725395
  view-data: 0.22587511781603098
