times:
  edit-metadata: 1.4365175599232316
  landing: 0.07444598013535142
  view-data: 0.3888337151147425
