times:
  edit-metadata: 1.429747304879129
  landing: 0.13553280103951693
  view-data: 0.22314802277833223
