times:
  edit-metadata: 1.4032502342015505
  landing: 0.028567852452397346
  view-data: 0.3244335874915123
