times:
  edit-metadata: 1.373801238834858
  landing: 0.12221203185617924
  view-data: 0.027880044654011726
