times:
  edit-metadata: 1.7836909387260675
  landing: 0.26561607979238033
  view-data: 0.32683549262583256
