times:
  edit-metadata: 1.7292736992239952
  landing: 0.24941236712038517
  view-data: 0.336214242503047
