times:
  edit-metadata: 1.3550946041941643
  landing: 0.024110347032546997
  view-data: 0.12979386188089848
