times:
  edit-metadata: 1.5040321983397007
  landing: 0.3019517958164215
  view-data: 0.025227928534150124
