times:
  edit-metadata: 1.3511572442948818
  landing: 0.23934989050030708
  view-data: 0.022631855681538582
