times:
  edit-metadata: 1.3940030494704843
  landing: 0.12518243212252855
  view-data: 0.025071020238101482
