times:
  edit-metadata: 1.3965724483132362
  landing: 0.020413439720869064
  view-data: 0.33550402894616127
