times:
  edit-metadata: 1.3486561048775911
  landing: 0.1339442990720272
  view-data: 0.027616317383944988
