times:
  edit-metadata: 1.4845936000347137
  landing: 0.25260819029062986
  view-data: 0.023173711262643337
