times:
  edit-metadata: 1.3511207085102797
  landing: 0.020004812628030777
  view-data: 0.026102004572749138
