times:
  edit-metadata: 1.4127648659050465
  landing: 0.21131171099841595
  view-data: 0.15168800204992294
