times:
  edit-metadata: 1.3846279866993427
  landing: 0.020985981449484825
  view-data: 0.026895612478256226
