times:
  edit-metadata: 1.4114498887211084
  landing: 0.02022034488618374
  view-data: 0.02919684909284115
