times:
  edit-metadata: 0.5287083848379552
  landing: 0.10316888196393847
  view-data: 0.20983198564499617
