times:
  edit-metadata: 1.3831238532438874
  landing: 0.2019137218594551
  view-data: 0.13244497310370207
