times:
  edit-metadata: 1.5589250717312098
  landing: 0.21673797816038132
  view-data: 0.3948324006050825
