times:
  edit-metadata: 1.3227582052350044
  landing: 0.12687793374061584
  view-data: 0.2250995421782136
