times:
  edit-metadata: 1.61387724801898
  landing: 0.18620995618402958
  view-data: 0.0279643926769495
