times:
  edit-metadata: 1.3495730813592672
  landing: 0.020486701279878616
  view-data: 0.02365858107805252
