times:
  edit-metadata: 1.5301989950239658
  landing: 0.15415783785283566
  view-data: 0.026371818035840988
