times:
  edit-metadata: 1.422375924885273
  landing: 0.12537039909511805
  view-data: 0.024137476459145546
