times:
  edit-metadata: 0.7614523530937731
  landing: 0.05127145582810044
  view-data: 0.21188105084002018
