times:
  edit-metadata: 1.4089691303670406
  landing: 0.02102675288915634
  view-data: 0.02550710365176201
