times:
  edit-metadata: 1.8250657953321934
  landing: 0.20860990323126316
  view-data: 0.28743210807442665
