times:
  edit-metadata: 1.3427406158298254
  landing: 0.1807184685021639
  view-data: 0.12778285332024097
