times:
  edit-metadata: 1.3050836641341448
  landing: 0.020060190930962563
  view-data: 0.12303673848509789
