times:
  edit-metadata: 1.7258138619363308
  landing: 0.263157581910491
  view-data: 0.43620334193110466
