times:
  edit-metadata: 1.6165612358599901
  landing: 0.15175610221922398
  view-data: 0.1399624217301607
