times:
  edit-metadata: 1.3913076277822256
  landing: 0.019140254706144333
  view-data: 0.028661148622632027
