times:
  edit-metadata: 1.4459382090717554
  landing: 0.025392644107341766
  view-data: 0.2574548628181219
