times:
  edit-metadata: 1.3742271848022938
  landing: 0.17037715576589108
  view-data: 0.27286541648209095
