times:
  edit-metadata: 1.480215698480606
  landing: 0.11922867223620415
  view-data: 0.14357981085777283
