times:
  edit-metadata: 1.3567519150674343
  landing: 0.12109021656215191
  view-data: 0.13031522743403912
