times:
  edit-metadata: 1.4003197327256203
  landing: 0.17206226661801338
  view-data: 0.025750799104571342
