times:
  edit-metadata: 1.5183715149760246
  landing: 0.020039327442646027
  view-data: 0.02462012879550457
