times:
  edit-metadata: 1.4350512344390154
  landing: 0.30377187579870224
  view-data: 0.027545137330889702
