times:
  edit-metadata: 0.6358263157308102
  landing: 0.10508479410782456
  view-data: 0.2671285839751363
