times:
  edit-metadata: 1.3907700087875128
  landing: 0.2016814537346363
  view-data: 0.14044515043497086
