times:
  edit-metadata: 0.5230209263972938
  landing: 0.04761167895048857
  view-data: 0.20129465777426958
