times:
  edit-metadata: 1.323382843285799
  landing: 0.020585783757269382
  view-data: 0.3193104788661003
