times:
  edit-metadata: 1.407731195911765
  landing: 0.019389284774661064
  view-data: 0.025681188330054283
