times:
  edit-metadata: 1.4399469774216413
  landing: 0.02307065576314926
  view-data: 0.027205146849155426
