times:
  edit-metadata: 0.5483202007599175
  landing: 0.06717669172212481
  view-data: 0.2517931079491973
