times:
  edit-metadata: 1.9679192854091525
  landing: 0.01900436542928219
  view-data: 0.02635413035750389
