times:
  edit-metadata: 1.3403541166335344
  landing: 0.1946716010570526
  view-data: 0.12424574047327042
