times:
  edit-metadata: 1.42698535323143
  landing: 0.021013779565691948
  view-data: 0.14901820570230484
