times:
  edit-metadata: 1.3240388929843903
  landing: 0.022528057917952538
  view-data: 0.1232110895216465
