times:
  edit-metadata: 1.3924383409321308
  landing: 0.01952121965587139
  view-data: 0.32656702026724815
