times:
  edit-metadata: 1.3736910615116358
  landing: 0.023465299978852272
  view-data: 0.10247847996652126
