times:
  edit-metadata: 1.3433749582618475
  landing: 0.20505855977535248
  view-data: 0.11924410611391068
