times:
  edit-metadata: 1.47648268006742
  landing: 0.02189105935394764
  view-data: 0.027297867462038994
