times:
  edit-metadata: 1.372736494988203
  landing: 0.12363726831972599
  view-data: 0.10230967961251736
