times:
  edit-metadata: 0.5657490310259163
  landing: 0.12328366003930569
  view-data: 0.3074140981771052
