times:
  edit-metadata: 1.7209401801228523
  landing: 0.1365379299968481
  view-data: 0.2587753627449274
