times:
  edit-metadata: 0.5572179174050689
  landing: 0.11357885831966996
  view-data: 0.22013806086033583
