times:
  edit-metadata: 1.399480827152729
  landing: 0.12946595717221498
  view-data: 0.4483522931113839
