times:
  edit-metadata: 0.6873557241633534
  landing: 0.13717579189687967
  view-data: 0.22029799036681652
