times:
  edit-metadata: 0.8909557848237455
  landing: 0.04877380607649684
  view-data: 0.21160181984305382
