times:
  edit-metadata: 1.3455220609903336
  landing: 0.022073987871408463
  view-data: 0.02700788713991642
