times:
  edit-metadata: 1.5013884752988815
  landing: 0.05833112448453903
  view-data: 0.16878215596079826
