times:
  edit-metadata: 1.447706513106823
  landing: 0.021588671952486038
  view-data: 0.14420075342059135
