times:
  edit-metadata: 1.4929314590990543
  landing: 0.28684439696371555
  view-data: 0.15571806952357292
