times:
  edit-metadata: 1.4132560025900602
  landing: 0.18695678748190403
  view-data: 0.1411483846604824
