times:
  edit-metadata: 1.5948705598711967
  landing: 0.1469873320311308
  view-data: 0.2567308936268091
