times:
  edit-metadata: 1.6142768152058125
  landing: 0.019194018095731735
  view-data: 0.5156435072422028
