times:
  edit-metadata: 1.5739255584776402
  landing: 0.20191019214689732
  view-data: 0.3570772297680378
