times:
  edit-metadata: 0.706310898065567
  landing: 0.06642603827640414
  view-data: 0.2136737471446395
