times:
  edit-metadata: 1.3806360736489296
  landing: 0.020941630005836487
  view-data: 0.13417901284992695
