times:
  edit-metadata: 1.3636987637728453
  landing: 0.0239578690379858
  view-data: 0.02530249021947384
