times:
  edit-metadata: 1.3379078954458237
  landing: 0.11396200023591518
  view-data: 0.031159408390522003
