times:
  edit-metadata: 0.8042488261125982
  landing: 0.09676072606816888
  view-data: 0.3041884838603437
