times:
  edit-metadata: 1.3116348627954721
  landing: 0.02138608880341053
  view-data: 0.12467768602073193
