times:
  edit-metadata: 1.5590723790228367
  landing: 0.03002030774950981
  view-data: 0.2643579598516226
