times:
  edit-metadata: 0.539660794660449
  landing: 0.05881765903905034
  view-data: 0.20781535608693957
