times:
  edit-metadata: 1.3078859131783247
  landing: 0.02188948728144169
  view-data: 0.024070804938673973
