times:
  edit-metadata: 1.4344007913023233
  landing: 0.13229432236403227
  view-data: 0.4932475881651044
