times:
  edit-metadata: 1.4750847071409225
  landing: 0.0199977345764637
  view-data: 0.02516023814678192
