times:
  edit-metadata: 0.5375468591228127
  landing: 0.043929558247327805
  view-data: 0.22946194978430867
