times:
  edit-metadata: 0.5527887367643416
  landing: 0.05069304583594203
  view-data: 0.2229561461135745
