times:
  edit-metadata: 1.3704499565064907
  landing: 0.12655791081488132
  view-data: 0.026324104517698288
