times:
  edit-metadata: 1.3939258344471455
  landing: 0.11519301868975163
  view-data: 0.23176688887178898
