times:
  edit-metadata: 1.3231731448322535
  landing: 0.12196808308362961
  view-data: 0.3708218187093735
