times:
  edit-metadata: 0.7882625749334693
  landing: 0.048036232590675354
  view-data: 0.32514133490622044
