times:
  edit-metadata: 1.551866428926587
  landing: 0.01884740125387907
  view-data: 0.02833551447838545
