times:
  edit-metadata: 1.377755930647254
  landing: 0.02023710496723652
  view-data: 0.3255053907632828
