times:
  edit-metadata: 1.2803428834304214
  landing: 0.019986389204859734
  view-data: 0.023270276375114918
