times:
  edit-metadata: 1.3469397220760584
  landing: 0.019606098532676697
  view-data: 0.02710130624473095
