times:
  edit-metadata: 1.368958294391632
  landing: 0.20155164413154125
  view-data: 0.027756646275520325
