times:
  edit-metadata: 1.334446401335299
  landing: 0.020620924420654774
  view-data: 0.4179123230278492
