times:
  edit-metadata: 1.7224781196564436
  landing: 0.31643285416066647
  view-data: 0.15553174167871475
