times:
  edit-metadata: 1.3035860741510987
  landing: 0.2173715578392148
  view-data: 0.023727893829345703
