times:
  edit-metadata: 1.2837265273556113
  landing: 0.020317531190812588
  view-data: 0.4889926603063941
