times:
  edit-metadata: 0.5765604479238391
  landing: 0.05004887515679002
  view-data: 0.304876493755728
