times:
  edit-metadata: 1.4006142187863588
  landing: 0.02048780955374241
  view-data: 0.025972487404942513
