times:
  edit-metadata: 1.441965265199542
  landing: 0.01906445436179638
  view-data: 0.468535496853292
