times:
  edit-metadata: 1.3347071893513203
  landing: 0.01997959055006504
  view-data: 0.32159447483718395
