times:
  edit-metadata: 1.627875154837966
  landing: 0.2527971984818578
  view-data: 0.4739011349156499
