times:
  edit-metadata: 1.3558021392673254
  landing: 0.14170525036752224
  view-data: 0.12426200695335865
