times:
  edit-metadata: 1.8941165748983622
  landing: 0.2570112608373165
  view-data: 0.37006152234971523
