times:
  edit-metadata: 1.4085425473749638
  landing: 0.01872391812503338
  view-data: 0.13217172678560019
