times:
  edit-metadata: 1.3571352837607265
  landing: 0.1199490474537015
  view-data: 0.023723234422504902
