times:
  edit-metadata: 1.706996688619256
  landing: 0.21489302814006805
  view-data: 0.36218757182359695
