times:
  edit-metadata: 1.5228779911994934
  landing: 0.2190859243273735
  view-data: 0.025515969842672348
