times:
  edit-metadata: 0.5928155425935984
  landing: 0.11253951722756028
  view-data: 0.20899321511387825
