times:
  edit-metadata: 0.4904683670029044
  landing: 0.09586851811036468
  view-data: 0.29508294677361846
