times:
  edit-metadata: 1.413638062775135
  landing: 0.019408319145441055
  view-data: 0.12308849766850471
