times:
  edit-metadata: 1.4151695594191551
  landing: 0.019366508349776268
  view-data: 0.02382507361471653
