times:
  edit-metadata: 1.3545653745532036
  landing: 0.023847036063671112
  view-data: 0.12497196532785892
