times:
  edit-metadata: 1.4527343763038516
  landing: 0.020924722775816917
  view-data: 0.40597680397331715
