times:
  edit-metadata: 1.6890423335134983
  landing: 0.2819231152534485
  view-data: 0.34109809808433056
