times:
  edit-metadata: 0.5319759622216225
  landing: 0.05674865189939737
  view-data: 0.20432482101023197
