times:
  edit-metadata: 1.4469776451587677
  landing: 0.21389236859977245
  view-data: 0.26108419336378574
