times:
  edit-metadata: 1.3462745379656553
  landing: 0.213773837313056
  view-data: 0.14209941402077675
