times:
  edit-metadata: 1.3123550154268742
  landing: 0.021205639466643333
  view-data: 0.028924139216542244
