times:
  edit-metadata: 2.0803100764751434
  landing: 0.3090103156864643
  view-data: 0.18914354406297207
