times:
  edit-metadata: 1.4615269619971514
  landing: 0.12796606123447418
  view-data: 0.02314528077840805
