times:
  edit-metadata: 1.4395756237208843
  landing: 0.021365365013480186
  view-data: 0.43369133211672306
