times:
  edit-metadata: 1.2921714596450329
  landing: 0.020058520138263702
  view-data: 0.2964710667729378
