times:
  edit-metadata: 1.3107032729312778
  landing: 0.019769994542002678
  view-data: 0.026356988586485386
