times:
  edit-metadata: 1.462880278006196
  landing: 0.020200159400701523
  view-data: 0.14022262021899223
