times:
  edit-metadata: 1.434034802019596
  landing: 0.24454914778470993
  view-data: 0.3431172017008066
