times:
  edit-metadata: 2.0316274650394917
  landing: 0.034448595717549324
  view-data: 0.05649439990520477
