times:
  edit-metadata: 0.513573719188571
  landing: 0.11513239983469248
  view-data: 0.29678808292374015
