times:
  edit-metadata: 1.7995273917913437
  landing: 0.25478850677609444
  view-data: 0.17219466529786587
