times:
  edit-metadata: 1.3983452934771776
  landing: 0.020851967856287956
  view-data: 0.30797996185719967
