times:
  edit-metadata: 1.4023671951144934
  landing: 0.01978505589067936
  view-data: 0.026256704702973366
