times:
  edit-metadata: 1.4419667525216937
  landing: 0.14711699075996876
  view-data: 0.21281214244663715
