times:
  edit-metadata: 1.6378739513456821
  landing: 0.1649483796209097
  view-data: 0.1949006151407957
