times:
  edit-metadata: 1.3361063180491328
  landing: 0.020812449976801872
  view-data: 0.0987173542380333
