times:
  edit-metadata: 2.2413999140262604
  landing: 0.026870865374803543
  view-data: 0.03551042638719082
