times:
  edit-metadata: 1.4724817797541618
  landing: 0.01875993050634861
  view-data: 0.025622086599469185
