times:
  edit-metadata: 0.6013691863045096
  landing: 0.12757699890062213
  view-data: 0.20174531918019056
