times:
  edit-metadata: 0.512339511886239
  landing: 0.07224036799743772
  view-data: 0.20916488207876682
