times:
  edit-metadata: 1.4241169765591621
  landing: 0.02106744609773159
  view-data: 0.13820046931505203
