times:
  edit-metadata: 2.05382196418941
  landing: 0.13656729459762573
  view-data: 0.4701576307415962
