times:
  edit-metadata: 1.546927997842431
  landing: 0.30167708918452263
  view-data: 0.38894642516970634
