times:
  edit-metadata: 0.5305131920613348
  landing: 0.05046927183866501
  view-data: 0.20757413795217872
