times:
  edit-metadata: 0.4939646841958165
  landing: 0.12061369884759188
  view-data: 0.2781220651231706
