times:
  edit-metadata: 1.5615564212203026
  landing: 0.15560911688953638
  view-data: 0.02654826920479536
