times:
  edit-metadata: 1.3549901321530342
  landing: 0.022922566160559654
  view-data: 0.12876435555517673
