times:
  edit-metadata: 1.3258233778178692
  landing: 0.18921959586441517
  view-data: 0.30177421495318413
