times:
  edit-metadata: 1.5089591313153505
  landing: 0.02321588806807995
  view-data: 0.02650626003742218
