times:
  edit-metadata: 1.5740584563463926
  landing: 0.2622156199067831
  view-data: 0.04639251157641411
