times:
  edit-metadata: 1.518186043947935
  landing: 0.2750308308750391
  view-data: 0.024993766099214554
