times:
  edit-metadata: 1.3710931343957782
  landing: 0.2202793201431632
  view-data: 0.0229562409222126
