times:
  edit-metadata: 1.7605816386640072
  landing: 0.02120150811970234
  view-data: 0.0241683479398489
