times:
  edit-metadata: 0.6918055452406406
  landing: 0.044624052941799164
  view-data: 0.3182735238224268
