times:
  edit-metadata: 1.747585590928793
  landing: 0.3139607012271881
  view-data: 0.43957248516380787
