times:
  edit-metadata: 1.317103510722518
  landing: 0.021827399730682373
  view-data: 0.023409713059663773
