times:
  edit-metadata: 1.558542400598526
  landing: 0.023014426231384277
  view-data: 0.4318624995648861
