times:
  edit-metadata: 1.3401293149217963
  landing: 0.11117648519575596
  view-data: 0.02394910156726837
