times:
  edit-metadata: 2.068047486245632
  landing: 0.24124252423644066
  view-data: 0.3706700447946787
