times:
  edit-metadata: 0.7145028216764331
  landing: 0.06214631116017699
  view-data: 0.2905260589905083
