times:
  edit-metadata: 1.5873716343194246
  landing: 0.22513540275394917
  view-data: 0.35297859087586403
