times:
  edit-metadata: 1.3259797096252441
  landing: 0.11726663634181023
  view-data: 0.026931921020150185
