times:
  edit-metadata: 1.3218758199363947
  landing: 0.020931639708578587
  view-data: 0.12148277461528778
