times:
  edit-metadata: 1.4184688227251172
  landing: 0.01858342159539461
  view-data: 0.359880811534822
