times:
  edit-metadata: 1.3408616222441196
  landing: 0.022838963195681572
  view-data: 0.025889357551932335
