times:
  edit-metadata: 1.3182274792343378
  landing: 0.021832942962646484
  view-data: 0.024578485637903214
