times:
  edit-metadata: 1.7742384001612663
  landing: 0.2272366937249899
  view-data: 0.352682052180171
