times:
  edit-metadata: 1.3047249391674995
  landing: 0.18701259046792984
  view-data: 0.026444338262081146
