times:
  edit-metadata: 1.3361710906028748
  landing: 0.01930806413292885
  view-data: 0.02273290418088436
