times:
  edit-metadata: 1.3347148429602385
  landing: 0.021195339038968086
  view-data: 0.022334031760692596
