times:
  edit-metadata: 0.5228153518401086
  landing: 0.06171116791665554
  view-data: 0.21394310100004077
