times:
  edit-metadata: 1.894909618422389
  landing: 0.29365034960210323
  view-data: 0.33871520683169365
