times:
  edit-metadata: 0.4398679849691689
  landing: 0.04212058102712035
  view-data: 0.35837241914123297
