times:
  edit-metadata: 0.44873705599457026
  landing: 0.05137137230485678
  view-data: 0.36753495782613754
