times:
  edit-metadata: 0.43943499587476254
  landing: 0.05099759390577674
  view-data: 0.3265490639023483
