times:
  edit-metadata: 0.44447668734937906
  landing: 0.04795834422111511
  view-data: 0.22682724427431822
