times:
  edit-metadata: 0.4579327870160341
  landing: 0.04300703387707472
  view-data: 0.4980918327346444
