times:
  edit-metadata: 0.43858813401311636
  landing: 0.046996728517115116
  view-data: 0.20017988607287407
