times:
  edit-metadata: 0.4702685633674264
  landing: 0.054269881919026375
  view-data: 0.37326219864189625
