times:
  edit-metadata: 0.4652348654344678
  landing: 0.04195390548557043
  view-data: 0.19841257389634848
