times:
  edit-metadata: 0.44869919400662184
  landing: 0.04572128923609853
  view-data: 0.34031565533950925
