times:
  edit-metadata: 0.4486609920859337
  landing: 0.044198513962328434
  view-data: 0.4624398034065962
