times:
  edit-metadata: 1.5010549537837505
  landing: 0.020347924903035164
  view-data: 0.02610977180302143
