times:
  edit-metadata: 1.3310744259506464
  landing: 0.19147802609950304
  view-data: 0.023428574204444885
