times:
  edit-metadata: 0.510500097181648
  landing: 0.048910764046013355
  view-data: 0.20521366596221924
