times:
  edit-metadata: 1.4384235758334398
  landing: 0.12382185459136963
  view-data: 0.023470547050237656
