times:
  edit-metadata: 1.5358391720801592
  landing: 0.17598669603466988
  view-data: 0.5306800194084644
