times:
  edit-metadata: 0.5399603741243482
  landing: 0.07389000291004777
  view-data: 0.2532641743309796
