times:
  edit-metadata: 1.3627164494246244
  landing: 0.021576302126049995
  view-data: 0.025185829028487206
