times:
  edit-metadata: 1.322362331673503
  landing: 0.12910310737788677
  view-data: 0.02291075885295868
