times:
  edit-metadata: 1.4949223715811968
  landing: 0.19984945841133595
  view-data: 0.2886896189302206
