times:
  edit-metadata: 1.3292120890691876
  landing: 0.01863677892833948
  view-data: 0.122165746986866
