times:
  edit-metadata: 1.383986096829176
  landing: 0.022055508568882942
  view-data: 0.022799670696258545
