times:
  edit-metadata: 1.4405904430896044
  landing: 0.02433275245130062
  view-data: 0.36270109564065933
