times:
  edit-metadata: 1.381823655217886
  landing: 0.01972037088125944
  view-data: 0.13500767666846514
