times:
  edit-metadata: 1.3405242133885622
  landing: 0.020227786153554916
  view-data: 0.025032732635736465
