times:
  edit-metadata: 1.5028523039072752
  landing: 0.41493225656449795
  view-data: 0.33076247200369835
