times:
  edit-metadata: 1.7392697054892778
  landing: 0.37138878740370274
  view-data: 0.3054985739290714
