times:
  edit-metadata: 1.2947932090610266
  landing: 0.021926486864686012
  view-data: 0.13391755148768425
