times:
  edit-metadata: 1.3214479703456163
  landing: 0.01934325322508812
  view-data: 0.12174998596310616
