times:
  edit-metadata: 1.4027689658105373
  landing: 0.173620892688632
  view-data: 0.12690859660506248
