times:
  edit-metadata: 1.2799254208803177
  landing: 0.11812086217105389
  view-data: 0.024328699335455894
