times:
  edit-metadata: 0.5831831991672516
  landing: 0.04820284899324179
  view-data: 0.20765002304688096
