times:
  edit-metadata: 1.396254476159811
  landing: 0.14127211272716522
  view-data: 0.25060195475816727
