times:
  edit-metadata: 1.3548638932406902
  landing: 0.020922759547829628
  view-data: 0.12642788514494896
