times:
  edit-metadata: 1.3423703853040934
  landing: 0.12141773849725723
  view-data: 0.12763912416994572
