times:
  edit-metadata: 2.613615417998517
  landing: 0.2415873240097426
  view-data: 0.6366580000030808
