times:
  edit-metadata: 1.434880431741476
  landing: 0.1584974154829979
  view-data: 0.1529531627893448
