times:
  edit-metadata: 1.3241162672638893
  landing: 0.13108675181865692
  view-data: 0.2871719039976597
