times:
  edit-metadata: 0.5674425489269197
  landing: 0.10355132259428501
  view-data: 0.20968962786719203
