times:
  edit-metadata: 1.4558833315968513
  landing: 0.34430862683802843
  view-data: 0.45704120583832264
