times:
  edit-metadata: 1.3871938530355692
  landing: 0.022092735394835472
  view-data: 0.32368403300642967
