times:
  edit-metadata: 1.3491312693804502
  landing: 0.020964574068784714
  view-data: 0.12504314444959164
