times:
  edit-metadata: 1.809631947427988
  landing: 0.04282468743622303
  view-data: 0.02349875681102276
