times:
  edit-metadata: 0.6879208302125335
  landing: 0.0737489159218967
  view-data: 0.2101950398646295
