times:
  edit-metadata: 0.4994270442984998
  landing: 0.08873608661815524
  view-data: 0.2946476102806628
