times:
  edit-metadata: 1.3795602899044752
  landing: 0.19224944338202477
  view-data: 0.02692471072077751
