times:
  edit-metadata: 1.4210015274584293
  landing: 0.1708593163639307
  view-data: 0.178078044205904
