times:
  edit-metadata: 1.3655488230288029
  landing: 0.1333430204540491
  view-data: 0.12328067049384117
