times:
  edit-metadata: 1.8545976299792528
  landing: 0.2674118112772703
  view-data: 0.4256881419569254
