times:
  edit-metadata: 1.3348495848476887
  landing: 0.1365420501679182
  view-data: 0.3053821623325348
