times:
  edit-metadata: 1.4173128698021173
  landing: 0.04870711825788021
  view-data: 0.02673850581049919
