times:
  edit-metadata: 1.381572164595127
  landing: 0.17241058871150017
  view-data: 0.022848239168524742
