times:
  edit-metadata: 1.4097967743873596
  landing: 0.13405494578182697
  view-data: 0.2905343119055033
