times:
  edit-metadata: 1.3043625615537167
  landing: 0.02089453488588333
  view-data: 0.025638772174715996
