times:
  edit-metadata: 0.4963307809084654
  landing: 0.04705722909420729
  view-data: 0.20033342204988003
