times:
  edit-metadata: 1.5978804249316454
  landing: 0.12146533466875553
  view-data: 0.024274172261357307
