times:
  edit-metadata: 1.3208841234445572
  landing: 0.02164466120302677
  view-data: 0.02426328882575035
