times:
  edit-metadata: 1.3928654845803976
  landing: 0.02274661511182785
  view-data: 0.025151660665869713
