times:
  edit-metadata: 1.3662043269723654
  landing: 0.01931331306695938
  view-data: 0.02494817227125168
