times:
  edit-metadata: 1.4326573051512241
  landing: 0.021215127781033516
  view-data: 0.05373626947402954
