times:
  edit-metadata: 0.5378471720032394
  landing: 0.04780052322894335
  view-data: 0.21567587601020932
