times:
  edit-metadata: 0.4988411678932607
  landing: 0.07062980299815536
  view-data: 0.2150853588245809
