times:
  edit-metadata: 1.3591367164626718
  landing: 0.10598446894437075
  view-data: 0.027153560891747475
