times:
  edit-metadata: 1.5291801113635302
  landing: 0.2765411529690027
  view-data: 0.46793201193213463
