times:
  edit-metadata: 1.368976078927517
  landing: 0.02183786779642105
  view-data: 0.29843555577099323
