times:
  edit-metadata: 1.335877487435937
  landing: 0.01923096552491188
  view-data: 0.13526169583201408
