times:
  edit-metadata: 0.5363479936495423
  landing: 0.04973029904067516
  view-data: 0.3043790217489004
