times:
  edit-metadata: 1.7674034778028727
  landing: 0.1608776617795229
  view-data: 0.53508111089468
