times:
  edit-metadata: 0.9223486338742077
  landing: 0.0948736141435802
  view-data: 0.27731314999982715
