times:
  edit-metadata: 0.5496011837385595
  landing: 0.04307998577132821
  view-data: 0.2580990381538868
