times:
  edit-metadata: 1.7753671947866678
  landing: 0.18790141679346561
  view-data: 0.3070410881191492
