times:
  edit-metadata: 1.2697403831407428
  landing: 0.022445909678936005
  view-data: 0.4166123690083623
