times:
  edit-metadata: 1.3472700137645006
  landing: 0.023841947317123413
  view-data: 0.024692509323358536
