times:
  edit-metadata: 1.2788552111014724
  landing: 0.02242679987102747
  view-data: 0.12388653215020895
