times:
  edit-metadata: 1.3598359525203705
  landing: 0.019395116716623306
  view-data: 0.025580983608961105
