times:
  edit-metadata: 1.5674342792481184
  landing: 0.17292374186217785
  view-data: 0.3258030992001295
