times:
  edit-metadata: 1.3122697938233614
  landing: 0.01931300200521946
  view-data: 0.12561089172959328
