times:
  edit-metadata: 1.7870009560137987
  landing: 0.022086577489972115
  view-data: 0.026384014636278152
