times:
  edit-metadata: 0.6418362287804484
  landing: 0.12949699722230434
  view-data: 0.2020539860241115
