times:
  edit-metadata: 1.3880197275429964
  landing: 0.020590683445334435
  view-data: 0.02737901546061039
