times:
  edit-metadata: 1.68462991155684
  landing: 0.021125463768839836
  view-data: 0.34418306313455105
