times:
  edit-metadata: 0.5184883680194616
  landing: 0.050657523795962334
  view-data: 0.20396622503176332
