times:
  edit-metadata: 1.49156953394413
  landing: 0.02236128132790327
  view-data: 0.5181050878018141
