times:
  edit-metadata: 1.4864399433135986
  landing: 0.19834190607070923
  view-data: 0.02335892803966999
