times:
  edit-metadata: 0.6909744585864246
  landing: 0.13194822100922465
  view-data: 0.3060335232876241
