times:
  edit-metadata: 1.3935769274830818
  landing: 0.24149275850504637
  view-data: 0.13726153131574392
