times:
  edit-metadata: 1.3857619185000658
  landing: 0.021046742796897888
  view-data: 0.02794875204563141
