times:
  edit-metadata: 1.3645253367722034
  landing: 0.020333342254161835
  view-data: 0.023648060858249664
