times:
  edit-metadata: 0.638386039994657
  landing: 0.06233413005247712
  view-data: 0.2067157132551074
