times:
  edit-metadata: 1.6155076995491982
  landing: 0.04847693257033825
  view-data: 0.13756339810788631
