times:
  edit-metadata: 0.6203290862031281
  landing: 0.08927663415670395
  view-data: 0.2093123788945377
