times:
  edit-metadata: 1.3712137509137392
  landing: 0.14681643061339855
  view-data: 0.38207984156906605
