times:
  edit-metadata: 1.4121512547135353
  landing: 0.19130934495478868
  view-data: 0.2605646448209882
