times:
  edit-metadata: 1.3227177001535892
  landing: 0.12782206013798714
  view-data: 0.31249793618917465
