times:
  edit-metadata: 1.544170867651701
  landing: 0.2451717033982277
  view-data: 0.02620590850710869
