times:
  edit-metadata: 1.335590936243534
  landing: 0.019481569528579712
  view-data: 0.025270145386457443
