times:
  edit-metadata: 1.4761613085865974
  landing: 0.20693106949329376
  view-data: 0.34052363224327564
