times:
  edit-metadata: 1.4829357881098986
  landing: 0.12349609844386578
  view-data: 0.13350249081850052
