times:
  edit-metadata: 1.4710859786719084
  landing: 0.02156688552349806
  view-data: 0.02326526679098606
