times:
  edit-metadata: 1.348388159647584
  landing: 0.021038683131337166
  view-data: 0.12735031358897686
