times:
  edit-metadata: 1.6896659322082996
  landing: 0.26564897410571575
  view-data: 0.0346451960504055
