times:
  edit-metadata: 1.3205826170742512
  landing: 0.020388733595609665
  view-data: 0.026953277178108692
