times:
  edit-metadata: 1.4957861937582493
  landing: 0.021403467282652855
  view-data: 0.12695574946701527
