times:
  edit-metadata: 1.4312170259654522
  landing: 0.16536440700292587
  view-data: 0.1557273492217064
