times:
  edit-metadata: 1.5010940795764327
  landing: 0.13440660946071148
  view-data: 0.06174253486096859
