times:
  edit-metadata: 1.403390683233738
  landing: 0.01923171617090702
  view-data: 0.025854984298348427
