times:
  edit-metadata: 0.7275705551728606
  landing: 0.059086529072374105
  view-data: 0.20162678556516767
