times:
  edit-metadata: 1.4408838972449303
  landing: 0.16684421710669994
  view-data: 0.39497433602809906
