times:
  edit-metadata: 1.3202739246189594
  landing: 0.01811704784631729
  view-data: 0.026308374479413033
