times:
  edit-metadata: 1.3521264884620905
  landing: 0.019891127943992615
  view-data: 0.029384244233369827
