times:
  edit-metadata: 1.2757678804919124
  landing: 0.019845674745738506
  view-data: 0.024345708079636097
