times:
  edit-metadata: 1.329786004498601
  landing: 0.22791284509003162
  view-data: 0.022606823593378067
