times:
  edit-metadata: 1.5315638575702906
  landing: 0.28461442328989506
  view-data: 0.40963534265756607
