times:
  edit-metadata: 1.2900746800005436
  landing: 0.021879995241761208
  view-data: 0.1022118590772152
