times:
  edit-metadata: 1.3488951604813337
  landing: 0.02083650976419449
  view-data: 0.2220261013135314
