times:
  edit-metadata: 1.529241919517517
  landing: 0.31864318810403347
  view-data: 0.027454769238829613
