times:
  edit-metadata: 0.7079568388871849
  landing: 0.04392478708177805
  view-data: 0.28878733702003956
