times:
  edit-metadata: 1.293590497225523
  landing: 0.021802715957164764
  view-data: 0.022405246272683144
