times:
  edit-metadata: 1.3651500288397074
  landing: 0.021759051829576492
  view-data: 0.23756947927176952
