times:
  edit-metadata: 1.289094852283597
  landing: 0.02013091742992401
  view-data: 0.026065343990921974
