times:
  edit-metadata: 1.5260946210473776
  landing: 0.019876424223184586
  view-data: 0.14892811700701714
