times:
  edit-metadata: 1.4083555657416582
  landing: 0.019022412598133087
  view-data: 0.02275640331208706
