times:
  edit-metadata: 1.3216127399355173
  landing: 0.02316809818148613
  view-data: 0.027504397556185722
