times:
  edit-metadata: 1.5621914975345135
  landing: 0.15636662021279335
  view-data: 0.13128025084733963
