times:
  edit-metadata: 1.350246137008071
  landing: 0.019610540941357613
  view-data: 0.022948572412133217
