times:
  edit-metadata: 1.380208121612668
  landing: 0.11933431588113308
  view-data: 0.1294009815901518
