times:
  edit-metadata: 1.3704707063734531
  landing: 0.13038128893822432
  view-data: 0.1612779563292861
