times:
  edit-metadata: 1.6488063093274832
  landing: 0.10888696834445
  view-data: 0.25732880644500256
