times:
  edit-metadata: 1.3229103181511164
  landing: 0.019676079973578453
  view-data: 0.02535654976963997
