times:
  edit-metadata: 1.4032441265881062
  landing: 0.223228651098907
  view-data: 0.4491070546209812
