times:
  edit-metadata: 1.3181942887604237
  landing: 0.12275983020663261
  view-data: 0.14082945883274078
