times:
  edit-metadata: 1.3411120306700468
  landing: 0.2666260153055191
  view-data: 0.12533337250351906
