times:
  edit-metadata: 2.707819927018136
  landing: 0.3169928220449947
  view-data: 0.7516001199837774
