times:
  edit-metadata: 1.3228768799453974
  landing: 0.01945062167942524
  view-data: 0.34088743291795254
