times:
  edit-metadata: 1.5799083076417446
  landing: 0.22465776838362217
  view-data: 0.183104632422328
