times:
  edit-metadata: 1.6956445714458823
  landing: 0.01932250801473856
  view-data: 0.02220768015831709
