times:
  edit-metadata: 1.5766120553016663
  landing: 0.2554550636559725
  view-data: 0.15026685781776905
