times:
  edit-metadata: 1.4804587494581938
  landing: 0.1264285473152995
  view-data: 0.2425604872405529
