times:
  edit-metadata: 1.6877109128981829
  landing: 0.29655610769987106
  view-data: 0.39243636280298233
