times:
  edit-metadata: 1.3886026162654161
  landing: 0.1907812748104334
  view-data: 0.04090455733239651
