times:
  edit-metadata: 1.335576642304659
  landing: 0.019101605750620365
  view-data: 0.46561175771057606
