times:
  edit-metadata: 1.5137246623635292
  landing: 0.388315062969923
  view-data: 0.4481933880597353
