times:
  edit-metadata: 0.6392831136472523
  landing: 0.05872985161840916
  view-data: 0.2685170159675181
