times:
  edit-metadata: 1.288171786814928
  landing: 0.17818961013108492
  view-data: 0.1385594718158245
