times:
  edit-metadata: 1.4728063307702541
  landing: 0.15831820853054523
  view-data: 0.31618736684322357
