times:
  edit-metadata: 1.2905822228640318
  landing: 0.018245244398713112
  view-data: 0.025535830296576023
