times:
  edit-metadata: 0.8032468473538756
  landing: 0.06749919708818197
  view-data: 0.2902630502358079
