times:
  edit-metadata: 1.7120291106402874
  landing: 0.24077902548015118
  view-data: 0.3891950361430645
