times:
  edit-metadata: 1.3449491411447525
  landing: 0.24210007674992085
  view-data: 0.024736935272812843
