times:
  edit-metadata: 1.5675958283245564
  landing: 0.2151025515049696
  view-data: 0.3774086441844702
