times:
  edit-metadata: 1.6493944581598043
  landing: 0.025011003017425537
  view-data: 0.17191937193274498
