times:
  edit-metadata: 0.520693541970104
  landing: 0.05091283190995455
  view-data: 0.21016288781538606
