times:
  edit-metadata: 1.3708479758352041
  landing: 0.1315520480275154
  view-data: 0.02594669908285141
