times:
  edit-metadata: 0.5058316169306636
  landing: 0.1975971469655633
  view-data: 0.31486458983272314
