times:
  edit-metadata: 0.5078444802202284
  landing: 0.040721223689615726
  view-data: 0.20995931793004274
