times:
  edit-metadata: 1.5768534559756517
  landing: 0.3212710339576006
  view-data: 0.32203906029462814
