times:
  edit-metadata: 0.5303951520472765
  landing: 0.0553469848819077
  view-data: 0.20349226286634803
