times:
  edit-metadata: 1.5875852722674608
  landing: 0.3269076310098171
  view-data: 0.37646168284118176
