times:
  edit-metadata: 1.7862830236554146
  landing: 0.2698064036667347
  view-data: 0.033125558868050575
