times:
  edit-metadata: 0.6578158158808947
  landing: 0.04833055520430207
  view-data: 0.30007445020601153
