times:
  edit-metadata: 0.48649778170511127
  landing: 0.05904214130714536
  view-data: 0.21063231490552425
