times:
  edit-metadata: 1.6280559925362468
  landing: 0.2902861600741744
  view-data: 0.3380116652697325
