times:
  edit-metadata: 1.3719266252592206
  landing: 0.12127078603953123
  view-data: 0.4008995844051242
