times:
  edit-metadata: 1.2835010755807161
  landing: 0.021176038309931755
  view-data: 0.027454352006316185
