times:
  edit-metadata: 1.4069467894732952
  landing: 0.02739116922020912
  view-data: 0.12376280128955841
