times:
  edit-metadata: 1.6614670753479004
  landing: 0.21607456170022488
  view-data: 0.36309750378131866
