times:
  edit-metadata: 1.3134712893515825
  landing: 0.12226090393960476
  view-data: 0.026882333680987358
