times:
  edit-metadata: 2.0247473809868097
  landing: 0.2586595397442579
  view-data: 0.43827125430107117
