times:
  edit-metadata: 1.4296260122209787
  landing: 0.1344709824770689
  view-data: 0.024105442687869072
