times:
  edit-metadata: 1.3291334733366966
  landing: 0.1979180183261633
  view-data: 0.02783898636698723
