times:
  edit-metadata: 1.3421347923576832
  landing: 0.019988244399428368
  view-data: 0.02414669468998909
