times:
  edit-metadata: 1.4010088220238686
  landing: 0.2744348328560591
  view-data: 0.2995945792645216
