times:
  edit-metadata: 1.4553808588534594
  landing: 0.16105892136693
  view-data: 0.321907801553607
