times:
  edit-metadata: 1.9844678863883018
  landing: 0.1748642437160015
  view-data: 0.369727049022913
