times:
  edit-metadata: 1.2739264015108347
  landing: 0.020629986189305782
  view-data: 0.02635806705802679
