times:
  edit-metadata: 1.3803031910210848
  landing: 0.018468275666236877
  view-data: 0.3095089476555586
