times:
  edit-metadata: 1.474920037202537
  landing: 0.019063199870288372
  view-data: 0.44797248486429453
