times:
  edit-metadata: 1.372112687677145
  landing: 0.018791536800563335
  view-data: 0.024261830374598503
