times:
  edit-metadata: 1.381458280608058
  landing: 0.022538261488080025
  view-data: 0.027284739539027214
