times:
  edit-metadata: 1.396768799982965
  landing: 0.020094068720936775
  view-data: 0.16002584900707006
