times:
  edit-metadata: 1.627368051558733
  landing: 0.1531880870461464
  view-data: 0.18508348986506462
