times:
  edit-metadata: 1.3407451715320349
  landing: 0.14644386246800423
  view-data: 0.25091883167624474
