times:
  edit-metadata: 0.941733418032527
  landing: 0.09734205715358257
  view-data: 0.21294961497187614
