times:
  edit-metadata: 0.6909056440927088
  landing: 0.07726847380399704
  view-data: 0.22919727861881256
