times:
  edit-metadata: 1.7884540297091007
  landing: 0.23221982643008232
  view-data: 0.3797352481633425
