times:
  edit-metadata: 0.7426543598994613
  landing: 0.10842431988567114
  view-data: 0.22251671133562922
