times:
  edit-metadata: 0.6726859579794109
  landing: 0.06577955279499292
  view-data: 0.21833190321922302
