times:
  edit-metadata: 0.9099911488592625
  landing: 0.14477702416479588
  view-data: 0.21246236097067595
