times:
  edit-metadata: 0.6854630070738494
  landing: 0.06045984523370862
  view-data: 0.21698071155697107
