times:
  edit-metadata: 0.6562438202090561
  landing: 0.06679340498521924
  view-data: 0.2157455226406455
