times:
  edit-metadata: 0.9081095270812511
  landing: 0.13720606779679656
  view-data: 0.2677402519620955
