times:
  edit-metadata: 2.3399008570122533
  landing: 0.2338765790045727
  view-data: 0.31999326299410313
