times:
  edit-metadata: 0.8528283927589655
  landing: 0.08839742327108979
  view-data: 0.22833770979195833
