times:
  edit-metadata: 0.9772868040017784
  landing: 0.05008655693382025
  view-data: 0.22322353394702077
