times:
  edit-metadata: 0.7007456799037755
  landing: 0.048694093246012926
  view-data: 0.21691829478368163
