times:
  edit-metadata: 0.7614228669553995
  landing: 0.1081753890030086
  view-data: 0.3226972818374634
