times:
  edit-metadata: 0.667685478925705
  landing: 0.13592500099912286
  view-data: 0.2916366830468178
