times:
  edit-metadata: 0.8665617005899549
  landing: 0.1116519789211452
  view-data: 0.2184897460974753
