times:
  edit-metadata: 0.8716634106822312
  landing: 0.059855039697140455
  view-data: 0.31423112098127604
