times:
  edit-metadata: 0.8282397519797087
  landing: 0.13263117987662554
  view-data: 0.2194987991824746
