times:
  edit-metadata: 0.718677775003016
  landing: 0.05485899792984128
  view-data: 0.22202075319364667
