times:
  edit-metadata: 1.7555603738874197
  landing: 0.14819596335291862
  view-data: 0.14808528311550617
