times:
  edit-metadata: 0.6656564227305353
  landing: 0.06827505817636847
  view-data: 0.21733605209738016
