times:
  edit-metadata: 0.6696122870780528
  landing: 0.04915246972814202
  view-data: 0.22117930091917515
