times:
  edit-metadata: 1.0093142008408904
  landing: 0.07517327927052975
  view-data: 0.2971400008536875
