times:
  edit-metadata: 0.6770661943592131
  landing: 0.0715537159703672
  view-data: 0.21906269993633032
