times:
  edit-metadata: 1.6110227685421705
  landing: 0.02306557074189186
  view-data: 0.40144001692533493
