times:
  edit-metadata: 0.9887244519777596
  landing: 0.08838893519714475
  view-data: 0.3112906510941684
