times:
  edit-metadata: 0.6533981543034315
  landing: 0.05343351513147354
  view-data: 0.2242790306918323
