times:
  edit-metadata: 0.8125639860518277
  landing: 0.07318765018135309
  view-data: 0.21776235196739435
