times:
  edit-metadata: 1.7004447914659977
  landing: 0.2314972598105669
  view-data: 0.137474300339818
