times:
  edit-metadata: 1.0443074516952038
  landing: 0.05888040130957961
  view-data: 0.214933215174824
