times:
  edit-metadata: 0.7801618641242385
  landing: 0.14164886623620987
  view-data: 0.33763233106583357
