times:
  edit-metadata: 0.6834681290201843
  landing: 0.11273389076814055
  view-data: 0.314320616889745
