times:
  edit-metadata: 0.4760870272293687
  landing: 0.04372948966920376
  view-data: 0.20285491552203894
