times:
  edit-metadata: 0.4408504655584693
  landing: 0.05148571543395519
  view-data: 0.3348094029352069
