times:
  edit-metadata: 0.443731352686882
  landing: 0.039284451864659786
  view-data: 0.32644968293607235
