times:
  edit-metadata: 1.6410985495895147
  landing: 0.025423962622880936
  view-data: 0.025805069133639336
