times:
  edit-metadata: 2.167939765378833
  landing: 0.02035558968782425
  view-data: 0.02387162484228611
