times:
  edit-metadata: 1.6947071962058544
  landing: 0.02085602469742298
  view-data: 0.024482915177941322
