times:
  edit-metadata: 1.92685154825449
  landing: 0.148614801466465
  view-data: 0.4579229410737753
