times:
  edit-metadata: 1.6638359278440475
  landing: 0.020108165219426155
  view-data: 0.024661095812916756
