times:
  edit-metadata: 1.5683367177844048
  landing: 0.022060256451368332
  view-data: 0.02485477738082409
