times:
  edit-metadata: 2.7116810027509928
  landing: 0.2831465657800436
  view-data: 0.47543969936668873
