times:
  edit-metadata: 1.608105487190187
  landing: 0.1495275041088462
  view-data: 0.23864193353801966
