times:
  edit-metadata: 1.9261076971888542
  landing: 0.20842358469963074
  view-data: 0.3948396109044552
