times:
  edit-metadata: 1.6502163149416447
  landing: 0.15175688825547695
  view-data: 0.13226712122559547
