times:
  edit-metadata: 1.630237890407443
  landing: 0.020069096237421036
  view-data: 0.36908355727791786
