times:
  edit-metadata: 1.5417250096797943
  landing: 0.019751005806028843
  view-data: 0.12274236045777798
