times:
  edit-metadata: 2.1029157247394323
  landing: 0.28169275261461735
  view-data: 0.38267642818391323
