times:
  edit-metadata: 1.5580395348370075
  landing: 0.12040034867823124
  view-data: 0.4612842760980129
