times:
  edit-metadata: 1.6150181461125612
  landing: 0.020504578948020935
  view-data: 0.02570180781185627
