times:
  edit-metadata: 0.9929888220503926
  landing: 0.06988557521253824
  view-data: 0.2982376217842102
