times:
  edit-metadata: 1.6235764008015394
  landing: 0.019897356629371643
  view-data: 0.026383711025118828
