times:
  edit-metadata: 1.7156813815236092
  landing: 0.14338316954672337
  view-data: 0.05471710115671158
