times:
  edit-metadata: 1.8094971533864737
  landing: 0.025424271821975708
  view-data: 0.3048500269651413
