times:
  edit-metadata: 1.6305276323109865
  landing: 0.15113048814237118
  view-data: 0.32196304202079773
