times:
  edit-metadata: 0.7275139326229692
  landing: 0.06308912625536323
  view-data: 0.23548526503145695
