times:
  edit-metadata: 0.850342137273401
  landing: 0.11429366795346141
  view-data: 0.3693510126322508
