times:
  edit-metadata: 2.026671724393964
  landing: 0.2097054235637188
  view-data: 0.02719813585281372
