times:
  edit-metadata: 1.6252483241260052
  landing: 0.2734260279685259
  view-data: 0.12819552794098854
