times:
  edit-metadata: 1.715264281257987
  landing: 0.024287549778819084
  view-data: 0.12128104642033577
