times:
  edit-metadata: 1.830294756218791
  landing: 0.021246034651994705
  view-data: 0.31706868298351765
