times:
  edit-metadata: 1.8355126548558474
  landing: 0.02150512859225273
  view-data: 0.28726861625909805
