times:
  edit-metadata: 1.6911625768989325
  landing: 0.2481727683916688
  view-data: 0.1901189535856247
