times:
  edit-metadata: 1.592178019694984
  landing: 0.02282987255603075
  view-data: 0.028468121774494648
