times:
  edit-metadata: 1.528290931135416
  landing: 0.19870687928050756
  view-data: 0.11893565580248833
