times:
  edit-metadata: 1.8041372559964657
  landing: 0.35729742981493473
  view-data: 0.40495130605995655
