times:
  edit-metadata: 1.640027841553092
  landing: 0.018879396840929985
  view-data: 0.137859920039773
