times:
  edit-metadata: 0.7367386049591005
  landing: 0.05761026358231902
  view-data: 0.23582164384424686
