times:
  edit-metadata: 1.666599065065384
  landing: 0.2332877116277814
  view-data: 0.13479585014283657
