times:
  edit-metadata: 1.6766992751508951
  landing: 0.019625108689069748
  view-data: 0.02830045484006405
