times:
  edit-metadata: 1.6741131963208318
  landing: 0.2026523556560278
  view-data: 0.09749833587557077
