times:
  edit-metadata: 2.0448310542851686
  landing: 0.019329491071403027
  view-data: 0.11993891187012196
