times:
  edit-metadata: 1.7392162140458822
  landing: 0.2280165869742632
  view-data: 0.16151891089975834
