times:
  edit-metadata: 1.7240619380027056
  landing: 0.16947067715227604
  view-data: 0.1653631404042244
