times:
  edit-metadata: 1.8088744599372149
  landing: 0.13081268034875393
  view-data: 0.025619350373744965
