times:
  edit-metadata: 1.671109133400023
  landing: 0.14851048402488232
  view-data: 0.21254723239690065
