times:
  edit-metadata: 1.8099345741793513
  landing: 0.1394829209893942
  view-data: 0.3243576465174556
