times:
  edit-metadata: 1.9884632211178541
  landing: 0.018843960016965866
  view-data: 0.16030889190733433
