times:
  edit-metadata: 1.6326484140008688
  landing: 0.021398313343524933
  view-data: 0.029100265353918076
