times:
  edit-metadata: 2.5146981924772263
  landing: 0.17493301257491112
  view-data: 0.4413454122841358
