times:
  edit-metadata: 1.7706459145992994
  landing: 0.022329721599817276
  view-data: 0.0259601678699255
