times:
  edit-metadata: 2.092921042814851
  landing: 0.19667482934892178
  view-data: 0.4373488910496235
