times:
  edit-metadata: 1.6774962954223156
  landing: 0.019697831943631172
  view-data: 0.022233638912439346
