times:
  edit-metadata: 0.8814197550527751
  landing: 0.08831217419356108
  view-data: 0.23056990187615156
