times:
  edit-metadata: 1.6542915385216475
  landing: 0.02070705033838749
  view-data: 0.23182706721127033
