times:
  edit-metadata: 0.9142091148532927
  landing: 0.05785150406882167
  view-data: 0.2333211679942906
