times:
  edit-metadata: 1.6892350632697344
  landing: 0.2601078264415264
  view-data: 0.023593397811055183
