times:
  edit-metadata: 1.0347466147504747
  landing: 0.05509729776531458
  view-data: 0.22499430505558848
