times:
  edit-metadata: 1.5039000222459435
  landing: 0.1773659558966756
  view-data: 0.12067077029496431
