times:
  edit-metadata: 0.9429279929026961
  landing: 0.07171810511499643
  view-data: 0.3230057838372886
