times:
  edit-metadata: 1.600144856609404
  landing: 0.021720506250858307
  view-data: 0.1411294536665082
