times:
  edit-metadata: 1.6408895701169968
  landing: 0.02298942767083645
  view-data: 0.11986056342720985
