times:
  edit-metadata: 0.7294281371869147
  landing: 0.07215568097308278
  view-data: 0.22794012306258082
