times:
  edit-metadata: 1.6501995949074626
  landing: 0.24153830111026764
  view-data: 0.2202405072748661
