times:
  edit-metadata: 2.0176041442900896
  landing: 0.143833439797163
  view-data: 0.41777510195970535
