times:
  edit-metadata: 1.6699100835248828
  landing: 0.21850003860890865
  view-data: 0.37436114996671677
