times:
  edit-metadata: 1.7932827454060316
  landing: 0.045806147158145905
  view-data: 0.024237658828496933
