times:
  edit-metadata: 0.7582856300286949
  landing: 0.04789025103673339
  view-data: 0.23050525831058621
