times:
  edit-metadata: 1.8213397171348333
  landing: 0.0183805450797081
  view-data: 0.022736594080924988
