times:
  edit-metadata: 1.6783157717436552
  landing: 0.020162422209978104
  view-data: 0.028909020125865936
