times:
  edit-metadata: 1.6409970335662365
  landing: 0.021955352276563644
  view-data: 0.0261138454079628
