times:
  edit-metadata: 1.6596576813608408
  landing: 0.2112859208136797
  view-data: 0.02565820887684822
