times:
  edit-metadata: 1.6391012240201235
  landing: 0.019687620922923088
  view-data: 0.02970125526189804
