times:
  edit-metadata: 1.6728255599737167
  landing: 0.020075641572475433
  view-data: 0.312131954357028
