times:
  edit-metadata: 0.8102580308914185
  landing: 0.047367352060973644
  view-data: 0.3181413528509438
