times:
  edit-metadata: 2.0508843790739775
  landing: 0.021414894610643387
  view-data: 0.34446120262145996
