times:
  edit-metadata: 1.6569934375584126
  landing: 0.021726667881011963
  view-data: 0.10690489411354065
