times:
  edit-metadata: 1.5887097045779228
  landing: 0.020398203283548355
  view-data: 0.12509319558739662
