times:
  edit-metadata: 1.5709344111382961
  landing: 0.02121403068304062
  view-data: 0.026885880157351494
