times:
  edit-metadata: 0.7622649278491735
  landing: 0.05841323919594288
  view-data: 0.22464079270139337
