times:
  edit-metadata: 2.098347233608365
  landing: 0.2879885081201792
  view-data: 0.18029677495360374
