times:
  edit-metadata: 2.343525215983391
  landing: 0.21014307998120785
  view-data: 0.33432564325630665
