times:
  edit-metadata: 1.6256499346345663
  landing: 0.023167473264038563
  view-data: 0.027597852982580662
