times:
  edit-metadata: 1.8251903764903545
  landing: 0.02388942427933216
  view-data: 0.3132974375039339
