times:
  edit-metadata: 1.6785370595753193
  landing: 0.022104112431406975
  view-data: 0.2708313912153244
