times:
  edit-metadata: 0.8833877141587436
  landing: 0.0674391407519579
  view-data: 0.3110603140667081
