times:
  edit-metadata: 1.7258864045143127
  landing: 0.1325769852846861
  view-data: 0.1387209091335535
