times:
  edit-metadata: 1.8551336750388145
  landing: 0.07060536742210388
  view-data: 0.40303480438888073
