times:
  edit-metadata: 1.807856785133481
  landing: 0.29631713777780533
  view-data: 0.30481441877782345
