times:
  edit-metadata: 1.634398846887052
  landing: 0.21604901645332575
  view-data: 0.24666894506663084
