times:
  edit-metadata: 1.9285136796534061
  landing: 0.021265707910060883
  view-data: 0.026482461020350456
