times:
  edit-metadata: 0.9519110978581011
  landing: 0.08184957830235362
  view-data: 0.2235712925903499
