times:
  edit-metadata: 1.7283744104206562
  landing: 0.10060082376003265
  view-data: 0.3125082813203335
