times:
  edit-metadata: 1.7043630667030811
  landing: 0.022655732929706573
  view-data: 0.02899799682199955
