times:
  edit-metadata: 2.4386504692956805
  landing: 0.3412411492317915
  view-data: 0.30663095135241747
