times:
  edit-metadata: 1.6587333269417286
  landing: 0.022209759801626205
  view-data: 0.027594778686761856
