times:
  edit-metadata: 1.5844565201550722
  landing: 0.02113316021859646
  view-data: 0.024946480989456177
