times:
  edit-metadata: 1.6583251794800162
  landing: 0.22101296670734882
  view-data: 0.12011059373617172
