times:
  edit-metadata: 1.674211923032999
  landing: 0.01913323998451233
  view-data: 0.024174368008971214
