times:
  edit-metadata: 1.8852820340543985
  landing: 0.23609855771064758
  view-data: 0.1595969069749117
