times:
  edit-metadata: 1.635088363662362
  landing: 0.19228455424308777
  view-data: 0.4590953588485718
