times:
  edit-metadata: 2.0914692003279924
  landing: 0.27782820351421833
  view-data: 0.2180842738598585
