times:
  edit-metadata: 0.7384137189947069
  landing: 0.09037121664732695
  view-data: 0.35648047318682075
