times:
  edit-metadata: 0.8918550722301006
  landing: 0.06205459823831916
  view-data: 0.2306018969975412
