times:
  edit-metadata: 1.7473314069211483
  landing: 0.13480272144079208
  view-data: 0.025719575583934784
