times:
  edit-metadata: 0.7590462262742221
  landing: 0.05382619285956025
  view-data: 0.22628373000770807
