times:
  edit-metadata: 1.738761741667986
  landing: 0.11788618750870228
  view-data: 0.024449391290545464
