times:
  edit-metadata: 1.8257236573845148
  landing: 0.27645821310579777
  view-data: 0.34278317354619503
