times:
  edit-metadata: 2.020634872838855
  landing: 0.019283794797956944
  view-data: 0.022892599925398827
