times:
  edit-metadata: 1.6220248267054558
  landing: 0.16212190501391888
  view-data: 0.1302394475787878
