times:
  edit-metadata: 1.9540417399257421
  landing: 0.2775457203388214
  view-data: 0.3669747840613127
