times:
  edit-metadata: 2.0725294295698404
  landing: 0.39388819970190525
  view-data: 0.032868118956685066
