times:
  edit-metadata: 1.8878514114767313
  landing: 0.21824990212917328
  view-data: 0.41745343804359436
