times:
  edit-metadata: 1.7760409526526928
  landing: 0.019421786069869995
  view-data: 0.34019401483237743
