times:
  edit-metadata: 1.6626887563616037
  landing: 0.02268349751830101
  view-data: 0.12832405231893063
