times:
  edit-metadata: 2.7039476670324802
  landing: 0.027550095692276955
  view-data: 0.4739374853670597
