times:
  edit-metadata: 1.9672959502786398
  landing: 0.020508307963609695
  view-data: 0.3632738683372736
