times:
  edit-metadata: 1.6385572273284197
  landing: 0.37261692993342876
  view-data: 0.02635476179420948
