times:
  edit-metadata: 1.620608052238822
  landing: 0.020605873316526413
  view-data: 0.02530760131776333
