times:
  edit-metadata: 1.9142972324043512
  landing: 0.1738099530339241
  view-data: 0.02376093715429306
