times:
  edit-metadata: 2.098358804360032
  landing: 0.3642588537186384
  view-data: 0.14756604097783566
