times:
  edit-metadata: 1.6547340955585241
  landing: 0.01879807561635971
  view-data: 0.02564728818833828
