times:
  edit-metadata: 1.6639995854347944
  landing: 0.019210029393434525
  view-data: 0.287845054641366
