times:
  edit-metadata: 0.8879206208512187
  landing: 0.09705047169700265
  view-data: 0.2344391979277134
