times:
  edit-metadata: 1.7776931710541248
  landing: 0.02174360491335392
  view-data: 0.13541645370423794
