times:
  edit-metadata: 1.8831721115857363
  landing: 0.01866789348423481
  view-data: 0.14598633535206318
