times:
  edit-metadata: 1.6623132675886154
  landing: 0.0192901398986578
  view-data: 0.02325280010700226
