times:
  edit-metadata: 1.739042991772294
  landing: 0.01947387121617794
  view-data: 0.02570277452468872
