times:
  edit-metadata: 1.696645338088274
  landing: 0.02259024977684021
  view-data: 0.10661770217120647
