times:
  edit-metadata: 0.7314591202884912
  landing: 0.06715996004641056
  view-data: 0.22582217399030924
