times:
  edit-metadata: 0.9088450940325856
  landing: 0.13500824384391308
  view-data: 0.23328526923432946
