times:
  edit-metadata: 1.6448805332183838
  landing: 0.019718974828720093
  view-data: 0.0244973823428154
