times:
  edit-metadata: 0.9995869570411742
  landing: 0.12574799498543143
  view-data: 0.31957342103123665
