times:
  edit-metadata: 1.5193851124495268
  landing: 0.021823621354997158
  view-data: 0.025595500133931637
