times:
  edit-metadata: 0.8063488798215985
  landing: 0.0546818389557302
  view-data: 0.2216346189379692
