times:
  edit-metadata: 1.8311133943498135
  landing: 0.10895454697310925
  view-data: 0.13210553769022226
