times:
  edit-metadata: 0.9221967840567231
  landing: 0.048757238779217005
  view-data: 0.3238147431984544
