times:
  edit-metadata: 1.6701602134853601
  landing: 0.2569572012871504
  view-data: 0.3541092360392213
