times:
  edit-metadata: 2.5099648302420974
  landing: 0.2315521640703082
  view-data: 0.36172169353812933
