times:
  edit-metadata: 1.6372737642377615
  landing: 0.019750457257032394
  view-data: 0.02781657502055168
