times:
  edit-metadata: 1.7012773510068655
  landing: 0.20663649588823318
  view-data: 0.12484817020595074
