times:
  edit-metadata: 1.7175475992262363
  landing: 0.021614106371998787
  view-data: 0.3231515698134899
