times:
  edit-metadata: 1.724707117304206
  landing: 0.01893388293683529
  view-data: 0.12114222161471844
