times:
  edit-metadata: 1.6430248087272048
  landing: 0.19493653811514378
  view-data: 0.22905638813972473
