times:
  edit-metadata: 0.9190199570730329
  landing: 0.06755329295992851
  view-data: 0.23474074993282557
