times:
  edit-metadata: 2.2172588761895895
  landing: 0.024992438964545727
  view-data: 0.022011003457009792
