times:
  edit-metadata: 1.7136745676398277
  landing: 0.02089865691959858
  view-data: 0.3052365146577358
