times:
  edit-metadata: 3.568552815995645
  landing: 0.4501523700018879
  view-data: 0.5314205309841782
