times:
  edit-metadata: 1.7145707160234451
  landing: 0.02349199168384075
  view-data: 0.14055082201957703
