times:
  edit-metadata: 1.753618409857154
  landing: 0.02142351306974888
  view-data: 0.3507296424359083
