times:
  edit-metadata: 1.6156594939529896
  landing: 0.13554042391479015
  view-data: 0.026126407086849213
