times:
  edit-metadata: 1.6920426096767187
  landing: 0.2075328826904297
  view-data: 0.027705827727913857
