times:
  edit-metadata: 2.1910559870302677
  landing: 0.01990778185427189
  view-data: 0.024814384058117867
