times:
  edit-metadata: 1.6360342912375927
  landing: 0.02118532359600067
  view-data: 0.32203747145831585
