times:
  edit-metadata: 2.201675107702613
  landing: 0.17377986386418343
  view-data: 0.14887342043220997
