times:
  edit-metadata: 1.6959590930491686
  landing: 0.021682225167751312
  view-data: 0.14067890122532845
