times:
  edit-metadata: 1.6718293633311987
  landing: 0.019352318719029427
  view-data: 0.024255948141217232
