times:
  edit-metadata: 1.6550414320081472
  landing: 0.02081695944070816
  view-data: 0.025729233399033546
