times:
  edit-metadata: 2.1467687617987394
  landing: 0.033276692032814026
  view-data: 0.26033526472747326
