times:
  edit-metadata: 2.117217155173421
  landing: 0.2729026135057211
  view-data: 0.3462664522230625
