times:
  edit-metadata: 1.6630556546151638
  landing: 0.19821426831185818
  view-data: 0.11849276721477509
