times:
  edit-metadata: 1.8154477253556252
  landing: 0.19512766040861607
  view-data: 0.02566247060894966
