times:
  edit-metadata: 1.0367902549915016
  landing: 0.042511699721217155
  view-data: 0.26056143501773477
