times:
  edit-metadata: 1.8432405553758144
  landing: 0.02167418971657753
  view-data: 0.17195079661905766
