times:
  edit-metadata: 0.7687831157818437
  landing: 0.08506425190716982
  view-data: 0.22945060627534986
