times:
  edit-metadata: 1.7406804338097572
  landing: 0.13919768761843443
  view-data: 0.024952013045549393
