times:
  edit-metadata: 2.2067501954734325
  landing: 0.288765300065279
  view-data: 0.4314412698149681
