times:
  edit-metadata: 1.6796222738921642
  landing: 0.020247839391231537
  view-data: 0.1282775066792965
