times:
  edit-metadata: 1.7136207409203053
  landing: 0.14546786807477474
  view-data: 0.025215204805135727
