times:
  edit-metadata: 2.017409237101674
  landing: 0.3675541914999485
  view-data: 0.05242477357387543
