times:
  edit-metadata: 1.5937469881027937
  landing: 0.020723538473248482
  view-data: 0.30844728648662567
