times:
  edit-metadata: 0.9660763838328421
  landing: 0.04445051588118076
  view-data: 0.28422641195356846
