times:
  edit-metadata: 1.9351611956954002
  landing: 0.22152392752468586
  view-data: 0.15392384864389896
