times:
  edit-metadata: 1.8222311362624168
  landing: 0.44968334026634693
  view-data: 0.6324526481330395
