times:
  edit-metadata: 1.7179747223854065
  landing: 0.2582549750804901
  view-data: 0.13523353077471256
