times:
  edit-metadata: 0.45018818601965904
  landing: 0.04921002592891455
  view-data: 0.2212807321920991
