times:
  edit-metadata: 0.48751557245850563
  landing: 0.05169147904962301
  view-data: 0.19608807656913996
