times:
  edit-metadata: 0.4441129304468632
  landing: 0.04541756026446819
  view-data: 0.3399676224216819
