times:
  edit-metadata: 0.4425988057628274
  landing: 0.039401713758707047
  view-data: 0.20265308395028114
