times:
  edit-metadata: 1.8412527684122324
  landing: 0.019419560208916664
  view-data: 0.0243024080991745
