times:
  edit-metadata: 1.8218113267794251
  landing: 0.12997840344905853
  view-data: 0.22572912462055683
