times:
  edit-metadata: 1.7871250193566084
  landing: 0.021269381046295166
  view-data: 0.027852103114128113
