times:
  edit-metadata: 1.8508208431303501
  landing: 0.12275422737002373
  view-data: 0.028677159920334816
