times:
  edit-metadata: 1.7940591787919402
  landing: 0.022668473422527313
  view-data: 0.11731239035725594
