times:
  edit-metadata: 0.87576849386096
  landing: 0.14310486521571875
  view-data: 0.34529743576422334
