times:
  edit-metadata: 1.902776200324297
  landing: 0.13546742498874664
  view-data: 0.02402464859187603
