times:
  edit-metadata: 1.0139378122985363
  landing: 0.0584308011457324
  view-data: 0.29047694709151983
