times:
  edit-metadata: 0.8711696830578148
  landing: 0.06729203183203936
  view-data: 0.24032377218827605
