times:
  edit-metadata: 1.7772787511348724
  landing: 0.02070792019367218
  view-data: 0.023283371701836586
