times:
  edit-metadata: 1.9188693733885884
  landing: 0.11418737936764956
  view-data: 0.2963618282228708
