times:
  edit-metadata: 1.862221121788025
  landing: 0.14152903482317924
  view-data: 0.02531486004590988
