times:
  edit-metadata: 0.8522747396491468
  landing: 0.06674501299858093
  view-data: 0.23657677927985787
