times:
  edit-metadata: 1.8870137138292193
  landing: 0.020126127637922764
  view-data: 0.14106542337685823
