times:
  edit-metadata: 1.20270917378366
  landing: 0.11266048578545451
  view-data: 0.2692902609705925
