times:
  edit-metadata: 2.082578929141164
  landing: 0.1393477562814951
  view-data: 0.028636852279305458
