times:
  edit-metadata: 2.6698450446128845
  landing: 0.04421648010611534
  view-data: 0.02865799143910408
