times:
  edit-metadata: 1.745457868091762
  landing: 0.020389907993376255
  view-data: 0.024848373606801033
