times:
  edit-metadata: 2.652978852391243
  landing: 0.3731669168919325
  view-data: 0.41309139877557755
