times:
  edit-metadata: 2.0963852554559708
  landing: 0.19822813011705875
  view-data: 0.3466285392642021
