times:
  edit-metadata: 1.8655079398304224
  landing: 0.13264459371566772
  view-data: 0.023479029536247253
