times:
  edit-metadata: 1.8369626412168145
  landing: 0.020962845534086227
  view-data: 0.42230858001857996
