times:
  edit-metadata: 1.1235371720977128
  landing: 0.04990963404998183
  view-data: 0.2751777330413461
