times:
  edit-metadata: 1.7984841279685497
  landing: 0.1278416570276022
  view-data: 0.1333936369046569
