times:
  edit-metadata: 1.948416329920292
  landing: 0.2490519843995571
  view-data: 0.3187306448817253
