times:
  edit-metadata: 2.758208893239498
  landing: 0.17570652440190315
  view-data: 0.529931977391243
