times:
  edit-metadata: 1.8169203866273165
  landing: 0.01847385335713625
  view-data: 0.025807117111980915
