times:
  edit-metadata: 0.8802656009793282
  landing: 0.06010424718260765
  view-data: 0.2399779623374343
