times:
  edit-metadata: 0.9181407941505313
  landing: 0.0899231182411313
  view-data: 0.33760960306972265
