times:
  edit-metadata: 1.9946676082909107
  landing: 0.33283655531704426
  view-data: 0.025372039526700974
