times:
  edit-metadata: 1.0349262771196663
  landing: 0.11617447389289737
  view-data: 0.24347336264327168
