times:
  edit-metadata: 1.834454733878374
  landing: 0.020671384409070015
  view-data: 0.14214939065277576
