times:
  edit-metadata: 2.396837316453457
  landing: 0.3112701643258333
  view-data: 0.37876405380666256
