times:
  edit-metadata: 1.8013762217015028
  landing: 0.021230431273579597
  view-data: 0.02923343889415264
