times:
  edit-metadata: 1.8569002486765385
  landing: 0.21717938221991062
  view-data: 0.02365591749548912
