times:
  edit-metadata: 1.8269815649837255
  landing: 0.021271981298923492
  view-data: 0.026325371116399765
