times:
  edit-metadata: 1.8919677715748549
  landing: 0.019293980672955513
  view-data: 0.026293836534023285
