times:
  edit-metadata: 1.8419930785894394
  landing: 0.03621621057391167
  view-data: 0.31083236262202263
