times:
  edit-metadata: 1.8260431326925755
  landing: 0.019533450715243816
  view-data: 0.1608516862615943
