times:
  edit-metadata: 1.7846869565546513
  landing: 0.019499965012073517
  view-data: 0.2800084799528122
