times:
  edit-metadata: 1.1857484369538724
  landing: 0.07687537325546145
  view-data: 0.3406023788265884
