times:
  edit-metadata: 2.5409643054008484
  landing: 0.3282160125672817
  view-data: 0.02821333520114422
