times:
  edit-metadata: 1.876688581891358
  landing: 0.15688867308199406
  view-data: 0.47429415490478277
