times:
  edit-metadata: 1.9185097888112068
  landing: 0.019800210371613503
  view-data: 0.024915868416428566
