times:
  edit-metadata: 2.097869671881199
  landing: 0.2994994018226862
  view-data: 0.028643226251006126
