times:
  edit-metadata: 1.8279289118945599
  landing: 0.023850277066230774
  view-data: 0.12265818752348423
