times:
  edit-metadata: 0.8967750114388764
  landing: 0.06862653000280261
  view-data: 0.24307908536866307
