times:
  edit-metadata: 1.8903687559068203
  landing: 0.19405677169561386
  view-data: 0.29975643567740917
