times:
  edit-metadata: 1.8317691115662456
  landing: 0.13320543803274632
  view-data: 0.41609350126236677
