times:
  edit-metadata: 1.9076320976018906
  landing: 0.13887175917625427
  view-data: 0.31624650955200195
