times:
  edit-metadata: 1.8240287099033594
  landing: 0.11537408269941807
  view-data: 0.09306683018803596
