times:
  edit-metadata: 2.129014575853944
  landing: 0.1510857157409191
  view-data: 0.24575978331267834
