times:
  edit-metadata: 1.8881797194480896
  landing: 0.02414843440055847
  view-data: 0.14682037197053432
