times:
  edit-metadata: 1.7818865459412336
  landing: 0.020136525854468346
  view-data: 0.28213801234960556
