times:
  edit-metadata: 1.867344193160534
  landing: 0.04897209815680981
  view-data: 0.045437825843691826
