times:
  edit-metadata: 1.9696812704205513
  landing: 0.020014679990708828
  view-data: 0.469321864657104
