times:
  edit-metadata: 1.835361896082759
  landing: 0.19940510299056768
  view-data: 0.2965739006176591
