times:
  edit-metadata: 2.452191324904561
  landing: 0.2972105033695698
  view-data: 0.12910373136401176
