times:
  edit-metadata: 1.89818562194705
  landing: 0.12238468788564205
  view-data: 0.025992317125201225
