times:
  edit-metadata: 1.8877725508064032
  landing: 0.15914718993008137
  view-data: 0.02731288969516754
