times:
  edit-metadata: 1.0488334340043366
  landing: 0.04754891060292721
  view-data: 0.2763382960110903
