times:
  edit-metadata: 2.045652696862817
  landing: 0.15436502918601036
  view-data: 0.02431628853082657
