times:
  edit-metadata: 1.9926278553903103
  landing: 0.22294069081544876
  view-data: 0.41079783253371716
