times:
  edit-metadata: 1.153276339173317
  landing: 0.11727938894182444
  view-data: 0.4417517217807472
