times:
  edit-metadata: 1.8024237006902695
  landing: 0.2735497625544667
  view-data: 0.44665673188865185
