times:
  edit-metadata: 0.8683027881197631
  landing: 0.06986686773598194
  view-data: 0.22663028677925467
