times:
  edit-metadata: 2.2634503804147243
  landing: 0.057320063933730125
  view-data: 0.3724496215581894
