times:
  edit-metadata: 2.0338492058217525
  landing: 0.19036426953971386
  view-data: 0.36182243563234806
