times:
  edit-metadata: 0.9830397767946124
  landing: 0.09594034077599645
  view-data: 0.306953021325171
