times:
  edit-metadata: 1.8546846881508827
  landing: 0.2648078240454197
  view-data: 0.13178592547774315
