times:
  edit-metadata: 2.193931696936488
  landing: 0.2781415954232216
  view-data: 0.3745735492557287
