times:
  edit-metadata: 1.8300659712404013
  landing: 0.021510913968086243
  view-data: 0.0242203027009964
