times:
  edit-metadata: 2.2528690230101347
  landing: 0.17143673822283745
  view-data: 0.22430633567273617
