times:
  edit-metadata: 1.9174130149185658
  landing: 0.11357844062149525
  view-data: 0.023860884830355644
