times:
  edit-metadata: 2.195491084828973
  landing: 0.061130283400416374
  view-data: 0.05516142398118973
