times:
  edit-metadata: 1.202370363753289
  landing: 0.08916333504021168
  view-data: 0.34447856480255723
