times:
  edit-metadata: 1.8613768015056849
  landing: 0.01894664391875267
  view-data: 0.023219270631670952
