times:
  edit-metadata: 1.9055134169757366
  landing: 0.024930715560913086
  view-data: 0.38947256468236446
