times:
  edit-metadata: 2.2519682869315147
  landing: 0.022549405694007874
  view-data: 0.33936702460050583
