times:
  edit-metadata: 2.1478992607444525
  landing: 0.25658750534057617
  view-data: 0.1578265316784382
