times:
  edit-metadata: 1.8006414584815502
  landing: 0.021464817225933075
  view-data: 0.02850276790559292
