times:
  edit-metadata: 1.9289646074175835
  landing: 0.12095566652715206
  view-data: 0.36499701626598835
