times:
  edit-metadata: 2.127997634932399
  landing: 0.1443538535386324
  view-data: 0.32835871540009975
