times:
  edit-metadata: 2.6422516219317913
  landing: 0.1491942834109068
  view-data: 0.1850812491029501
