times:
  edit-metadata: 2.116302637383342
  landing: 0.3811415582895279
  view-data: 0.17186427675187588
