times:
  edit-metadata: 1.8322418667376041
  landing: 0.019421346485614777
  view-data: 0.02252170816063881
