times:
  edit-metadata: 1.8416468501091003
  landing: 0.18685975670814514
  view-data: 0.025303179398179054
