times:
  edit-metadata: 1.9008916541934013
  landing: 0.15736784785985947
  view-data: 0.025396572425961494
