times:
  edit-metadata: 1.8698689006268978
  landing: 0.18165339529514313
  view-data: 0.3489584270864725
