times:
  edit-metadata: 1.9165721405297518
  landing: 0.02333134412765503
  view-data: 0.44114059023559093
