times:
  edit-metadata: 1.0096163521520793
  landing: 0.06657254789024591
  view-data: 0.3823054889217019
