times:
  edit-metadata: 1.7833620980381966
  landing: 0.018318461254239082
  view-data: 0.024508420377969742
