times:
  edit-metadata: 2.242324818857014
  landing: 0.045700980350375175
  view-data: 0.026964443735778332
