times:
  edit-metadata: 1.812098179012537
  landing: 0.12419935315847397
  view-data: 0.026249388232827187
