times:
  edit-metadata: 1.1378883314318955
  landing: 0.07207042165100574
  view-data: 0.2450294247828424
