times:
  edit-metadata: 1.8557683555409312
  landing: 0.1274070953950286
  view-data: 0.02465884480625391
