times:
  edit-metadata: 2.1038657911121845
  landing: 0.29308311082422733
  view-data: 0.14023786038160324
