times:
  edit-metadata: 1.8226886168122292
  landing: 0.020439472049474716
  view-data: 0.02581498585641384
