times:
  edit-metadata: 1.8120433194562793
  landing: 0.045118680223822594
  view-data: 0.24389455560594797
