times:
  edit-metadata: 1.7370031541213393
  landing: 0.02123003639280796
  view-data: 0.11897853296250105
