times:
  edit-metadata: 1.9328694539144635
  landing: 0.0183830289170146
  view-data: 0.2433560099452734
