times:
  edit-metadata: 2.205049382522702
  landing: 0.04906693659722805
  view-data: 0.05663145147264004
