times:
  edit-metadata: 2.274153111502528
  landing: 0.4478751104325056
  view-data: 0.02432699128985405
