times:
  edit-metadata: 0.9764970829710364
  landing: 0.1334686642512679
  view-data: 0.2684794901870191
