times:
  edit-metadata: 0.9182471176609397
  landing: 0.0553448018617928
  view-data: 0.23820280516520143
