times:
  edit-metadata: 1.7899316977709532
  landing: 0.02032247744500637
  view-data: 0.02343892678618431
