times:
  edit-metadata: 0.9378588041290641
  landing: 0.05773172015324235
  view-data: 0.3194077527150512
