times:
  edit-metadata: 0.9167909752577543
  landing: 0.0645913602784276
  view-data: 0.36405450385063887
