times:
  edit-metadata: 1.9850532039999962
  landing: 0.11778670363128185
  view-data: 0.026783712208271027
