times:
  edit-metadata: 1.8492206111550331
  landing: 0.1571564245969057
  view-data: 0.02410772815346718
