times:
  edit-metadata: 1.9143931455910206
  landing: 0.1461983248591423
  view-data: 0.0281788632273674
