times:
  edit-metadata: 1.8759929463267326
  landing: 0.15085148438811302
  view-data: 0.02482072450220585
