times:
  edit-metadata: 1.883407162502408
  landing: 0.02012382261455059
  view-data: 0.023708641529083252
