times:
  edit-metadata: 2.201327482238412
  landing: 0.018938349559903145
  view-data: 0.029190264642238617
