times:
  edit-metadata: 1.869404960423708
  landing: 0.019952787086367607
  view-data: 0.02478676103055477
