times:
  edit-metadata: 1.7452960927039385
  landing: 0.018633047118782997
  view-data: 0.023267244920134544
