times:
  edit-metadata: 2.113875424489379
  landing: 0.38117524795234203
  view-data: 0.4029684402048588
