times:
  edit-metadata: 2.1402307208627462
  landing: 0.11805068515241146
  view-data: 0.0231473371386528
