times:
  edit-metadata: 2.3311632554978132
  landing: 0.02656635455787182
  view-data: 0.4347607884556055
