times:
  edit-metadata: 1.8258634321391582
  landing: 0.2106026504188776
  view-data: 0.3575007449835539
