times:
  edit-metadata: 1.8359863366931677
  landing: 0.018918566405773163
  view-data: 0.15810859203338623
