times:
  edit-metadata: 1.939395872876048
  landing: 0.020259160548448563
  view-data: 0.3236062843352556
