times:
  edit-metadata: 1.9029623456299305
  landing: 0.021227987483143806
  view-data: 0.30374192260205746
