times:
  edit-metadata: 2.081047723069787
  landing: 0.22891844809055328
  view-data: 0.15020129457116127
