times:
  edit-metadata: 2.0393096525222063
  landing: 0.30646995455026627
  view-data: 0.33137339167296886
