times:
  edit-metadata: 2.1037561651319265
  landing: 0.21575102768838406
  view-data: 0.36079417914152145
