times:
  edit-metadata: 1.7318569896742702
  landing: 0.02077466156333685
  view-data: 0.11771293636411428
