times:
  edit-metadata: 1.855843372642994
  landing: 0.02310354635119438
  view-data: 0.14133248664438725
