times:
  edit-metadata: 1.9095067046582699
  landing: 0.021919308230280876
  view-data: 0.027667084708809853
