times:
  edit-metadata: 1.8979919515550137
  landing: 0.14005916379392147
  view-data: 0.14086702466011047
