times:
  edit-metadata: 2.072969812899828
  landing: 0.05651817191392183
  view-data: 0.43501068372279406
