times:
  edit-metadata: 1.8229466509073973
  landing: 0.02039935812354088
  view-data: 0.022758768871426582
