times:
  edit-metadata: 1.8648172952234745
  landing: 0.15142324194312096
  view-data: 0.022975672036409378
