times:
  edit-metadata: 2.2081029508262873
  landing: 0.26528465561568737
  view-data: 0.4210013225674629
