times:
  edit-metadata: 1.8887791503220797
  landing: 0.01997237093746662
  view-data: 0.02259254828095436
