times:
  edit-metadata: 1.3048011478967965
  landing: 0.07605551229789853
  view-data: 0.24958267016336322
