times:
  edit-metadata: 1.981054650619626
  landing: 0.13842005468904972
  view-data: 0.1494312733411789
