times:
  edit-metadata: 0.865825102198869
  landing: 0.06669891299679875
  view-data: 0.23881792603060603
