times:
  edit-metadata: 2.073430249467492
  landing: 0.019730133935809135
  view-data: 0.4226947780698538
