times:
  edit-metadata: 1.808195112273097
  landing: 0.01936429925262928
  view-data: 0.02725250832736492
