times:
  edit-metadata: 2.376680511981249
  landing: 0.22088134102523327
  view-data: 0.25349570252001286
