times:
  edit-metadata: 1.8371510114520788
  landing: 0.13930107653141022
  view-data: 0.028453681617975235
