times:
  edit-metadata: 1.9435423370450735
  landing: 0.018518448807299137
  view-data: 0.465440827421844
