times:
  edit-metadata: 1.7430683244019747
  landing: 0.02135100867599249
  view-data: 0.10190545208752155
