times:
  edit-metadata: 3.169413171708584
  landing: 0.30897614546120167
  view-data: 0.24742154590785503
