times:
  edit-metadata: 1.8565430231392384
  landing: 0.019744493067264557
  view-data: 0.026587480679154396
