times:
  edit-metadata: 2.1956485956907272
  landing: 0.019666414707899094
  view-data: 0.26453785225749016
