times:
  edit-metadata: 2.468199037015438
  landing: 0.22734601609408855
  view-data: 0.3798306342214346
