times:
  edit-metadata: 2.269421827979386
  landing: 0.24687168188393116
  view-data: 0.14514899905771017
