times:
  edit-metadata: 1.8060521073639393
  landing: 0.02465697005391121
  view-data: 0.3433833494782448
