times:
  edit-metadata: 1.8052468784153461
  landing: 0.018505088984966278
  view-data: 0.02778760902583599
