times:
  edit-metadata: 2.0800642892718315
  landing: 0.04798358306288719
  view-data: 0.35644457302987576
