times:
  edit-metadata: 1.8807479962706566
  landing: 0.18323014117777348
  view-data: 0.02471785806119442
