times:
  edit-metadata: 2.233934447169304
  landing: 0.2572448141872883
  view-data: 0.3311494644731283
