times:
  edit-metadata: 1.1039372812956572
  landing: 0.0780314588919282
  view-data: 0.38130477955564857
