times:
  edit-metadata: 1.8146900096908212
  landing: 0.02023041807115078
  view-data: 0.02682159747928381
