times:
  edit-metadata: 1.8330503422766924
  landing: 0.12729752250015736
  view-data: 0.02386763133108616
