times:
  edit-metadata: 1.0903550749644637
  landing: 0.058363971300423145
  view-data: 0.3692461671307683
