times:
  edit-metadata: 1.898831807076931
  landing: 0.23052625730633736
  view-data: 0.27796613797545433
