times:
  edit-metadata: 1.7603516252711415
  landing: 0.15866710059344769
  view-data: 0.36975850723683834
