times:
  edit-metadata: 1.8016260918229818
  landing: 0.019888099282979965
  view-data: 0.0242029819637537
