times:
  edit-metadata: 1.0347688389010727
  landing: 0.07190286228433251
  view-data: 0.23917013965547085
