times:
  edit-metadata: 2.1808333471417427
  landing: 0.15442503988742828
  view-data: 0.39318912103772163
