times:
  edit-metadata: 1.8265289030969143
  landing: 0.022774560377001762
  view-data: 0.02504914067685604
