times:
  edit-metadata: 1.8514184467494488
  landing: 0.02027709223330021
  view-data: 0.12641561962664127
