times:
  edit-metadata: 1.838076500222087
  landing: 0.023139948025345802
  view-data: 0.1276191994547844
