times:
  edit-metadata: 1.8352747932076454
  landing: 0.019374124705791473
  view-data: 0.025123207829892635
