times:
  edit-metadata: 2.398155340924859
  landing: 0.1677036341279745
  view-data: 0.3276908081024885
