times:
  edit-metadata: 1.758196766488254
  landing: 0.020083175040781498
  view-data: 0.026426217518746853
