times:
  edit-metadata: 2.6546789221465588
  landing: 0.01993786357343197
  view-data: 0.3203523587435484
