times:
  edit-metadata: 2.7376178447157145
  landing: 0.13861891254782677
  view-data: 0.13466853648424149
