times:
  edit-metadata: 2.006285625975579
  landing: 0.04733637999743223
  view-data: 0.38513756170868874
