times:
  edit-metadata: 2.494414670392871
  landing: 0.02030067890882492
  view-data: 0.023069906048476696
