times:
  edit-metadata: 2.842291383072734
  landing: 0.11995532922446728
  view-data: 0.14478914439678192
