times:
  edit-metadata: 2.921079568564892
  landing: 0.27246280759572983
  view-data: 0.02579011768102646
