times:
  edit-metadata: 2.458598367869854
  landing: 0.021781562827527523
  view-data: 0.026779789477586746
