times:
  edit-metadata: 2.453203096985817
  landing: 0.02217094786465168
  view-data: 0.4007521029561758
