times:
  edit-metadata: 2.622223448008299
  landing: 0.15992753207683563
  view-data: 0.3015923574566841
