times:
  edit-metadata: 2.732711799442768
  landing: 0.02293691411614418
  view-data: 0.03073194995522499
