times:
  edit-metadata: 2.489203553646803
  landing: 0.17957758251577616
  view-data: 0.2514468776062131
