times:
  edit-metadata: 2.7175380755215883
  landing: 0.019446711987257004
  view-data: 0.1305551677942276
