times:
  edit-metadata: 2.6047250563278794
  landing: 0.05209129024296999
  view-data: 0.02253792155534029
