times:
  edit-metadata: 2.5626474488526583
  landing: 0.02197340875864029
  view-data: 0.13135901652276516
