times:
  edit-metadata: 1.926404220983386
  landing: 0.07560574309900403
  view-data: 0.3603973360732198
