times:
  edit-metadata: 1.8510704804211855
  landing: 0.08127888711169362
  view-data: 0.26929152105003595
