times:
  edit-metadata: 2.73624312505126
  landing: 0.020291220396757126
  view-data: 0.02448003739118576
