times:
  edit-metadata: 2.8559593688696623
  landing: 0.15367833711206913
  view-data: 0.147259671241045
