times:
  edit-metadata: 1.5397326527163386
  landing: 0.04638237785547972
  view-data: 0.26103403931483626
