times:
  edit-metadata: 1.7191655659116805
  landing: 0.04604181693866849
  view-data: 0.26891851471737027
