times:
  edit-metadata: 2.805566458031535
  landing: 0.02115439623594284
  view-data: 0.025860723108053207
