times:
  edit-metadata: 2.6689350996166468
  landing: 0.14754505082964897
  view-data: 0.3079966604709625
