times:
  edit-metadata: 1.8097651270218194
  landing: 0.11355151701718569
  view-data: 0.41726732393726707
