times:
  edit-metadata: 2.7067163288593292
  landing: 0.28566462732851505
  view-data: 0.12312950380146503
