times:
  edit-metadata: 2.8368119560182095
  landing: 0.02152489311993122
  view-data: 0.024684302508831024
