times:
  edit-metadata: 3.3696434013545513
  landing: 0.22569160349667072
  view-data: 0.35918400809168816
