times:
  edit-metadata: 2.7947828508913517
  landing: 0.019340094178915024
  view-data: 0.28495518676936626
