times:
  edit-metadata: 3.4906566459685564
  landing: 0.18384721875190735
  view-data: 0.19310570508241653
