times:
  edit-metadata: 3.0630445182323456
  landing: 0.13747119158506393
  view-data: 0.5001778043806553
