times:
  edit-metadata: 2.7928724121302366
  landing: 0.022824442014098167
  view-data: 0.3383503034710884
