times:
  edit-metadata: 1.8852456021122634
  landing: 0.08513114089146256
  view-data: 0.41297018015757203
