times:
  edit-metadata: 2.5804791152477264
  landing: 0.19106723554432392
  view-data: 0.31101533211767673
