times:
  edit-metadata: 2.804102098569274
  landing: 0.022186435759067535
  view-data: 0.028713760897517204
