times:
  edit-metadata: 2.720368603244424
  landing: 0.23582149483263493
  view-data: 0.12714170292019844
