times:
  edit-metadata: 2.6386893466115
  landing: 0.19782285392284393
  view-data: 0.025869108736515045
