times:
  edit-metadata: 2.834933089092374
  landing: 0.1321967300027609
  view-data: 0.02607061341404915
