times:
  edit-metadata: 2.6677455361932516
  landing: 0.23991434462368488
  view-data: 0.022536346688866615
