times:
  edit-metadata: 2.5818758364766836
  landing: 0.020956341177225113
  view-data: 0.024272283539175987
