times:
  edit-metadata: 2.6456685848534107
  landing: 0.21575622260570526
  view-data: 0.13211818225681782
