times:
  edit-metadata: 2.6513246577233076
  landing: 0.024140577763319016
  view-data: 0.13495143502950668
