times:
  edit-metadata: 2.4730806909501553
  landing: 0.1300816759467125
  view-data: 0.11941174417734146
