times:
  edit-metadata: 2.6861238218843937
  landing: 0.15046892687678337
  view-data: 0.02270767278969288
