times:
  edit-metadata: 2.5647256914526224
  landing: 0.02387869916856289
  view-data: 0.023177826777100563
