times:
  edit-metadata: 2.5332947950810194
  landing: 0.17195092607289553
  view-data: 0.20488316193223
