times:
  edit-metadata: 3.355627117678523
  landing: 0.2997423429042101
  view-data: 0.13405175134539604
