times:
  edit-metadata: 2.809917449951172
  landing: 0.1441048365086317
  view-data: 0.0258710365742445
