times:
  edit-metadata: 1.7611835426650941
  landing: 0.08253877004608512
  view-data: 0.26123528787866235
