times:
  edit-metadata: 2.6384106315672398
  landing: 0.020056921988725662
  view-data: 0.02421576902270317
