times:
  edit-metadata: 3.0368274059146643
  landing: 0.023660585284233093
  view-data: 0.15458114072680473
