times:
  edit-metadata: 3.3306902404874563
  landing: 0.31779620610177517
  view-data: 0.2777273878455162
