times:
  edit-metadata: 2.5112665705382824
  landing: 0.18550499621778727
  view-data: 0.24918389786034822
