times:
  edit-metadata: 2.4414144940674305
  landing: 0.14376829843968153
  view-data: 0.1365434043109417
