times:
  edit-metadata: 2.608181580901146
  landing: 0.17623569443821907
  view-data: 0.024173395708203316
