times:
  edit-metadata: 2.5020513935014606
  landing: 0.19145205803215504
  view-data: 0.025743979029357433
