times:
  edit-metadata: 3.4665041510015726
  landing: 0.30710966140031815
  view-data: 0.36415779031813145
