times:
  edit-metadata: 1.549930171109736
  landing: 0.05393387610092759
  view-data: 0.25707660522311926
