times:
  edit-metadata: 2.566839753650129
  landing: 0.018804779276251793
  view-data: 0.22751312423497438
