times:
  edit-metadata: 3.0190044660121202
  landing: 0.2509406581521034
  view-data: 0.38104573264718056
