times:
  edit-metadata: 2.600866835564375
  landing: 0.02340601198375225
  view-data: 0.026179978623986244
