times:
  edit-metadata: 2.903372824192047
  landing: 0.026031196117401123
  view-data: 0.27805012837052345
