times:
  edit-metadata: 2.5147450529038906
  landing: 0.19436235260218382
  view-data: 0.3507691780105233
