times:
  edit-metadata: 2.514981613494456
  landing: 0.180568671785295
  view-data: 0.02891656756401062
