times:
  edit-metadata: 2.4771844688802958
  landing: 0.13696493580937386
  view-data: 0.024193921126425266
