times:
  edit-metadata: 1.84426951687783
  landing: 0.11462461715564132
  view-data: 0.27910914132371545
