times:
  edit-metadata: 2.7700217571109533
  landing: 0.19439226388931274
  view-data: 0.024506069719791412
