times:
  edit-metadata: 2.7452633399516344
  landing: 0.019550133496522903
  view-data: 0.025951320305466652
