times:
  edit-metadata: 2.536271480843425
  landing: 0.021159185096621513
  view-data: 0.02494276873767376
