times:
  edit-metadata: 1.6214004810899496
  landing: 0.08268097415566444
  view-data: 0.2699986547231674
