times:
  edit-metadata: 3.0939720440655947
  landing: 0.343044376000762
  view-data: 0.026924598962068558
