times:
  edit-metadata: 5.403012972325087
  landing: 0.45912449434399605
  view-data: 0.49763204902410507
