times:
  edit-metadata: 1.8903041006997228
  landing: 0.04802217613905668
  view-data: 0.31470236694440246
