times:
  edit-metadata: 2.9776783008128405
  landing: 0.01740182563662529
  view-data: 0.41712028346955776
