times:
  edit-metadata: 2.7131863851100206
  landing: 0.021241940557956696
  view-data: 0.2301405891776085
