times:
  edit-metadata: 2.411524159833789
  landing: 0.02633475698530674
  view-data: 0.45888231229037046
