times:
  edit-metadata: 1.774991671089083
  landing: 0.07579126115888357
  view-data: 0.39606028515845537
