times:
  edit-metadata: 2.805861981585622
  landing: 0.11920282803475857
  view-data: 0.4179967939853668
