times:
  edit-metadata: 2.877627858892083
  landing: 0.020591629669070244
  view-data: 0.1356931123882532
