times:
  edit-metadata: 2.709898045286536
  landing: 0.020372556522488594
  view-data: 0.12402563542127609
