times:
  edit-metadata: 1.5996994110755622
  landing: 0.05645254906266928
  view-data: 0.2779303099960089
