times:
  edit-metadata: 3.230089796707034
  landing: 0.17965780571103096
  view-data: 0.341912392526865
