times:
  edit-metadata: 2.665665354579687
  landing: 0.19554303027689457
  view-data: 0.33107058703899384
