times:
  edit-metadata: 2.728927370160818
  landing: 0.018317527137696743
  view-data: 0.4397434648126364
