times:
  edit-metadata: 2.6316265389323235
  landing: 0.024982526898384094
  view-data: 0.02445192076265812
