times:
  edit-metadata: 2.954828684218228
  landing: 0.019402136094868183
  view-data: 0.02214493416249752
