times:
  edit-metadata: 2.467602875083685
  landing: 0.020826593041419983
  view-data: 0.3363702017813921
