times:
  edit-metadata: 2.566373707726598
  landing: 0.02204745262861252
  view-data: 0.025671660900115967
