times:
  edit-metadata: 3.5201815254986286
  landing: 0.1892316360026598
  view-data: 0.048536378890275955
