times:
  edit-metadata: 1.600780328270048
  landing: 0.07206283323466778
  view-data: 0.2711793757043779
