times:
  edit-metadata: 2.736206538975239
  landing: 0.21766153164207935
  view-data: 0.12166904844343662
