times:
  edit-metadata: 2.8295756289735436
  landing: 0.01968530286103487
  view-data: 0.024748075753450394
