times:
  edit-metadata: 2.686660686507821
  landing: 0.13787171803414822
  view-data: 0.36578921787440777
