times:
  edit-metadata: 2.583894652314484
  landing: 0.30514192301779985
  view-data: 0.24241593107581139
