times:
  edit-metadata: 2.5482577085494995
  landing: 0.19468452595174313
  view-data: 0.02623075060546398
