times:
  edit-metadata: 2.571037385612726
  landing: 0.21924175508320332
  view-data: 0.46540925465524197
