times:
  edit-metadata: 2.597700273618102
  landing: 0.2189452387392521
  view-data: 0.02912183851003647
