times:
  edit-metadata: 2.6586925461888313
  landing: 0.020074540749192238
  view-data: 0.31469655968248844
