times:
  edit-metadata: 2.9001653268933296
  landing: 0.19795706681907177
  view-data: 0.3822181038558483
