times:
  edit-metadata: 2.752083571627736
  landing: 0.01891274005174637
  view-data: 0.1438797116279602
