times:
  edit-metadata: 3.1416155006736517
  landing: 0.020863862708210945
  view-data: 0.031224971637129784
