times:
  edit-metadata: 3.260879611596465
  landing: 0.22339465282857418
  view-data: 0.3469336871057749
