times:
  edit-metadata: 3.556466346606612
  landing: 0.18542339839041233
  view-data: 0.4220791347324848
