times:
  edit-metadata: 2.0079952250234783
  landing: 0.046637156046926975
  view-data: 0.27425863686949015
