times:
  edit-metadata: 2.660847330465913
  landing: 0.02069266326725483
  view-data: 0.023880118504166603
