times:
  edit-metadata: 1.8195632044225931
  landing: 0.06831358280032873
  view-data: 0.27579492377117276
