times:
  edit-metadata: 2.027726145926863
  landing: 0.09453227324411273
  view-data: 0.32139023393392563
