times:
  edit-metadata: 2.6404560152441263
  landing: 0.12579175271093845
  view-data: 0.12697692587971687
