times:
  edit-metadata: 1.6048924247734249
  landing: 0.05930487718433142
  view-data: 0.28554245410487056
