times:
  edit-metadata: 2.750196311622858
  landing: 0.4896676763892174
  view-data: 0.024354789406061172
