times:
  edit-metadata: 2.4554537534713745
  landing: 0.20745260547846556
  view-data: 0.2167888768017292
