times:
  edit-metadata: 3.368787841871381
  landing: 0.12059160321950912
  view-data: 0.37697396613657475
