times:
  edit-metadata: 2.1172959259711206
  landing: 0.06812075385823846
  view-data: 0.4127631951123476
