times:
  edit-metadata: 2.5681671081110835
  landing: 0.02015555649995804
  view-data: 0.1155598359182477
