times:
  edit-metadata: 1.8436643108725548
  landing: 0.07563526974990964
  view-data: 0.262971973977983
