times:
  edit-metadata: 3.1175487842410803
  landing: 0.20262701623141766
  view-data: 0.45974319614470005
