times:
  edit-metadata: 2.5553832799196243
  landing: 0.023251928389072418
  view-data: 0.12202803790569305
