times:
  edit-metadata: 2.6422120183706284
  landing: 0.19852101430296898
  view-data: 0.023607665672898293
