times:
  edit-metadata: 2.8076196908950806
  landing: 0.13285237178206444
  view-data: 0.13825233094394207
