times:
  edit-metadata: 2.6205972749739885
  landing: 0.1484425663948059
  view-data: 0.13399170152842999
