times:
  edit-metadata: 1.974165016785264
  landing: 0.060290045104920864
  view-data: 0.2666153609752655
