times:
  edit-metadata: 2.917993500828743
  landing: 0.021583054214715958
  view-data: 0.12987991608679295
