times:
  edit-metadata: 2.664544625207782
  landing: 0.18979931063950062
  view-data: 0.3137512896209955
