times:
  edit-metadata: 2.5481864754110575
  landing: 0.16947357170283794
  view-data: 0.027235284447669983
