times:
  edit-metadata: 1.9024260840378702
  landing: 0.14467461686581373
  view-data: 0.3725355649366975
