times:
  edit-metadata: 2.6941473335027695
  landing: 0.18580167926847935
  view-data: 0.027084561064839363
