times:
  edit-metadata: 3.0264802295714617
  landing: 0.3468946758657694
  view-data: 0.3759660366922617
