times:
  edit-metadata: 2.5018456541001797
  landing: 0.022015195339918137
  view-data: 0.1006772518157959
