times:
  edit-metadata: 2.528688943013549
  landing: 0.01885485928505659
  view-data: 0.3168803844600916
