times:
  edit-metadata: 3.355239909142256
  landing: 0.266643937677145
  view-data: 0.1654501110315323
