times:
  edit-metadata: 2.5926102567464113
  landing: 0.11215948686003685
  view-data: 0.025730876252055168
