times:
  edit-metadata: 2.585776038467884
  landing: 0.020058948546648026
  view-data: 0.025952311232686043
