times:
  edit-metadata: 2.6563903214409947
  landing: 0.22853093687444925
  view-data: 0.12606776971369982
