times:
  edit-metadata: 2.730155074968934
  landing: 0.019735390320420265
  view-data: 0.10661137849092484
