times:
  edit-metadata: 2.604658391326666
  landing: 0.10199243761599064
  view-data: 0.12846851162612438
