times:
  edit-metadata: 2.5924393758177757
  landing: 0.020748073235154152
  view-data: 0.12556797824800014
