times:
  edit-metadata: 2.6554332859814167
  landing: 0.17922228015959263
  view-data: 0.3268991485238075
