times:
  edit-metadata: 2.965234087780118
  landing: 0.022334961220622063
  view-data: 0.38244046829640865
