times:
  edit-metadata: 1.552970515564084
  landing: 0.048726807814091444
  view-data: 0.26692365296185017
