times:
  edit-metadata: 3.2075741663575172
  landing: 0.1464692372828722
  view-data: 0.3664862234145403
