times:
  edit-metadata: 2.4766553584486246
  landing: 0.020777013152837753
  view-data: 0.10287419520318508
