times:
  edit-metadata: 1.8243102030828595
  landing: 0.05474722106009722
  view-data: 0.31345108104869723
