times:
  edit-metadata: 3.03060494735837
  landing: 0.29214795492589474
  view-data: 0.14059164747595787
