times:
  edit-metadata: 2.7387808058410883
  landing: 0.022754639387130737
  view-data: 0.028750455006957054
