times:
  edit-metadata: 1.816369746811688
  landing: 0.0426381197758019
  view-data: 0.2642345540225506
