times:
  edit-metadata: 2.7113420832902193
  landing: 0.023956144228577614
  view-data: 0.3735038638114929
