times:
  edit-metadata: 2.496948132291436
  landing: 0.14167841989547014
  view-data: 0.13250155840069056
