times:
  edit-metadata: 2.8538521137088537
  landing: 0.27320960722863674
  view-data: 0.4696348737925291
