times:
  edit-metadata: 2.643512623384595
  landing: 0.14797990024089813
  view-data: 0.24960737861692905
