times:
  edit-metadata: 2.6331398840993643
  landing: 0.1901419200003147
  view-data: 0.134458739310503
