times:
  edit-metadata: 2.959379982203245
  landing: 0.2729317285120487
  view-data: 0.05015614815056324
