times:
  edit-metadata: 2.701597323641181
  landing: 0.2773208301514387
  view-data: 0.1446055732667446
