times:
  edit-metadata: 1.9828517897985876
  landing: 0.06646699970588088
  view-data: 0.3474970646202564
