times:
  edit-metadata: 5.460205607116222
  landing: 0.02326098270714283
  view-data: 0.12097314931452274
