times:
  edit-metadata: 5.348713979125023
  landing: 0.021312907338142395
  view-data: 0.025296252220869064
