times:
  edit-metadata: 3.595818438567221
  landing: 0.020559522323310375
  view-data: 0.025390000082552433
