times:
  edit-metadata: 4.9401645809412
  landing: 0.020231280475854874
  view-data: 0.27287436462938786
