times:
  edit-metadata: 5.769272670149803
  landing: 0.2859970200806856
  view-data: 0.14193293638527393
