times:
  edit-metadata: 3.6375174606218934
  landing: 0.021160022355616093
  view-data: 0.11680425424128771
