times:
  edit-metadata: 4.809714308008552
  landing: 0.018593971617519855
  view-data: 0.024169032461941242
