times:
  edit-metadata: 4.868287984281778
  landing: 0.021532224491238594
  view-data: 0.13453658483922482
