times:
  edit-metadata: 5.262774342671037
  landing: 0.2550446819514036
  view-data: 0.4256536951288581
