times:
  edit-metadata: 4.9050085954368114
  landing: 0.0213365089148283
  view-data: 0.12423200532793999
