times:
  edit-metadata: 6.579230573028326
  landing: 0.028480341657996178
  view-data: 0.4552231151610613
