times:
  edit-metadata: 5.1688999440521
  landing: 0.16701690107584
  view-data: 0.1282275840640068
