times:
  edit-metadata: 4.473266345448792
  landing: 0.19618570990860462
  view-data: 0.3977323221042752
