times:
  edit-metadata: 3.6450160332024097
  landing: 0.01931034494191408
  view-data: 0.12716564163565636
