times:
  edit-metadata: 4.512751054018736
  landing: 0.02159697934985161
  view-data: 0.0474846251308918
