times:
  edit-metadata: 2.466667235828936
  landing: 0.03981827571988106
  view-data: 0.5700173228979111
