times:
  edit-metadata: 4.966486863791943
  landing: 0.020005647093057632
  view-data: 0.3307556323707104
