times:
  edit-metadata: 2.4571296107023954
  landing: 0.039954652078449726
  view-data: 0.3180206539109349
