times:
  edit-metadata: 4.898823123425245
  landing: 0.021988969296216965
  view-data: 0.02572387270629406
