times:
  edit-metadata: 5.991766136139631
  landing: 0.36933098547160625
  view-data: 0.21004641614854336
