times:
  edit-metadata: 6.623215708881617
  landing: 0.3143274802714586
  view-data: 0.3778609447181225
