times:
  edit-metadata: 3.935531719122082
  landing: 0.049683322198688984
  view-data: 0.387468873988837
