times:
  edit-metadata: 2.51474735699594
  landing: 0.049048202112317085
  view-data: 0.33182358741760254
