times:
  edit-metadata: 5.412189828231931
  landing: 0.2483534775674343
  view-data: 0.2926179710775614
