times:
  edit-metadata: 4.530113966204226
  landing: 0.019744379445910454
  view-data: 0.1303473012521863
