times:
  edit-metadata: 7.161859858781099
  landing: 0.4936369229108095
  view-data: 0.5247469935566187
