times:
  edit-metadata: 5.096585826948285
  landing: 0.02284383215010166
  view-data: 0.11960921250283718
