times:
  edit-metadata: 3.6150821382179856
  landing: 0.020273631438612938
  view-data: 0.12299644947052002
