times:
  edit-metadata: 5.208722470328212
  landing: 0.023154355585575104
  view-data: 0.49291439913213253
