times:
  edit-metadata: 4.318140440154821
  landing: 0.06338424468412995
  view-data: 0.4005268570035696
