times:
  edit-metadata: 2.43542471062392
  landing: 0.048546903766691685
  view-data: 0.33157253731042147
