times:
  edit-metadata: 5.623207658529282
  landing: 0.018673965707421303
  view-data: 0.3552501015365124
