times:
  edit-metadata: 5.252746416255832
  landing: 0.019940512254834175
  view-data: 0.14106794260442257
