times:
  edit-metadata: 5.153937941417098
  landing: 0.019690826535224915
  view-data: 0.3260172922164202
