times:
  edit-metadata: 4.74996292963624
  landing: 0.024353445507586002
  view-data: 0.04809695761650801
