times:
  edit-metadata: 2.416594964452088
  landing: 0.04835715517401695
  view-data: 0.31261778622865677
