times:
  edit-metadata: 3.66259590908885
  landing: 0.1320298407226801
  view-data: 0.13114667404443026
