times:
  edit-metadata: 3.706159838475287
  landing: 0.020685851573944092
  view-data: 0.022373625077307224
