times:
  edit-metadata: 2.451956396922469
  landing: 0.04422513861209154
  view-data: 0.2979693282395601
