times:
  edit-metadata: 3.7419554982334375
  landing: 0.14290767163038254
  view-data: 0.02695370651781559
