times:
  edit-metadata: 4.31741055753082
  landing: 0.023590057156980038
  view-data: 0.4845146657899022
