times:
  edit-metadata: 3.6864284984767437
  landing: 0.020491860806941986
  view-data: 0.026566272601485252
