times:
  edit-metadata: 5.141107400879264
  landing: 0.1899392269551754
  view-data: 0.02267330139875412
