times:
  edit-metadata: 2.4641412710770965
  landing: 0.049091908149421215
  view-data: 0.3328088093549013
