times:
  edit-metadata: 5.300536375492811
  landing: 0.021679775789380074
  view-data: 0.33011079393327236
