times:
  edit-metadata: 2.5119765819981694
  landing: 0.04320359230041504
  view-data: 0.5302165634930134
