times:
  edit-metadata: 4.513271238189191
  landing: 0.12197752576321363
  view-data: 0.39458293793722987
