times:
  edit-metadata: 3.665170435793698
  landing: 0.020192280411720276
  view-data: 0.02384211216121912
