times:
  edit-metadata: 3.6879815040156245
  landing: 0.16476029064506292
  view-data: 0.02360074408352375
