times:
  edit-metadata: 2.5104025714099407
  landing: 0.044971099123358727
  view-data: 0.44580760039389133
