times:
  edit-metadata: 5.445693790912628
  landing: 0.021164651960134506
  view-data: 0.02630213089287281
