times:
  edit-metadata: 3.64218660723418
  landing: 0.02047019451856613
  view-data: 0.10008970182389021
