times:
  edit-metadata: 3.598148432560265
  landing: 0.022513220086693764
  view-data: 0.12119884882122278
