times:
  edit-metadata: 5.323754360899329
  landing: 0.12182541377842426
  view-data: 0.04843456856906414
