times:
  edit-metadata: 4.69791466742754
  landing: 0.12866407167166471
  view-data: 0.11102073919028044
