times:
  edit-metadata: 4.406447706744075
  landing: 0.05094285495579243
  view-data: 0.6839930089190602
