times:
  edit-metadata: 5.5176410265266895
  landing: 0.02069792151451111
  view-data: 0.02614971436560154
