times:
  edit-metadata: 3.697093365713954
  landing: 0.0230660242959857
  view-data: 0.02452742401510477
