times:
  edit-metadata: 3.8155475985258818
  landing: 0.02031976729631424
  view-data: 0.4397038025781512
