times:
  edit-metadata: 5.787214759737253
  landing: 0.1613328717648983
  view-data: 0.32971390523016453
