times:
  edit-metadata: 3.684637346304953
  landing: 0.019112483598291874
  view-data: 0.19587392453104258
