times:
  edit-metadata: 3.7123942002654076
  landing: 0.022132858633995056
  view-data: 0.024670787155628204
