times:
  edit-metadata: 5.101483603939414
  landing: 0.09056336805224419
  view-data: 0.36407625302672386
