times:
  edit-metadata: 3.5660070115700364
  landing: 0.02359432727098465
  view-data: 0.024414720945060253
