times:
  edit-metadata: 5.182962767779827
  landing: 0.25386133417487144
  view-data: 0.1276625208556652
