times:
  edit-metadata: 5.619389094412327
  landing: 0.17791751585900784
  view-data: 0.39293770864605904
