times:
  edit-metadata: 8.31457618623972
  landing: 0.34689016826450825
  view-data: 0.22539260424673557
