times:
  edit-metadata: 3.5944925509393215
  landing: 0.022366165183484554
  view-data: 0.12034780345857143
