times:
  edit-metadata: 8.677602041512728
  landing: 0.27810340374708176
  view-data: 0.023972300812602043
