times:
  edit-metadata: 2.4315652837976813
  landing: 0.049647364765405655
  view-data: 0.4419849091209471
