times:
  edit-metadata: 5.961660288274288
  landing: 0.22714946046471596
  view-data: 0.30014241859316826
