times:
  edit-metadata: 3.73411132581532
  landing: 0.11365815438330173
  view-data: 0.11071346886456013
