times:
  edit-metadata: 5.62675954028964
  landing: 0.2591797597706318
  view-data: 0.14703844860196114
