times:
  edit-metadata: 5.043936686590314
  landing: 0.1262600440531969
  view-data: 0.27879292890429497
