times:
  edit-metadata: 3.6837428538128734
  landing: 0.023018041625618935
  view-data: 0.023433233611285686
