times:
  edit-metadata: 3.780157260596752
  landing: 0.01878824457526207
  view-data: 0.023182892240583897
