times:
  edit-metadata: 3.6606321604922414
  landing: 0.0971054807305336
  view-data: 0.12264451663941145
