times:
  edit-metadata: 3.6647205110639334
  landing: 0.01866765506565571
  view-data: 0.1263445857912302
