times:
  edit-metadata: 4.435744067654014
  landing: 0.018538672477006912
  view-data: 0.142207445576787
