times:
  edit-metadata: 7.243691019990365
  landing: 0.40704346798884217
  view-data: 0.9028046890016412
