times:
  edit-metadata: 5.704416027292609
  landing: 0.23952550813555717
  view-data: 0.3387262485921383
