times:
  edit-metadata: 3.815724299289286
  landing: 0.06370859732851386
  view-data: 0.3790475120767951
