times:
  edit-metadata: 7.540466831997037
  landing: 0.38802481442689896
  view-data: 0.3474293854087591
