times:
  edit-metadata: 4.519534295424819
  landing: 0.020450188778340816
  view-data: 0.13874441664665937
