times:
  edit-metadata: 5.1804282665252686
  landing: 0.019545940682291985
  view-data: 0.33856734819710255
