times:
  edit-metadata: 3.6627147952094674
  landing: 0.02005100902169943
  view-data: 0.028017914853990078
