times:
  edit-metadata: 2.497957097366452
  landing: 0.042730383574962616
  view-data: 0.44790680706501007
