times:
  edit-metadata: 4.561538273934275
  landing: 0.13289104122668505
  view-data: 0.7146161640994251
