times:
  edit-metadata: 3.694417003542185
  landing: 0.020140464417636395
  view-data: 0.1208170186728239
