times:
  edit-metadata: 2.4098198357969522
  landing: 0.0429506991058588
  view-data: 0.44507329631596804
