times:
  edit-metadata: 3.7435428835451603
  landing: 0.23436503671109676
  view-data: 0.419120067730546
