times:
  edit-metadata: 5.252509094774723
  landing: 0.019132697954773903
  view-data: 0.31863696686923504
