times:
  edit-metadata: 3.6779544884338975
  landing: 0.11913493368774652
  view-data: 0.024321138858795166
