times:
  edit-metadata: 3.6972304191440344
  landing: 0.021071013994514942
  view-data: 0.11903966218233109
