times:
  edit-metadata: 3.812377957161516
  landing: 0.046318717300891876
  view-data: 0.3951045284047723
