times:
  edit-metadata: 5.016150007024407
  landing: 0.12179588712751865
  view-data: 0.025597572326660156
