times:
  edit-metadata: 2.480602966621518
  landing: 0.04792629275470972
  view-data: 0.3058465886861086
