times:
  edit-metadata: 3.685628965497017
  landing: 0.13476310204714537
  view-data: 0.09752693958580494
