times:
  edit-metadata: 5.931125374510884
  landing: 0.15145235508680344
  view-data: 0.2822888884693384
