times:
  edit-metadata: 5.222008032724261
  landing: 0.02177496626973152
  view-data: 0.12585681304335594
