times:
  edit-metadata: 3.801955043338239
  landing: 0.020368877798318863
  view-data: 0.026370150037109852
