times:
  edit-metadata: 5.174446305260062
  landing: 0.01887679658830166
  view-data: 0.023570973426103592
