times:
  edit-metadata: 4.902196628972888
  landing: 0.10993257910013199
  view-data: 0.13320236280560493
