times:
  edit-metadata: 4.23165021603927
  landing: 0.04308654507622123
  view-data: 0.453954525757581
