times:
  edit-metadata: 4.4323774818331
  landing: 0.06459449930116534
  view-data: 0.5309434118680656
