times:
  edit-metadata: 5.468359900638461
  landing: 0.13255752809345722
  view-data: 0.12269398383796215
