times:
  edit-metadata: 5.122304709628224
  landing: 0.22620846703648567
  view-data: 0.02641560137271881
