times:
  edit-metadata: 4.469640166964382
  landing: 0.06412184098735452
  view-data: 0.5002824021503329
