times:
  edit-metadata: 3.8790294392965734
  landing: 0.062035427894443274
  view-data: 0.4097820711322129
