times:
  edit-metadata: 5.585441242903471
  landing: 0.16841833665966988
  view-data: 0.3756560478359461
