times:
  edit-metadata: 2.464239676017314
  landing: 0.04453590512275696
  view-data: 0.5858478560112417
