times:
  edit-metadata: 4.967352494597435
  landing: 0.01989702507853508
  view-data: 0.4997137449681759
