times:
  edit-metadata: 3.6358365062624216
  landing: 0.021961640566587448
  view-data: 0.024328500032424927
