times:
  edit-metadata: 3.6666600508615375
  landing: 0.02140784077346325
  view-data: 0.11511805839836597
