times:
  edit-metadata: 2.4952930817380548
  landing: 0.04234740883111954
  view-data: 0.2989574959501624
