times:
  edit-metadata: 5.6809032540768385
  landing: 0.19781051576137543
  view-data: 0.12772814370691776
