times:
  edit-metadata: 5.86674534343183
  landing: 0.2855620048940182
  view-data: 0.028430722653865814
