times:
  edit-metadata: 3.7203674651682377
  landing: 0.24589412100613117
  view-data: 0.45433250069618225
