times:
  edit-metadata: 3.613906254991889
  landing: 0.023871298879384995
  view-data: 0.39870769530534744
