times:
  edit-metadata: 2.441801330074668
  landing: 0.0443948395550251
  view-data: 0.5792703675106168
