times:
  edit-metadata: 3.6292380932718515
  landing: 0.019721069373190403
  view-data: 0.026743481867015362
