times:
  edit-metadata: 3.8097747871652246
  landing: 0.06501029524952173
  view-data: 0.37865265365689993
