times:
  edit-metadata: 5.469983443617821
  landing: 0.02417912892997265
  view-data: 0.12040788866579533
