times:
  edit-metadata: 4.93771146517247
  landing: 0.0666636279784143
  view-data: 0.37492419220507145
