times:
  edit-metadata: 3.7897087363526225
  landing: 0.019132768735289574
  view-data: 0.11635300703346729
