times:
  edit-metadata: 3.740377863869071
  landing: 0.08946338947862387
  view-data: 0.026883145794272423
