times:
  edit-metadata: 5.127793148159981
  landing: 0.021192211657762527
  view-data: 0.024957867339253426
