times:
  edit-metadata: 4.278880067635328
  landing: 0.09672815771773458
  view-data: 0.4813107899390161
