times:
  edit-metadata: 3.6522698467597365
  landing: 0.0215118620544672
  view-data: 0.24237876292318106
