times:
  edit-metadata: 6.560033872723579
  landing: 0.27943885140120983
  view-data: 0.16356096789240837
