times:
  edit-metadata: 2.4411145839840174
  landing: 0.04825644847005606
  view-data: 0.31811733823269606
