times:
  edit-metadata: 5.1468595787882805
  landing: 0.02472378872334957
  view-data: 0.3126070648431778
