times:
  edit-metadata: 4.541059773880988
  landing: 0.06418422376736999
  view-data: 0.3736523473635316
