times:
  edit-metadata: 5.138367652893066
  landing: 0.14191813953220844
  view-data: 0.11971952393651009
