times:
  edit-metadata: 4.276188406161964
  landing: 0.06269648112356663
  view-data: 0.4621776067651808
