times:
  edit-metadata: 3.7492262069135904
  landing: 0.1944447299465537
  view-data: 0.02241058275103569
