times:
  edit-metadata: 4.538966115564108
  landing: 0.02118496596813202
  view-data: 0.1286895927041769
