times:
  edit-metadata: 3.838704101741314
  landing: 0.044058941304683685
  view-data: 0.3776984279975295
