times:
  edit-metadata: 2.4753810251131654
  landing: 0.051838974468410015
  view-data: 0.3049517022445798
