times:
  edit-metadata: 2.445677691139281
  landing: 0.050971767865121365
  view-data: 0.3178145568817854
