times:
  edit-metadata: 3.6540300864726305
  landing: 0.01880471222102642
  view-data: 0.11634682677686214
