times:
  edit-metadata: 5.21494522690773
  landing: 0.2624748032540083
  view-data: 0.024786734953522682
