times:
  edit-metadata: 3.6350714843720198
  landing: 0.019972617737948895
  view-data: 0.47055766731500626
