times:
  edit-metadata: 6.657086428254843
  landing: 0.029181646183133125
  view-data: 0.1489336509257555
