times:
  edit-metadata: 3.53269512206316
  landing: 0.02005210518836975
  view-data: 0.12300854083150625
