times:
  edit-metadata: 4.49671255517751
  landing: 0.1980844847857952
  view-data: 0.469374718144536
