times:
  edit-metadata: 5.049595810472965
  landing: 0.021947186440229416
  view-data: 0.027749693021178246
