times:
  edit-metadata: 5.749789183959365
  landing: 0.14711510203778744
  view-data: 0.15642382949590683
