times:
  edit-metadata: 5.259475439786911
  landing: 0.27632131427526474
  view-data: 0.32988363318145275
