times:
  edit-metadata: 5.342207547277212
  landing: 0.019056936725974083
  view-data: 0.21128913015127182
