times:
  edit-metadata: 7.373713463544846
  landing: 0.9102396555244923
  view-data: 0.5807397086173296
