times:
  edit-metadata: 3.654911495745182
  landing: 0.11758843529969454
  view-data: 0.024312681518495083
