times:
  edit-metadata: 2.457096578553319
  landing: 0.042133127339184284
  view-data: 0.3154637608677149
