times:
  edit-metadata: 4.42633487097919
  landing: 0.2933749593794346
  view-data: 0.5151852499693632
