times:
  edit-metadata: 3.633287730626762
  landing: 0.20024400111287832
  view-data: 0.026486252434551716
