times:
  edit-metadata: 2.445014319382608
  landing: 0.043814332224428654
  view-data: 0.30865086428821087
