times:
  edit-metadata: 4.959316601976752
  landing: 0.021184664219617844
  view-data: 0.13708639703691006
