times:
  edit-metadata: 3.7511057909578085
  landing: 0.02234473079442978
  view-data: 0.023681839928030968
