times:
  edit-metadata: 2.4486407432705164
  landing: 0.04009454511106014
  view-data: 0.4448481732979417
