times:
  edit-metadata: 3.617657500319183
  landing: 0.020179557614028454
  view-data: 0.027894404716789722
