times:
  edit-metadata: 3.6698184199631214
  landing: 0.02262288425117731
  view-data: 0.027000063098967075
