times:
  edit-metadata: 3.6575625324621797
  landing: 0.02795636560767889
  view-data: 0.10188434086740017
