times:
  edit-metadata: 3.607306744903326
  landing: 0.11862023267894983
  view-data: 0.02665383368730545
