times:
  edit-metadata: 6.012809667736292
  landing: 0.2577652931213379
  view-data: 0.31674768775701523
