times:
  edit-metadata: 4.67142990231514
  landing: 0.19954668171703815
  view-data: 0.33731541223824024
