times:
  edit-metadata: 5.7076754700392485
  landing: 0.02285909093916416
  view-data: 0.30647122487425804
