times:
  edit-metadata: 3.863656383007765
  landing: 0.045178987085819244
  view-data: 0.3772759628482163
