times:
  edit-metadata: 3.536936371587217
  landing: 0.0203367592766881
  view-data: 0.026954755187034607
