times:
  edit-metadata: 2.4543723510578275
  landing: 0.05122179351747036
  view-data: 0.3186683263629675
