times:
  edit-metadata: 3.55927275121212
  landing: 0.021512802690267563
  view-data: 0.12617240939289331
