times:
  edit-metadata: 5.09110146202147
  landing: 0.019134871661663055
  view-data: 0.11821383237838745
