times:
  edit-metadata: 5.257148804143071
  landing: 0.13580656237900257
  view-data: 0.31369693763554096
