times:
  edit-metadata: 5.0547847002744675
  landing: 0.01942802593111992
  view-data: 0.02646852284669876
