times:
  edit-metadata: 2.57635416649282
  landing: 0.047227620147168636
  view-data: 0.32598345074802637
