times:
  edit-metadata: 3.622001050040126
  landing: 0.023199365474283695
  view-data: 0.12065875064581633
