times:
  edit-metadata: 5.570787658914924
  landing: 0.019990041851997375
  view-data: 0.02832173742353916
