times:
  edit-metadata: 2.4388505276292562
  landing: 0.0433516800403595
  view-data: 0.310720675624907
