times:
  edit-metadata: 5.353077409788966
  landing: 0.021141448989510536
  view-data: 0.5676109213382006
