times:
  edit-metadata: 4.356738313101232
  landing: 0.05974808894097805
  view-data: 0.5750169311650097
