times:
  edit-metadata: 4.945650989189744
  landing: 0.02260666899383068
  view-data: 0.02734190784394741
