times:
  edit-metadata: 4.611616261303425
  landing: 0.02230976801365614
  view-data: 0.23389559239149094
