times:
  edit-metadata: 5.312233233824372
  landing: 0.11206052824854851
  view-data: 0.3146278914064169
