times:
  edit-metadata: 3.797549701295793
  landing: 0.02273091021925211
  view-data: 0.02551947720348835
