times:
  edit-metadata: 5.230604037642479
  landing: 0.1354897227138281
  view-data: 0.12378821335732937
