times:
  edit-metadata: 3.851113890297711
  landing: 0.3393809190019965
  view-data: 0.4655049629509449
