times:
  edit-metadata: 2.4741677828133106
  landing: 0.045706250704824924
  view-data: 0.3036259785294533
