times:
  edit-metadata: 3.637588446959853
  landing: 0.0201411759480834
  view-data: 0.027192413806915283
