times:
  edit-metadata: 2.463386998511851
  landing: 0.05682158097624779
  view-data: 0.3160524684935808
