times:
  edit-metadata: 5.297447627410293
  landing: 0.13147450797259808
  view-data: 0.31196196377277374
