times:
  edit-metadata: 4.500746313482523
  landing: 0.2104545934125781
  view-data: 0.47936270013451576
