times:
  edit-metadata: 4.564718184992671
  landing: 0.16036432422697544
  view-data: 0.02773694321513176
