times:
  edit-metadata: 3.7158637903630733
  landing: 0.019916977733373642
  view-data: 0.12017451506108046
