times:
  edit-metadata: 3.619192749261856
  landing: 0.02306578867137432
  view-data: 0.026774917729198933
