times:
  edit-metadata: 5.340293601155281
  landing: 0.020461881533265114
  view-data: 0.3883903566747904
