times:
  edit-metadata: 3.584779513068497
  landing: 0.02066989056766033
  view-data: 0.4650767631828785
