times:
  edit-metadata: 4.9060260988771915
  landing: 0.021773606538772583
  view-data: 0.029785552993416786
