times:
  edit-metadata: 4.325335111934692
  landing: 0.06119953701272607
  view-data: 0.6861666990444064
