times:
  edit-metadata: 4.974334349855781
  landing: 0.022845560684800148
  view-data: 0.12827681191265583
