times:
  edit-metadata: 2.6108821844682097
  landing: 0.04605740960687399
  view-data: 0.3133707223460078
