times:
  edit-metadata: 3.706948266364634
  landing: 0.1366680981591344
  view-data: 0.025133335031569004
