times:
  edit-metadata: 4.805835580453277
  landing: 0.21342324558645487
  view-data: 0.024679893627762794
