times:
  edit-metadata: 5.869311859831214
  landing: 0.0514352023601532
  view-data: 0.3292553648352623
