times:
  edit-metadata: 2.409142921678722
  landing: 0.044486090540885925
  view-data: 0.3178853178396821
