times:
  edit-metadata: 3.644138556905091
  landing: 0.019957544282078743
  view-data: 0.023027263581752777
