times:
  edit-metadata: 4.456350776832551
  landing: 0.07938796421512961
  view-data: 0.3891185661777854
