times:
  edit-metadata: 5.581171113997698
  landing: 0.019689083099365234
  view-data: 0.3226743917912245
