times:
  edit-metadata: 3.54193860758096
  landing: 0.019838816486299038
  view-data: 0.022706549614667892
