times:
  edit-metadata: 3.7628347305580974
  landing: 0.12771475315093994
  view-data: 0.12423153128474951
