times:
  edit-metadata: 2.445250720717013
  landing: 0.05013455357402563
  view-data: 0.3022195789963007
