times:
  edit-metadata: 2.456715469714254
  landing: 0.04575498914346099
  view-data: 0.31264156894758344
