times:
  edit-metadata: 4.939805509522557
  landing: 0.02040214277803898
  view-data: 0.3163245636969805
