times:
  edit-metadata: 4.6644753674045205
  landing: 0.13355802837759256
  view-data: 0.23000440187752247
