times:
  edit-metadata: 5.582711884751916
  landing: 0.0200863778591156
  view-data: 0.13067121990025043
