times:
  edit-metadata: 5.036172434687614
  landing: 0.019072692841291428
  view-data: 0.02300228364765644
