times:
  edit-metadata: 3.718849377706647
  landing: 0.02301989123225212
  view-data: 0.1143605513498187
