times:
  edit-metadata: 3.626404565759003
  landing: 0.01890433207154274
  view-data: 0.09466498903930187
