times:
  edit-metadata: 8.060982497408986
  landing: 0.4223160333931446
  view-data: 0.02540053240954876
