times:
  edit-metadata: 4.677675773855299
  landing: 0.058470109943300486
  view-data: 0.4994927099905908
