times:
  edit-metadata: 4.715029766783118
  landing: 0.021008756943047047
  view-data: 0.12404934410005808
