times:
  edit-metadata: 5.183096580207348
  landing: 0.02108287438750267
  view-data: 0.3092701882123947
