times:
  edit-metadata: 5.192016506567597
  landing: 0.13276165165007114
  view-data: 0.02864040620625019
