times:
  edit-metadata: 3.583967063575983
  landing: 0.02043103240430355
  view-data: 0.02428489737212658
