times:
  edit-metadata: 5.750449702143669
  landing: 0.15262585319578648
  view-data: 0.4655427075922489
