times:
  edit-metadata: 3.566084117628634
  landing: 0.020669493824243546
  view-data: 0.1219935305416584
