times:
  edit-metadata: 3.678221108391881
  landing: 0.02106698974967003
  view-data: 0.472043314948678
