times:
  edit-metadata: 4.538977938704193
  landing: 0.13940564449876547
  view-data: 0.027771967463195324
