times:
  edit-metadata: 2.4164140578359365
  landing: 0.04456555796787143
  view-data: 0.5768533339723945
