times:
  edit-metadata: 4.506662463769317
  landing: 0.019120516255497932
  view-data: 0.20626677479594946
