times:
  edit-metadata: 5.434303317219019
  landing: 0.021207939833402634
  view-data: 0.2621066924184561
