times:
  edit-metadata: 2.51514592487365
  landing: 0.042783671990036964
  view-data: 0.44901757407933474
