times:
  edit-metadata: 4.578177502378821
  landing: 0.05191004369407892
  view-data: 0.5222690869122744
