times:
  edit-metadata: 4.717701156158
  landing: 0.12827638117596507
  view-data: 0.5450355899520218
