times:
  edit-metadata: 4.600119530688971
  landing: 0.11596335098147392
  view-data: 0.564030297100544
