times:
  edit-metadata: 4.474665668793023
  landing: 0.02393883839249611
  view-data: 0.3806346673518419
