times:
  edit-metadata: 3.586356387473643
  landing: 0.01946726907044649
  view-data: 0.024118403904139996
