times:
  edit-metadata: 2.4577734423801303
  landing: 0.052215760573744774
  view-data: 0.302148281596601
