times:
  edit-metadata: 3.6727498369291425
  landing: 0.022866977378726006
  view-data: 0.024273177608847618
