times:
  edit-metadata: 2.4556005438789725
  landing: 0.03963165916502476
  view-data: 0.45300065027549863
