times:
  edit-metadata: 6.949515987187624
  landing: 0.196540217846632
  view-data: 0.38619324564933777
