times:
  edit-metadata: 5.206184025853872
  landing: 0.01882472261786461
  view-data: 0.3079711887985468
