times:
  edit-metadata: 5.288593636825681
  landing: 0.019463829696178436
  view-data: 0.025668304413557053
