times:
  edit-metadata: 4.690377882681787
  landing: 0.06508052675053477
  view-data: 0.5200539277866483
