times:
  edit-metadata: 2.5679834792390466
  landing: 0.04366015922278166
  view-data: 0.5802019787952304
