times:
  edit-metadata: 3.5643975799903274
  landing: 0.021018853411078453
  view-data: 0.027403305284678936
