times:
  edit-metadata: 5.768193664029241
  landing: 0.01988814864307642
  view-data: 0.19057316612452269
