times:
  edit-metadata: 2.5002156971022487
  landing: 0.042497062124311924
  view-data: 0.3221714533865452
