times:
  edit-metadata: 4.400803031399846
  landing: 0.01999586448073387
  view-data: 0.02337978221476078
