times:
  edit-metadata: 5.682714691385627
  landing: 0.02300548367202282
  view-data: 0.1717649307101965
