times:
  edit-metadata: 4.423650017939508
  landing: 0.019176150672137737
  view-data: 0.269757236354053
