times:
  edit-metadata: 4.701955519616604
  landing: 0.08665328798815608
  view-data: 0.40051041496917605
