times:
  edit-metadata: 5.421838415786624
  landing: 0.21144061908125877
  view-data: 0.02570381946861744
