times:
  edit-metadata: 3.53184287622571
  landing: 0.02087712287902832
  view-data: 0.024048292078077793
