times:
  edit-metadata: 3.713713531382382
  landing: 0.019961729645729065
  view-data: 0.023311814293265343
