times:
  edit-metadata: 4.854858580976725
  landing: 0.0209927000105381
  view-data: 0.028727520257234573
