times:
  edit-metadata: 3.642982334829867
  landing: 0.0211966959759593
  view-data: 0.02525991853326559
