times:
  edit-metadata: 3.63300518784672
  landing: 0.02200370281934738
  view-data: 0.12073411606252193
