times:
  edit-metadata: 3.7873932672664523
  landing: 0.020387661643326283
  view-data: 0.026846365071833134
