times:
  edit-metadata: 5.289916092529893
  landing: 0.024569431319832802
  view-data: 0.3285643570125103
