times:
  edit-metadata: 3.6816109642386436
  landing: 0.023780950345098972
  view-data: 0.02799885720014572
