times:
  edit-metadata: 5.2667719554156065
  landing: 0.021708879619836807
  view-data: 0.028185144066810608
