times:
  edit-metadata: 4.801429437473416
  landing: 0.10692478623241186
  view-data: 0.02401420008391142
