times:
  edit-metadata: 4.875801431015134
  landing: 0.02129984460771084
  view-data: 0.3851506281644106
