times:
  edit-metadata: 5.626905087381601
  landing: 0.2018563076853752
  view-data: 0.36927852407097816
