times:
  edit-metadata: 3.6002507265657187
  landing: 0.019472231157124043
  view-data: 0.11991488561034203
