times:
  edit-metadata: 3.5961292320862412
  landing: 0.04124682955443859
  view-data: 0.027332215569913387
