times:
  edit-metadata: 3.5770017337054014
  landing: 0.01997552067041397
  view-data: 0.025823618285357952
