times:
  edit-metadata: 3.708439073525369
  landing: 0.021166865713894367
  view-data: 0.024607136845588684
