times:
  edit-metadata: 5.153852708637714
  landing: 0.018816016614437103
  view-data: 0.022773316130042076
