times:
  edit-metadata: 3.546817940659821
  landing: 0.021239199675619602
  view-data: 0.10016018338501453
