times:
  edit-metadata: 5.220443500205874
  landing: 0.021059688180685043
  view-data: 0.47857435792684555
