times:
  edit-metadata: 3.6303898971527815
  landing: 0.01970221195369959
  view-data: 0.023682977072894573
