times:
  edit-metadata: 5.562709577381611
  landing: 0.20656203292310238
  view-data: 0.155255364254117
