times:
  edit-metadata: 3.6302026649937034
  landing: 0.021656213328242302
  view-data: 0.02396596223115921
