times:
  edit-metadata: 3.6549697564914823
  landing: 0.02199462056159973
  view-data: 0.44752748031169176
