times:
  edit-metadata: 4.137254551053047
  landing: 0.21194869372993708
  view-data: 0.2560658445581794
