times:
  edit-metadata: 3.706808801740408
  landing: 0.14011364616453648
  view-data: 0.023247836157679558
