times:
  edit-metadata: 5.160955162718892
  landing: 0.18812262825667858
  view-data: 0.024277828633785248
