times:
  edit-metadata: 3.6089426958933473
  landing: 0.02063681371510029
  view-data: 0.1231557372957468
