times:
  edit-metadata: 3.71088903862983
  landing: 0.019925241358578205
  view-data: 0.4606552757322788
