times:
  edit-metadata: 3.5877614747732878
  landing: 0.02317303791642189
  view-data: 0.024762137793004513
