times:
  edit-metadata: 5.263546487316489
  landing: 0.019429117441177368
  view-data: 0.34577893279492855
