times:
  edit-metadata: 5.96144487708807
  landing: 0.14164850302040577
  view-data: 0.16501813009381294
