times:
  edit-metadata: 5.386058306321502
  landing: 0.5561977718025446
  view-data: 0.4806228708475828
