times:
  edit-metadata: 4.712321447208524
  landing: 0.1397326271981001
  view-data: 0.02307198103517294
