times:
  edit-metadata: 5.671369828283787
  landing: 0.2723465971648693
  view-data: 0.12227928265929222
