times:
  edit-metadata: 5.505839662626386
  landing: 0.021780233830213547
  view-data: 0.028428681194782257
