times:
  edit-metadata: 3.698602471500635
  landing: 0.021507082507014275
  view-data: 0.11288664862513542
