times:
  edit-metadata: 4.653883771970868
  landing: 0.30065904930233955
  view-data: 0.3833803292363882
