times:
  edit-metadata: 5.969029724597931
  landing: 0.13165584579110146
  view-data: 0.3488402832299471
