times:
  edit-metadata: 3.5802207617089152
  landing: 0.022308637388050556
  view-data: 0.1198819363489747
