times:
  edit-metadata: 0.44894608901813626
  landing: 0.04534569103270769
  view-data: 0.4618365690112114
