times:
  edit-metadata: 0.4461491759866476
  landing: 0.050181977450847626
  view-data: 0.3277182374149561
