times:
  edit-metadata: 0.4416266577318311
  landing: 0.0454387916252017
  view-data: 0.3508551996201277
