times:
  edit-metadata: 0.4771087160333991
  landing: 0.05042213015258312
  view-data: 0.22135620098561049
