times:
  edit-metadata: 0.45297246146947145
  landing: 0.04108762461692095
  view-data: 0.198240265250206
