times:
  edit-metadata: 0.4560112189501524
  landing: 0.047693577129393816
  view-data: 0.48770984122529626
