times:
  edit-metadata: 0.44172287080436945
  landing: 0.04888115590438247
  view-data: 0.3349988297559321
