times:
  edit-metadata: 0.4442042922601104
  landing: 0.04456183407455683
  view-data: 0.20515335258096457
