times:
  edit-metadata: 0.4330512839369476
  landing: 0.04105089697986841
  view-data: 0.3259443989954889
