times:
  edit-metadata: 1.302265384234488
  landing: 0.11941500753164291
  view-data: 0.34740269742906094
