times:
  edit-metadata: 0.4318453026935458
  landing: 0.04438735917210579
  view-data: 0.2021151715889573
