times:
  edit-metadata: 1.531009741127491
  landing: 0.02099742740392685
  view-data: 0.4328010305762291
