times:
  edit-metadata: 0.4542328156530857
  landing: 0.04581874888390303
  view-data: 0.1986764781177044
