times:
  edit-metadata: 1.3607464004307985
  landing: 0.11365120485424995
  view-data: 0.2794476989656687
