times:
  edit-metadata: 1.4664283711463213
  landing: 0.01921764947474003
  view-data: 0.026525650173425674
