times:
  edit-metadata: 1.3086282517760992
  landing: 0.02053889073431492
  view-data: 0.12127682939171791
