times:
  edit-metadata: 1.3279847968369722
  landing: 0.021494749933481216
  view-data: 0.4444879498332739
