times:
  edit-metadata: 1.3101488258689642
  landing: 0.13243943732231855
  view-data: 0.4181474195793271
