times:
  edit-metadata: 1.4098052810877562
  landing: 0.15639426559209824
  view-data: 0.024798976257443428
