times:
  edit-metadata: 1.4189321510493755
  landing: 0.020359942689538002
  view-data: 0.12065676972270012
