times:
  edit-metadata: 0.6034556538797915
  landing: 0.11625285632908344
  view-data: 0.2940381970256567
