times:
  edit-metadata: 0.44948571594431996
  landing: 0.04163113608956337
  view-data: 0.2186753018759191
