times:
  edit-metadata: 1.29500063508749
  landing: 0.17657548561692238
  view-data: 0.20576022658497095
