times:
  edit-metadata: 1.4067338043823838
  landing: 0.019305724650621414
  view-data: 0.1388185741379857
