times:
  edit-metadata: 1.860461206175387
  landing: 0.0188361881300807
  view-data: 0.02290682401508093
