times:
  edit-metadata: 1.8697874639183283
  landing: 0.20284897834062576
  view-data: 0.408026373013854
