times:
  edit-metadata: 1.3757150815799832
  landing: 0.12174213025718927
  view-data: 0.4744290178641677
