times:
  edit-metadata: 1.2793384408578277
  landing: 0.09768506698310375
  view-data: 0.21078734006732702
