times:
  edit-metadata: 1.3134333370253444
  landing: 0.028188752941787243
  view-data: 0.027447301894426346
