times:
  edit-metadata: 1.3290700567886233
  landing: 0.01965640764683485
  view-data: 0.09829246439039707
