times:
  edit-metadata: 1.3017370980232954
  landing: 0.01947746518999338
  view-data: 0.40574035700410604
