times:
  edit-metadata: 1.3754938654601574
  landing: 0.020537090487778187
  view-data: 0.12934301421046257
