times:
  edit-metadata: 1.4016824178397655
  landing: 0.020514629781246185
  view-data: 0.02866632118821144
