times:
  edit-metadata: 0.5488271852955222
  landing: 0.060934965033084154
  view-data: 0.20842848578467965
