times:
  edit-metadata: 1.421792894601822
  landing: 0.2490442544221878
  view-data: 0.025861071422696114
