times:
  edit-metadata: 0.4366110321134329
  landing: 0.04565147403627634
  view-data: 0.19541102275252342
