times:
  edit-metadata: 1.7501604817807674
  landing: 0.08044525235891342
  view-data: 0.42502905800938606
