times:
  edit-metadata: 0.7581635378301144
  landing: 0.07003691513091326
  view-data: 0.29264360619708896
