times:
  edit-metadata: 1.3368047680705786
  landing: 0.022367773577570915
  view-data: 0.12171461619436741
