times:
  edit-metadata: 1.353934032842517
  landing: 0.02200455404818058
  view-data: 0.024071499705314636
