times:
  edit-metadata: 1.2728338167071342
  landing: 0.2247827099636197
  view-data: 0.4129452668130398
