times:
  edit-metadata: 0.4520356087014079
  landing: 0.054719782434403896
  view-data: 0.22354975249618292
