times:
  edit-metadata: 1.4081934113055468
  landing: 0.01947094965726137
  view-data: 0.09898089338093996
