times:
  edit-metadata: 1.4001151472330093
  landing: 0.19802569597959518
  view-data: 0.13883282709866762
