times:
  edit-metadata: 1.4604945797473192
  landing: 0.020927276462316513
  view-data: 0.026256952434778214
