times:
  edit-metadata: 1.3229858605191112
  landing: 0.13799728080630302
  view-data: 0.03009689785540104
