times:
  edit-metadata: 1.302293648943305
  landing: 0.12988535780459642
  view-data: 0.02519729547202587
