times:
  edit-metadata: 0.718610174022615
  landing: 0.07740441570058465
  view-data: 0.3232368710450828
