times:
  edit-metadata: 1.3094287617132068
  landing: 0.21061058342456818
  view-data: 0.19794865977019072
