times:
  edit-metadata: 1.3327719429507852
  landing: 0.020473899319767952
  view-data: 0.026951003819704056
