times:
  edit-metadata: 1.4243886042386293
  landing: 0.19313068501651287
  view-data: 0.3417568560689688
