times:
  edit-metadata: 1.3531521391123533
  landing: 0.02216382324695587
  view-data: 0.33510978519916534
