times:
  edit-metadata: 1.8003165889531374
  landing: 0.023762838914990425
  view-data: 0.026683282107114792
