times:
  edit-metadata: 0.5385495210066438
  landing: 0.11450895061716437
  view-data: 0.27927085384726524
