times:
  edit-metadata: 0.5569440582767129
  landing: 0.06723860511556268
  view-data: 0.2101856409572065
