times:
  edit-metadata: 1.9341286178678274
  landing: 0.018914317712187767
  view-data: 0.051639456301927567
