times:
  edit-metadata: 0.6788464179262519
  landing: 0.14020727295428514
  view-data: 0.2033387077972293
