times:
  edit-metadata: 1.3424838744103909
  landing: 0.12117938976734877
  view-data: 0.12242932710796595
