times:
  edit-metadata: 1.2608317844569683
  landing: 0.14060129784047604
  view-data: 0.022986581549048424
