times:
  edit-metadata: 0.5644320207647979
  landing: 0.04433828592300415
  view-data: 0.20772297866642475
