times:
  edit-metadata: 1.4967421423643827
  landing: 0.0209296103566885
  view-data: 0.12129385210573673
