times:
  edit-metadata: 1.3101380579173565
  landing: 0.12838191911578178
  view-data: 0.1352210622280836
