times:
  edit-metadata: 1.3727536024525762
  landing: 0.1121381651610136
  view-data: 0.02274296246469021
