times:
  edit-metadata: 1.5227202475070953
  landing: 0.09992556646466255
  view-data: 0.02493779920041561
