times:
  edit-metadata: 1.386349049396813
  landing: 0.2073818054050207
  view-data: 0.21060675662010908
