times:
  edit-metadata: 0.434741223230958
  landing: 0.043324402533471584
  view-data: 0.21020040474832058
