times:
  edit-metadata: 1.3439931645989418
  landing: 0.019493939355015755
  view-data: 0.024700120091438293
