times:
  edit-metadata: 1.3114328756928444
  landing: 0.024620103649795055
  view-data: 0.4310112362727523
