times:
  edit-metadata: 1.5139167066663504
  landing: 0.018687410280108452
  view-data: 0.024120036512613297
