times:
  edit-metadata: 1.2823354015126824
  landing: 0.018969396129250526
  view-data: 0.02696537785232067
