times:
  edit-metadata: 1.4302423652261496
  landing: 0.020073600113391876
  view-data: 0.026500804349780083
