times:
  edit-metadata: 0.5717877941206098
  landing: 0.10374540137127042
  view-data: 0.2869645361788571
