times:
  edit-metadata: 1.4722617994993925
  landing: 0.2587221581488848
  view-data: 0.3328361641615629
