times:
  edit-metadata: 1.4417003747075796
  landing: 0.020048310980200768
  view-data: 0.39224946685135365
