times:
  edit-metadata: 0.477872465737164
  landing: 0.051404950208961964
  view-data: 0.3328768238425255
