times:
  edit-metadata: 1.3803169317543507
  landing: 0.20151234790682793
  view-data: 0.026161471381783485
