times:
  edit-metadata: 0.44973901566118
  landing: 0.04231214616447687
  view-data: 0.19526003394275904
