times:
  edit-metadata: 1.4118977542966604
  landing: 0.13916062749922276
  view-data: 0.14198234118521214
