times:
  edit-metadata: 1.3380924528464675
  landing: 0.12813000194728374
  view-data: 0.4433313822373748
