times:
  edit-metadata: 1.3804327929392457
  landing: 0.019466083496809006
  view-data: 0.024562858045101166
