times:
  edit-metadata: 1.3480135193094611
  landing: 0.14410333521664143
  view-data: 0.15598843153566122
