times:
  edit-metadata: 1.4164669839665294
  landing: 0.15019192080944777
  view-data: 0.10146427899599075
