times:
  edit-metadata: 1.3701923843473196
  landing: 0.022922473959624767
  view-data: 0.4823211655020714
