times:
  edit-metadata: 0.4510991182178259
  landing: 0.04792358446866274
  view-data: 0.4289418952539563
