times:
  edit-metadata: 1.2553459964692593
  landing: 0.021196709014475346
  view-data: 0.02558551449328661
