times:
  edit-metadata: 0.441037249751389
  landing: 0.049598089419305325
  view-data: 0.21553952991962433
