times:
  edit-metadata: 1.732398547232151
  landing: 0.3086921405047178
  view-data: 0.37273688428103924
