times:
  edit-metadata: 1.3022912926971912
  landing: 0.019086724147200584
  view-data: 0.02563663013279438
