times:
  edit-metadata: 1.3476364826783538
  landing: 0.023559588007628918
  view-data: 0.43678358383476734
