times:
  edit-metadata: 1.38244454190135
  landing: 0.020483985543251038
  view-data: 0.12566644698381424
