times:
  edit-metadata: 1.3740794574841857
  landing: 0.021618982776999474
  view-data: 0.22035033162683249
