times:
  edit-metadata: 1.4648842923343182
  landing: 0.25217883847653866
  view-data: 0.3576898295432329
