times:
  edit-metadata: 0.5735268238931894
  landing: 0.0551281338557601
  view-data: 0.2053225040435791
