times:
  edit-metadata: 1.5123656373471022
  landing: 0.13540485315024853
  view-data: 0.04924192279577255
