times:
  edit-metadata: 1.3050747932866216
  landing: 0.1208139955997467
  view-data: 0.13551906310021877
