times:
  edit-metadata: 1.3850818164646626
  landing: 0.21074024587869644
  view-data: 0.40152063127607107
