times:
  edit-metadata: 0.4617589935660362
  landing: 0.04218510817736387
  view-data: 0.33158530201762915
