times:
  edit-metadata: 1.4989174045622349
  landing: 0.13253071159124374
  view-data: 0.024541251361370087
