times:
  edit-metadata: 0.6221837932243943
  landing: 0.13307159207761288
  view-data: 0.30135819409042597
