times:
  edit-metadata: 1.302504270337522
  landing: 0.021140946075320244
  view-data: 0.12805490847676992
