times:
  edit-metadata: 1.4532883632928133
  landing: 0.1491728164255619
  view-data: 0.14822935312986374
