times:
  edit-metadata: 1.4314592350274324
  landing: 0.24673340376466513
  view-data: 0.4087597066536546
