times:
  edit-metadata: 1.3731061555445194
  landing: 0.02204621396958828
  view-data: 0.1928847897797823
