times:
  edit-metadata: 0.44264931324869394
  landing: 0.061037647537887096
  view-data: 0.31556541100144386
