times:
  edit-metadata: 1.2633586758747697
  landing: 0.022279289551079273
  view-data: 0.02363479882478714
