times:
  edit-metadata: 1.3396851941943169
  landing: 0.11395771242678165
  view-data: 0.3100686613470316
