times:
  edit-metadata: 1.743159618228674
  landing: 0.37672742642462254
  view-data: 0.4196021631360054
