times:
  edit-metadata: 1.3740191478282213
  landing: 0.022493623197078705
  view-data: 0.023628298193216324
