times:
  edit-metadata: 1.3179590590298176
  landing: 0.12073445320129395
  view-data: 0.12432120647281408
