times:
  edit-metadata: 1.3647051621228456
  landing: 0.14157133363187313
  view-data: 0.023097379133105278
