times:
  edit-metadata: 1.7456418517977
  landing: 0.023850958794355392
  view-data: 0.15568642504513264
