times:
  edit-metadata: 1.3331542238593102
  landing: 0.021611133590340614
  view-data: 0.025497259572148323
