times:
  edit-metadata: 1.7427328154444695
  landing: 0.0216805562376976
  view-data: 0.027351824566721916
