times:
  edit-metadata: 0.46313872653990984
  landing: 0.038116526789963245
  view-data: 0.23050398658961058
