times:
  edit-metadata: 0.5530641470104456
  landing: 0.04991010529920459
  view-data: 0.2126809018664062
