times:
  edit-metadata: 1.4633720852434635
  landing: 0.16288005746901035
  view-data: 0.13850052934139967
