times:
  edit-metadata: 1.3042816407978535
  landing: 0.019527613185346127
  view-data: 0.41221944335848093
