times:
  edit-metadata: 0.44576686061918736
  landing: 0.04323047865182161
  view-data: 0.32655353005975485
