times:
  edit-metadata: 1.3918066890910268
  landing: 0.1451035374775529
  view-data: 0.13546976633369923
