times:
  edit-metadata: 0.6421292941085994
  landing: 0.08366396883502603
  view-data: 0.20966081088408828
