times:
  edit-metadata: 1.3257607705891132
  landing: 0.2304199244827032
  view-data: 0.4339608969166875
