times:
  edit-metadata: 1.2884877789765596
  landing: 0.21504059806466103
  view-data: 0.026059123687446117
