times:
  edit-metadata: 1.6933082286268473
  landing: 0.15657941810786724
  view-data: 0.3309820294380188
