times:
  edit-metadata: 1.5688102412968874
  landing: 0.24573969654738903
  view-data: 0.510829072445631
