times:
  edit-metadata: 1.4929338470101357
  landing: 0.26637070067226887
  view-data: 0.334635840728879
