times:
  edit-metadata: 1.4175342377275229
  landing: 0.020192338153719902
  view-data: 0.11870989017188549
