times:
  edit-metadata: 1.3626045426353812
  landing: 0.19784320052713156
  view-data: 0.11710391473025084
