times:
  edit-metadata: 0.6440066578797996
  landing: 0.06891560601070523
  view-data: 0.2078961730003357
