times:
  edit-metadata: 1.5619301348924637
  landing: 0.06285778805613518
  view-data: 0.15459590405225754
