times:
  edit-metadata: 1.265677153132856
  landing: 0.022640920244157314
  view-data: 0.13325484283268452
