times:
  edit-metadata: 0.4362805765122175
  landing: 0.04069224279373884
  view-data: 0.34622805658727884
