times:
  edit-metadata: 0.43431270495057106
  landing: 0.0517289349809289
  view-data: 0.1902142222970724
