times:
  edit-metadata: 1.4639917835593224
  landing: 0.1698507722467184
  view-data: 0.12274371646344662
