times:
  edit-metadata: 1.5101637411862612
  landing: 0.22642003186047077
  view-data: 0.3152698799967766
