times:
  edit-metadata: 0.4661405524238944
  landing: 0.040501344949007034
  view-data: 0.33698276802897453
