times:
  edit-metadata: 1.3138085883110762
  landing: 0.23774392809718847
  view-data: 0.09846177510917187
