times:
  edit-metadata: 0.8355880440212786
  landing: 0.04857954289764166
  view-data: 0.29865795373916626
