times:
  edit-metadata: 1.3811102863401175
  landing: 0.19299444369971752
  view-data: 0.12769781984388828
