times:
  edit-metadata: 1.2928380900993943
  landing: 0.19718567468225956
  view-data: 0.11268914584070444
