times:
  edit-metadata: 1.2844558460637927
  landing: 0.1753800194710493
  view-data: 0.45621877908706665
