times:
  edit-metadata: 1.4169287644326687
  landing: 0.01960955373942852
  view-data: 0.025484491139650345
