times:
  edit-metadata: 1.5231508519500494
  landing: 0.019346272572875023
  view-data: 0.10228633880615234
