times:
  edit-metadata: 1.4824822712689638
  landing: 0.021443495526909828
  view-data: 0.10171814449131489
