times:
  edit-metadata: 1.3153785951435566
  landing: 0.20291729737073183
  view-data: 0.11571117956191301
