times:
  edit-metadata: 0.43575198389589787
  landing: 0.04422123730182648
  view-data: 0.19609005004167557
