times:
  edit-metadata: 1.4947629142552614
  landing: 0.020083021372556686
  view-data: 0.027560923248529434
