times:
  edit-metadata: 1.4319502850994468
  landing: 0.12915785517543554
  view-data: 0.026604481972754
