times:
  edit-metadata: 0.5757535337470472
  landing: 0.12461217120289803
  view-data: 0.21368662314489484
