times:
  edit-metadata: 1.8366983216255903
  landing: 0.019133957102894783
  view-data: 0.022449235431849957
