times:
  edit-metadata: 1.31758676096797
  landing: 0.021484483033418655
  view-data: 0.036865297704935074
