times:
  edit-metadata: 1.4277861751616001
  landing: 0.0208369018509984
  view-data: 0.21543673239648342
