times:
  edit-metadata: 1.3134558871388435
  landing: 0.018772928044199944
  view-data: 0.4086259789764881
