times:
  edit-metadata: 0.7525371550582349
  landing: 0.07139449706301093
  view-data: 0.2157210991717875
