times:
  edit-metadata: 1.3303892211988568
  landing: 0.14583640359342098
  view-data: 0.12118476629257202
