times:
  edit-metadata: 1.4750992842018604
  landing: 0.11999522801488638
  view-data: 0.5959259923547506
