times:
  edit-metadata: 1.3476716047152877
  landing: 0.020280341617763042
  view-data: 0.024332035332918167
