times:
  edit-metadata: 1.7487768363207579
  landing: 0.28764326125383377
  view-data: 0.025996338576078415
