times:
  edit-metadata: 1.589538361877203
  landing: 0.020682696253061295
  view-data: 0.027519535273313522
