times:
  edit-metadata: 1.362684384919703
  landing: 0.018419506028294563
  view-data: 0.42184938583523035
