times:
  edit-metadata: 0.5931588350795209
  landing: 0.048981224186718464
  view-data: 0.20531969284638762
