times:
  edit-metadata: 1.672574371099472
  landing: 0.05523532070219517
  view-data: 0.11492648534476757
