times:
  edit-metadata: 0.4348167721182108
  landing: 0.04370379727333784
  view-data: 0.3361374866217375
