times:
  edit-metadata: 1.2856389442458749
  landing: 0.12223257310688496
  view-data: 0.4484281977638602
