times:
  edit-metadata: 1.5490900091826916
  landing: 0.21685808897018433
  view-data: 0.023428233340382576
