times:
  edit-metadata: 0.45103620225563645
  landing: 0.05124889686703682
  view-data: 0.4327891720458865
