times:
  edit-metadata: 1.3532320093363523
  landing: 0.02088015154004097
  view-data: 0.1402189927175641
