times:
  edit-metadata: 1.2567903883755207
  landing: 0.13542312569916248
  view-data: 0.029125742614269257
