times:
  edit-metadata: 1.4122625682502985
  landing: 0.042929984629154205
  view-data: 0.022584782913327217
