times:
  edit-metadata: 0.4544316288083792
  landing: 0.04480505082756281
  view-data: 0.1997051564976573
