times:
  edit-metadata: 1.3449860103428364
  landing: 0.12793420255184174
  view-data: 0.024632584303617477
