times:
  edit-metadata: 1.3394840899854898
  landing: 0.021186698228120804
  view-data: 0.12353201117366552
