times:
  edit-metadata: 1.3627922665327787
  landing: 0.024277733638882637
  view-data: 0.1254453845322132
