times:
  edit-metadata: 1.4981742482632399
  landing: 0.021411528810858727
  view-data: 0.02695782110095024
