times:
  edit-metadata: 1.4944821260869503
  landing: 0.0263274647295475
  view-data: 0.3217467274516821
