times:
  edit-metadata: 0.5440290882252157
  landing: 0.07081236783415079
  view-data: 0.22430457407608628
