times:
  edit-metadata: 1.3395363800227642
  landing: 0.13774683699011803
  view-data: 0.02330636791884899
