times:
  edit-metadata: 0.45805127546191216
  landing: 0.042967524379491806
  view-data: 0.3427752582356334
