times:
  edit-metadata: 0.7139763850718737
  landing: 0.11971996817737818
  view-data: 0.2434573955833912
