times:
  edit-metadata: 0.5371107668615878
  landing: 0.07047544373199344
  view-data: 0.21752903377637267
