times:
  edit-metadata: 1.3104790523648262
  landing: 0.01942748948931694
  view-data: 0.025197049602866173
