times:
  edit-metadata: 0.5681336056441069
  landing: 0.049001988023519516
  view-data: 0.2175087220966816
