times:
  edit-metadata: 0.5369837889447808
  landing: 0.06830381322652102
  view-data: 0.2260543517768383
