times:
  edit-metadata: 1.3673989735543728
  landing: 0.21509471349418163
  view-data: 0.02818342112004757
