times:
  edit-metadata: 1.327882387675345
  landing: 0.13159114960581064
  view-data: 0.023678995668888092
