times:
  edit-metadata: 0.4533011605963111
  landing: 0.04527339432388544
  view-data: 0.3422814719378948
