times:
  edit-metadata: 1.3347625276073813
  landing: 0.024118277244269848
  view-data: 0.22600507456809282
