times:
  edit-metadata: 1.2874963283538818
  landing: 0.16906066611409187
  view-data: 0.3385473005473614
