times:
  edit-metadata: 1.320946805179119
  landing: 0.14651314355432987
  view-data: 0.023265980184078217
