times:
  edit-metadata: 1.7444492187350988
  landing: 0.27454795502126217
  view-data: 0.025871898978948593
