times:
  edit-metadata: 1.25723822042346
  landing: 0.21671418100595474
  view-data: 0.0253817280754447
