times:
  edit-metadata: 1.3703787792474031
  landing: 0.11436018161475658
  view-data: 0.023622635751962662
