times:
  edit-metadata: 0.5700505375862122
  landing: 0.07199381105601788
  view-data: 0.31467811670154333
