times:
  edit-metadata: 1.3608305165544152
  landing: 0.2548217158764601
  view-data: 0.12525188643485308
