times:
  edit-metadata: 1.4189640171825886
  landing: 0.05170126259326935
  view-data: 0.02558206208050251
