times:
  edit-metadata: 1.425508014857769
  landing: 0.01879510097205639
  view-data: 0.02529827691614628
