times:
  edit-metadata: 1.3568737544119358
  landing: 0.11603079736232758
  view-data: 0.02379179187119007
