times:
  edit-metadata: 1.3534937016665936
  landing: 0.019703321158885956
  view-data: 0.02638179436326027
