times:
  edit-metadata: 1.5148310605436563
  landing: 0.31853117793798447
  view-data: 0.351471995934844
