times:
  edit-metadata: 1.3017766224220395
  landing: 0.019303365610539913
  view-data: 0.027362276799976826
