times:
  edit-metadata: 0.46467702742666006
  landing: 0.04334936756640673
  view-data: 0.46834634244441986
