times:
  edit-metadata: 1.2503242958337069
  landing: 0.1342906327918172
  view-data: 0.42281877156347036
