times:
  edit-metadata: 1.499436853453517
  landing: 0.02135489135980606
  view-data: 0.24670685455203056
