times:
  edit-metadata: 1.3857393572106957
  landing: 0.13904064055532217
  view-data: 0.41525590140372515
