times:
  edit-metadata: 1.4239681735634804
  landing: 0.12961678206920624
  view-data: 0.12697024829685688
