times:
  edit-metadata: 1.4950262252241373
  landing: 0.13643863424658775
  view-data: 0.30536598339676857
