times:
  edit-metadata: 1.2355180382728577
  landing: 0.2043747566640377
  view-data: 0.025625969283282757
