times:
  edit-metadata: 1.5905799437314272
  landing: 0.024338308721780777
  view-data: 0.026330579072237015
