times:
  edit-metadata: 1.2928849132731557
  landing: 0.018267580308020115
  view-data: 0.12004630174487829
