times:
  edit-metadata: 1.4599927719682455
  landing: 0.019653044641017914
  view-data: 0.344305619597435
