times:
  edit-metadata: 1.4133876860141754
  landing: 0.023241408169269562
  view-data: 0.024433555081486702
