times:
  edit-metadata: 1.3025767672806978
  landing: 0.13048991654068232
  view-data: 0.2298758989199996
