times:
  edit-metadata: 1.369137154892087
  landing: 0.023083859123289585
  view-data: 0.026320448145270348
