times:
  edit-metadata: 0.4697772799991071
  landing: 0.04029498202726245
  view-data: 0.4652531179599464
