times:
  edit-metadata: 1.6024475898593664
  landing: 0.19497768580913544
  view-data: 0.027695175260305405
