times:
  edit-metadata: 1.2968848133459687
  landing: 0.15662841778248549
  view-data: 0.4339426578953862
