times:
  edit-metadata: 1.4970283452421427
  landing: 0.38301663286983967
  view-data: 0.15335746854543686
