times:
  edit-metadata: 1.3548537669703364
  landing: 0.021802006289362907
  view-data: 0.026707462035119534
