times:
  edit-metadata: 1.427775226533413
  landing: 0.020745694637298584
  view-data: 0.1355862133204937
