times:
  edit-metadata: 1.5722977109253407
  landing: 0.17348448000848293
  view-data: 0.3559063281863928
