times:
  edit-metadata: 1.3643920682370663
  landing: 0.0212804414331913
  view-data: 0.02635028399527073
