times:
  edit-metadata: 1.4412550628185272
  landing: 0.13683652319014072
  view-data: 0.02315324917435646
