times:
  edit-metadata: 1.266413756646216
  landing: 0.131218696013093
  view-data: 0.024820118211209774
