times:
  edit-metadata: 1.478023860603571
  landing: 0.021358439698815346
  view-data: 0.12706156633794308
