times:
  edit-metadata: 1.2855079034343362
  landing: 0.021065566688776016
  view-data: 0.027399293147027493
