times:
  edit-metadata: 0.4481965256854892
  landing: 0.04142776783555746
  view-data: 0.3480208567343652
