times:
  edit-metadata: 1.2840420417487621
  landing: 0.13070305064320564
  view-data: 0.11763805709779263
