times:
  edit-metadata: 1.8053763266652822
  landing: 0.01993895974010229
  view-data: 0.4141765823587775
