times:
  edit-metadata: 1.5366434641182423
  landing: 0.02010839432477951
  view-data: 0.02470608986914158
