times:
  edit-metadata: 1.4822496809065342
  landing: 0.019532717764377594
  view-data: 0.02600911818444729
