times:
  edit-metadata: 1.3523831851780415
  landing: 0.13501027505844831
  view-data: 0.42745618522167206
