times:
  edit-metadata: 1.7803695388138294
  landing: 0.02297023870050907
  view-data: 0.046657536178827286
