times:
  edit-metadata: 1.7954929880797863
  landing: 0.04897977039217949
  view-data: 0.03283418342471123
