times:
  edit-metadata: 1.2813789211213589
  landing: 0.12677641957998276
  view-data: 0.0958015350624919
