times:
  edit-metadata: 1.7026050724089146
  landing: 0.021260371431708336
  view-data: 0.4493281077593565
