times:
  edit-metadata: 1.285353833809495
  landing: 0.02074787113815546
  view-data: 0.4026778992265463
