times:
  edit-metadata: 1.3273049667477608
  landing: 0.02350964955985546
  view-data: 0.11769972834736109
