times:
  edit-metadata: 1.4392936434596777
  landing: 0.031138520687818527
  view-data: 0.22237735986709595
