times:
  edit-metadata: 1.296274283900857
  landing: 0.019592277705669403
  view-data: 0.025485794991254807
