times:
  edit-metadata: 1.4469575379043818
  landing: 0.17174446769058704
  view-data: 0.033794527873396873
