times:
  edit-metadata: 0.4654460372403264
  landing: 0.049102115444839
  view-data: 0.3292929045855999
