times:
  edit-metadata: 0.4541210448369384
  landing: 0.0441241106018424
  view-data: 0.19602001085877419
