times:
  edit-metadata: 1.553050208836794
  landing: 0.2880624160170555
  view-data: 0.3649769704788923
