times:
  edit-metadata: 0.455191717017442
  landing: 0.04801227105781436
  view-data: 0.3368413560092449
