times:
  edit-metadata: 1.5346329547464848
  landing: 0.26964020170271397
  view-data: 0.02750398777425289
