times:
  edit-metadata: 1.3467154819518328
  landing: 0.022155236452817917
  view-data: 0.12282983586192131
