times:
  edit-metadata: 1.3042202210053802
  landing: 0.02203549910336733
  view-data: 0.02597471885383129
