times:
  edit-metadata: 1.4732884410768747
  landing: 0.12889396585524082
  view-data: 0.3809825237840414
