times:
  edit-metadata: 1.5595174711197615
  landing: 0.025428444147109985
  view-data: 0.37523455545306206
