times:
  edit-metadata: 0.4474257370457053
  landing: 0.04061652347445488
  view-data: 0.201252737082541
