times:
  edit-metadata: 1.6689783446490765
  landing: 0.020853135734796524
  view-data: 0.3365140166133642
