times:
  edit-metadata: 1.3925135340541601
  landing: 0.053418414667248726
  view-data: 0.02658720873296261
