times:
  edit-metadata: 1.449510064907372
  landing: 0.2788059636950493
  view-data: 0.24345902353525162
