times:
  edit-metadata: 1.7391452100127935
  landing: 0.022220343351364136
  view-data: 0.029878884553909302
