times:
  edit-metadata: 1.4295056471601129
  landing: 0.020941024646162987
  view-data: 0.1375526236370206
