times:
  edit-metadata: 1.6490526013076305
  landing: 0.1969909379258752
  view-data: 0.24755238182842731
