times:
  edit-metadata: 1.2616874100640416
  landing: 0.018699302338063717
  view-data: 0.1194148687645793
