times:
  edit-metadata: 2.547033351002028
  landing: 0.20720178799820133
  view-data: 0.6569291700143367
