times:
  edit-metadata: 1.7086973562836647
  landing: 0.17550470121204853
  view-data: 0.05565244145691395
