times:
  edit-metadata: 1.365913750603795
  landing: 0.022930553182959557
  view-data: 0.10264649614691734
