times:
  edit-metadata: 0.4570514028891921
  landing: 0.05131483916193247
  view-data: 0.2316930629312992
