times:
  edit-metadata: 1.3108418183401227
  landing: 0.02290512528270483
  view-data: 0.025826203636825085
