times:
  edit-metadata: 1.7310773190110922
  landing: 0.020361129194498062
  view-data: 0.024156004190444946
