times:
  edit-metadata: 0.4567605685442686
  landing: 0.042386388406157494
  view-data: 0.1972823068499565
