times:
  edit-metadata: 1.3199911955744028
  landing: 0.12577684689313173
  view-data: 0.025026868097484112
