times:
  edit-metadata: 1.3639829456806183
  landing: 0.12966045178472996
  view-data: 0.4794924445450306
