times:
  edit-metadata: 1.302242198958993
  landing: 0.19779608398675919
  view-data: 0.14660137239843607
