times:
  edit-metadata: 1.5259891916066408
  landing: 0.04161727149039507
  view-data: 0.0231853099539876
