times:
  edit-metadata: 1.3561295829713345
  landing: 0.019037574529647827
  view-data: 0.11937152035534382
