times:
  edit-metadata: 1.3473205557093024
  landing: 0.13166181091219187
  view-data: 0.3559993766248226
