times:
  edit-metadata: 1.327586468309164
  landing: 0.20889744814485312
  view-data: 0.02392706274986267
