times:
  edit-metadata: 2.360081225633621
  landing: 0.022117440588772297
  view-data: 0.03666960634291172
