times:
  edit-metadata: 1.3419365398585796
  landing: 0.05040297843515873
  view-data: 0.11728126276284456
