times:
  edit-metadata: 1.3503940515220165
  landing: 0.023359127342700958
  view-data: 0.12788637727499008
