times:
  edit-metadata: 1.4169613290578127
  landing: 0.14838934317231178
  view-data: 0.02630435861647129
