times:
  edit-metadata: 1.5961014423519373
  landing: 0.02390160784125328
  view-data: 0.14236702769994736
