times:
  edit-metadata: 0.6386395385488868
  landing: 0.06637477083131671
  view-data: 0.2925057616084814
