times:
  edit-metadata: 1.9650036618113518
  landing: 0.2296476848423481
  view-data: 0.23889456316828728
