times:
  edit-metadata: 1.3718134388327599
  landing: 0.020044909790158272
  view-data: 0.025161714293062687
