times:
  edit-metadata: 0.44443820510059595
  landing: 0.05063072219491005
  view-data: 0.4675402957946062
