times:
  edit-metadata: 1.8249614164233208
  landing: 0.01941539067775011
  view-data: 0.43973180931061506
