times:
  edit-metadata: 0.45534378569573164
  landing: 0.04143326822668314
  view-data: 0.3266496928408742
