times:
  edit-metadata: 1.3480589352548122
  landing: 0.2037627175450325
  view-data: 0.09678018931299448
