times:
  edit-metadata: 0.45733076706528664
  landing: 0.05419954005628824
  view-data: 0.2035498209297657
