times:
  edit-metadata: 1.2616151934489608
  landing: 0.12637897301465273
  view-data: 0.1220483360812068
