times:
  edit-metadata: 1.2800691472366452
  landing: 0.13332919962704182
  view-data: 0.4672000017017126
