times:
  edit-metadata: 0.5606232401914895
  landing: 0.05276552913710475
  view-data: 0.21600277675315738
