times:
  edit-metadata: 0.642114691901952
  landing: 0.058964681811630726
  view-data: 0.3175773099064827
