times:
  edit-metadata: 1.2951642647385597
  landing: 0.13923988584429026
  view-data: 0.11922087986022234
