times:
  edit-metadata: 1.4649405758827925
  landing: 0.022745978087186813
  view-data: 0.3868701960891485
