times:
  edit-metadata: 1.3002828964963555
  landing: 0.019772167317569256
  view-data: 0.11948003992438316
