times:
  edit-metadata: 1.3765882002189755
  landing: 0.0208846814930439
  view-data: 0.024889416992664337
