times:
  edit-metadata: 0.4598803883418441
  landing: 0.04443223122507334
  view-data: 0.20933769177645445
