times:
  edit-metadata: 1.5289273969829082
  landing: 0.14097092114388943
  view-data: 0.1620548591017723
