times:
  edit-metadata: 1.8803322650492191
  landing: 0.34550366178154945
  view-data: 0.028728555887937546
