times:
  edit-metadata: 1.4545741798356175
  landing: 0.29228228237479925
  view-data: 0.34069254342466593
