times:
  edit-metadata: 1.3471435625106096
  landing: 0.02116045355796814
  view-data: 0.02772524580359459
