times:
  edit-metadata: 1.4931819662451744
  landing: 0.29350465908646584
  view-data: 0.1686946600675583
