times:
  edit-metadata: 1.4139808509498835
  landing: 0.01973114348948002
  view-data: 0.02694832906126976
