times:
  edit-metadata: 1.4732425697147846
  landing: 0.29156750440597534
  view-data: 0.023987343534827232
