times:
  edit-metadata: 1.320713883265853
  landing: 0.020189451053738594
  view-data: 0.027557579800486565
