times:
  edit-metadata: 0.4492274196818471
  landing: 0.039709060452878475
  view-data: 0.3279259530827403
