times:
  edit-metadata: 0.43988579232245684
  landing: 0.044001021422445774
  view-data: 0.3380253752693534
