times:
  edit-metadata: 0.48186142183840275
  landing: 0.046565272845327854
  view-data: 0.2099763136357069
