times:
  edit-metadata: 0.4401011746376753
  landing: 0.040976084768772125
  view-data: 0.45776468329131603
