times:
  edit-metadata: 1.5329199004918337
  landing: 0.13257820717990398
  view-data: 0.38821412436664104
