times:
  edit-metadata: 1.2999037057161331
  landing: 0.019277851097285748
  view-data: 0.026575245894491673
