times:
  edit-metadata: 1.7761897519230843
  landing: 0.24369396455585957
  view-data: 0.4760565087199211
