times:
  edit-metadata: 1.3341085575520992
  landing: 0.02074858732521534
  view-data: 0.027335086837410927
