times:
  edit-metadata: 1.6257826518267393
  landing: 0.1576597113162279
  view-data: 0.34496699646115303
