times:
  edit-metadata: 2.6446345080039464
  landing: 0.5323575150105171
  view-data: 0.6361883020144887
