times:
  edit-metadata: 1.3315991833806038
  landing: 0.133528346195817
  view-data: 0.3156909290701151
