times:
  edit-metadata: 1.3026651768013835
  landing: 0.2490005912259221
  view-data: 0.11673929169774055
