times:
  edit-metadata: 1.263919685035944
  landing: 0.0226988447830081
  view-data: 0.024238841608166695
