times:
  edit-metadata: 0.7470792969688773
  landing: 0.049081845209002495
  view-data: 0.2303403439000249
