times:
  edit-metadata: 1.2747861528769135
  landing: 0.021218307316303253
  view-data: 0.1222312469035387
