times:
  edit-metadata: 1.4081090204417706
  landing: 0.16526022739708424
  view-data: 0.14318521320819855
