times:
  edit-metadata: 1.7892487961798906
  landing: 0.18622346594929695
  view-data: 0.4191989693790674
