times:
  edit-metadata: 1.3551006615161896
  landing: 0.20125277806073427
  view-data: 0.02526139933615923
