times:
  edit-metadata: 1.3538351282477379
  landing: 0.021574269980192184
  view-data: 0.025390874594449997
