times:
  edit-metadata: 0.6696512652561069
  landing: 0.06567034171894193
  view-data: 0.24526356300339103
