times:
  edit-metadata: 1.6966592371463776
  landing: 0.3014575745910406
  view-data: 0.025975301861763
