times:
  edit-metadata: 1.6208275072276592
  landing: 0.2559960316866636
  view-data: 0.41372052393853664
