times:
  edit-metadata: 1.473863560706377
  landing: 0.20238549076020718
  view-data: 0.3243876416236162
