times:
  edit-metadata: 0.4802165860310197
  landing: 0.06679225666448474
  view-data: 0.21292015770450234
