times:
  edit-metadata: 1.4140268433839083
  landing: 0.24247349426150322
  view-data: 0.051959361881017685
