times:
  edit-metadata: 1.536741603165865
  landing: 0.2770262472331524
  view-data: 0.36513993702828884
