times:
  edit-metadata: 1.35152720939368
  landing: 0.17353670205920935
  view-data: 0.36820978857576847
