times:
  edit-metadata: 1.7866934724152088
  landing: 0.2580424938350916
  view-data: 0.2033964190632105
