times:
  edit-metadata: 0.47205264773219824
  landing: 0.11382503481581807
  view-data: 0.29202984599396586
