times:
  edit-metadata: 1.3436209987848997
  landing: 0.022389108315110207
  view-data: 0.3268222361803055
