times:
  edit-metadata: 1.676708359271288
  landing: 0.1379654798656702
  view-data: 0.35727704875171185
