times:
  edit-metadata: 1.3144608084112406
  landing: 0.01868799328804016
  view-data: 0.025070879608392715
