times:
  edit-metadata: 1.419627282768488
  landing: 0.020082145929336548
  view-data: 0.13184482790529728
