times:
  edit-metadata: 1.3433411866426468
  landing: 0.15616366639733315
  view-data: 0.13114800304174423
