times:
  edit-metadata: 1.7347135730087757
  landing: 0.1805575154721737
  view-data: 0.19733409956097603
