times:
  edit-metadata: 1.2671787049621344
  landing: 0.0212690569460392
  view-data: 0.4155901772901416
