times:
  edit-metadata: 1.3831522390246391
  landing: 0.024311326444149017
  view-data: 0.11270114034414291
