times:
  edit-metadata: 1.785172127187252
  landing: 0.30348546989262104
  view-data: 0.026026148349046707
