times:
  edit-metadata: 1.399368630722165
  landing: 0.24917909875512123
  view-data: 0.024035191163420677
