times:
  edit-metadata: 1.387626426294446
  landing: 0.022254522889852524
  view-data: 0.10587788000702858
