times:
  edit-metadata: 1.3702896274626255
  landing: 0.02137678489089012
  view-data: 0.29815613478422165
