times:
  edit-metadata: 1.3125405795872211
  landing: 0.01961706392467022
  view-data: 0.026565035805106163
