times:
  edit-metadata: 1.4327851086854935
  landing: 0.2557178009301424
  view-data: 0.4557202383875847
