times:
  edit-metadata: 2.0143703129142523
  landing: 0.30900225043296814
  view-data: 0.152827812358737
