times:
  edit-metadata: 1.3645677166059613
  landing: 0.020955165848135948
  view-data: 0.11883943434804678
