times:
  edit-metadata: 1.6739452462643385
  landing: 0.020394958555698395
  view-data: 0.29863499104976654
