times:
  edit-metadata: 1.3667228911072016
  landing: 0.11876800283789635
  view-data: 0.3165544383227825
