times:
  edit-metadata: 0.6091174110770226
  landing: 0.0633947690948844
  view-data: 0.21763609489426017
