times:
  edit-metadata: 0.6066369106993079
  landing: 0.12055219523608685
  view-data: 0.23122616903856397
