times:
  edit-metadata: 1.8359078019857407
  landing: 0.29615298472344875
  view-data: 0.04643808864057064
