times:
  edit-metadata: 1.8651671558618546
  landing: 0.02317868173122406
  view-data: 0.08638221677392721
