times:
  edit-metadata: 1.4122183276340365
  landing: 0.13069685269147158
  view-data: 0.4041781183332205
