times:
  edit-metadata: 1.3954382948577404
  landing: 0.019511723890900612
  view-data: 0.42592898942530155
