times:
  edit-metadata: 1.5402572248131037
  landing: 0.1179716968908906
  view-data: 0.026239772327244282
