times:
  edit-metadata: 1.3643808159977198
  landing: 0.01942683383822441
  view-data: 0.3111321832984686
