times:
  edit-metadata: 1.4104388188570738
  landing: 0.022707005962729454
  view-data: 0.12633052840828896
