times:
  edit-metadata: 0.8232806497253478
  landing: 0.04896346526220441
  view-data: 0.21716807316988707
