times:
  edit-metadata: 1.36565824970603
  landing: 0.022392917424440384
  view-data: 0.02835196815431118
