times:
  edit-metadata: 0.8482728987000883
  landing: 0.06200837763026357
  view-data: 0.2162413578480482
