times:
  edit-metadata: 0.4794782120734453
  landing: 0.06556766200810671
  view-data: 0.20983391115441918
