times:
  edit-metadata: 1.3051499370485544
  landing: 0.02054254524409771
  view-data: 0.025625405833125114
