times:
  edit-metadata: 0.482149007730186
  landing: 0.0641344441100955
  view-data: 0.21592658199369907
