times:
  edit-metadata: 1.591814460232854
  landing: 0.04003531485795975
  view-data: 0.026448605582118034
