times:
  edit-metadata: 0.47706355759873986
  landing: 0.06787440599873662
  view-data: 0.21633044397458434
