times:
  edit-metadata: 1.41931720264256
  landing: 0.16283496841788292
  view-data: 0.027162211015820503
