times:
  edit-metadata: 1.3085945807397366
  landing: 0.11416098475456238
  view-data: 0.10436380282044411
