times:
  edit-metadata: 1.3405201341956854
  landing: 0.02003299631178379
  view-data: 0.024225952103734016
