times:
  edit-metadata: 1.3445968888700008
  landing: 0.20060688443481922
  view-data: 0.022973270155489445
