times:
  edit-metadata: 0.4714860450476408
  landing: 0.061693110037595034
  view-data: 0.21062322473153472
