times:
  edit-metadata: 1.5156933069229126
  landing: 0.019528204575181007
  view-data: 0.04218466766178608
