times:
  edit-metadata: 0.6550633730366826
  landing: 0.12677376111969352
  view-data: 0.2802094919607043
