times:
  edit-metadata: 1.4240172859281301
  landing: 0.023049667477607727
  view-data: 0.13045700080692768
