times:
  edit-metadata: 1.3619261533021927
  landing: 0.019951801747083664
  view-data: 0.024099957197904587
