times:
  edit-metadata: 1.3091563750058413
  landing: 0.0193177480250597
  view-data: 0.024833904579281807
