times:
  edit-metadata: 1.4236080143600702
  landing: 0.02127969264984131
  view-data: 0.27073222026228905
