times:
  edit-metadata: 1.3330819429829717
  landing: 0.1433406863361597
  view-data: 0.32662761490792036
