times:
  edit-metadata: 1.6032819151878357
  landing: 0.1542050950229168
  view-data: 0.35437518917024136
