times:
  edit-metadata: 1.3275490691885352
  landing: 0.1386352125555277
  view-data: 0.2802905077114701
