times:
  edit-metadata: 1.5220324322581291
  landing: 0.25222902931272984
  view-data: 0.3345693089067936
