times:
  edit-metadata: 1.335807953029871
  landing: 0.02014842815697193
  view-data: 0.026302561163902283
