times:
  edit-metadata: 1.651035014539957
  landing: 0.22608625330030918
  view-data: 0.4614408928900957
