times:
  edit-metadata: 1.3325688280165195
  landing: 0.16129574924707413
  view-data: 0.026789174415171146
