times:
  edit-metadata: 1.4254853874444962
  landing: 0.11293944716453552
  view-data: 0.31865631230175495
