times:
  edit-metadata: 1.4427232164889574
  landing: 0.30718281865119934
  view-data: 0.27230103127658367
