times:
  edit-metadata: 0.48667856492102146
  landing: 0.08039818983525038
  view-data: 0.21629405906423926
