times:
  edit-metadata: 1.5307331271469593
  landing: 0.019473077729344368
  view-data: 0.3665335439145565
