times:
  edit-metadata: 1.3766150511801243
  landing: 0.024074411019682884
  view-data: 0.026282787322998047
