times:
  edit-metadata: 1.3381056170910597
  landing: 0.021692892536520958
  view-data: 0.31184341572225094
