times:
  edit-metadata: 1.5398957952857018
  landing: 0.018152359873056412
  view-data: 0.046708064153790474
