times:
  edit-metadata: 1.53827497176826
  landing: 0.13336919620633125
  view-data: 0.024461843073368073
