times:
  edit-metadata: 1.3472722433507442
  landing: 0.022886013612151146
  view-data: 0.025024183094501495
