times:
  edit-metadata: 1.7833066675812006
  landing: 0.313318720087409
  view-data: 0.02775152027606964
