times:
  edit-metadata: 1.359901374205947
  landing: 0.19608577899634838
  view-data: 0.274391608312726
