times:
  edit-metadata: 1.3383965380489826
  landing: 0.021620959043502808
  view-data: 0.0266669150441885
