times:
  edit-metadata: 1.3247629320248961
  landing: 0.02382621169090271
  view-data: 0.02631119079887867
