times:
  edit-metadata: 0.4660968463867903
  landing: 0.07299634115770459
  view-data: 0.22085202997550368
