times:
  edit-metadata: 1.5026175901293755
  landing: 0.3101278077811003
  view-data: 0.1381621267646551
