times:
  edit-metadata: 1.3966325987130404
  landing: 0.023562856018543243
  view-data: 0.025763507932424545
