times:
  edit-metadata: 1.3612774088978767
  landing: 0.14409141801297665
  view-data: 0.3381959702819586
