times:
  edit-metadata: 1.4175906721502542
  landing: 0.254886869341135
  view-data: 0.13289650715887547
