times:
  edit-metadata: 1.5794985461980104
  landing: 0.17662344500422478
  view-data: 0.33945182710886
