times:
  edit-metadata: 0.48455818090587854
  landing: 0.06778314709663391
  view-data: 0.20827273512259126
