times:
  edit-metadata: 1.369168160483241
  landing: 0.019155750051140785
  view-data: 0.025809213519096375
