times:
  edit-metadata: 0.4722963562235236
  landing: 0.06874096859246492
  view-data: 0.22200472513213754
