times:
  edit-metadata: 1.3277235124260187
  landing: 0.021693799644708633
  view-data: 0.1468424443155527
