times:
  edit-metadata: 1.507571680471301
  landing: 0.33969954401254654
  view-data: 0.1722283996641636
