times:
  edit-metadata: 0.4895321521908045
  landing: 0.058938722126185894
  view-data: 0.237407305277884
