times:
  edit-metadata: 1.3903600675985217
  landing: 0.1280624009668827
  view-data: 0.2251909440383315
