times:
  edit-metadata: 1.3500744756311178
  landing: 0.021962611004710197
  view-data: 0.024618392810225487
