times:
  edit-metadata: 1.641202811151743
  landing: 0.24471783079206944
  view-data: 0.42584991082549095
