times:
  edit-metadata: 1.5190404392778873
  landing: 0.14288746379315853
  view-data: 0.1455650683492422
