times:
  edit-metadata: 1.5337642692029476
  landing: 0.300754701718688
  view-data: 0.25916824489831924
