times:
  edit-metadata: 1.3222253415733576
  landing: 0.018890731036663055
  view-data: 0.027829408645629883
