times:
  edit-metadata: 1.3313289228826761
  landing: 0.019248584285378456
  view-data: 0.0990802925080061
