times:
  edit-metadata: 1.3468587659299374
  landing: 0.23214635159820318
  view-data: 0.024448447860777378
