times:
  edit-metadata: 1.6697621513158083
  landing: 0.25270485132932663
  view-data: 0.17992488108575344
