times:
  edit-metadata: 1.5216226186603308
  landing: 0.0201753918081522
  view-data: 0.32557882368564606
