times:
  edit-metadata: 0.483826985117048
  landing: 0.054826149716973305
  view-data: 0.31419512908905745
