times:
  edit-metadata: 1.3933938257396221
  landing: 0.4474664479494095
  view-data: 0.13121177069842815
