times:
  edit-metadata: 1.3726008599624038
  landing: 0.24155655689537525
  view-data: 0.2584482887759805
