times:
  edit-metadata: 1.352289091795683
  landing: 0.02277236431837082
  view-data: 0.1301087662577629
