times:
  edit-metadata: 1.3808773253113031
  landing: 0.019802182912826538
  view-data: 0.02585405483841896
