times:
  edit-metadata: 1.386967608705163
  landing: 0.26392766647040844
  view-data: 0.023624947294592857
