times:
  edit-metadata: 1.4968980476260185
  landing: 0.026595694944262505
  view-data: 0.3281596917659044
