times:
  edit-metadata: 1.311475370079279
  landing: 0.17678477428853512
  view-data: 0.12131368089467287
