times:
  edit-metadata: 1.4348846562206745
  landing: 0.21534247510135174
  view-data: 0.026965392753481865
