times:
  edit-metadata: 1.3568685669451952
  landing: 0.02039378695189953
  view-data: 0.31262859143316746
