times:
  edit-metadata: 0.4690397270023823
  landing: 0.10988930193707347
  view-data: 0.21585637796670198
