times:
  edit-metadata: 1.441693871282041
  landing: 0.2699343115091324
  view-data: 0.024724465794861317
