times:
  edit-metadata: 1.3714304007589817
  landing: 0.018985997885465622
  view-data: 0.12169820815324783
