times:
  edit-metadata: 0.7179212057963014
  landing: 0.11042761523276567
  view-data: 0.28905305406078696
