times:
  edit-metadata: 1.376726584509015
  landing: 0.23947598226368427
  view-data: 0.13573984429240227
