times:
  edit-metadata: 1.4256055764853954
  landing: 0.02223525568842888
  view-data: 0.024350935593247414
