times:
  edit-metadata: 1.5366592686623335
  landing: 0.020364245399832726
  view-data: 0.12455998547375202
