times:
  edit-metadata: 2.6634659619885497
  landing: 0.3569734509801492
  view-data: 0.48527391999959946
