times:
  edit-metadata: 1.5954020097851753
  landing: 0.12291805446147919
  view-data: 0.025397496297955513
