times:
  edit-metadata: 1.31836889218539
  landing: 0.2944687698036432
  view-data: 0.13641204684972763
