times:
  edit-metadata: 1.9197886511683464
  landing: 0.7923463974148035
  view-data: 0.40489268116652966
