times:
  edit-metadata: 1.3804979491978884
  landing: 0.13851083256304264
  view-data: 0.22950944676995277
