times:
  edit-metadata: 0.4652943620458245
  landing: 0.09262388711795211
  view-data: 0.20701665012165904
