times:
  edit-metadata: 1.388002036139369
  landing: 0.02279043011367321
  view-data: 0.023130109533667564
