times:
  edit-metadata: 1.3206726480275393
  landing: 0.2133687175810337
  view-data: 0.12352138012647629
