times:
  edit-metadata: 1.8770887553691864
  landing: 0.6403767671436071
  view-data: 0.3774103093892336
