times:
  edit-metadata: 1.326489799655974
  landing: 0.1324456473812461
  view-data: 0.023717792704701424
