times:
  edit-metadata: 1.365592796355486
  landing: 0.22274533659219742
  view-data: 0.10057214088737965
