times:
  edit-metadata: 1.4712683130055666
  landing: 0.29014525562524796
  view-data: 0.4469751827418804
