times:
  edit-metadata: 1.4969563968479633
  landing: 0.0207681804895401
  view-data: 0.02701197750866413
