times:
  edit-metadata: 0.5789569071494043
  landing: 0.13777309376746416
  view-data: 0.24522068118676543
