times:
  edit-metadata: 1.3726843241602182
  landing: 0.018208051100373268
  view-data: 0.3261545654386282
