times:
  edit-metadata: 1.3734267372637987
  landing: 0.03535112366080284
  view-data: 0.3550042975693941
