times:
  edit-metadata: 1.333819666877389
  landing: 0.022640733048319817
  view-data: 0.2873275391757488
