times:
  edit-metadata: 1.3588933628052473
  landing: 0.1923821121454239
  view-data: 0.4813641719520092
