times:
  edit-metadata: 1.425357386469841
  landing: 0.24619915336370468
  view-data: 0.029036542400717735
