times:
  edit-metadata: 1.4828053805977106
  landing: 0.09947005845606327
  view-data: 0.02995954267680645
