times:
  edit-metadata: 0.6769848391413689
  landing: 0.15725433826446533
  view-data: 0.26675444189459085
