times:
  edit-metadata: 1.3160013165324926
  landing: 0.020074743777513504
  view-data: 0.28724293783307076
