times:
  edit-metadata: 1.4622247898951173
  landing: 0.16033020336180925
  view-data: 0.023359866812825203
