times:
  edit-metadata: 1.4264998715370893
  landing: 0.21155216731131077
  view-data: 0.3277443591505289
