times:
  edit-metadata: 0.5564548950642347
  landing: 0.08659804705530405
  view-data: 0.24957239488139749
