times:
  edit-metadata: 1.7287008333951235
  landing: 0.21123590879142284
  view-data: 0.024843428283929825
