times:
  edit-metadata: 1.39399915933609
  landing: 0.019491389393806458
  view-data: 0.02543194219470024
