times:
  edit-metadata: 1.303235575556755
  landing: 0.022751720622181892
  view-data: 0.02560427039861679
