times:
  edit-metadata: 1.330292934551835
  landing: 0.019558655098080635
  view-data: 0.31335214152932167
