times:
  edit-metadata: 1.4720730744302273
  landing: 0.1330096609890461
  view-data: 0.3430887311697006
