times:
  edit-metadata: 1.4067239984869957
  landing: 0.23656762670725584
  view-data: 0.32670103292912245
