times:
  edit-metadata: 1.5439855866134167
  landing: 0.021114012226462364
  view-data: 0.38140480406582355
