times:
  edit-metadata: 0.560638858936727
  landing: 0.10026045609265566
  view-data: 0.22282710578292608
