times:
  edit-metadata: 0.4687827080488205
  landing: 0.07263919897377491
  view-data: 0.2094091665931046
