times:
  edit-metadata: 1.5737193319946527
  landing: 0.15496843121945858
  view-data: 0.0319855734705925
