times:
  edit-metadata: 1.574540315195918
  landing: 0.136966735124588
  view-data: 0.39010677486658096
