times:
  edit-metadata: 1.294100595638156
  landing: 0.019952228292822838
  view-data: 0.027355602011084557
