times:
  edit-metadata: 0.43864692002534866
  landing: 0.04523657634854317
  view-data: 0.22454864904284477
