times:
  edit-metadata: 0.4365723757073283
  landing: 0.04660124331712723
  view-data: 0.457195776514709
