times:
  edit-metadata: 0.46314430609345436
  landing: 0.0475625479593873
  view-data: 0.33973536267876625
