times:
  edit-metadata: 0.45161536103114486
  landing: 0.05049168085679412
  view-data: 0.3463321840390563
