times:
  edit-metadata: 0.4328522249124944
  landing: 0.04396810242906213
  view-data: 0.5640394389629364
