times:
  edit-metadata: 0.4547502985224128
  landing: 0.05361898057162762
  view-data: 0.1997701320797205
