times:
  edit-metadata: 0.44334853114560246
  landing: 0.04364754632115364
  view-data: 0.33218780532479286
