times:
  edit-metadata: 0.46133669279515743
  landing: 0.04203601321205497
  view-data: 0.5868324800394475
