times:
  edit-metadata: 0.43417455442249775
  landing: 0.040389830246567726
  view-data: 0.22353392746299505
