times:
  edit-metadata: 0.44285289105027914
  landing: 0.05293442914262414
  view-data: 0.331606968306005
