times:
  edit-metadata: 0.4441598579287529
  landing: 0.05465181730687618
  view-data: 0.2066520918160677
