times:
  edit-metadata: 0.4424033621326089
  landing: 0.04745976720005274
  view-data: 0.23285957984626293
