times:
  edit-metadata: 0.4423244660720229
  landing: 0.046074888203293085
  view-data: 0.7263515032827854
