times:
  edit-metadata: 0.4526100279763341
  landing: 0.05609228275716305
  view-data: 0.2061328925192356
