times:
  edit-metadata: 0.45251349778845906
  landing: 0.037116572726517916
  view-data: 0.232749137096107
