times:
  edit-metadata: 0.4683248782530427
  landing: 0.044227118138223886
  view-data: 0.3294348097406328
