times:
  edit-metadata: 0.44331955071538687
  landing: 0.04030614998191595
  view-data: 0.4539044424891472
