times:
  edit-metadata: 0.4380647917278111
  landing: 0.04815339436754584
  view-data: 1.73780576325953
