times:
  edit-metadata: 0.44661927968263626
  landing: 0.04570905305445194
  view-data: 0.2427483694627881
