times:
  edit-metadata: 0.44486722396686673
  landing: 0.040475661400705576
  view-data: 0.36111850710585713
