times:
  edit-metadata: 2.1140805948525667
  landing: 0.17952943593263626
  view-data: 0.02423290628939867
