times:
  edit-metadata: 2.1545859556645155
  landing: 0.019354265183210373
  view-data: 0.02436981163918972
