times:
  edit-metadata: 1.396215084940195
  landing: 0.07267355686053634
  view-data: 0.32253793999552727
