times:
  edit-metadata: 2.204189008101821
  landing: 0.02174922078847885
  view-data: 0.36434803903102875
