times:
  edit-metadata: 2.2068873271346092
  landing: 0.021154431626200676
  view-data: 0.023904114961624146
