times:
  edit-metadata: 2.169650064781308
  landing: 0.17802654020488262
  view-data: 0.17850148864090443
