times:
  edit-metadata: 2.888420857489109
  landing: 0.02323858067393303
  view-data: 0.33770985156297684
