times:
  edit-metadata: 2.069597754627466
  landing: 0.019437607377767563
  view-data: 0.02427942119538784
