times:
  edit-metadata: 2.090590965002775
  landing: 0.021139858290553093
  view-data: 0.12488579750061035
