times:
  edit-metadata: 2.0541772581636906
  landing: 0.02003026008605957
  view-data: 0.3961998987942934
