times:
  edit-metadata: 2.0271328277885914
  landing: 0.021950535476207733
  view-data: 0.149270948022604
