times:
  edit-metadata: 2.1067067328840494
  landing: 0.0428515924140811
  view-data: 0.022755279205739498
