times:
  edit-metadata: 2.0642014238983393
  landing: 0.019797174260020256
  view-data: 0.2875526286661625
