times:
  edit-metadata: 1.2117037931457162
  landing: 0.06388617772608995
  view-data: 0.2453127666376531
