times:
  edit-metadata: 3.6043875659815967
  landing: 0.2944593749998603
  view-data: 0.3364791430067271
