times:
  edit-metadata: 1.9226939557120204
  landing: 0.021022499538958073
  view-data: 0.02596352994441986
