times:
  edit-metadata: 2.0006874334067106
  landing: 0.13776855543255806
  view-data: 0.44773408211767673
