times:
  edit-metadata: 2.395968383178115
  landing: 0.3110258672386408
  view-data: 0.427241999655962
