times:
  edit-metadata: 1.0637177168391645
  landing: 0.06798407714813948
  view-data: 0.23985585290938616
