times:
  edit-metadata: 2.1135977897793055
  landing: 0.2484927475452423
  view-data: 0.31027550529688597
