times:
  edit-metadata: 2.3964285012334585
  landing: 0.26254510320723057
  view-data: 0.1715239156037569
