times:
  edit-metadata: 2.019506422802806
  landing: 0.23402676917612553
  view-data: 0.026301175355911255
