times:
  edit-metadata: 2.038925915956497
  landing: 0.13630908355116844
  view-data: 0.02274661511182785
