times:
  edit-metadata: 2.025774108245969
  landing: 0.12584612518548965
  view-data: 0.024464040994644165
