times:
  edit-metadata: 1.1176502299495041
  landing: 0.04883712204173207
  view-data: 0.24090850492939353
