times:
  edit-metadata: 2.150412268936634
  landing: 0.18931634910404682
  view-data: 0.19983721524477005
