times:
  edit-metadata: 2.0704094637185335
  landing: 0.024204924702644348
  view-data: 0.2983670234680176
