times:
  edit-metadata: 2.2384065072983503
  landing: 0.1690866556018591
  view-data: 0.3307420499622822
