times:
  edit-metadata: 1.9399492014199495
  landing: 0.13352433685213327
  view-data: 0.4732183739542961
