times:
  edit-metadata: 2.0147408954799175
  landing: 0.022862205281853676
  view-data: 0.02818029187619686
