times:
  edit-metadata: 2.065740505233407
  landing: 0.11762460228055716
  view-data: 0.10105486772954464
