times:
  edit-metadata: 2.020779598504305
  landing: 0.11782927066087723
  view-data: 0.3000030033290386
