times:
  edit-metadata: 2.0511775594204664
  landing: 0.39618748519569635
  view-data: 0.12964588776230812
