times:
  edit-metadata: 2.2642594911158085
  landing: 0.020827531814575195
  view-data: 0.32406975142657757
