times:
  edit-metadata: 1.895732351578772
  landing: 0.021518672816455364
  view-data: 0.028205782175064087
