times:
  edit-metadata: 2.067845044657588
  landing: 0.019919684156775475
  view-data: 0.2685772869735956
