times:
  edit-metadata: 2.0753372367471457
  landing: 0.13047653064131737
  view-data: 0.2787132877856493
