times:
  edit-metadata: 2.559002198278904
  landing: 0.026234928518533707
  view-data: 0.35103379748761654
