times:
  edit-metadata: 2.0650021713227034
  landing: 0.01858455315232277
  view-data: 0.023793956264853477
