times:
  edit-metadata: 1.9681895431131124
  landing: 0.02220657654106617
  view-data: 0.3200602475553751
