times:
  edit-metadata: 2.0790394600480795
  landing: 0.01978427916765213
  view-data: 0.1327799391001463
