times:
  edit-metadata: 2.52333827316761
  landing: 0.022608250379562378
  view-data: 0.024716712534427643
