times:
  edit-metadata: 2.6351530849933624
  landing: 0.17851724661886692
  view-data: 0.15340084955096245
