times:
  edit-metadata: 2.033320302143693
  landing: 0.019614914432168007
  view-data: 0.026607884094119072
