times:
  edit-metadata: 2.1691483557224274
  landing: 0.02074301242828369
  view-data: 0.025200704112648964
