times:
  edit-metadata: 2.5563977230340242
  landing: 0.032205915078520775
  view-data: 0.04019965045154095
