times:
  edit-metadata: 1.0814983416348696
  landing: 0.07564582116901875
  view-data: 0.2541365819051862
