times:
  edit-metadata: 3.0236074086278677
  landing: 0.3090387415140867
  view-data: 0.23349151946604252
