times:
  edit-metadata: 2.0998337157070637
  landing: 0.02323368936777115
  view-data: 0.29823804274201393
