times:
  edit-metadata: 2.220421750098467
  landing: 0.023457897827029228
  view-data: 0.030621331185102463
