times:
  edit-metadata: 1.9467322351410985
  landing: 0.020177964121103287
  view-data: 0.02650971431285143
