times:
  edit-metadata: 2.4276508055627346
  landing: 0.29440786875784397
  view-data: 0.288807038217783
