times:
  edit-metadata: 1.3209181586280465
  landing: 0.06595217483118176
  view-data: 0.2999603822827339
