times:
  edit-metadata: 1.4374460079707205
  landing: 0.08958783885464072
  view-data: 0.3598860348574817
