times:
  edit-metadata: 1.2067465828731656
  landing: 0.07020396878942847
  view-data: 0.24582480126991868
