times:
  edit-metadata: 1.9983880165964365
  landing: 0.023030590265989304
  view-data: 0.028265682980418205
