times:
  edit-metadata: 2.0137829314917326
  landing: 0.022373924031853676
  view-data: 0.15085108391940594
