times:
  edit-metadata: 2.1711432859301567
  landing: 0.14663565903902054
  view-data: 0.027713147923350334
