times:
  edit-metadata: 2.1355140320956707
  landing: 0.13448342308402061
  view-data: 0.3161212243139744
