times:
  edit-metadata: 2.2757677994668484
  landing: 0.3030026964843273
  view-data: 0.05765307508409023
