times:
  edit-metadata: 2.441072242334485
  landing: 0.1978397872298956
  view-data: 0.628897100687027
