times:
  edit-metadata: 1.3542907303199172
  landing: 0.11763853672891855
  view-data: 0.2422909140586853
