times:
  edit-metadata: 3.1941720582544804
  landing: 0.3292684108018875
  view-data: 0.21451799757778645
