times:
  edit-metadata: 2.0147885158658028
  landing: 0.01982172764837742
  view-data: 0.02321796491742134
