times:
  edit-metadata: 3.276605509221554
  landing: 0.1638524178415537
  view-data: 0.4167733211070299
