times:
  edit-metadata: 2.0178697276860476
  landing: 0.02144898846745491
  view-data: 0.025720713660120964
