times:
  edit-metadata: 2.424916299059987
  landing: 0.12439387291669846
  view-data: 0.36756178364157677
