times:
  edit-metadata: 2.297439716756344
  landing: 0.02420932985842228
  view-data: 0.1599001083523035
