times:
  edit-metadata: 2.2625590469688177
  landing: 0.02709781751036644
  view-data: 0.5031232926994562
