times:
  edit-metadata: 2.087402591481805
  landing: 0.024039074778556824
  view-data: 0.25317733734846115
