times:
  edit-metadata: 1.2892354261130095
  landing: 0.052330571692436934
  view-data: 0.37139017414301634
