times:
  edit-metadata: 2.12714528106153
  landing: 0.021944169886410236
  view-data: 0.02237172331660986
