times:
  edit-metadata: 2.0470920111984015
  landing: 0.018737979233264923
  view-data: 0.02294350415468216
