times:
  edit-metadata: 1.9419744797050953
  landing: 0.020932279527187347
  view-data: 0.1237509436905384
