times:
  edit-metadata: 2.0479524228721857
  landing: 0.02166696824133396
  view-data: 0.1273623537272215
