times:
  edit-metadata: 1.9455574499443173
  landing: 0.017869459465146065
  view-data: 0.027478735893964767
