times:
  edit-metadata: 2.0043615670874715
  landing: 0.1328776190057397
  view-data: 0.023770981468260288
