times:
  edit-metadata: 2.060201730579138
  landing: 0.02555740438401699
  view-data: 0.12856429629027843
