times:
  edit-metadata: 2.0203004870563745
  landing: 0.09679973684251308
  view-data: 0.10321137309074402
