times:
  edit-metadata: 1.3436033627949655
  landing: 0.04438210325315595
  view-data: 0.3822755361907184
