times:
  edit-metadata: 2.097495708614588
  landing: 0.12944874353706837
  view-data: 0.28867750987410545
