times:
  edit-metadata: 2.049135509878397
  landing: 0.02085878700017929
  view-data: 0.2574144434183836
