times:
  edit-metadata: 1.9816750651225448
  landing: 0.02298066671937704
  view-data: 0.2838208004832268
