times:
  edit-metadata: 2.014167291112244
  landing: 0.23481480311602354
  view-data: 0.21800872683525085
