times:
  edit-metadata: 1.1004639328457415
  landing: 0.08295434108003974
  view-data: 0.24652156606316566
