times:
  edit-metadata: 2.824009697884321
  landing: 0.16046801581978798
  view-data: 0.4748195633292198
