times:
  edit-metadata: 2.0360115580260754
  landing: 0.01960786711424589
  view-data: 0.02410516794770956
