times:
  edit-metadata: 2.0763583593070507
  landing: 0.14752955920994282
  view-data: 0.34995205514132977
