times:
  edit-metadata: 2.070382919162512
  landing: 0.02188175730407238
  view-data: 0.025708289816975594
