times:
  edit-metadata: 2.0633959472179413
  landing: 0.13810628466308117
  view-data: 0.13446387089788914
