times:
  edit-metadata: 2.6534216832369566
  landing: 0.20325400307774544
  view-data: 0.44767959602177143
