times:
  edit-metadata: 2.5176674611866474
  landing: 0.27086060866713524
  view-data: 0.2148589100688696
