times:
  edit-metadata: 2.2122851703315973
  landing: 0.1038290336728096
  view-data: 0.02709265612065792
