times:
  edit-metadata: 1.1934739719145
  landing: 0.06363928830251098
  view-data: 0.25566880591213703
