times:
  edit-metadata: 1.3911791360005736
  landing: 0.06658439105376601
  view-data: 0.3375506498850882
