times:
  edit-metadata: 2.082481114193797
  landing: 0.01935622375458479
  view-data: 0.1561454962939024
