times:
  edit-metadata: 1.9639985095709562
  landing: 0.19820696767419577
  view-data: 0.13684053905308247
