times:
  edit-metadata: 2.056202318519354
  landing: 0.15560837648808956
  view-data: 0.14070950075984
