times:
  edit-metadata: 2.5043860897421837
  landing: 0.270317979156971
  view-data: 0.053753528743982315
