times:
  edit-metadata: 3.110576171427965
  landing: 0.13765899091959
  view-data: 0.2243087962269783
