times:
  edit-metadata: 2.1154332999140024
  landing: 0.03135282173752785
  view-data: 0.3181987479329109
