times:
  edit-metadata: 2.126303756609559
  landing: 0.022714747115969658
  view-data: 0.12267533876001835
