times:
  edit-metadata: 2.050404094159603
  landing: 0.22059655282646418
  view-data: 0.26365331187844276
