times:
  edit-metadata: 2.1295480262488127
  landing: 0.19886847585439682
  view-data: 0.02712339162826538
