times:
  edit-metadata: 2.3364134319126606
  landing: 0.05672617629170418
  view-data: 0.3788935411721468
