times:
  edit-metadata: 2.032139103859663
  landing: 0.022366739809513092
  view-data: 0.023711392655968666
