times:
  edit-metadata: 2.0121428947895765
  landing: 0.02353866584599018
  view-data: 0.026427913457155228
