times:
  edit-metadata: 1.9397405134513974
  landing: 0.02097858488559723
  view-data: 0.024782239459455013
