times:
  edit-metadata: 2.12503419816494
  landing: 0.2379891723394394
  view-data: 0.11521049216389656
