times:
  edit-metadata: 2.020161358639598
  landing: 0.022260678932070732
  view-data: 0.025530807673931122
