times:
  edit-metadata: 1.9922792986035347
  landing: 0.14526261016726494
  view-data: 0.025577619671821594
