times:
  edit-metadata: 2.0607760716229677
  landing: 0.1989564150571823
  view-data: 0.024189233779907227
