times:
  edit-metadata: 1.9189503714442253
  landing: 0.022934481501579285
  view-data: 0.026952380314469337
