times:
  edit-metadata: 1.1756156808696687
  landing: 0.0595053480938077
  view-data: 0.2530471910722554
