times:
  edit-metadata: 2.071655973792076
  landing: 0.01919032260775566
  view-data: 0.1369915772229433
