times:
  edit-metadata: 1.0376922218129039
  landing: 0.07445825170725584
  view-data: 0.24344343272969127
