times:
  edit-metadata: 2.1961183082312346
  landing: 0.024697795510292053
  view-data: 0.02592296153306961
