times:
  edit-metadata: 1.9977215128019452
  landing: 0.2152484394609928
  view-data: 0.4769418630748987
