times:
  edit-metadata: 2.2699090521782637
  landing: 0.12055124714970589
  view-data: 0.028348932042717934
