times:
  edit-metadata: 2.034017952159047
  landing: 0.0229130107909441
  view-data: 0.2968036513775587
