times:
  edit-metadata: 1.4273411142639816
  landing: 0.06593507202342153
  view-data: 0.35720802610740066
