times:
  edit-metadata: 2.1246271580457687
  landing: 0.02151351049542427
  view-data: 0.025936003774404526
