times:
  edit-metadata: 1.3314545429311693
  landing: 0.05433586612343788
  view-data: 0.3668842650949955
