times:
  edit-metadata: 1.2734593930654228
  landing: 0.0609977669082582
  view-data: 0.2355286250822246
