times:
  edit-metadata: 2.0337952990084887
  landing: 0.16642624326050282
  view-data: 0.10373108275234699
