times:
  edit-metadata: 1.992705788463354
  landing: 0.1500689834356308
  view-data: 0.26449380815029144
