times:
  edit-metadata: 1.3761256523430347
  landing: 0.06614912021905184
  view-data: 0.3549243384040892
