times:
  edit-metadata: 1.076774267014116
  landing: 0.07195146195590496
  view-data: 0.24142858106642962
