times:
  edit-metadata: 2.064698548987508
  landing: 0.02109484001994133
  view-data: 0.024011583998799324
