times:
  edit-metadata: 2.364546727389097
  landing: 0.020294928923249245
  view-data: 0.3370611257851124
