times:
  edit-metadata: 2.0260944217443466
  landing: 0.01963943801820278
  view-data: 0.0230245403945446
