times:
  edit-metadata: 1.2332484354265034
  landing: 0.13803998893126845
  view-data: 0.3332929168827832
