times:
  edit-metadata: 2.2926377039402723
  landing: 0.024052906781435013
  view-data: 0.3183681406080723
