times:
  edit-metadata: 3.9818941080011427
  landing: 0.27291730500292033
  view-data: 0.38593045802554116
