times:
  edit-metadata: 2.810092056170106
  landing: 0.26263841427862644
  view-data: 0.37772595323622227
