times:
  edit-metadata: 2.0897180195897818
  landing: 0.2123344037681818
  view-data: 0.10309727489948273
