times:
  edit-metadata: 2.707575561478734
  landing: 0.24328043311834335
  view-data: 0.44474644027650356
