times:
  edit-metadata: 2.294714441522956
  landing: 0.2727524098008871
  view-data: 0.4464567322283983
