times:
  edit-metadata: 3.1059461291879416
  landing: 0.20877688191831112
  view-data: 0.029935594648122787
