times:
  edit-metadata: 2.134547645226121
  landing: 0.023004503920674324
  view-data: 0.37656665220856667
