times:
  edit-metadata: 2.0162234269082546
  landing: 0.019885556772351265
  view-data: 0.027158649638295174
