times:
  edit-metadata: 2.8781735207885504
  landing: 0.2362429741770029
  view-data: 0.5104838330298662
