times:
  edit-metadata: 2.25857587903738
  landing: 0.021534619852900505
  view-data: 0.023753419518470764
