times:
  edit-metadata: 2.2402228973805904
  landing: 0.021531205624341965
  view-data: 0.32242417708039284
