times:
  edit-metadata: 2.1073511373251677
  landing: 0.15052234567701817
  view-data: 0.3267518039792776
