times:
  edit-metadata: 2.3277358263731003
  landing: 0.24541045911610126
  view-data: 0.15643096528947353
