times:
  edit-metadata: 2.0586124006658792
  landing: 0.018637102097272873
  view-data: 0.025671519339084625
