times:
  edit-metadata: 1.2408016710542142
  landing: 0.05681535415351391
  view-data: 0.2523596929386258
