times:
  edit-metadata: 2.3710552006959915
  landing: 0.2571693602949381
  view-data: 0.402737757191062
