times:
  edit-metadata: 2.3663211669772863
  landing: 0.022996248677372932
  view-data: 0.5378635749220848
