times:
  edit-metadata: 2.286442458629608
  landing: 0.1409338265657425
  view-data: 0.028321942314505577
