times:
  edit-metadata: 1.2783934767358005
  landing: 0.06457726890221238
  view-data: 0.27670070715248585
