times:
  edit-metadata: 1.0565069317817688
  landing: 0.06199276214465499
  view-data: 0.23942925920709968
