times:
  edit-metadata: 2.097880879417062
  landing: 0.13589660823345184
  view-data: 0.025566622614860535
