times:
  edit-metadata: 2.009810348972678
  landing: 0.0212311539798975
  view-data: 0.3177972845733166
