times:
  edit-metadata: 2.0972805246710777
  landing: 0.1870841681957245
  view-data: 0.023104051128029823
