times:
  edit-metadata: 2.0421930057927966
  landing: 0.24512842949479818
  view-data: 0.20733981672674417
