times:
  edit-metadata: 2.4849012847989798
  landing: 0.2496066726744175
  view-data: 0.17515874095261097
