times:
  edit-metadata: 1.2899043001234531
  landing: 0.07276178011670709
  view-data: 0.24162689270451665
