times:
  edit-metadata: 1.9395527020096779
  landing: 0.023943189531564713
  view-data: 0.41447955276817083
