times:
  edit-metadata: 2.058286067098379
  landing: 0.019491951912641525
  view-data: 0.02485353872179985
