times:
  edit-metadata: 1.964900940656662
  landing: 0.11970735900104046
  view-data: 0.027813158929347992
