times:
  edit-metadata: 2.370859507471323
  landing: 0.04567216336727142
  view-data: 0.04133152402937412
