times:
  edit-metadata: 2.035600757226348
  landing: 0.1909463070333004
  view-data: 0.02329336479306221
