times:
  edit-metadata: 2.591042408719659
  landing: 0.2297605685889721
  view-data: 0.33858162723481655
