times:
  edit-metadata: 1.2813069927506149
  landing: 0.06337466835975647
  view-data: 0.25168305402621627
