times:
  edit-metadata: 1.9771137833595276
  landing: 0.2049150662496686
  view-data: 0.2030613273382187
