times:
  edit-metadata: 2.12852762080729
  landing: 0.13514051027595997
  view-data: 0.34816780872642994
