times:
  edit-metadata: 2.6792661156505346
  landing: 0.20743070356547832
  view-data: 0.44875598698854446
