times:
  edit-metadata: 2.1044379342347383
  landing: 0.1345069445669651
  view-data: 0.10269097983837128
