times:
  edit-metadata: 1.359162618406117
  landing: 0.02090783230960369
  view-data: 0.1339873792603612
