times:
  edit-metadata: 1.3492305185645819
  landing: 0.022303283214569092
  view-data: 0.12285412289202213
