times:
  edit-metadata: 1.6128764562308788
  landing: 0.37365186400711536
  view-data: 0.15268411487340927
