times:
  edit-metadata: 1.3230240680277348
  landing: 0.02127013448625803
  view-data: 0.023704945109784603
