times:
  edit-metadata: 1.3581536272540689
  landing: 0.019679153338074684
  view-data: 0.44903863221406937
