times:
  edit-metadata: 1.3630766961723566
  landing: 0.224438589066267
  view-data: 0.025647319853305817
