times:
  edit-metadata: 0.4369063535705209
  landing: 0.05159215070307255
  view-data: 0.19994209054857492
