times:
  edit-metadata: 1.7632054649293423
  landing: 0.02099265716969967
  view-data: 0.3547382913529873
