times:
  edit-metadata: 1.3435395117849112
  landing: 0.018715552985668182
  view-data: 0.025495989248156548
