times:
  edit-metadata: 1.2970016216859221
  landing: 0.18768573179841042
  view-data: 0.12602740619331598
