times:
  edit-metadata: 1.3063598303124309
  landing: 0.018239401280879974
  view-data: 0.023473414592444897
