times:
  edit-metadata: 1.5388335082679987
  landing: 0.12971416860818863
  view-data: 0.02483026124536991
