times:
  edit-metadata: 1.3161467779427767
  landing: 0.018436145037412643
  view-data: 0.30917350575327873
