times:
  edit-metadata: 1.331669501028955
  landing: 0.019503829069435596
  view-data: 0.023183397948741913
