times:
  edit-metadata: 0.4559621410444379
  landing: 0.039241653867065907
  view-data: 0.20014381036162376
