times:
  edit-metadata: 1.489103764295578
  landing: 0.2510204594582319
  view-data: 0.355456817895174
