times:
  edit-metadata: 1.3313269251957536
  landing: 0.021662133745849133
  view-data: 0.026616179384291172
