times:
  edit-metadata: 0.48056655935943127
  landing: 0.04431803710758686
  view-data: 0.2108978359028697
