times:
  edit-metadata: 1.292412942275405
  landing: 0.021224945783615112
  view-data: 0.12276082299649715
