times:
  edit-metadata: 0.7263734508305788
  landing: 0.049171038903295994
  view-data: 0.31522240210324526
