times:
  edit-metadata: 1.4358905386179686
  landing: 0.01966717839241028
  view-data: 0.41241165436804295
