times:
  edit-metadata: 1.2880358332768083
  landing: 0.021471261978149414
  view-data: 0.12282394617795944
