times:
  edit-metadata: 1.3521849401295185
  landing: 0.01913650706410408
  view-data: 0.025069423019886017
