times:
  edit-metadata: 0.5627134661190212
  landing: 0.0899167568422854
  view-data: 0.2142991372384131
