times:
  edit-metadata: 1.3364144265651703
  landing: 0.022966898046433926
  view-data: 0.4292859826236963
