times:
  edit-metadata: 1.4463573209941387
  landing: 0.14024768583476543
  view-data: 0.41111510433256626
