times:
  edit-metadata: 0.5089453989639878
  landing: 0.04163212375715375
  view-data: 0.31036361400038004
