times:
  edit-metadata: 1.2875975035130978
  landing: 0.1681252783164382
  view-data: 0.11972678638994694
