times:
  edit-metadata: 1.340286023914814
  landing: 0.16826541163027287
  view-data: 0.02307993546128273
