times:
  edit-metadata: 1.5570483319461346
  landing: 0.19725068658590317
  view-data: 0.45345536060631275
