times:
  edit-metadata: 1.440028565004468
  landing: 0.20241139084100723
  view-data: 0.48915868904441595
