times:
  edit-metadata: 1.296167722903192
  landing: 0.01951580587774515
  view-data: 0.4017303781583905
