times:
  edit-metadata: 1.7691975701600313
  landing: 0.020004622638225555
  view-data: 0.048575280234217644
