times:
  edit-metadata: 1.2776199774816632
  landing: 0.022312233224511147
  view-data: 0.13608237076550722
