times:
  edit-metadata: 1.3510141195729375
  landing: 0.01956022158265114
  view-data: 0.22218058072030544
