times:
  edit-metadata: 0.5884128240868449
  landing: 0.06817178567871451
  view-data: 0.21611121762543917
