times:
  edit-metadata: 1.3028318956494331
  landing: 0.022185763344168663
  view-data: 0.0290001118555665
