times:
  edit-metadata: 1.45527508482337
  landing: 0.17769169993698597
  view-data: 0.26363314874470234
