times:
  edit-metadata: 1.3236786974593997
  landing: 0.020390626974403858
  view-data: 0.12401039712131023
