times:
  edit-metadata: 1.29416295979172
  landing: 0.020278381183743477
  view-data: 0.11871054768562317
