times:
  edit-metadata: 1.3588440986350179
  landing: 0.02390014287084341
  view-data: 0.10023778676986694
