times:
  edit-metadata: 1.3049274664372206
  landing: 0.019194203428924084
  view-data: 0.03081655502319336
