times:
  edit-metadata: 1.4178827069699764
  landing: 0.021173028275370598
  view-data: 0.10854224860668182
