times:
  edit-metadata: 1.3415012657642365
  landing: 0.13141206558793783
  view-data: 0.02520510647445917
