times:
  edit-metadata: 1.349599001929164
  landing: 0.0207710899412632
  view-data: 0.4238779079169035
