times:
  edit-metadata: 1.3457025177776814
  landing: 0.019125327467918396
  view-data: 0.025704634375870228
