times:
  edit-metadata: 0.45981878135353327
  landing: 0.04290214832872152
  view-data: 0.20051027927547693
