times:
  edit-metadata: 1.5671229865401983
  landing: 0.0741813313215971
  view-data: 0.03204532712697983
