times:
  edit-metadata: 1.2776528876274824
  landing: 0.019136790186166763
  view-data: 0.0229908162727952
