times:
  edit-metadata: 1.3736348245292902
  landing: 0.021166998893022537
  view-data: 0.14060570672154427
