times:
  edit-metadata: 0.46950488444417715
  landing: 0.05534336529672146
  view-data: 0.20419991947710514
