times:
  edit-metadata: 1.3543279748409986
  landing: 0.12159982696175575
  view-data: 0.03073136880993843
