times:
  edit-metadata: 1.415275938808918
  landing: 0.01933423802256584
  view-data: 0.3466217461973429
