times:
  edit-metadata: 1.578090189024806
  landing: 0.05079641751945019
  view-data: 0.025543387979269028
