times:
  edit-metadata: 1.3648214600980282
  landing: 0.25276558101177216
  view-data: 0.2528988290578127
