times:
  edit-metadata: 1.3097059316933155
  landing: 0.021126067265868187
  view-data: 0.1030883863568306
