times:
  edit-metadata: 1.3775312323123217
  landing: 0.021550051867961884
  view-data: 0.11637783423066139
