times:
  edit-metadata: 0.47501137387007475
  landing: 0.05180426687002182
  view-data: 0.20172904059290886
