times:
  edit-metadata: 1.3634148314595222
  landing: 0.16680413112044334
  view-data: 0.3055717423558235
