times:
  edit-metadata: 1.3141898633912206
  landing: 0.09353856183588505
  view-data: 0.2080498356372118
