times:
  edit-metadata: 1.4949794001877308
  landing: 0.023911375552415848
  view-data: 0.4663630723953247
