times:
  edit-metadata: 1.6204844042658806
  landing: 0.05228114686906338
  view-data: 0.026977401226758957
