times:
  edit-metadata: 1.3482884857803583
  landing: 0.131970452144742
  view-data: 0.022963933646678925
