times:
  edit-metadata: 1.462704874575138
  landing: 0.019417067989706993
  view-data: 0.22597588039934635
