times:
  edit-metadata: 1.5467709209769964
  landing: 0.022476159036159515
  view-data: 0.028374921530485153
