times:
  edit-metadata: 1.4175780527293682
  landing: 0.021669818088412285
  view-data: 0.02489822916686535
