times:
  edit-metadata: 0.4951796382665634
  landing: 0.04723972920328379
  view-data: 0.19972866401076317
