times:
  edit-metadata: 1.2964538037776947
  landing: 0.21166741102933884
  view-data: 0.023620842024683952
