times:
  edit-metadata: 1.393635823391378
  landing: 0.22904667165130377
  view-data: 0.4039641385897994
