times:
  edit-metadata: 1.4015084439888597
  landing: 0.0211428077891469
  view-data: 0.025478546507656574
