times:
  edit-metadata: 1.3048268714919686
  landing: 0.02075327467173338
  view-data: 0.1209554448723793
