times:
  edit-metadata: 1.5208742022514343
  landing: 0.15348704904317856
  view-data: 0.38997488655149937
