times:
  edit-metadata: 0.4653879953548312
  landing: 0.04622991196811199
  view-data: 0.3470069030299783
