times:
  edit-metadata: 1.4115187833085656
  landing: 0.022449512034654617
  view-data: 0.027216150425374508
