times:
  edit-metadata: 1.559238564223051
  landing: 0.28446910716593266
  view-data: 0.31855830177664757
