times:
  edit-metadata: 0.4777503898367286
  landing: 0.03936787694692612
  view-data: 0.1961855385452509
