times:
  edit-metadata: 1.371626022271812
  landing: 0.02106347493827343
  view-data: 0.47340376768261194
