times:
  edit-metadata: 1.327036856673658
  landing: 0.02215417195111513
  view-data: 0.028562026098370552
