times:
  edit-metadata: 1.9205463603138924
  landing: 0.3427710309624672
  view-data: 0.208120446652174
