times:
  edit-metadata: 1.3478441964834929
  landing: 0.019641101360321045
  view-data: 0.022104576230049133
