times:
  edit-metadata: 1.3333583613857627
  landing: 0.12373265437781811
  view-data: 0.02298926655203104
