times:
  edit-metadata: 1.2921143965795636
  landing: 0.1283038081601262
  view-data: 0.024287973530590534
