times:
  edit-metadata: 1.7643239563331008
  landing: 0.027733643539249897
  view-data: 0.05479751154780388
