times:
  edit-metadata: 1.737912019714713
  landing: 0.046320587396621704
  view-data: 0.02371653076261282
