times:
  edit-metadata: 1.3643568651750684
  landing: 0.1355651430785656
  view-data: 0.02396389190107584
