times:
  edit-metadata: 1.2867028014734387
  landing: 0.2043384788557887
  view-data: 0.024128773249685764
