times:
  edit-metadata: 1.4416441302746534
  landing: 0.024201424792408943
  view-data: 0.02422853745520115
