times:
  edit-metadata: 0.5212416229769588
  landing: 0.0583603591658175
  view-data: 0.22048804489895701
