times:
  edit-metadata: 1.3141923807561398
  landing: 0.019944321364164352
  view-data: 0.12800614908337593
