times:
  edit-metadata: 1.3156465040519834
  landing: 0.13064162246882915
  view-data: 0.13308629393577576
