times:
  edit-metadata: 1.3320858348160982
  landing: 0.020820394158363342
  view-data: 0.13784030079841614
