times:
  edit-metadata: 0.4762130528688431
  landing: 0.047049266286194324
  view-data: 0.19893446285277605
