times:
  edit-metadata: 1.3181041097268462
  landing: 0.021002170629799366
  view-data: 0.024091423489153385
