times:
  edit-metadata: 1.4012641040608287
  landing: 0.0200639721006155
  view-data: 0.4018884925171733
