times:
  edit-metadata: 1.3782732263207436
  landing: 0.02014940045773983
  view-data: 0.025622259825468063
