times:
  edit-metadata: 1.3219662280753255
  landing: 0.020597822964191437
  view-data: 0.026549747213721275
