times:
  edit-metadata: 1.7037349715828896
  landing: 0.2515221070498228
  view-data: 0.3436658661812544
