times:
  edit-metadata: 1.4142767563462257
  landing: 0.021229173988103867
  view-data: 0.05593905784189701
