times:
  edit-metadata: 1.3040315695106983
  landing: 0.019610075280070305
  view-data: 0.1165551207959652
