times:
  edit-metadata: 1.3656790722161531
  landing: 0.02117039170116186
  view-data: 0.20666702836751938
