times:
  edit-metadata: 1.5901554692536592
  landing: 0.24159666895866394
  view-data: 0.39440114982426167
