times:
  edit-metadata: 1.3481794409453869
  landing: 0.2636854387819767
  view-data: 0.12754207104444504
