times:
  edit-metadata: 0.502996098715812
  landing: 0.04200125625357032
  view-data: 0.20714655425399542
