times:
  edit-metadata: 0.43174590496346354
  landing: 0.04090815223753452
  view-data: 0.33200038503855467
