times:
  edit-metadata: 1.3729153759777546
  landing: 0.018881434574723244
  view-data: 0.02579386718571186
