times:
  edit-metadata: 0.5360576277598739
  landing: 0.04287244472652674
  view-data: 0.21622989885509014
