times:
  edit-metadata: 1.3662782534956932
  landing: 0.020666860044002533
  view-data: 0.12784947082400322
