times:
  edit-metadata: 1.2901877127587795
  landing: 0.019469098187983036
  view-data: 0.023002414032816887
