times:
  edit-metadata: 1.2736898763105273
  landing: 0.02374402806162834
  view-data: 0.4413569886237383
