times:
  edit-metadata: 1.5720099043101072
  landing: 0.25717650167644024
  view-data: 0.3550898488610983
