times:
  edit-metadata: 1.4791992492973804
  landing: 0.11871107667684555
  view-data: 0.02631530351936817
