times:
  edit-metadata: 1.3613213524222374
  landing: 0.02353057451546192
  view-data: 0.29860150441527367
