times:
  edit-metadata: 1.3209383431822062
  landing: 0.19790459237992764
  view-data: 0.027514680288732052
