times:
  edit-metadata: 1.3739866893738508
  landing: 0.19114109687507153
  view-data: 0.43601205106824636
