times:
  edit-metadata: 1.4027664959430695
  landing: 0.02173975296318531
  view-data: 0.025632673874497414
