times:
  edit-metadata: 1.3142629051581025
  landing: 0.023054366931319237
  view-data: 0.11914189159870148
