times:
  edit-metadata: 1.3687684517353773
  landing: 0.021043485030531883
  view-data: 0.027353305369615555
