times:
  edit-metadata: 1.761537566781044
  landing: 0.02054365910589695
  view-data: 0.02376781776547432
