times:
  edit-metadata: 0.4819626631215215
  landing: 0.05432568024843931
  view-data: 0.20023142267018557
