times:
  edit-metadata: 0.5009068767540157
  landing: 0.09274325706064701
  view-data: 0.27618941478431225
