times:
  edit-metadata: 1.7251555565744638
  landing: 0.15640298649668694
  view-data: 0.3398918826133013
