times:
  edit-metadata: 0.46105354838073254
  landing: 0.044293930754065514
  view-data: 0.20301548391580582
