times:
  edit-metadata: 1.3316593989729881
  landing: 0.01927192322909832
  view-data: 0.3115382194519043
