times:
  edit-metadata: 0.45532019436359406
  landing: 0.05107911769300699
  view-data: 0.2150067174807191
