times:
  edit-metadata: 1.3026756569743156
  landing: 0.02034233696758747
  view-data: 0.13102066703140736
