times:
  edit-metadata: 1.3525720201432705
  landing: 0.12711730040609837
  view-data: 0.3193449880927801
