times:
  edit-metadata: 1.367743299342692
  landing: 0.1820374419912696
  view-data: 0.46218402590602636
