times:
  edit-metadata: 1.371643751859665
  landing: 0.13434766791760921
  view-data: 0.024121619760990143
