times:
  edit-metadata: 1.622298264876008
  landing: 0.16594595648348331
  view-data: 0.272006094455719
