times:
  edit-metadata: 0.4817682672291994
  landing: 0.04366976022720337
  view-data: 0.21073382813483477
