times:
  edit-metadata: 1.451378472149372
  landing: 0.239009328186512
  view-data: 0.3190966621041298
