times:
  edit-metadata: 1.285710339434445
  landing: 0.022014384157955647
  view-data: 0.23077957518398762
