times:
  edit-metadata: 0.5041130208410323
  landing: 0.05360129289329052
  view-data: 0.21007003402337432
