times:
  edit-metadata: 1.3554466981440783
  landing: 0.02187727391719818
  view-data: 0.10597817786037922
