times:
  edit-metadata: 2.3693108450097498
  landing: 0.30867782898712903
  view-data: 0.5829123940202408
