times:
  edit-metadata: 1.4535048101097345
  landing: 0.01936117559671402
  view-data: 0.02473718486726284
