times:
  edit-metadata: 1.3582699112594128
  landing: 0.1174171157181263
  view-data: 0.13137127459049225
