times:
  edit-metadata: 1.2772485120221972
  landing: 0.02037107851356268
  view-data: 0.024043562822043896
