times:
  edit-metadata: 1.412609077990055
  landing: 0.018788674846291542
  view-data: 0.33700080402195454
