times:
  edit-metadata: 0.5117698088288307
  landing: 0.0483183809556067
  view-data: 0.21657087467610836
