times:
  edit-metadata: 0.47572739981114864
  landing: 0.0428672656416893
  view-data: 0.2064726371318102
