times:
  edit-metadata: 1.3141861837357283
  landing: 0.019639557227492332
  view-data: 0.024846121668815613
