times:
  edit-metadata: 0.609520569909364
  landing: 0.05000950489193201
  view-data: 0.2623906140215695
