times:
  edit-metadata: 1.3079158961772919
  landing: 0.02068369649350643
  view-data: 0.43853968661278486
