times:
  edit-metadata: 1.70686255954206
  landing: 0.21820699609816074
  view-data: 0.4399826545268297
