times:
  edit-metadata: 1.4329787492752075
  landing: 0.017990808002650738
  view-data: 0.22812489699572325
