times:
  edit-metadata: 0.5104902861639857
  landing: 0.0484289419837296
  view-data: 0.20717394864186645
