times:
  edit-metadata: 0.5284757390618324
  landing: 0.06318533793091774
  view-data: 0.2063554679043591
