times:
  edit-metadata: 1.313135614618659
  landing: 0.0226998720318079
  view-data: 0.23330963030457497
