times:
  edit-metadata: 1.503126222640276
  landing: 0.021581845358014107
  view-data: 0.02717357501387596
