times:
  edit-metadata: 1.406784676015377
  landing: 0.0221664160490036
  view-data: 0.02658507227897644
