times:
  edit-metadata: 0.4515381781384349
  landing: 0.04181851074099541
  view-data: 0.327784719876945
