times:
  edit-metadata: 0.4485402377322316
  landing: 0.049712023697793484
  view-data: 0.3419556561857462
