times:
  edit-metadata: 1.4293965641409159
  landing: 0.020335663110017776
  view-data: 0.4079174352809787
