times:
  edit-metadata: 1.5286411754786968
  landing: 0.14530774392187595
  view-data: 0.02554919756948948
