times:
  edit-metadata: 1.3589021302759647
  landing: 0.020507226698100567
  view-data: 0.41864165384322405
