times:
  edit-metadata: 0.46270373463630676
  landing: 0.04463627375662327
  view-data: 0.21004206407815218
