times:
  edit-metadata: 0.559804170858115
  landing: 0.07214334420859814
  view-data: 0.21376718999817967
