times:
  edit-metadata: 1.3819044893607497
  landing: 0.15439726691693068
  view-data: 0.4601938081905246
