times:
  edit-metadata: 1.5157568380236626
  landing: 0.32407914474606514
  view-data: 0.13644672371447086
