times:
  edit-metadata: 1.455958480015397
  landing: 0.19754764437675476
  view-data: 0.02389388531446457
