times:
  edit-metadata: 1.2627992080524564
  landing: 0.020783319137990475
  view-data: 0.025847633369266987
