times:
  edit-metadata: 1.3517905361950397
  landing: 0.2051236890256405
  view-data: 0.02430814877152443
