times:
  edit-metadata: 2.063297851011157
  landing: 0.3407107163220644
  view-data: 0.44072957895696163
