times:
  edit-metadata: 1.3071916103363037
  landing: 0.021426103077828884
  view-data: 0.027159972116351128
