times:
  edit-metadata: 0.4491795673966408
  landing: 0.04872510675340891
  view-data: 0.21681190561503172
