times:
  edit-metadata: 1.4292153175920248
  landing: 0.02108134888112545
  view-data: 0.1276301797479391
