times:
  edit-metadata: 0.5808132402598858
  landing: 0.0725585981272161
  view-data: 0.21324496809393167
