times:
  edit-metadata: 1.875097680836916
  landing: 0.21926012262701988
  view-data: 0.031670247204601765
