times:
  edit-metadata: 1.3884457238018513
  landing: 0.020386524498462677
  view-data: 0.10584681667387486
