times:
  edit-metadata: 1.3198208939284086
  landing: 0.019718145951628685
  view-data: 0.3282795287668705
