times:
  edit-metadata: 2.163078454323113
  landing: 0.5772662246599793
  view-data: 0.48426309041678905
