times:
  edit-metadata: 1.3316042963415384
  landing: 0.02019378449767828
  view-data: 0.024569646455347538
