times:
  edit-metadata: 1.647128401324153
  landing: 0.14360032603144646
  view-data: 0.14525618217885494
