times:
  edit-metadata: 1.3456211779266596
  landing: 0.02002677507698536
  view-data: 0.023988496512174606
