times:
  edit-metadata: 1.6680900324136019
  landing: 0.16764510422945023
  view-data: 0.024796631187200546
