times:
  edit-metadata: 0.46323035191744566
  landing: 0.04950210265815258
  view-data: 0.3417524201795459
