times:
  edit-metadata: 1.3048985293135047
  landing: 0.020461651496589184
  view-data: 0.027049513533711433
