times:
  edit-metadata: 1.3878080658614635
  landing: 0.24845067504793406
  view-data: 0.48580485209822655
