times:
  edit-metadata: 1.3203545957803726
  landing: 0.018468841910362244
  view-data: 0.02281283587217331
