times:
  edit-metadata: 0.535896273329854
  landing: 0.047480883076786995
  view-data: 0.21044070227071643
