times:
  edit-metadata: 1.2830133521929383
  landing: 0.021359351463615894
  view-data: 0.02245820313692093
