times:
  edit-metadata: 0.5183812379837036
  landing: 0.08139843586832285
  view-data: 0.21306393295526505
