times:
  edit-metadata: 1.2906923638656735
  landing: 0.021813339553773403
  view-data: 0.11147140339016914
