times:
  edit-metadata: 1.347264944575727
  landing: 0.020274649374186993
  view-data: 0.12839647848159075
