times:
  edit-metadata: 1.3480602130293846
  landing: 0.020808073692023754
  view-data: 0.027614696882665157
