times:
  edit-metadata: 1.8440857362002134
  landing: 0.1270956052467227
  view-data: 0.02741874475032091
