times:
  edit-metadata: 0.487003558780998
  landing: 0.07857079524546862
  view-data: 0.3051742799580097
