times:
  edit-metadata: 1.698742315173149
  landing: 0.17092464864253998
  view-data: 0.2938565406948328
