times:
  edit-metadata: 1.3615364572033286
  landing: 0.022535688243806362
  view-data: 0.399370102211833
