times:
  edit-metadata: 0.604510186240077
  landing: 0.053549233358353376
  view-data: 0.20731066586449742
