times:
  edit-metadata: 1.5662606414407492
  landing: 0.28386531956493855
  view-data: 0.31072004325687885
