times:
  edit-metadata: 1.339334750548005
  landing: 0.10753221437335014
  view-data: 0.02935507707297802
