times:
  edit-metadata: 1.3625134490430355
  landing: 0.0195620097219944
  view-data: 0.02598608937114477
