times:
  edit-metadata: 1.7021014988422394
  landing: 0.2612998690456152
  view-data: 0.4493939634412527
