times:
  edit-metadata: 1.3291875999420881
  landing: 0.0216596107929945
  view-data: 0.02687562070786953
