times:
  edit-metadata: 1.2893588738515973
  landing: 0.019275412894785404
  view-data: 0.022964482195675373
