times:
  edit-metadata: 1.2996952906250954
  landing: 0.021513866260647774
  view-data: 0.11969463713467121
