times:
  edit-metadata: 0.5121382288634777
  landing: 0.044072712771594524
  view-data: 0.21082803327590227
