times:
  edit-metadata: 0.46098469011485577
  landing: 0.05255007091909647
  view-data: 0.20469222962856293
