times:
  edit-metadata: 0.5239977790042758
  landing: 0.04079623566940427
  view-data: 0.2052909331396222
