times:
  edit-metadata: 1.275927728973329
  landing: 0.11964350007474422
  view-data: 0.13195249158889055
