times:
  edit-metadata: 1.2598019996657968
  landing: 0.02007328625768423
  view-data: 0.028321271762251854
