times:
  edit-metadata: 1.3780773226171732
  landing: 0.020844420418143272
  view-data: 0.025329510681331158
