times:
  edit-metadata: 1.2893539071083069
  landing: 0.02075264696031809
  view-data: 0.027610148303210735
