times:
  edit-metadata: 1.3409330947324634
  landing: 0.022799469530582428
  view-data: 0.40998035576194525
