times:
  edit-metadata: 1.3261943515390158
  landing: 0.024247044697403908
  view-data: 0.02760281227529049
