times:
  edit-metadata: 1.608251417055726
  landing: 0.022300641983747482
  view-data: 0.3428414035588503
