times:
  edit-metadata: 1.344590287655592
  landing: 0.019576625898480415
  view-data: 0.027703281491994858
