times:
  edit-metadata: 1.8640366489998996
  landing: 0.27893960000074003
  view-data: 0.023781326992320828
