times:
  edit-metadata: 1.303703243844211
  landing: 0.023804224096238613
  view-data: 0.1268343599513173
