times:
  edit-metadata: 0.7563378112390637
  landing: 0.04699616087600589
  view-data: 0.2762589151971042
