times:
  edit-metadata: 1.29706138279289
  landing: 0.022014443762600422
  view-data: 0.024398423731327057
