times:
  edit-metadata: 1.6971699465066195
  landing: 0.019904132932424545
  view-data: 0.022231386974453926
