times:
  edit-metadata: 1.3969350084662437
  landing: 0.021834908053278923
  view-data: 0.3382276948541403
