times:
  edit-metadata: 1.430469624698162
  landing: 0.019282571971416473
  view-data: 0.32720561139285564
