times:
  edit-metadata: 1.3353806342929602
  landing: 0.0207103518769145
  view-data: 0.13566519878804684
