times:
  edit-metadata: 0.4841880318708718
  landing: 0.04129958897829056
  view-data: 0.3546050381846726
