times:
  edit-metadata: 0.45305567514151335
  landing: 0.04128458444029093
  view-data: 0.20489207096397877
