times:
  edit-metadata: 1.748857133090496
  landing: 0.24950161203742027
  view-data: 0.3046521320939064
