times:
  edit-metadata: 0.4716979181393981
  landing: 0.044099416583776474
  view-data: 0.3321890374645591
