times:
  edit-metadata: 0.4832551768049598
  landing: 0.046814507804811
  view-data: 0.20160007290542126
