times:
  edit-metadata: 1.6437437664717436
  landing: 0.19577539153397083
  view-data: 0.3250004071742296
