times:
  edit-metadata: 0.5185213680379093
  landing: 0.06739976489916444
  view-data: 0.21314692310988903
