times:
  edit-metadata: 1.297328514046967
  landing: 0.022024590522050858
  view-data: 0.026090742088854313
