times:
  edit-metadata: 1.312993485480547
  landing: 0.01944736298173666
  view-data: 0.022688275203108788
