times:
  edit-metadata: 1.4096323121339083
  landing: 0.02037578821182251
  view-data: 0.32864275202155113
