times:
  edit-metadata: 0.4285248899832368
  landing: 0.04264413611963391
  view-data: 0.340320632327348
