times:
  edit-metadata: 1.452004848048091
  landing: 0.2742604147642851
  view-data: 0.14918414130806923
