times:
  edit-metadata: 1.3165466114878654
  landing: 0.019716357812285423
  view-data: 0.026822560466825962
