times:
  edit-metadata: 1.388005642220378
  landing: 0.16017304360866547
  view-data: 0.14930757693946362
