times:
  edit-metadata: 2.4330177288502455
  landing: 0.04352846462279558
  view-data: 0.04985876567661762
