times:
  edit-metadata: 1.3470796793699265
  landing: 0.023441437631845474
  view-data: 0.02694539725780487
