times:
  edit-metadata: 1.5842048935592175
  landing: 0.3293282799422741
  view-data: 0.43909495137631893
