times:
  edit-metadata: 1.293687429279089
  landing: 0.021782184951007366
  view-data: 0.132176804356277
