times:
  edit-metadata: 1.3556970804929733
  landing: 0.13785479217767715
  view-data: 0.42146905325353146
