times:
  edit-metadata: 1.4053215375170112
  landing: 0.02200145088136196
  view-data: 0.13419915456324816
