times:
  edit-metadata: 1.4066374003887177
  landing: 0.12196502182632685
  view-data: 0.02503400668501854
