times:
  edit-metadata: 2.3512923158705235
  landing: 0.23873541690409184
  view-data: 0.19190739654004574
