times:
  edit-metadata: 1.3908795630559325
  landing: 0.020214580930769444
  view-data: 0.023953459225594997
