times:
  edit-metadata: 1.3067295756191015
  landing: 0.023114437237381935
  view-data: 0.02520926296710968
