times:
  edit-metadata: 0.4662690577097237
  landing: 0.0426789321936667
  view-data: 0.19807473989203572
