times:
  edit-metadata: 0.454282752238214
  landing: 0.04780550114810467
  view-data: 0.3102906597778201
