times:
  edit-metadata: 1.7392394356429577
  landing: 0.30806821025907993
  view-data: 0.5388851314783096
