times:
  edit-metadata: 0.5095144622027874
  landing: 0.05424561630934477
  view-data: 0.2256729668006301
