times:
  edit-metadata: 0.550653834361583
  landing: 0.0751223680563271
  view-data: 0.3002774640917778
