times:
  edit-metadata: 1.798919415101409
  landing: 0.19544746726751328
  view-data: 0.41862923093140125
