times:
  edit-metadata: 1.3309685569256544
  landing: 0.20595622062683105
  view-data: 0.3529851771891117
