times:
  edit-metadata: 1.4531236784532666
  landing: 0.020492092706263065
  view-data: 0.11588570475578308
