times:
  edit-metadata: 1.371751418337226
  landing: 0.025717228651046753
  view-data: 0.026122570037841797
