times:
  edit-metadata: 1.4037282904610038
  landing: 0.1430709445849061
  view-data: 0.023317224346101284
