times:
  edit-metadata: 0.5101538337767124
  landing: 0.08253426011651754
  view-data: 0.29125571297481656
