times:
  edit-metadata: 1.3419266398996115
  landing: 0.21211638115346432
  view-data: 0.025545917451381683
