times:
  edit-metadata: 1.480390241369605
  landing: 0.0196427870541811
  view-data: 0.025249715894460678
