times:
  edit-metadata: 1.4406368117779493
  landing: 0.1040625125169754
  view-data: 0.3314274400472641
