times:
  edit-metadata: 1.3143873000517488
  landing: 0.018832705914974213
  view-data: 0.027076100930571556
