times:
  edit-metadata: 1.3057936858385801
  landing: 0.018803348764777184
  view-data: 0.12212822027504444
