times:
  edit-metadata: 1.3898331001400948
  landing: 0.2603555880486965
  view-data: 0.027288155630230904
