times:
  edit-metadata: 1.330317771062255
  landing: 0.01935135666280985
  view-data: 0.022687307558953762
