times:
  edit-metadata: 1.3829515548422933
  landing: 0.020124771632254124
  view-data: 0.023822816088795662
