times:
  edit-metadata: 1.4379600696265697
  landing: 0.14279442466795444
  view-data: 0.13251015171408653
