times:
  edit-metadata: 0.4512501247227192
  landing: 0.04751016944646835
  view-data: 0.3387803314253688
