times:
  edit-metadata: 1.2838961631059647
  landing: 0.023218645714223385
  view-data: 0.12356214132159948
