times:
  edit-metadata: 1.3132714945822954
  landing: 0.12477579712867737
  view-data: 0.284451587125659
