times:
  edit-metadata: 1.3915838412940502
  landing: 0.14467286970466375
  view-data: 0.022512917406857014
