times:
  edit-metadata: 1.2983437292277813
  landing: 0.019651243463158607
  view-data: 0.027175989001989365
