times:
  edit-metadata: 2.072231164202094
  landing: 0.3033954109996557
  view-data: 0.38929785415530205
