times:
  edit-metadata: 1.3946888223290443
  landing: 0.020387807860970497
  view-data: 0.2829544823616743
