times:
  edit-metadata: 0.44423135183751583
  landing: 0.04608978796750307
  view-data: 0.47039197385311127
