times:
  edit-metadata: 1.7518633529543877
  landing: 0.04027479328215122
  view-data: 0.02392430417239666
