times:
  edit-metadata: 1.599162196740508
  landing: 0.24910523556172848
  view-data: 0.4259380027651787
