times:
  edit-metadata: 0.44714492093771696
  landing: 0.054745299741625786
  view-data: 0.21041601803153753
