times:
  edit-metadata: 0.4467578222975135
  landing: 0.046511147171258926
  view-data: 0.3370328349992633
