times:
  edit-metadata: 1.3928312547504902
  landing: 0.022444238886237144
  view-data: 0.3036240581423044
