times:
  edit-metadata: 1.3155001997947693
  landing: 0.12650338374078274
  view-data: 0.12252642679959536
