times:
  edit-metadata: 0.4717793660238385
  landing: 0.04034371767193079
  view-data: 0.20886720716953278
