times:
  edit-metadata: 1.3827998684719205
  landing: 0.11978315934538841
  view-data: 0.13659225683659315
