times:
  edit-metadata: 1.6315158996731043
  landing: 0.03173154592514038
  view-data: 0.4292172100394964
