times:
  edit-metadata: 1.3108022343367338
  landing: 0.023365888744592667
  view-data: 0.25645236298441887
