times:
  edit-metadata: 1.3626440726220608
  landing: 0.1377149000763893
  view-data: 0.10604375973343849
