times:
  edit-metadata: 1.3558801654726267
  landing: 0.20044404082000256
  view-data: 0.3125371132045984
