times:
  edit-metadata: 1.5251822285354137
  landing: 0.1549468580633402
  view-data: 0.1546382289379835
