times:
  edit-metadata: 0.7541940761730075
  landing: 0.04733572807163
  view-data: 0.21104151429608464
