times:
  edit-metadata: 1.368679879233241
  landing: 0.021612584590911865
  view-data: 0.024275263771414757
