times:
  edit-metadata: 0.48952036537230015
  landing: 0.050903746858239174
  view-data: 0.1947736321017146
