times:
  edit-metadata: 1.3999200332909822
  landing: 0.16562805883586407
  view-data: 0.35063786804676056
