times:
  edit-metadata: 1.4305161722004414
  landing: 0.02255120873451233
  view-data: 0.05425320193171501
