times:
  edit-metadata: 0.4599176337942481
  landing: 0.04448346048593521
  view-data: 0.651410061866045
