times:
  edit-metadata: 1.2988196574151516
  landing: 0.020449617877602577
  view-data: 0.024903996847569942
