times:
  edit-metadata: 1.380693550221622
  landing: 0.1628162171691656
  view-data: 0.027261067181825638
