times:
  edit-metadata: 1.3353618988767266
  landing: 0.02265159599483013
  view-data: 0.09382439125329256
