times:
  edit-metadata: 1.3180307345464826
  landing: 0.022665503434836864
  view-data: 0.11844714358448982
