times:
  edit-metadata: 0.46882200334221125
  landing: 0.0436421362683177
  view-data: 0.18999923951923847
