times:
  edit-metadata: 1.3568936716765165
  landing: 0.021669559180736542
  view-data: 0.31547919288277626
