times:
  edit-metadata: 1.385513867251575
  landing: 0.14252786058932543
  view-data: 0.4676622226834297
