times:
  edit-metadata: 1.4893811848014593
  landing: 0.14242566376924515
  view-data: 0.31918391957879066
