times:
  edit-metadata: 0.5441744099371135
  landing: 0.16656274115666747
  view-data: 0.2760140202008188
