times:
  edit-metadata: 1.4258695021271706
  landing: 0.019760942086577415
  view-data: 0.023985395208001137
