times:
  edit-metadata: 1.4427588041871786
  landing: 0.023844532668590546
  view-data: 0.02555774711072445
