times:
  edit-metadata: 1.361158387735486
  landing: 0.02349884621798992
  view-data: 0.024894822388887405
