times:
  edit-metadata: 1.5042785163968801
  landing: 0.32883476838469505
  view-data: 0.02501162514090538
