times:
  edit-metadata: 1.651541979983449
  landing: 0.021893972530961037
  view-data: 0.30415954627096653
