times:
  edit-metadata: 1.4183162543922663
  landing: 0.12845109775662422
  view-data: 0.02967703528702259
