times:
  edit-metadata: 1.487430952489376
  landing: 0.022417176514863968
  view-data: 0.4945868197828531
