times:
  edit-metadata: 1.8273793831467628
  landing: 0.2730564512312412
  view-data: 0.36026355251669884
