times:
  edit-metadata: 0.5632496699690819
  landing: 0.05064885085448623
  view-data: 0.21549136191606522
