times:
  edit-metadata: 1.5362450275570154
  landing: 0.22839458100497723
  view-data: 0.37058093771338463
