times:
  edit-metadata: 1.7404672466218472
  landing: 0.27267999202013016
  view-data: 0.400247473269701
