times:
  edit-metadata: 1.4757848344743252
  landing: 0.11531435325741768
  view-data: 0.023007472977042198
