times:
  edit-metadata: 0.5420963149517775
  landing: 0.055884100031107664
  view-data: 0.21611843910068274
