times:
  edit-metadata: 1.4724448155611753
  landing: 0.04685758799314499
  view-data: 0.3620475232601166
