times:
  edit-metadata: 1.4834099281579256
  landing: 0.022733865305781364
  view-data: 0.24110166914761066
