times:
  edit-metadata: 1.4206641018390656
  landing: 0.19977604411542416
  view-data: 0.022415893152356148
