times:
  edit-metadata: 1.4406175632029772
  landing: 0.02168239839375019
  view-data: 0.028724048286676407
