times:
  edit-metadata: 1.4452895019203424
  landing: 0.13755334354937077
  view-data: 0.12619635835289955
