times:
  edit-metadata: 1.6773688457906246
  landing: 0.17600500397384167
  view-data: 0.31600058265030384
