times:
  edit-metadata: 1.4646449582651258
  landing: 0.021465587429702282
  view-data: 0.6277294605970383
