times:
  edit-metadata: 0.8275496573187411
  landing: 0.0753516941331327
  view-data: 0.2919273478910327
