times:
  edit-metadata: 1.3546065613627434
  landing: 0.21806258335709572
  view-data: 0.023556530475616455
