times:
  edit-metadata: 1.4586531426757574
  landing: 0.019774368032813072
  view-data: 0.06426029279828072
