times:
  edit-metadata: 1.4355569910258055
  landing: 0.020594006404280663
  view-data: 0.34389062225818634
