times:
  edit-metadata: 1.889497883617878
  landing: 0.35833941400051117
  view-data: 0.5079619139432907
