times:
  edit-metadata: 1.442921668291092
  landing: 0.20047402754426003
  view-data: 0.02780039981007576
