times:
  edit-metadata: 2.1830782955512404
  landing: 0.14027064852416515
  view-data: 0.06270976178348064
