times:
  edit-metadata: 1.556842328980565
  landing: 0.1963684093207121
  view-data: 0.37762762419879436
