times:
  edit-metadata: 2.149837912991643
  landing: 0.2919608913362026
  view-data: 0.4491769913583994
