times:
  edit-metadata: 1.3444888275116682
  landing: 0.02165033295750618
  view-data: 0.024411560967564583
