times:
  edit-metadata: 0.5158078051172197
  landing: 0.06394590204581618
  view-data: 0.20953768491744995
