times:
  edit-metadata: 1.4892200147733092
  landing: 0.19580840226262808
  view-data: 0.4891358017921448
