times:
  edit-metadata: 0.5871697305701673
  landing: 0.1507712071761489
  view-data: 0.22007614513859153
