times:
  edit-metadata: 1.4415234047919512
  landing: 0.02230219915509224
  view-data: 0.12739034555852413
