times:
  edit-metadata: 1.3761450117453933
  landing: 0.14368269592523575
  view-data: 0.13524270802736282
