times:
  edit-metadata: 1.833697022870183
  landing: 0.02641901932656765
  view-data: 0.3187836017459631
