times:
  edit-metadata: 1.365255631506443
  landing: 0.020937463268637657
  view-data: 0.025646822527050972
