times:
  edit-metadata: 0.5661781588569283
  landing: 0.05256957281380892
  view-data: 0.21990047628059983
