times:
  edit-metadata: 1.3991280309855938
  landing: 0.027332928031682968
  view-data: 0.12861979566514492
