times:
  edit-metadata: 1.3672360312193632
  landing: 0.11576828826218843
  view-data: 0.02555338852107525
