times:
  edit-metadata: 1.376029308885336
  landing: 0.22042566444724798
  view-data: 0.1165793789550662
