times:
  edit-metadata: 0.8477622959762812
  landing: 0.12426398089155555
  view-data: 0.21535596111789346
