times:
  edit-metadata: 1.5177116673439741
  landing: 0.19525092467665672
  view-data: 0.2979470659047365
