times:
  edit-metadata: 1.3845065217465162
  landing: 0.019364340230822563
  view-data: 0.2950665317475796
