times:
  edit-metadata: 1.4234603326767683
  landing: 0.13393209874629974
  view-data: 0.15132947824895382
