times:
  edit-metadata: 1.370816607028246
  landing: 0.021776678040623665
  view-data: 0.024499619379639626
