times:
  edit-metadata: 1.4999700421467423
  landing: 0.018494704738259315
  view-data: 0.025998077355325222
