times:
  edit-metadata: 1.8264558874070644
  landing: 0.26349540799856186
  view-data: 0.34779171645641327
