times:
  edit-metadata: 1.4549075197428465
  landing: 0.17478184401988983
  view-data: 0.026109766215085983
