times:
  edit-metadata: 1.542170811444521
  landing: 0.30474992096424103
  view-data: 0.49148415587842464
