times:
  edit-metadata: 1.3815826326608658
  landing: 0.02120690606534481
  view-data: 0.2802640125155449
