times:
  edit-metadata: 0.630040145944804
  landing: 0.06820331700146198
  view-data: 0.32063973415642977
