times:
  edit-metadata: 0.7409817790612578
  landing: 0.058575781993567944
  view-data: 0.3138779732398689
