times:
  edit-metadata: 0.7020439221523702
  landing: 0.04679789999499917
  view-data: 0.28995257383212447
