times:
  edit-metadata: 0.8287942111492157
  landing: 0.059518647845834494
  view-data: 0.22524487227201462
