times:
  edit-metadata: 1.859629923477769
  landing: 0.026871534064412117
  view-data: 0.30216490663588047
