times:
  edit-metadata: 1.354560263454914
  landing: 0.02395452279597521
  view-data: 0.02679598331451416
