times:
  edit-metadata: 1.516638308763504
  landing: 0.2723688706755638
  view-data: 0.14042380824685097
