times:
  edit-metadata: 0.8907235581427813
  landing: 0.07228349102661014
  view-data: 0.2294035479426384
