times:
  edit-metadata: 1.453048588708043
  landing: 0.01894722692668438
  view-data: 0.10220074653625488
