times:
  edit-metadata: 1.405937809497118
  landing: 0.018675485625863075
  view-data: 0.15321383625268936
