times:
  edit-metadata: 1.5674424562603235
  landing: 0.019898546859622
  view-data: 0.02544308453798294
