times:
  edit-metadata: 1.3556965216994286
  landing: 0.020070455968379974
  view-data: 0.025468409061431885
