times:
  edit-metadata: 1.3770047966390848
  landing: 0.020957376807928085
  view-data: 0.14529427140951157
