times:
  edit-metadata: 1.7513728886842728
  landing: 0.022865233942866325
  view-data: 0.3581761922687292
