times:
  edit-metadata: 0.5832395651377738
  landing: 0.07972589880228043
  view-data: 0.3073024400509894
