times:
  edit-metadata: 0.5029091308824718
  landing: 0.07052335422486067
  view-data: 0.21572630712762475
