times:
  edit-metadata: 1.4632381722331047
  landing: 0.1410465817898512
  view-data: 0.025031184777617455
