times:
  edit-metadata: 1.5229527540504932
  landing: 0.15849293023347855
  view-data: 0.5750182010233402
