times:
  edit-metadata: 1.3785242550075054
  landing: 0.23728288616985083
  view-data: 0.23338472470641136
