times:
  edit-metadata: 1.3884172709658742
  landing: 0.02063073217868805
  view-data: 0.027384919114410877
