times:
  edit-metadata: 1.3639697525650263
  landing: 0.12060272321105003
  view-data: 0.02572621777653694
