times:
  edit-metadata: 1.7173897325992584
  landing: 0.1483267806470394
  view-data: 0.35286252200603485
