times:
  edit-metadata: 1.4271529475226998
  landing: 0.12851889617741108
  view-data: 0.47629912476986647
