times:
  edit-metadata: 1.7778468243777752
  landing: 0.36401274241507053
  view-data: 0.4135582186281681
