times:
  edit-metadata: 1.3295532139018178
  landing: 0.021615996956825256
  view-data: 0.13104573357850313
