times:
  edit-metadata: 1.3969711754471064
  landing: 0.20521367155015469
  view-data: 0.3443005159497261
