times:
  edit-metadata: 1.527923135086894
  landing: 0.022586379200220108
  view-data: 0.35296204686164856
