times:
  edit-metadata: 1.4180320333689451
  landing: 0.11888638138771057
  view-data: 0.13222993537783623
