times:
  edit-metadata: 0.5441045830957592
  landing: 0.06880731601268053
  view-data: 0.2117827869951725
