times:
  edit-metadata: 1.352322917431593
  landing: 0.21242544893175364
  view-data: 0.4159229388460517
