times:
  edit-metadata: 1.5586907844990492
  landing: 0.023011792451143265
  view-data: 0.35848430171608925
