times:
  edit-metadata: 0.7764937411993742
  landing: 0.06073629762977362
  view-data: 0.21249228669330478
