times:
  edit-metadata: 0.6320518581196666
  landing: 0.12890316918492317
  view-data: 0.21904274681583047
