times:
  edit-metadata: 1.5658636093139648
  landing: 0.02144242823123932
  view-data: 0.02511032670736313
