times:
  edit-metadata: 1.3580257836729288
  landing: 0.138822378590703
  view-data: 0.025213666260242462
