times:
  edit-metadata: 1.438155123963952
  landing: 0.20725830644369125
  view-data: 0.3209138624370098
