times:
  edit-metadata: 1.5577764753252268
  landing: 0.021544737741351128
  view-data: 0.023360740393400192
