times:
  edit-metadata: 1.3643399085849524
  landing: 0.020431820303201675
  view-data: 0.027067549526691437
