times:
  edit-metadata: 1.360951578244567
  landing: 0.018781007267534733
  view-data: 0.12034536432474852
