times:
  edit-metadata: 1.575649494305253
  landing: 0.31336426734924316
  view-data: 0.05703332833945751
