times:
  edit-metadata: 1.39947578497231
  landing: 0.018827227875590324
  view-data: 0.026563873514533043
