times:
  edit-metadata: 1.3944331407546997
  landing: 0.019787149503827095
  view-data: 0.15183096006512642
