times:
  edit-metadata: 1.3467151504009962
  landing: 0.023251773789525032
  view-data: 0.027885623276233673
