times:
  edit-metadata: 0.608322171960026
  landing: 0.05317742610350251
  view-data: 0.2293749088421464
