times:
  edit-metadata: 1.8072416875511408
  landing: 0.27376230247318745
  view-data: 0.37059319391846657
