times:
  edit-metadata: 1.5852338206022978
  landing: 0.21812650561332703
  view-data: 0.2912041787058115
