times:
  edit-metadata: 1.6768315713852644
  landing: 0.2567965146154165
  view-data: 0.13085509836673737
