times:
  edit-metadata: 1.5670689474791288
  landing: 0.25622922368347645
  view-data: 0.15186823904514313
