times:
  edit-metadata: 0.690332890022546
  landing: 0.07399567076936364
  view-data: 0.21686196606606245
