times:
  edit-metadata: 1.3600713023915887
  landing: 0.11639565974473953
  view-data: 0.02670393604785204
