times:
  edit-metadata: 1.3568832390010357
  landing: 0.1282050833106041
  view-data: 0.0257510244846344
