times:
  edit-metadata: 1.3730768579989672
  landing: 0.22554230690002441
  view-data: 0.33248332515358925
