times:
  edit-metadata: 1.6015805881470442
  landing: 0.049614790827035904
  view-data: 0.058567922562360764
