times:
  edit-metadata: 0.5650362716987729
  landing: 0.05086370697245002
  view-data: 0.22104437975212932
