times:
  edit-metadata: 1.453807681798935
  landing: 0.01922918390482664
  view-data: 0.13873031456023455
