times:
  edit-metadata: 1.5478510223329067
  landing: 0.2497788406908512
  view-data: 0.02837078459560871
