times:
  edit-metadata: 1.7383708506822586
  landing: 0.22515978291630745
  view-data: 0.42967612855136395
