times:
  edit-metadata: 1.6317811086773872
  landing: 0.18984348326921463
  view-data: 0.029217133298516273
