times:
  edit-metadata: 2.2724119406193495
  landing: 0.31472925655543804
  view-data: 0.2678025849163532
