times:
  edit-metadata: 0.6562580042518675
  landing: 0.07091456279158592
  view-data: 0.22283758409321308
