times:
  edit-metadata: 1.8218875359743834
  landing: 0.24806071817874908
  view-data: 0.2158174030482769
