times:
  edit-metadata: 1.3618150744587183
  landing: 0.02374059520661831
  view-data: 0.3115111365914345
