times:
  edit-metadata: 1.4398258253932
  landing: 0.02107749879360199
  view-data: 0.43478895351290703
