times:
  edit-metadata: 1.3859747471287847
  landing: 0.2201912123709917
  view-data: 0.31754945032298565
