times:
  edit-metadata: 1.3972043907269835
  landing: 0.020004218444228172
  view-data: 0.02446705289185047
