times:
  edit-metadata: 1.3681605709716678
  landing: 0.020179967395961285
  view-data: 0.13253886997699738
