times:
  edit-metadata: 1.4259245488792658
  landing: 0.019225982949137688
  view-data: 0.33580991066992283
