times:
  edit-metadata: 1.5572814587503672
  landing: 0.15980276092886925
  view-data: 0.049933817237615585
