times:
  edit-metadata: 1.3761124834418297
  landing: 0.02047281712293625
  view-data: 0.0255825724452734
