times:
  edit-metadata: 1.9339156653732061
  landing: 0.29782726615667343
  view-data: 0.23826677538454533
