times:
  edit-metadata: 1.5630539804697037
  landing: 0.02443234995007515
  view-data: 0.02650008536875248
