times:
  edit-metadata: 0.7969407448545098
  landing: 0.0667220070026815
  view-data: 0.22761392733082175
