times:
  edit-metadata: 1.4544650837779045
  landing: 0.20981810614466667
  view-data: 0.23490397445857525
