times:
  edit-metadata: 2.6873463169904426
  landing: 0.4952655700035393
  view-data: 0.5742520679777954
