times:
  edit-metadata: 1.3731286637485027
  landing: 0.02267507277429104
  view-data: 0.024561455473303795
