times:
  edit-metadata: 1.4895593654364347
  landing: 0.022741887718439102
  view-data: 0.02367963269352913
