times:
  edit-metadata: 1.4407681114971638
  landing: 0.02015119604766369
  view-data: 0.024053731933236122
