times:
  edit-metadata: 1.361092308536172
  landing: 0.02303270995616913
  view-data: 0.026541369035840034
