times:
  edit-metadata: 1.3587978314608335
  landing: 0.020672930404543877
  view-data: 0.026042716577649117
