times:
  edit-metadata: 1.429246086627245
  landing: 0.02103472873568535
  view-data: 0.023246560245752335
