times:
  edit-metadata: 1.3694420531392097
  landing: 0.022228645160794258
  view-data: 0.02334221638739109
