times:
  edit-metadata: 1.372918613255024
  landing: 0.021862337365746498
  view-data: 0.02623388171195984
