times:
  edit-metadata: 1.38926980830729
  landing: 0.12091214396059513
  view-data: 0.028404802083969116
