times:
  edit-metadata: 1.4056541472673416
  landing: 0.020601248368620872
  view-data: 0.3351311832666397
