times:
  edit-metadata: 1.3500509327277541
  landing: 0.14126934949308634
  view-data: 0.1368687693029642
