times:
  edit-metadata: 1.4244787227362394
  landing: 0.1398993879556656
  view-data: 0.3139040991663933
