times:
  edit-metadata: 1.6036292091012
  landing: 0.02198862098157406
  view-data: 0.33518544770777225
