times:
  edit-metadata: 1.4473101776093245
  landing: 0.01865751203149557
  view-data: 0.13669115025550127
