times:
  edit-metadata: 1.4270464461296797
  landing: 0.17842739634215832
  view-data: 0.026859840378165245
