times:
  edit-metadata: 1.411942981183529
  landing: 0.021446997299790382
  view-data: 0.12515253573656082
