times:
  edit-metadata: 1.9401924759149551
  landing: 0.29453621804714203
  view-data: 0.14724154956638813
