times:
  edit-metadata: 1.3672639206051826
  landing: 0.02093563787639141
  view-data: 0.02603464014828205
