times:
  edit-metadata: 2.079168329015374
  landing: 0.2539743687957525
  view-data: 0.20745472609996796
