times:
  edit-metadata: 1.372965988703072
  landing: 0.2320127496495843
  view-data: 0.3961448287591338
