times:
  edit-metadata: 1.4493280937895179
  landing: 0.13481865730136633
  view-data: 0.252741944976151
