times:
  edit-metadata: 1.4981114603579044
  landing: 0.023037821054458618
  view-data: 0.37672038190066814
