times:
  edit-metadata: 1.3727215845137835
  landing: 0.21852420084178448
  view-data: 0.3259193766862154
