times:
  edit-metadata: 1.4097835961729288
  landing: 0.21526785753667355
  view-data: 0.1467572133988142
