times:
  edit-metadata: 1.3566555380821228
  landing: 0.022563299164175987
  view-data: 0.12405227404087782
