times:
  edit-metadata: 0.5361646530218422
  landing: 0.07010959321632981
  view-data: 0.21602178597822785
