times:
  edit-metadata: 1.3764441758394241
  landing: 0.148219371214509
  view-data: 0.3088607471436262
