times:
  edit-metadata: 1.3385858926922083
  landing: 0.23899877071380615
  view-data: 0.1002274788916111
