times:
  edit-metadata: 1.5345049370080233
  landing: 0.23029539920389652
  view-data: 0.2459198199212551
