times:
  edit-metadata: 0.7485199910588562
  landing: 0.0845899828709662
  view-data: 0.26195765333250165
