times:
  edit-metadata: 1.6510326210409403
  landing: 0.01903475634753704
  view-data: 0.022238904610276222
