times:
  edit-metadata: 0.7509440332651138
  landing: 0.07574453577399254
  view-data: 0.29983653128147125
