times:
  edit-metadata: 1.3280134228989482
  landing: 0.1276147197932005
  view-data: 0.4355407664552331
