times:
  edit-metadata: 1.623278385028243
  landing: 0.6760147009044886
  view-data: 0.34987422451376915
