times:
  edit-metadata: 1.4176082331687212
  landing: 0.22212321870028973
  view-data: 0.14217820949852467
