times:
  edit-metadata: 1.6484162081032991
  landing: 0.02265189029276371
  view-data: 0.0238809734582901
