times:
  edit-metadata: 1.552096308209002
  landing: 0.022895307280123234
  view-data: 0.09946952760219574
