times:
  edit-metadata: 0.6699266280047596
  landing: 0.08876436995342374
  view-data: 0.21515049692243338
