times:
  edit-metadata: 1.365414934232831
  landing: 0.24115656781941652
  view-data: 0.1231702622026205
