times:
  edit-metadata: 1.411324406042695
  landing: 0.18882563710212708
  view-data: 0.2662295177578926
