times:
  edit-metadata: 0.44707474764436483
  landing: 0.03936245013028383
  view-data: 0.30536237452179193
