times:
  edit-metadata: 0.4461051160469651
  landing: 0.040881671011447906
  view-data: 0.19610239379107952
