times:
  edit-metadata: 0.4417178174480796
  landing: 0.05073811672627926
  view-data: 0.20071718376129866
