times:
  edit-metadata: 0.43694659415632486
  landing: 0.055161481723189354
  view-data: 0.3332141488790512
