times:
  edit-metadata: 0.4325012634508312
  landing: 0.053941530641168356
  view-data: 0.22796479100361466
