times:
  edit-metadata: 0.44391596782952547
  landing: 0.04988102428615093
  view-data: 0.19907824974507093
