times:
  edit-metadata: 0.4577289614826441
  landing: 0.04968737158924341
  view-data: 0.4741506390273571
