times:
  edit-metadata: 0.4455325761809945
  landing: 0.04018836701288819
  view-data: 0.3730669650249183
