times:
  edit-metadata: 0.4461316470988095
  landing: 0.05027679307386279
  view-data: 0.47706024581566453
