times:
  edit-metadata: 0.4213335909880698
  landing: 0.04451627191156149
  view-data: 0.23078858200460672
