times:
  edit-metadata: 0.44926656130701303
  landing: 0.04020265210419893
  view-data: 0.3324512508697808
