times:
  edit-metadata: 0.4869611179456115
  landing: 0.04008514806628227
  view-data: 0.22759238351136446
