times:
  edit-metadata: 0.4389854776673019
  landing: 0.050973827950656414
  view-data: 0.22139568720012903
