times:
  edit-metadata: 0.4463371611200273
  landing: 0.04394094878807664
  view-data: 0.33109828317537904
