times:
  edit-metadata: 0.47200571559369564
  landing: 0.04584138374775648
  view-data: 0.32974470406770706
