times:
  edit-metadata: 0.45233889669179916
  landing: 0.04641801863908768
  view-data: 0.21087727695703506
