times:
  edit-metadata: 0.4370513102039695
  landing: 0.048805390018969774
  view-data: 0.3341631037183106
