times:
  edit-metadata: 0.44495858205482364
  landing: 0.04960307292640209
  view-data: 0.342426645103842
