times:
  edit-metadata: 0.46964156720787287
  landing: 0.05103455949574709
  view-data: 0.35827725380659103
