times:
  edit-metadata: 0.47367385402321815
  landing: 0.05007549561560154
  view-data: 0.20629644021391869
