times:
  edit-metadata: 1.444348856806755
  landing: 0.14733995124697685
  view-data: 0.15036403387784958
