times:
  edit-metadata: 1.4201463274657726
  landing: 0.12765928357839584
  view-data: 0.024315981194376945
