times:
  edit-metadata: 0.7624425059184432
  landing: 0.06988694099709392
  view-data: 0.2079059681855142
