times:
  edit-metadata: 1.5309131164103746
  landing: 0.21508749015629292
  view-data: 0.03300757333636284
