times:
  edit-metadata: 1.2909632809460163
  landing: 0.020667975768446922
  view-data: 0.23119967058300972
