times:
  edit-metadata: 1.3466680785641074
  landing: 0.18142982572317123
  view-data: 0.12813591677695513
