times:
  edit-metadata: 1.4323944244533777
  landing: 0.022505540400743484
  view-data: 0.0255674310028553
