times:
  edit-metadata: 1.7134854774922132
  landing: 0.02808319218456745
  view-data: 0.12456225603818893
