times:
  edit-metadata: 1.320002544671297
  landing: 0.01940247230231762
  view-data: 0.3080022931098938
