times:
  edit-metadata: 1.337503643706441
  landing: 0.021411500871181488
  view-data: 0.10110737197101116
