times:
  edit-metadata: 1.8995412476360798
  landing: 0.3303182441741228
  view-data: 0.19021543487906456
