times:
  edit-metadata: 1.4699879437685013
  landing: 0.21281743794679642
  view-data: 0.02341454289853573
