times:
  edit-metadata: 1.3540454059839249
  landing: 0.142517302185297
  view-data: 0.02812238410115242
