times:
  edit-metadata: 1.3540688082575798
  landing: 0.020541577599942684
  view-data: 0.14403275027871132
