times:
  edit-metadata: 1.3333392394706607
  landing: 0.2223740490153432
  view-data: 0.02383279986679554
