times:
  edit-metadata: 1.322498687542975
  landing: 0.02216788660734892
  view-data: 0.12866482511162758
