times:
  edit-metadata: 1.2681152326986194
  landing: 0.02098161354660988
  view-data: 0.027404564432799816
