times:
  edit-metadata: 2.0216483790427446
  landing: 0.2551836483180523
  view-data: 0.3909377660602331
