times:
  edit-metadata: 1.359056955203414
  landing: 0.020541301928460598
  view-data: 0.02530789189040661
