times:
  edit-metadata: 0.8054174100980163
  landing: 0.07611208176240325
  view-data: 0.2121092937886715
