times:
  edit-metadata: 1.3952167928218842
  landing: 0.019462229683995247
  view-data: 0.37343259155750275
