times:
  edit-metadata: 1.297866839915514
  landing: 0.12050176784396172
  view-data: 0.027013558894395828
