times:
  edit-metadata: 1.3228909317404032
  landing: 0.01909516006708145
  view-data: 0.0231288094073534
