times:
  edit-metadata: 1.3440682049840689
  landing: 0.14138274639844894
  view-data: 0.026653265580534935
