times:
  edit-metadata: 1.3542805593460798
  landing: 0.14139027148485184
  view-data: 0.3430390451103449
