times:
  edit-metadata: 0.7654627687297761
  landing: 0.05990178231149912
  view-data: 0.20203921431675553
