times:
  edit-metadata: 1.710585955530405
  landing: 0.020022543147206306
  view-data: 0.02609013020992279
