times:
  edit-metadata: 1.605422856286168
  landing: 0.20211810991168022
  view-data: 0.158287201076746
