times:
  edit-metadata: 1.3069622032344341
  landing: 0.12639926001429558
  view-data: 0.2967036757618189
