times:
  edit-metadata: 1.3496242128312588
  landing: 0.24569184705615044
  view-data: 0.022824810817837715
