times:
  edit-metadata: 1.4746333993971348
  landing: 0.23491100780665874
  view-data: 0.33192289993166924
