times:
  edit-metadata: 0.5462466380558908
  landing: 0.07768450491130352
  view-data: 0.35604987293481827
