times:
  edit-metadata: 1.3458455596119165
  landing: 0.19634193368256092
  view-data: 0.05190068297088146
