times:
  edit-metadata: 0.5147020192816854
  landing: 0.05138888908550143
  view-data: 0.25337934074923396
