times:
  edit-metadata: 0.4734623320400715
  landing: 0.07083953823894262
  view-data: 0.190793352201581
