times:
  edit-metadata: 1.3593926411122084
  landing: 0.12744196318089962
  view-data: 0.022342586889863014
