times:
  edit-metadata: 1.4006026554852724
  landing: 0.13058269396424294
  view-data: 0.025572631508111954
