times:
  edit-metadata: 1.3541897684335709
  landing: 0.1950488742440939
  view-data: 0.33766503632068634
