times:
  edit-metadata: 1.4092798437923193
  landing: 0.19370334409177303
  view-data: 0.2966537345200777
