times:
  edit-metadata: 1.332098288461566
  landing: 0.14578567072749138
  view-data: 0.3424783032387495
