times:
  edit-metadata: 1.3828077986836433
  landing: 0.2574354372918606
  view-data: 0.2039138786494732
