times:
  edit-metadata: 0.5201543080620468
  landing: 0.04451099177822471
  view-data: 0.21380565268918872
