times:
  edit-metadata: 1.355315651744604
  landing: 0.24196435697376728
  view-data: 0.02989559806883335
