times:
  edit-metadata: 1.378162033855915
  landing: 0.20690668188035488
  view-data: 0.48144575767219067
