times:
  edit-metadata: 1.499890061095357
  landing: 0.023730795830488205
  view-data: 0.025208819657564163
