times:
  edit-metadata: 1.3618360087275505
  landing: 0.019834622740745544
  view-data: 0.02740974724292755
