times:
  edit-metadata: 1.39240731485188
  landing: 0.23215630743652582
  view-data: 0.3635552544146776
