times:
  edit-metadata: 1.4633543128147721
  landing: 0.04353222995996475
  view-data: 0.022302492521703243
