times:
  edit-metadata: 2.005635203793645
  landing: 0.20011873543262482
  view-data: 0.43018870800733566
