times:
  edit-metadata: 1.534036135300994
  landing: 0.3305394947528839
  view-data: 0.3570924624800682
