times:
  edit-metadata: 1.3716050302609801
  landing: 0.02145436964929104
  view-data: 0.4200425986200571
