times:
  edit-metadata: 1.402805082499981
  landing: 0.02083035372197628
  view-data: 0.12656127475202084
