times:
  edit-metadata: 0.6121938559226692
  landing: 0.056879410054534674
  view-data: 0.3005626709200442
