times:
  edit-metadata: 1.661228271201253
  landing: 0.018038516864180565
  view-data: 0.31872483529150486
