times:
  edit-metadata: 1.6975109446793795
  landing: 0.060494810342788696
  view-data: 0.31689003854990005
