times:
  edit-metadata: 0.668871505651623
  landing: 0.18432830041274428
  view-data: 0.28063438134267926
