times:
  edit-metadata: 1.3713216111063957
  landing: 0.01950247958302498
  view-data: 0.02514430694282055
