times:
  edit-metadata: 1.5213940124958754
  landing: 0.02469790168106556
  view-data: 0.38798988424241543
