times:
  edit-metadata: 1.3863015733659267
  landing: 0.019143301993608475
  view-data: 0.022480256855487823
