times:
  edit-metadata: 1.7448170920833945
  landing: 0.020057865418493748
  view-data: 0.023390999995172024
