times:
  edit-metadata: 1.4587026070803404
  landing: 0.1473805084824562
  view-data: 0.13955975510179996
