times:
  edit-metadata: 1.6300938837230206
  landing: 0.25358137115836143
  view-data: 0.13238663971424103
