times:
  edit-metadata: 0.5052484315820038
  landing: 0.08512202417477965
  view-data: 0.2019432378001511
