times:
  edit-metadata: 1.6075996477156878
  landing: 0.2669411897659302
  view-data: 0.41443946957588196
