times:
  edit-metadata: 1.2759398380294442
  landing: 0.16891163494437933
  view-data: 0.025887155905365944
