times:
  edit-metadata: 1.3560079680755734
  landing: 0.20641657710075378
  view-data: 0.41070348024368286
