times:
  edit-metadata: 1.689833041280508
  landing: 0.022190973162651062
  view-data: 0.519372807815671
