times:
  edit-metadata: 1.6234146859496832
  landing: 0.1607393678277731
  view-data: 0.39665465615689754
