times:
  edit-metadata: 1.3553557991981506
  landing: 0.1471454817801714
  view-data: 0.024348821491003036
