times:
  edit-metadata: 1.3092899434268475
  landing: 0.019589180126786232
  view-data: 0.026212597265839577
