times:
  edit-metadata: 1.2589818378910422
  landing: 0.18111670296639204
  view-data: 0.025260550901293755
