times:
  edit-metadata: 1.516309928148985
  landing: 0.26641069538891315
  view-data: 0.027104312554001808
