times:
  edit-metadata: 1.5936188232153654
  landing: 0.25335368514060974
  view-data: 0.38353256508708
