times:
  edit-metadata: 0.6594523587264121
  landing: 0.13868221594020724
  view-data: 0.21330130426213145
