times:
  edit-metadata: 1.3458641320466995
  landing: 0.19401688687503338
  view-data: 0.02368791215121746
