times:
  edit-metadata: 1.3174214027822018
  landing: 0.019871463999152184
  view-data: 0.024938169866800308
