times:
  edit-metadata: 1.660423893481493
  landing: 0.16167990490794182
  view-data: 0.15036309324204922
