times:
  edit-metadata: 1.2901518046855927
  landing: 0.019687097519636154
  view-data: 0.3280892316251993
