times:
  edit-metadata: 1.3324968479573727
  landing: 0.12196624092757702
  view-data: 0.026262585073709488
