times:
  edit-metadata: 1.5080235488712788
  landing: 0.021130971610546112
  view-data: 0.027679912745952606
