times:
  edit-metadata: 1.691963067278266
  landing: 0.2757905665785074
  view-data: 0.26174435019493103
