times:
  edit-metadata: 1.327835263684392
  landing: 0.02057124301791191
  view-data: 0.1538656298071146
