times:
  edit-metadata: 1.3050376661121845
  landing: 0.01950615458190441
  view-data: 0.024403506889939308
