times:
  edit-metadata: 1.5547906383872032
  landing: 0.20552725158631802
  view-data: 0.3182726074010134
