times:
  edit-metadata: 0.4758660071529448
  landing: 0.14127581287175417
  view-data: 0.2125527490861714
