times:
  edit-metadata: 1.3630437161773443
  landing: 0.020641954615712166
  view-data: 0.022002415731549263
