times:
  edit-metadata: 1.3554927445948124
  landing: 0.135844387114048
  view-data: 0.02528822235763073
