times:
  edit-metadata: 1.3406875133514404
  landing: 0.1785267135128379
  view-data: 0.024328154511749744
