times:
  edit-metadata: 1.3986115204170346
  landing: 0.1235302472487092
  view-data: 0.027315324172377586
