times:
  edit-metadata: 1.3882955312728882
  landing: 0.021345701068639755
  view-data: 0.2820662837475538
