times:
  edit-metadata: 1.6093481499701738
  landing: 0.02150740474462509
  view-data: 0.3465410601347685
