times:
  edit-metadata: 1.3633032869547606
  landing: 0.022470682859420776
  view-data: 0.02327420562505722
