times:
  edit-metadata: 1.4975077081471682
  landing: 0.20528112538158894
  view-data: 0.26882823929190636
