times:
  edit-metadata: 0.47845806600525975
  landing: 0.07175639597699046
  view-data: 0.20368579169735312
