times:
  edit-metadata: 1.311371946707368
  landing: 0.021939847618341446
  view-data: 0.02723108511418104
