times:
  edit-metadata: 1.3040500544011593
  landing: 0.018923424184322357
  view-data: 0.12206421419978142
