times:
  edit-metadata: 1.3152308519929647
  landing: 0.019425688311457634
  view-data: 0.12561470456421375
