times:
  edit-metadata: 0.5252666659653187
  landing: 0.05347694596275687
  view-data: 0.2825874970294535
