times:
  edit-metadata: 1.5589821180328727
  landing: 0.020411137491464615
  view-data: 0.03329645935446024
