times:
  edit-metadata: 1.3914021123200655
  landing: 0.2311959657818079
  view-data: 0.15107802487909794
