times:
  edit-metadata: 1.7687638103961945
  landing: 0.24973713606595993
  view-data: 0.14036429300904274
