times:
  edit-metadata: 1.5179627537727356
  landing: 0.17768653482198715
  view-data: 0.026590736582875252
