times:
  edit-metadata: 1.782656179741025
  landing: 0.28556666895747185
  view-data: 0.41987645998597145
