times:
  edit-metadata: 0.6613118946552277
  landing: 0.07122643990442157
  view-data: 0.2543635657057166
