times:
  edit-metadata: 0.4852326647378504
  landing: 0.06268066074699163
  view-data: 0.3469526250846684
