times:
  edit-metadata: 1.3902244847267866
  landing: 0.020790940150618553
  view-data: 0.3119921628385782
