times:
  edit-metadata: 1.3686903743073344
  landing: 0.019968301989138126
  view-data: 0.13494141958653927
