times:
  edit-metadata: 1.3600505199283361
  landing: 0.01940174773335457
  view-data: 0.023166047409176826
