times:
  edit-metadata: 2.1833146680146456
  landing: 0.19916167482733727
  view-data: 0.1387579794973135
