times:
  edit-metadata: 1.5719988085329533
  landing: 0.2349438276141882
  view-data: 0.34297898411750793
