times:
  edit-metadata: 1.519888048991561
  landing: 0.2874322608113289
  view-data: 0.024095701053738594
