times:
  edit-metadata: 1.452750215306878
  landing: 0.1574821751564741
  view-data: 0.026938648894429207
