times:
  edit-metadata: 1.4035272654145956
  landing: 0.024691158905625343
  view-data: 0.026645202189683914
