times:
  edit-metadata: 2.925651627010666
  landing: 0.39140241796849295
  view-data: 0.5918245229986496
