times:
  edit-metadata: 1.300619361922145
  landing: 0.020133832469582558
  view-data: 0.024529825896024704
