times:
  edit-metadata: 1.4058095486834645
  landing: 0.22035627253353596
  view-data: 0.4330072794109583
