times:
  edit-metadata: 1.3627858944237232
  landing: 0.018809795379638672
  view-data: 0.027202660217881203
