times:
  edit-metadata: 0.6426456486806273
  landing: 0.10577820613980293
  view-data: 0.22545610181987286
