times:
  edit-metadata: 0.48573094327002764
  landing: 0.09337775409221649
  view-data: 0.21755135897547007
