times:
  edit-metadata: 1.396317446604371
  landing: 0.021343540400266647
  view-data: 0.16882398910820484
