times:
  edit-metadata: 1.3314755894243717
  landing: 0.01997680962085724
  view-data: 0.028675101697444916
