times:
  edit-metadata: 1.5579004883766174
  landing: 0.27312303334474564
  view-data: 0.3560738433152437
