times:
  edit-metadata: 1.3506575487554073
  landing: 0.0199691504240036
  view-data: 0.02510151080787182
