times:
  edit-metadata: 0.6915689161978662
  landing: 0.06602827599272132
  view-data: 0.30621265014633536
