times:
  edit-metadata: 1.4970999732613564
  landing: 0.15233662724494934
  view-data: 0.4151351973414421
