times:
  edit-metadata: 1.2751297894865274
  landing: 0.1774565950036049
  view-data: 0.28917996771633625
