times:
  edit-metadata: 1.2726058047264814
  landing: 0.022481538355350494
  view-data: 0.026473923586308956
