times:
  edit-metadata: 1.3445804100483656
  landing: 0.02060340903699398
  view-data: 0.13786210492253304
