times:
  edit-metadata: 1.4597598193213344
  landing: 0.192055344581604
  view-data: 0.027775093913078308
