times:
  edit-metadata: 1.2974455989897251
  landing: 0.02116619236767292
  view-data: 0.02569507621228695
