times:
  edit-metadata: 0.5566140240989625
  landing: 0.1693867421709001
  view-data: 0.22220518486574292
