times:
  edit-metadata: 1.5229989308863878
  landing: 0.17548264004290104
  view-data: 0.02512221969664097
