times:
  edit-metadata: 1.3259624475613236
  landing: 0.1469427766278386
  view-data: 0.30392203107476234
