times:
  edit-metadata: 1.4474789332598448
  landing: 0.021509656682610512
  view-data: 0.027224736288189888
