times:
  edit-metadata: 1.4500399567186832
  landing: 0.02100897952914238
  view-data: 0.027203014120459557
