times:
  edit-metadata: 0.629030620213598
  landing: 0.10907771810889244
  view-data: 0.2001104587689042
