times:
  edit-metadata: 1.3353038616478443
  landing: 0.023024488240480423
  view-data: 0.02564377337694168
