times:
  edit-metadata: 2.077594308182597
  landing: 0.35751749388873577
  view-data: 0.22687026858329773
