times:
  edit-metadata: 1.3766267336905003
  landing: 0.019057443365454674
  view-data: 0.02409796603024006
