times:
  edit-metadata: 1.6723761688917875
  landing: 0.15686284191906452
  view-data: 0.3713786359876394
