times:
  edit-metadata: 0.5516190379858017
  landing: 0.21312989108264446
  view-data: 0.21226619789376855
