times:
  edit-metadata: 1.5987099800258875
  landing: 0.24859497882425785
  view-data: 0.4838386960327625
