times:
  edit-metadata: 1.9129621731117368
  landing: 0.1494130427017808
  view-data: 0.47442248929291964
