times:
  edit-metadata: 1.3718484472483397
  landing: 0.12230686843395233
  view-data: 0.33069049939513206
