times:
  edit-metadata: 1.2722316943109035
  landing: 0.021633842960000038
  view-data: 0.023356948979198933
