times:
  edit-metadata: 1.36627874430269
  landing: 0.11573214549571276
  view-data: 0.4680759385228157
