times:
  edit-metadata: 1.3775453343987465
  landing: 0.1306009730324149
  view-data: 0.05009716376662254
