times:
  edit-metadata: 0.7392346598207951
  landing: 0.044116643723100424
  view-data: 0.2604805612936616
