times:
  edit-metadata: 1.4911274332553148
  landing: 0.02136138454079628
  view-data: 0.3812139742076397
