times:
  edit-metadata: 1.5890869200229645
  landing: 0.15828372724354267
  view-data: 0.02220149338245392
