times:
  edit-metadata: 1.3564340537413955
  landing: 0.01921377331018448
  view-data: 0.23232493177056313
