times:
  edit-metadata: 0.5014808988198638
  landing: 0.06940721720457077
  view-data: 0.21171570476144552
