times:
  edit-metadata: 1.328250851482153
  landing: 0.019100883975625038
  view-data: 0.02726828306913376
