times:
  edit-metadata: 1.309906616806984
  landing: 0.021861527115106583
  view-data: 0.027289751917123795
