times:
  edit-metadata: 0.4749621571972966
  landing: 0.07470407290384173
  view-data: 0.21243317611515522
