times:
  edit-metadata: 1.3068077471107244
  landing: 0.022191569209098816
  view-data: 0.3209220115095377
