times:
  edit-metadata: 0.6220125020481646
  landing: 0.07910455204546452
  view-data: 0.21223245095461607
