times:
  edit-metadata: 1.9388155695050955
  landing: 0.2117574904114008
  view-data: 0.40808507427573204
