times:
  edit-metadata: 1.426073307171464
  landing: 0.019039122387766838
  view-data: 0.02986706607043743
