times:
  edit-metadata: 1.6384652331471443
  landing: 0.021543169394135475
  view-data: 0.1489050704985857
