times:
  edit-metadata: 1.7762179700657725
  landing: 0.02160558570176363
  view-data: 0.12681662756949663
