times:
  edit-metadata: 1.4091906463727355
  landing: 0.22967528831213713
  view-data: 0.22260609455406666
