times:
  edit-metadata: 1.301177667453885
  landing: 0.020962050184607506
  view-data: 0.026047132909297943
