times:
  edit-metadata: 1.3099825326353312
  landing: 0.019793296232819557
  view-data: 0.022376667708158493
