times:
  edit-metadata: 1.5500506237149239
  landing: 0.3117209542542696
  view-data: 0.3557766489684582
