times:
  edit-metadata: 1.4961647521704435
  landing: 0.26396450959146023
  view-data: 0.19192823581397533
