times:
  edit-metadata: 1.4880863390862942
  landing: 0.167641157284379
  view-data: 0.1853415034711361
