times:
  edit-metadata: 0.4795188931748271
  landing: 0.040130495093762875
  view-data: 0.4648378109559417
