times:
  edit-metadata: 0.40390575118362904
  landing: 0.04642744641751051
  view-data: 0.4425915079191327
