times:
  edit-metadata: 0.43334402330219746
  landing: 0.042783161625266075
  view-data: 0.2094309739768505
