times:
  edit-metadata: 0.5181405832991004
  landing: 0.04005612060427666
  view-data: 0.32753928005695343
