times:
  edit-metadata: 0.4443466388620436
  landing: 0.056172034703195095
  view-data: 0.32069068774580956
