times:
  edit-metadata: 0.4962943638674915
  landing: 0.046174125745892525
  view-data: 0.3320990293286741
