times:
  edit-metadata: 0.42412874661386013
  landing: 0.04704843182116747
  view-data: 0.23561321385204792
