times:
  edit-metadata: 0.4190316768363118
  landing: 0.05084408354014158
  view-data: 0.2176615335047245
