times:
  edit-metadata: 0.47343860007822514
  landing: 0.04857434378936887
  view-data: 0.43479684880003333
