times:
  edit-metadata: 0.451710173394531
  landing: 0.0506257307715714
  view-data: 0.32062154076993465
