times:
  edit-metadata: 1.3970801196992397
  landing: 0.14274903945624828
  view-data: 0.02411363646388054
