times:
  edit-metadata: 1.4825878459960222
  landing: 0.02245263382792473
  view-data: 0.02546265907585621
