times:
  edit-metadata: 0.8342465939931571
  landing: 0.0824647480621934
  view-data: 0.20638367487117648
