times:
  edit-metadata: 1.6820119693875313
  landing: 0.26692776940762997
  view-data: 0.05234679952263832
