times:
  edit-metadata: 1.444816093891859
  landing: 0.020950380712747574
  view-data: 0.025384318083524704
