times:
  edit-metadata: 1.4466707408428192
  landing: 0.12924962397664785
  view-data: 0.023963525891304016
