times:
  edit-metadata: 1.5195676796138287
  landing: 0.20325375348329544
  view-data: 0.3037875182926655
