times:
  edit-metadata: 1.4121607188135386
  landing: 0.019062960520386696
  view-data: 0.30694893188774586
