times:
  edit-metadata: 1.7360790371894836
  landing: 0.14744505193084478
  view-data: 0.04746498540043831
