times:
  edit-metadata: 1.618214212357998
  landing: 0.27848906442523
  view-data: 0.393826836720109
