times:
  edit-metadata: 1.4883102476596832
  landing: 0.12560264021158218
  view-data: 0.12056358717381954
