times:
  edit-metadata: 1.4987504025921226
  landing: 0.1839671991765499
  view-data: 0.3684221627190709
