times:
  edit-metadata: 1.631621677428484
  landing: 0.19583254680037498
  view-data: 0.3197270482778549
