times:
  edit-metadata: 1.5061738565564156
  landing: 0.019254307262599468
  view-data: 0.2697862507775426
