times:
  edit-metadata: 1.4127689562737942
  landing: 0.12784427218139172
  view-data: 0.2826536577194929
