times:
  edit-metadata: 1.4328848803415895
  landing: 0.022232627496123314
  view-data: 0.02868067007511854
