times:
  edit-metadata: 0.6913770991377532
  landing: 0.16508889570832253
  view-data: 0.3259696918539703
