times:
  edit-metadata: 1.3726233737543225
  landing: 0.020278499461710453
  view-data: 0.12037572544068098
