times:
  edit-metadata: 1.4618553509935737
  landing: 0.022006938233971596
  view-data: 0.10147686023265123
