times:
  edit-metadata: 1.5349600985646248
  landing: 0.01992251444607973
  view-data: 0.027011360973119736
