times:
  edit-metadata: 1.6254700664430857
  landing: 0.16369351372122765
  view-data: 0.15564478933811188
