times:
  edit-metadata: 1.5146835036575794
  landing: 0.021779129281640053
  view-data: 0.3612811714410782
