times:
  edit-metadata: 1.8645969331264496
  landing: 0.28061105497181416
  view-data: 0.3740894366055727
