times:
  edit-metadata: 1.593928774818778
  landing: 0.027669036760926247
  view-data: 0.02664986252784729
