times:
  edit-metadata: 0.7536205509677529
  landing: 0.1828745910897851
  view-data: 0.2812757375650108
