times:
  edit-metadata: 0.5708347759209573
  landing: 0.07256763009354472
  view-data: 0.21533565921708941
