times:
  edit-metadata: 1.4297859463840723
  landing: 0.022871386259794235
  view-data: 0.12310722097754478
