times:
  edit-metadata: 0.5896706422790885
  landing: 0.08850434189662337
  view-data: 0.2190161938779056
