times:
  edit-metadata: 1.9081407003104687
  landing: 0.021060490980744362
  view-data: 0.4838921595364809
