times:
  edit-metadata: 1.4659827537834644
  landing: 0.018829956650733948
  view-data: 0.022832082584500313
