times:
  edit-metadata: 1.407443879172206
  landing: 0.019137511029839516
  view-data: 0.02288125455379486
