times:
  edit-metadata: 1.5543004106730223
  landing: 0.025709427893161774
  view-data: 0.3925329316407442
