times:
  edit-metadata: 1.433720306493342
  landing: 0.02249198965728283
  view-data: 0.023625340312719345
