times:
  edit-metadata: 0.5910796336829662
  landing: 0.05000143498182297
  view-data: 0.20779352029785514
