times:
  edit-metadata: 1.4741554651409388
  landing: 0.0199163518846035
  view-data: 0.025159353390336037
