times:
  edit-metadata: 1.5147534739226103
  landing: 0.02197483368217945
  view-data: 0.025916097685694695
