times:
  edit-metadata: 1.4203359372913837
  landing: 0.2241051960736513
  view-data: 0.02321457490324974
