times:
  edit-metadata: 1.4829095229506493
  landing: 0.2309996336698532
  view-data: 0.18530926294624805
