times:
  edit-metadata: 1.724539783783257
  landing: 0.018390917219221592
  view-data: 0.05113789439201355
