times:
  edit-metadata: 1.566140815615654
  landing: 0.019354810938239098
  view-data: 0.284600717946887
