times:
  edit-metadata: 1.4806947521865368
  landing: 0.22486733831465244
  view-data: 0.3805783987045288
