times:
  edit-metadata: 1.528031475841999
  landing: 0.021558908745646477
  view-data: 0.049663735553622246
