times:
  edit-metadata: 1.5029351525008678
  landing: 0.2929725404828787
  view-data: 0.1328290030360222
