times:
  edit-metadata: 1.3952258853241801
  landing: 0.11450875364243984
  view-data: 0.03195932321250439
