times:
  edit-metadata: 1.5814639646559954
  landing: 0.025848791003227234
  view-data: 0.4798751100897789
