times:
  edit-metadata: 1.4541299566626549
  landing: 0.2426678165793419
  view-data: 0.3040591664612293
