times:
  edit-metadata: 1.4421658609062433
  landing: 0.021199693903326988
  view-data: 0.31911152973771095
