times:
  edit-metadata: 1.4669860936701298
  landing: 0.1503803413361311
  view-data: 0.10262049362063408
