times:
  edit-metadata: 0.5597482570447028
  landing: 0.07312772516161203
  view-data: 0.22203626111149788
