times:
  edit-metadata: 0.5865816241130233
  landing: 0.11397529393434525
  view-data: 0.2825980526395142
