times:
  edit-metadata: 1.4522965047508478
  landing: 0.020339567214250565
  view-data: 0.026074692606925964
