times:
  edit-metadata: 1.5542481932789087
  landing: 0.020499772392213345
  view-data: 0.026079929433763027
