times:
  edit-metadata: 1.4341990482062101
  landing: 0.023789633065462112
  view-data: 0.02688082493841648
