times:
  edit-metadata: 1.7137789763510227
  landing: 0.20657502487301826
  view-data: 0.33373872749507427
