times:
  edit-metadata: 2.056969741359353
  landing: 0.22317135892808437
  view-data: 0.44449704326689243
