times:
  edit-metadata: 2.2796730175614357
  landing: 0.37094318121671677
  view-data: 0.36799876764416695
