times:
  edit-metadata: 0.6665656240656972
  landing: 0.07387887127697468
  view-data: 0.30785705940797925
