times:
  edit-metadata: 0.7041245307773352
  landing: 0.10550546133890748
  view-data: 0.2965588322840631
