times:
  edit-metadata: 0.5661802790127695
  landing: 0.06960825016722083
  view-data: 0.22204297222197056
