times:
  edit-metadata: 1.7996527794748545
  landing: 0.14399211294949055
  view-data: 0.3300450313836336
