times:
  edit-metadata: 2.34155329503119
  landing: 0.2362771723419428
  view-data: 0.42627308517694473
