times:
  edit-metadata: 0.8669989421032369
  landing: 0.06642711581662297
  view-data: 0.22270954307168722
