times:
  edit-metadata: 1.4379897825419903
  landing: 0.021847764030098915
  view-data: 0.02732444740831852
