times:
  edit-metadata: 1.7015342339873314
  landing: 0.26656186766922474
  view-data: 0.46457649022340775
