times:
  edit-metadata: 0.6555269728414714
  landing: 0.07522336579859257
  view-data: 0.21284900605678558
