times:
  edit-metadata: 1.5409152414649725
  landing: 0.021262947469949722
  view-data: 0.025429174304008484
