times:
  edit-metadata: 0.6455874070525169
  landing: 0.056135570630431175
  view-data: 0.31570762302726507
