times:
  edit-metadata: 1.508430054411292
  landing: 0.13610175903886557
  view-data: 0.46955005172640085
