times:
  edit-metadata: 1.5703622046858072
  landing: 0.02176808752119541
  view-data: 0.10711449570953846
