times:
  edit-metadata: 1.4647467751055956
  landing: 0.025026779621839523
  view-data: 0.027369670569896698
