times:
  edit-metadata: 1.652467219159007
  landing: 0.22138291411101818
  view-data: 0.026076605543494225
