times:
  edit-metadata: 1.4302151966840029
  landing: 0.04951614886522293
  view-data: 0.028344037011265755
