times:
  edit-metadata: 0.5809260667301714
  landing: 0.05154303414747119
  view-data: 0.29279710398986936
