times:
  edit-metadata: 0.5557076558470726
  landing: 0.06675053434446454
  view-data: 0.22006810829043388
