times:
  edit-metadata: 1.634619377553463
  landing: 0.024566540494561195
  view-data: 0.33210607804358006
