times:
  edit-metadata: 0.8120299717411399
  landing: 0.05034876195713878
  view-data: 0.2395687629468739
