times:
  edit-metadata: 1.4453877825289965
  landing: 0.01901792548596859
  view-data: 0.24853447079658508
