times:
  edit-metadata: 1.4634331278502941
  landing: 0.018688167445361614
  view-data: 0.43963137548416853
