times:
  edit-metadata: 1.4885073583573103
  landing: 0.019651073962450027
  view-data: 0.026272058486938477
