times:
  edit-metadata: 1.7627421412616968
  landing: 0.164935490116477
  view-data: 0.3831236753612757
