times:
  edit-metadata: 1.3821413982659578
  landing: 0.24048628844320774
  view-data: 0.46946266759186983
