times:
  edit-metadata: 1.6145546082407236
  landing: 0.052561523392796516
  view-data: 0.3031223453581333
