times:
  edit-metadata: 1.9750390266999602
  landing: 0.3123206226155162
  view-data: 0.2073127944022417
