times:
  edit-metadata: 1.4569790977984667
  landing: 0.15776232443749905
  view-data: 0.2512983502820134
