times:
  edit-metadata: 0.6127763870172203
  landing: 0.057691175024956465
  view-data: 0.2751717809587717
