times:
  edit-metadata: 1.444690404459834
  landing: 0.021835705265402794
  view-data: 0.14068640023469925
