times:
  edit-metadata: 1.4813333796337247
  landing: 0.23599556740373373
  view-data: 0.48034211713820696
