times:
  edit-metadata: 2.091867797076702
  landing: 0.3703202083706856
  view-data: 0.3826189711689949
