times:
  edit-metadata: 1.7625604085624218
  landing: 0.022856803610920906
  view-data: 0.46797951497137547
