times:
  edit-metadata: 0.631491722073406
  landing: 0.07370752515271306
  view-data: 0.29387678299099207
