times:
  edit-metadata: 1.5796191450208426
  landing: 0.23759586736559868
  view-data: 0.32244344614446163
