times:
  edit-metadata: 1.4448046907782555
  landing: 0.019841156899929047
  view-data: 0.027163146063685417
