times:
  edit-metadata: 1.493983605876565
  landing: 0.14851020835340023
  view-data: 0.3709609042853117
