times:
  edit-metadata: 1.6564385648816824
  landing: 0.37372926622629166
  view-data: 0.3981827050447464
