times:
  edit-metadata: 1.5007578153163195
  landing: 0.022447088733315468
  view-data: 0.3106772508472204
