times:
  edit-metadata: 1.5009218882769346
  landing: 0.020459020510315895
  view-data: 0.13957289420068264
