times:
  edit-metadata: 1.4522450771182775
  landing: 0.21192012913525105
  view-data: 0.025227174162864685
