times:
  edit-metadata: 1.679745052009821
  landing: 0.22347309067845345
  view-data: 0.18111474253237247
