times:
  edit-metadata: 1.450965715572238
  landing: 0.018451660871505737
  view-data: 0.02453729137778282
