times:
  edit-metadata: 1.3716843593865633
  landing: 0.20575316902250051
  view-data: 0.38953877333551645
