times:
  edit-metadata: 1.466648317873478
  landing: 0.13823440298438072
  view-data: 0.023837590590119362
