times:
  edit-metadata: 1.4339819829910994
  landing: 0.02172757126390934
  view-data: 0.025534743443131447
