times:
  edit-metadata: 1.4912755452096462
  landing: 0.024462949484586716
  view-data: 0.025541292503476143
