times:
  edit-metadata: 1.4286741074174643
  landing: 0.018597356975078583
  view-data: 0.0259401798248291
