times:
  edit-metadata: 1.4082576632499695
  landing: 0.18684310093522072
  view-data: 0.023658625781536102
