times:
  edit-metadata: 1.5363162271678448
  landing: 0.023227745667099953
  view-data: 0.29510902985930443
