times:
  edit-metadata: 1.4825709480792284
  landing: 0.01979123055934906
  view-data: 0.023700464516878128
