times:
  edit-metadata: 1.479820555076003
  landing: 0.019145743921399117
  view-data: 0.026103751733899117
