times:
  edit-metadata: 1.4252497907727957
  landing: 0.020126422867178917
  view-data: 0.023730741813778877
