times:
  edit-metadata: 1.6646376345306635
  landing: 0.23478190042078495
  view-data: 0.16995208337903023
