times:
  edit-metadata: 1.6156817823648453
  landing: 0.1847398430109024
  view-data: 0.5165768545120955
