times:
  edit-metadata: 1.426950323395431
  landing: 0.24364757537841797
  view-data: 0.02220737561583519
