times:
  edit-metadata: 1.5457079038023949
  landing: 0.022709891200065613
  view-data: 0.027214214205741882
