times:
  edit-metadata: 1.4248202443122864
  landing: 0.022837327793240547
  view-data: 0.027687489986419678
