times:
  edit-metadata: 1.4752480275928974
  landing: 0.019728319719433784
  view-data: 0.023957540281116962
