times:
  edit-metadata: 1.4329804349690676
  landing: 0.02365424670279026
  view-data: 0.028513409197330475
