times:
  edit-metadata: 1.4271475095301867
  landing: 0.11506045237183571
  view-data: 0.024563095532357693
