times:
  edit-metadata: 1.743436811491847
  landing: 0.16641482897102833
  view-data: 0.16745159961283207
