times:
  edit-metadata: 1.8985556084662676
  landing: 0.14098422415554523
  view-data: 0.15770476683974266
