times:
  edit-metadata: 1.8525051921606064
  landing: 0.061592260375618935
  view-data: 0.030350718647241592
