times:
  edit-metadata: 1.5756537839770317
  landing: 0.19082661531865597
  view-data: 0.259012121707201
