times:
  edit-metadata: 1.4635393442586064
  landing: 0.14530569035559893
  view-data: 0.5466766115278006
