times:
  edit-metadata: 1.4559180177748203
  landing: 0.02296648919582367
  view-data: 0.027005935087800026
