times:
  edit-metadata: 0.7711274609901011
  landing: 0.15009561693295836
  view-data: 0.2003469206392765
