times:
  edit-metadata: 1.5468326546251774
  landing: 0.01914333552122116
  view-data: 0.026366138830780983
