times:
  edit-metadata: 1.4260491654276848
  landing: 0.018428683280944824
  view-data: 0.027438435703516006
