times:
  edit-metadata: 1.4504284672439098
  landing: 0.019863300025463104
  view-data: 0.2946749087423086
