times:
  edit-metadata: 1.6012377124279737
  landing: 0.25121877901256084
  view-data: 0.12284762784838676
