times:
  edit-metadata: 1.479849275201559
  landing: 0.122286107391119
  view-data: 0.13241186551749706
