times:
  edit-metadata: 1.448339695110917
  landing: 0.13851154781877995
  view-data: 0.304742731153965
