times:
  edit-metadata: 1.3871901845559478
  landing: 0.019183384254574776
  view-data: 0.47002759482711554
