times:
  edit-metadata: 1.4498656447976828
  landing: 0.02122914232313633
  view-data: 0.026926301419734955
