times:
  edit-metadata: 1.4164595548063517
  landing: 0.02284834533929825
  view-data: 0.025573959574103355
