times:
  edit-metadata: 1.8698361795395613
  landing: 0.02190033718943596
  view-data: 0.46183464489877224
