times:
  edit-metadata: 0.5794709506444633
  landing: 0.0794202322140336
  view-data: 0.22524709906429052
