times:
  edit-metadata: 1.4121560100466013
  landing: 0.1925447229295969
  view-data: 0.12259072531014681
