times:
  edit-metadata: 1.4245260311290622
  landing: 0.15645340736955404
  view-data: 0.09464053809642792
