times:
  edit-metadata: 0.6015828331001103
  landing: 0.04231694480404258
  view-data: 0.2081948579289019
