times:
  edit-metadata: 1.6064144149422646
  landing: 0.23732801713049412
  view-data: 0.1573427990078926
