times:
  edit-metadata: 1.6288734767585993
  landing: 0.41109137888997793
  view-data: 0.032240779139101505
