times:
  edit-metadata: 0.5564222135581076
  landing: 0.13034152705222368
  view-data: 0.3069192231632769
