times:
  edit-metadata: 0.57100471528247
  landing: 0.19013501005247235
  view-data: 0.2311931410804391
