times:
  edit-metadata: 1.5058480761945248
  landing: 0.12035117857158184
  view-data: 0.3461947925388813
