times:
  edit-metadata: 1.724420189857483
  landing: 0.03675574250519276
  view-data: 0.15534687787294388
