times:
  edit-metadata: 1.5820427518337965
  landing: 0.02353205531835556
  view-data: 0.15888413786888123
