times:
  edit-metadata: 0.5695056840777397
  landing: 0.06470598885789514
  view-data: 0.22613384295254946
