times:
  edit-metadata: 1.3728457130491734
  landing: 0.1316645322367549
  view-data: 0.4227583175525069
