times:
  edit-metadata: 1.695388562977314
  landing: 0.05395570024847984
  view-data: 0.37632068060338497
