times:
  edit-metadata: 1.4077403228729963
  landing: 0.02172386273741722
  view-data: 0.12217136472463608
