times:
  edit-metadata: 1.454487381502986
  landing: 0.021895727142691612
  view-data: 0.033731019124388695
