times:
  edit-metadata: 1.7896034810692072
  landing: 0.21740177646279335
  view-data: 0.1703669372946024
