times:
  edit-metadata: 1.5907926969230175
  landing: 0.14485761523246765
  view-data: 0.024102216586470604
