times:
  edit-metadata: 1.4265511203557253
  landing: 0.1370927281677723
  view-data: 0.13941344991326332
