times:
  edit-metadata: 0.6831321977078915
  landing: 0.06589181069284678
  view-data: 0.301870706025511
