times:
  edit-metadata: 1.400912201963365
  landing: 0.19216904323548079
  view-data: 0.3852492766454816
