times:
  edit-metadata: 1.4023675080388784
  landing: 0.020614197477698326
  view-data: 0.027015862986445427
