times:
  edit-metadata: 2.4799074959009886
  landing: 0.2685178965330124
  view-data: 0.24342288076877594
