times:
  edit-metadata: 1.7639945317059755
  landing: 0.26092586293816566
  view-data: 0.5806780364364386
