times:
  edit-metadata: 1.7059017438441515
  landing: 0.025788867846131325
  view-data: 0.3344864472746849
