times:
  edit-metadata: 0.7378859939053655
  landing: 0.06256483308970928
  view-data: 0.2748690340667963
