times:
  edit-metadata: 1.8532590996474028
  landing: 0.24276414141058922
  view-data: 0.4625862408429384
