times:
  edit-metadata: 1.4583694394677877
  landing: 0.0189763605594635
  view-data: 0.31741279922425747
