times:
  edit-metadata: 1.4195173494517803
  landing: 0.019156363792717457
  view-data: 0.22729600872844458
