times:
  edit-metadata: 1.4802090153098106
  landing: 0.22282078489661217
  view-data: 0.3227607775479555
