times:
  edit-metadata: 1.4744362272322178
  landing: 0.16285664401948452
  view-data: 0.02554771862924099
