times:
  edit-metadata: 1.5007088370621204
  landing: 0.018982959911227226
  view-data: 0.024700375273823738
