times:
  edit-metadata: 1.4511552415788174
  landing: 0.02076852135360241
  view-data: 0.3262672405689955
