times:
  edit-metadata: 0.4448382882401347
  landing: 0.05188527796417475
  view-data: 0.34538570139557123
