times:
  edit-metadata: 0.432717876508832
  landing: 0.04289974179118872
  view-data: 0.1997953113168478
