times:
  edit-metadata: 0.46137361973524094
  landing: 0.05029582232236862
  view-data: 0.7552900454029441
