times:
  edit-metadata: 0.4669925728812814
  landing: 0.053421768359839916
  view-data: 0.20032808557152748
