times:
  edit-metadata: 0.4433614518493414
  landing: 0.04621348204091191
  view-data: 0.20980822201818228
