times:
  edit-metadata: 0.43035079585388303
  landing: 0.05274336924776435
  view-data: 0.19975463720038533
