times:
  edit-metadata: 0.4497981807217002
  landing: 0.05056111793965101
  view-data: 0.4875102788209915
