times:
  edit-metadata: 0.4264744729734957
  landing: 0.054337897803634405
  view-data: 0.4849788760766387
