times:
  edit-metadata: 0.46567702013999224
  landing: 0.03975896257907152
  view-data: 0.21145526319742203
