times:
  edit-metadata: 0.4543168838135898
  landing: 0.04282246483489871
  view-data: 0.5980111360549927
