times:
  edit-metadata: 1.412355199456215
  landing: 0.3155061788856983
  view-data: 0.14345805160701275
