times:
  edit-metadata: 1.2503860918805003
  landing: 0.02275487594306469
  view-data: 0.11924757156521082
