times:
  edit-metadata: 0.4448676039464772
  landing: 0.07825621496886015
  view-data: 0.2945026829838753
