times:
  edit-metadata: 1.4678294640034437
  landing: 0.18182749673724174
  view-data: 0.34805683977901936
