times:
  edit-metadata: 0.5518762809224427
  landing: 0.04859553324058652
  view-data: 0.24187822500243783
