times:
  edit-metadata: 1.380904983729124
  landing: 0.021957701072096825
  view-data: 0.33731353655457497
