times:
  edit-metadata: 1.2540058558806777
  landing: 0.15456592570990324
  view-data: 0.2609802773222327
