times:
  edit-metadata: 1.5096196793019772
  landing: 0.30349140241742134
  view-data: 0.32008324563503265
