times:
  edit-metadata: 1.334676956757903
  landing: 0.017987841740250587
  view-data: 0.27869012020528316
