times:
  edit-metadata: 1.2016041241586208
  landing: 0.02246659342199564
  view-data: 0.12341563124209642
