times:
  edit-metadata: 1.324486318975687
  landing: 0.02510320395231247
  view-data: 0.025564422830939293
