times:
  edit-metadata: 0.4692567940801382
  landing: 0.05345622496679425
  view-data: 0.22276116022840142
