times:
  edit-metadata: 1.5282421745359898
  landing: 0.13465486280620098
  view-data: 0.024154258891940117
