times:
  edit-metadata: 1.299167511984706
  landing: 0.018232090398669243
  view-data: 0.025702839717268944
