times:
  edit-metadata: 1.6282563172280788
  landing: 0.1434061974287033
  view-data: 0.16766436025500298
