times:
  edit-metadata: 1.2005223333835602
  landing: 0.0226434413343668
  view-data: 0.023739879950881004
