times:
  edit-metadata: 1.30213569290936
  landing: 0.14976928941905499
  view-data: 0.023142274469137192
