times:
  edit-metadata: 1.3230584394186735
  landing: 0.022417699918150902
  view-data: 0.02289414033293724
