times:
  edit-metadata: 1.2574834246188402
  landing: 0.2534008286893368
  view-data: 0.027040209621191025
