times:
  edit-metadata: 1.2963891979306936
  landing: 0.13599857687950134
  view-data: 0.025896970182657242
