times:
  edit-metadata: 1.3726178407669067
  landing: 0.159851199015975
  view-data: 0.3044678494334221
