times:
  edit-metadata: 1.3875974994152784
  landing: 0.02364937774837017
  view-data: 0.026004627346992493
