times:
  edit-metadata: 0.4702003379352391
  landing: 0.06270539620891213
  view-data: 0.2145201419480145
