times:
  edit-metadata: 0.6970173669978976
  landing: 0.05270579410716891
  view-data: 0.2961785397492349
