times:
  edit-metadata: 1.4929693639278412
  landing: 0.2970993034541607
  view-data: 0.38558194786310196
