times:
  edit-metadata: 1.4567668065428734
  landing: 0.1963764801621437
  view-data: 0.17333541437983513
