times:
  edit-metadata: 1.4983948152512312
  landing: 0.2852148003876209
  view-data: 0.3292415998876095
