times:
  edit-metadata: 1.2628511413931847
  landing: 0.01898821070790291
  view-data: 0.3212642427533865
