times:
  edit-metadata: 0.6475552381016314
  landing: 0.08504491671919823
  view-data: 0.2702423711307347
