times:
  edit-metadata: 1.3614636305719614
  landing: 0.02056015096604824
  view-data: 0.024205874651670456
