times:
  edit-metadata: 1.3209716714918613
  landing: 0.12227590940892696
  view-data: 0.026246123015880585
