times:
  edit-metadata: 1.4865579586476088
  landing: 0.26191104017198086
  view-data: 0.2720358818769455
