times:
  edit-metadata: 1.290711997076869
  landing: 0.1519801951944828
  view-data: 0.023503579199314117
