times:
  edit-metadata: 1.6491542402654886
  landing: 0.27445109374821186
  view-data: 0.4417921919375658
