times:
  edit-metadata: 1.4838092122226954
  landing: 0.2758280038833618
  view-data: 0.3019553739577532
