times:
  edit-metadata: 1.3138866107910872
  landing: 0.020065899938344955
  view-data: 0.02567235380411148
