times:
  edit-metadata: 1.2832568474113941
  landing: 0.018803266808390617
  view-data: 0.32080923952162266
