times:
  edit-metadata: 1.337091576308012
  landing: 0.02172199636697769
  view-data: 0.10337910801172256
