times:
  edit-metadata: 0.7084302031435072
  landing: 0.04426374798640609
  view-data: 0.21398879075422883
