times:
  edit-metadata: 1.4214801155030727
  landing: 0.01993565261363983
  view-data: 0.3494369722902775
