times:
  edit-metadata: 1.2618499156087637
  landing: 0.01822670828551054
  view-data: 0.023894249461591244
