times:
  edit-metadata: 1.5079588238149881
  landing: 0.28102704137563705
  view-data: 0.3839260395616293
