times:
  edit-metadata: 1.3387730531394482
  landing: 0.13878993317484856
  view-data: 0.0240609310567379
