times:
  edit-metadata: 0.46346132503822446
  landing: 0.046164974104613066
  view-data: 0.22036646399646997
