times:
  edit-metadata: 1.3912828769534826
  landing: 0.12886169459670782
  view-data: 0.35199303179979324
