times:
  edit-metadata: 1.3778341002762318
  landing: 0.29255118034780025
  view-data: 0.2795027531683445
