times:
  edit-metadata: 1.4331830814480782
  landing: 0.32816737797111273
  view-data: 0.4758635051548481
