times:
  edit-metadata: 1.3547595385462046
  landing: 0.17353739216923714
  view-data: 0.31956532038748264
