times:
  edit-metadata: 1.2972996924072504
  landing: 0.022500189021229744
  view-data: 0.02653145045042038
