times:
  edit-metadata: 1.2308278530836105
  landing: 0.023303176276385784
  view-data: 0.023812289349734783
