times:
  edit-metadata: 1.3022907990962267
  landing: 0.22064857743680477
  view-data: 0.1391383484005928
