times:
  edit-metadata: 1.5614672042429447
  landing: 0.022147011011838913
  view-data: 0.35525547340512276
