times:
  edit-metadata: 0.44989786902442575
  landing: 0.0821440601721406
  view-data: 0.21428448287770152
