times:
  edit-metadata: 1.3027230966836214
  landing: 0.022465083748102188
  view-data: 0.3178054839372635
