times:
  edit-metadata: 1.3313344232738018
  landing: 0.02333905454725027
  view-data: 0.3244545478373766
