times:
  edit-metadata: 1.2779086092486978
  landing: 0.14885775465518236
  view-data: 0.13403732609003782
