times:
  edit-metadata: 1.4291762970387936
  landing: 0.04719224013388157
  view-data: 0.02390921674668789
