times:
  edit-metadata: 1.3122307118028402
  landing: 0.01953248865902424
  view-data: 0.29980167374014854
