times:
  edit-metadata: 1.3685665242373943
  landing: 0.021468108519911766
  view-data: 0.02559051103889942
