times:
  edit-metadata: 2.2595451840315945
  landing: 0.4824547249590978
  view-data: 0.28114286303753033
