times:
  edit-metadata: 1.3201534124091268
  landing: 0.13524566683918238
  view-data: 0.13635076489299536
