times:
  edit-metadata: 1.3317903354763985
  landing: 0.02107658050954342
  view-data: 0.2777866367250681
