times:
  edit-metadata: 1.6067910231649876
  landing: 0.2049363348633051
  view-data: 0.2836034558713436
