times:
  edit-metadata: 1.3140327483415604
  landing: 0.16663965582847595
  view-data: 0.17680322751402855
