times:
  edit-metadata: 1.4486515820026398
  landing: 0.23610053211450577
  view-data: 0.13744349218904972
