times:
  edit-metadata: 1.478984797373414
  landing: 0.02277086116373539
  view-data: 0.14661318436264992
