times:
  edit-metadata: 1.2827553432434797
  landing: 0.11280136555433273
  view-data: 0.026393407955765724
