times:
  edit-metadata: 1.3578471448272467
  landing: 0.02253790758550167
  view-data: 0.12252593971788883
