times:
  edit-metadata: 1.2580516170710325
  landing: 0.026826826855540276
  view-data: 0.022499481216073036
