times:
  edit-metadata: 1.304687200114131
  landing: 0.01968328468501568
  view-data: 0.02564813941717148
