times:
  edit-metadata: 1.3153266794979572
  landing: 0.02174430713057518
  view-data: 0.028849877417087555
