times:
  edit-metadata: 0.698404545430094
  landing: 0.04477004474028945
  view-data: 0.2761133462190628
