times:
  edit-metadata: 1.2520437790080905
  landing: 0.019702766090631485
  view-data: 0.12946856673806906
