times:
  edit-metadata: 0.4627688927575946
  landing: 0.04639111086726189
  view-data: 0.2198309381492436
