times:
  edit-metadata: 0.47377172112464905
  landing: 0.08532969234511256
  view-data: 0.2132081468589604
