times:
  edit-metadata: 1.2887703105807304
  landing: 0.020962676033377647
  view-data: 0.12621989101171494
