times:
  edit-metadata: 1.309723480604589
  landing: 0.18252231180667877
  view-data: 0.23132237512618303
