times:
  edit-metadata: 1.3661059252917767
  landing: 0.019559156149625778
  view-data: 0.02218330278992653
