times:
  edit-metadata: 1.3670533690601587
  landing: 0.19168800860643387
  view-data: 0.3157442770898342
