times:
  edit-metadata: 1.6898950822651386
  landing: 0.019095946103334427
  view-data: 0.14480261784046888
