times:
  edit-metadata: 0.7018420859239995
  landing: 0.04540335014462471
  view-data: 0.20816058106720448
