times:
  edit-metadata: 1.3454684745520353
  landing: 0.18881791457533836
  view-data: 0.3291410878300667
