times:
  edit-metadata: 1.812430664896965
  landing: 0.2103734090924263
  view-data: 0.6181063316762447
