times:
  edit-metadata: 1.4033218156546354
  landing: 0.30846627801656723
  view-data: 0.39502547681331635
