times:
  edit-metadata: 1.2853235565125942
  landing: 0.12692432664334774
  view-data: 0.026138324290513992
