times:
  edit-metadata: 1.7111125104129314
  landing: 0.14648022409528494
  view-data: 0.4531437484547496
