times:
  edit-metadata: 1.4718376565724611
  landing: 0.020713096484541893
  view-data: 0.1286163628101349
