times:
  edit-metadata: 1.5342699196189642
  landing: 0.25471945852041245
  view-data: 0.1554710641503334
