times:
  edit-metadata: 2.4237207677215338
  landing: 0.23400810919702053
  view-data: 0.0600837878882885
