times:
  edit-metadata: 1.3721354641020298
  landing: 0.023037120699882507
  view-data: 0.028580525889992714
