times:
  edit-metadata: 1.4306862000375986
  landing: 0.02304038032889366
  view-data: 0.3881928790360689
