times:
  edit-metadata: 1.2753979843109846
  landing: 0.021777275949716568
  view-data: 0.027870262041687965
