times:
  edit-metadata: 0.4556857692077756
  landing: 0.07698614383116364
  view-data: 0.20833001006394625
