times:
  edit-metadata: 1.4101570043712854
  landing: 0.022499190643429756
  view-data: 0.12489303573966026
