times:
  edit-metadata: 1.9918040856719017
  landing: 0.0182211734354496
  view-data: 0.048057664185762405
