times:
  edit-metadata: 1.4339275900274515
  landing: 0.03003404289484024
  view-data: 0.3494558818638325
