times:
  edit-metadata: 1.485875029116869
  landing: 0.2284870631992817
  view-data: 0.17667541094124317
