times:
  edit-metadata: 1.4153110571205616
  landing: 0.02082064002752304
  view-data: 0.30623832531273365
