times:
  edit-metadata: 0.6210748590528965
  landing: 0.04895722912624478
  view-data: 0.20266970293596387
