times:
  edit-metadata: 1.3058917820453644
  landing: 0.02120661363005638
  view-data: 0.024174189195036888
