times:
  edit-metadata: 0.6280726720578969
  landing: 0.04438692796975374
  view-data: 0.28677748795598745
