times:
  edit-metadata: 1.3352134684100747
  landing: 0.12677841074764729
  view-data: 0.47336810920387506
