times:
  edit-metadata: 1.350917812436819
  landing: 0.020469123497605324
  view-data: 0.026108650490641594
