times:
  edit-metadata: 1.5206695348024368
  landing: 0.24783782195299864
  view-data: 0.1222950154915452
