times:
  edit-metadata: 1.385936850681901
  landing: 0.11788172088563442
  view-data: 0.027080832049250603
