times:
  edit-metadata: 1.345130069181323
  landing: 0.2420495431870222
  view-data: 0.02614537440240383
