times:
  edit-metadata: 1.5158895291388035
  landing: 0.3483105730265379
  view-data: 0.1500959936529398
