times:
  edit-metadata: 0.6361608942970634
  landing: 0.04643232608214021
  view-data: 0.22290448984131217
