times:
  edit-metadata: 1.3027023896574974
  landing: 0.11195859871804714
  view-data: 0.31286342069506645
