times:
  edit-metadata: 1.3057638127356768
  landing: 0.12713894806802273
  view-data: 0.1495986543595791
