times:
  edit-metadata: 1.421266945078969
  landing: 0.026856625452637672
  view-data: 0.16195159032940865
