times:
  edit-metadata: 1.3152303919196129
  landing: 0.254528047516942
  view-data: 0.11138784699141979
