times:
  edit-metadata: 1.2931232675909996
  landing: 0.17664819117635489
  view-data: 0.132308816537261
