times:
  edit-metadata: 1.2937384080141783
  landing: 0.018763132393360138
  view-data: 0.3174751605838537
