times:
  edit-metadata: 1.254585763439536
  landing: 0.020748051814734936
  view-data: 0.022759362123906612
