times:
  edit-metadata: 1.2899780571460724
  landing: 0.22922369465231895
  view-data: 0.026579538360238075
