times:
  edit-metadata: 1.621718768030405
  landing: 0.17008130066096783
  view-data: 0.15158096328377724
