times:
  edit-metadata: 1.548792015761137
  landing: 0.1928553432226181
  view-data: 0.31351693347096443
