times:
  edit-metadata: 1.654784882441163
  landing: 0.17307280749082565
  view-data: 0.3999696224927902
