times:
  edit-metadata: 0.47363284789025784
  landing: 0.07604348892346025
  view-data: 0.21589663438498974
