times:
  edit-metadata: 0.4905835948884487
  landing: 0.08603180758655071
  view-data: 0.21658381121233106
