times:
  edit-metadata: 1.4651996791362762
  landing: 0.020984690636396408
  view-data: 0.39113923348486423
