times:
  edit-metadata: 1.264344971626997
  landing: 0.24254356883466244
  view-data: 0.02389473095536232
