times:
  edit-metadata: 1.3034241385757923
  landing: 0.5075983721762896
  view-data: 0.566859120503068
