times:
  edit-metadata: 2.177521087229252
  landing: 0.23901925422251225
  view-data: 0.37220977805554867
