times:
  edit-metadata: 1.3526221979409456
  landing: 0.021195851266384125
  view-data: 0.284579548984766
