times:
  edit-metadata: 1.295116936787963
  landing: 0.019671831279993057
  view-data: 0.027362404391169548
