times:
  edit-metadata: 1.4512066524475813
  landing: 0.36148035526275635
  view-data: 0.0550647359341383
