times:
  edit-metadata: 1.2460052845999599
  landing: 0.2370682656764984
  view-data: 0.44044483359903097
