times:
  edit-metadata: 0.5438893791288137
  landing: 0.0514771630987525
  view-data: 0.21027773804962635
