times:
  edit-metadata: 1.2535682804882526
  landing: 0.021151048131287098
  view-data: 0.028113219887018204
