times:
  edit-metadata: 0.5008117500692606
  landing: 0.061124350875616074
  view-data: 0.2149969721212983
