times:
  edit-metadata: 1.3304376984015107
  landing: 0.14296005852520466
  view-data: 0.4440366942435503
