times:
  edit-metadata: 1.3399477247148752
  landing: 0.022818271070718765
  view-data: 0.025707680732011795
