times:
  edit-metadata: 1.506990572437644
  landing: 0.26511344127357006
  view-data: 0.3361477814614773
