times:
  edit-metadata: 1.4031265936791897
  landing: 0.019984847865998745
  view-data: 0.023461485281586647
