times:
  edit-metadata: 1.3249830268323421
  landing: 0.019927818328142166
  view-data: 0.023522568866610527
