times:
  edit-metadata: 1.3422184167429805
  landing: 0.02216695435345173
  view-data: 0.09501610696315765
