times:
  edit-metadata: 1.8104009293019772
  landing: 0.25529011338949203
  view-data: 0.42861007899045944
