times:
  edit-metadata: 1.2902759853750467
  landing: 0.01983661577105522
  view-data: 0.02617054432630539
