times:
  edit-metadata: 1.5694461297243834
  landing: 0.19527377746999264
  view-data: 0.02513883262872696
