times:
  edit-metadata: 1.3245168328285217
  landing: 0.12741614505648613
  view-data: 0.23157626762986183
