times:
  edit-metadata: 0.47387386206537485
  landing: 0.04816156905144453
  view-data: 0.2069654711522162
