times:
  edit-metadata: 1.2892442233860493
  landing: 0.19290633499622345
  view-data: 0.02705521136522293
