times:
  edit-metadata: 1.3496741009876132
  landing: 0.019991179928183556
  view-data: 0.40602931566536427
