times:
  edit-metadata: 1.4574171137064695
  landing: 0.18389418721199036
  view-data: 0.4249968156218529
