times:
  edit-metadata: 1.8345015235245228
  landing: 0.023843931034207344
  view-data: 0.34577210433781147
