times:
  edit-metadata: 1.3356430549174547
  landing: 0.0239593293517828
  view-data: 0.13554706051945686
