times:
  edit-metadata: 1.461996266618371
  landing: 0.27938484586775303
  view-data: 0.41342405788600445
