times:
  edit-metadata: 1.3636424951255322
  landing: 0.0198381170630455
  view-data: 0.35229629650712013
