times:
  edit-metadata: 1.3403744660317898
  landing: 0.021175364032387733
  view-data: 0.027342915534973145
