times:
  edit-metadata: 0.5284657562151551
  landing: 0.04456549696624279
  view-data: 0.21631865995004773
