times:
  edit-metadata: 1.2866710592061281
  landing: 0.022845502942800522
  view-data: 0.12571941502392292
