times:
  edit-metadata: 1.311474272981286
  landing: 0.023057013750076294
  view-data: 0.29578781872987747
