times:
  edit-metadata: 0.4818108258768916
  landing: 0.08317867387086153
  view-data: 0.21156493807211518
