times:
  edit-metadata: 1.4060955606400967
  landing: 0.2578409519046545
  view-data: 0.10568377003073692
