times:
  edit-metadata: 1.4735621958971024
  landing: 0.24599224142730236
  view-data: 0.02529384382069111
