times:
  edit-metadata: 1.2242559483274817
  landing: 0.020442811772227287
  view-data: 0.0238282298669219
