times:
  edit-metadata: 1.3756376598030329
  landing: 0.2516944482922554
  view-data: 0.06014520302414894
