times:
  edit-metadata: 0.5120202880352736
  landing: 0.04468517191708088
  view-data: 0.2599484962411225
