times:
  edit-metadata: 1.2688701078295708
  landing: 0.022299885749816895
  view-data: 0.02427246142178774
