times:
  edit-metadata: 0.4428099184297025
  landing: 0.06254912912845612
  view-data: 0.21244601579383016
