times:
  edit-metadata: 0.4490531790070236
  landing: 0.041175748221576214
  view-data: 0.21234879503026605
