times:
  edit-metadata: 1.5168803706765175
  landing: 0.023286299780011177
  view-data: 0.12411593459546566
