times:
  edit-metadata: 1.259682242758572
  landing: 0.14808661211282015
  view-data: 0.023399542085826397
