times:
  edit-metadata: 1.258070475421846
  landing: 0.22995229344815016
  view-data: 0.3294919887557626
