times:
  edit-metadata: 1.2600888404995203
  landing: 0.02170167863368988
  view-data: 0.3325412105768919
