times:
  edit-metadata: 1.486887764185667
  landing: 0.021223831921815872
  view-data: 0.02714325115084648
