times:
  edit-metadata: 1.4411414070054889
  landing: 0.019646191969513893
  view-data: 0.11045435443520546
