times:
  edit-metadata: 1.5602008607238531
  landing: 0.13441291451454163
  view-data: 0.023947572335600853
