times:
  edit-metadata: 1.488628163933754
  landing: 0.02091883309185505
  view-data: 0.022896945476531982
