times:
  edit-metadata: 1.448894800618291
  landing: 0.022152308374643326
  view-data: 0.10021839663386345
