times:
  edit-metadata: 1.712297571823001
  landing: 0.0218365378677845
  view-data: 0.1288885995745659
