times:
  edit-metadata: 1.5050232242792845
  landing: 0.02326547261327505
  view-data: 0.027317503467202187
