times:
  edit-metadata: 0.7949512507766485
  landing: 0.12434633215889335
  view-data: 0.2840228220447898
