times:
  edit-metadata: 1.4920699223876
  landing: 0.02337060123682022
  view-data: 0.025825636461377144
