times:
  edit-metadata: 1.5691289361566305
  landing: 0.02272219769656658
  view-data: 0.027526275254786015
