times:
  edit-metadata: 1.5504593942314386
  landing: 0.023301012814044952
  view-data: 0.027211235836148262
