times:
  edit-metadata: 1.4917554706335068
  landing: 0.0207577021792531
  view-data: 0.31709483824670315
