times:
  edit-metadata: 1.5991007387638092
  landing: 0.24778002500534058
  view-data: 0.02901466004550457
