times:
  edit-metadata: 1.4987251739948988
  landing: 0.22205964289605618
  view-data: 0.33655440621078014
