times:
  edit-metadata: 1.569823494181037
  landing: 0.17675446346402168
  view-data: 0.39875551499426365
