times:
  edit-metadata: 1.573546875268221
  landing: 0.02416021190583706
  view-data: 0.345116613432765
