times:
  edit-metadata: 1.5927147772163153
  landing: 0.022070327773690224
  view-data: 0.03146654739975929
