times:
  edit-metadata: 1.689069852232933
  landing: 0.13942871615290642
  view-data: 0.09925407357513905
