times:
  edit-metadata: 1.7150598987936974
  landing: 0.2609858512878418
  view-data: 0.42582274600863457
