times:
  edit-metadata: 1.4692364055663347
  landing: 0.02026316337287426
  view-data: 0.024115849286317825
