times:
  edit-metadata: 1.4264149041846395
  landing: 0.020187009125947952
  view-data: 0.025016477331519127
