times:
  edit-metadata: 1.4470126368105412
  landing: 0.02128619235008955
  view-data: 0.024817063473165035
