times:
  edit-metadata: 1.771148817613721
  landing: 0.2708731647580862
  view-data: 0.15150876715779305
