times:
  edit-metadata: 1.4625018164515495
  landing: 0.019207107834517956
  view-data: 0.02631778735667467
