times:
  edit-metadata: 1.5424702716991305
  landing: 0.12866811640560627
  view-data: 0.4505529226735234
