times:
  edit-metadata: 0.6667635394260287
  landing: 0.05140594486147165
  view-data: 0.21989601710811257
