times:
  edit-metadata: 1.764945736154914
  landing: 0.02457648329436779
  view-data: 0.3423089776188135
