times:
  edit-metadata: 1.505384842865169
  landing: 0.022699862718582153
  view-data: 0.025883514434099197
