times:
  edit-metadata: 1.536774018779397
  landing: 0.018528657034039497
  view-data: 0.023697709664702415
