times:
  edit-metadata: 1.6048121834173799
  landing: 0.020374679006636143
  view-data: 0.2394050769507885
