times:
  edit-metadata: 1.619114140048623
  landing: 0.2644207440316677
  view-data: 0.1831459291279316
