times:
  edit-metadata: 1.506373729556799
  landing: 0.022642712108790874
  view-data: 0.02717867400497198
