times:
  edit-metadata: 2.05052222404629
  landing: 0.01857693027704954
  view-data: 0.048550971783697605
