times:
  edit-metadata: 1.5827981596812606
  landing: 0.021208230406045914
  view-data: 0.02814714703708887
