times:
  edit-metadata: 1.4488696390762925
  landing: 0.021439149975776672
  view-data: 0.024591092951595783
