times:
  edit-metadata: 0.631676809862256
  landing: 0.0452589588239789
  view-data: 0.3327756589278579
