times:
  edit-metadata: 1.4903955580666661
  landing: 0.022242280654609203
  view-data: 0.02479645051062107
