times:
  edit-metadata: 0.6353298928588629
  landing: 0.05353068187832832
  view-data: 0.3373349132016301
