times:
  edit-metadata: 1.5479677803814411
  landing: 0.020233916118741035
  view-data: 0.34121983125805855
