times:
  edit-metadata: 1.6612744126468897
  landing: 0.028736429288983345
  view-data: 0.0257081538438797
