times:
  edit-metadata: 1.4713801117613912
  landing: 0.024269607849419117
  view-data: 0.09772729501128197
