times:
  edit-metadata: 1.4647008208557963
  landing: 0.02198090497404337
  view-data: 0.02376970462501049
