times:
  edit-metadata: 1.7844230234622955
  landing: 0.026423679664731026
  view-data: 0.3362045753747225
