times:
  edit-metadata: 1.5273235328495502
  landing: 0.021461389027535915
  view-data: 0.02808335144072771
