times:
  edit-metadata: 1.4098769780248404
  landing: 0.1239950256422162
  view-data: 0.026371903717517853
