times:
  edit-metadata: 1.4911342300474644
  landing: 0.018744198605418205
  view-data: 0.13996797055006027
