times:
  edit-metadata: 1.5390412211418152
  landing: 0.12055339012295008
  view-data: 0.48418862745165825
