times:
  edit-metadata: 0.6578672742471099
  landing: 0.05006914399564266
  view-data: 0.19632154889404774
