times:
  edit-metadata: 0.6356686558574438
  landing: 0.0439690463244915
  view-data: 0.19902981352061033
