times:
  edit-metadata: 1.4758818298578262
  landing: 0.020213264971971512
  view-data: 0.024006972089409828
