times:
  edit-metadata: 1.655261255800724
  landing: 0.04730543494224548
  view-data: 0.04784051142632961
