times:
  edit-metadata: 0.7271421710029244
  landing: 0.06913217483088374
  view-data: 0.23282537702471018
