times:
  edit-metadata: 0.6099505443125963
  landing: 0.04891011770814657
  view-data: 0.23837086837738752
