times:
  edit-metadata: 0.6311455126851797
  landing: 0.04334188345819712
  view-data: 0.33630194049328566
