times:
  edit-metadata: 1.5141609329730272
  landing: 0.19812724739313126
  view-data: 0.31696522422134876
