times:
  edit-metadata: 1.5419820323586464
  landing: 0.13326057326048613
  view-data: 0.12043003551661968
