times:
  edit-metadata: 1.4783881399780512
  landing: 0.021150924265384674
  view-data: 0.025575019419193268
