times:
  edit-metadata: 1.4833179591223598
  landing: 0.023579712957143784
  view-data: 0.1137985410168767
