times:
  edit-metadata: 1.673019285313785
  landing: 0.026644853875041008
  view-data: 0.02697636652737856
