times:
  edit-metadata: 0.6805018158629537
  landing: 0.044626444578170776
  view-data: 0.19780475553125143
