times:
  edit-metadata: 1.4930644184350967
  landing: 0.022274814546108246
  view-data: 0.1627858690917492
