times:
  edit-metadata: 1.596114121377468
  landing: 0.022154415026307106
  view-data: 0.026187580078840256
