times:
  edit-metadata: 1.5986596271395683
  landing: 0.21861264668405056
  view-data: 0.15075094066560268
