times:
  edit-metadata: 1.5470985528081656
  landing: 0.021883088164031506
  view-data: 0.02635904774069786
