times:
  edit-metadata: 1.4926278768107295
  landing: 0.02240156102925539
  view-data: 0.12370297778397799
