times:
  edit-metadata: 0.7803239580243826
  landing: 0.04918588791042566
  view-data: 0.2871536370366812
