times:
  edit-metadata: 1.4967242311686277
  landing: 0.020646831020712852
  view-data: 0.02617514692246914
