times:
  edit-metadata: 1.699352627620101
  landing: 0.021534334868192673
  view-data: 0.02235187590122223
