times:
  edit-metadata: 1.5172693599015474
  landing: 0.0184991005808115
  view-data: 0.11818446591496468
