times:
  edit-metadata: 1.4613747019320726
  landing: 0.02218811772763729
  view-data: 0.024981336668133736
