times:
  edit-metadata: 1.6591644044965506
  landing: 0.01857375167310238
  view-data: 0.5730890017002821
