times:
  edit-metadata: 0.6653281738981605
  landing: 0.048824623227119446
  view-data: 0.2046834733337164
