times:
  edit-metadata: 1.4574026511982083
  landing: 0.019027593545615673
  view-data: 0.12132677808403969
