times:
  edit-metadata: 0.7094551068730652
  landing: 0.06209432194009423
  view-data: 0.22857644502073526
