times:
  edit-metadata: 1.5259111430495977
  landing: 0.11764258611947298
  view-data: 0.027032229118049145
