times:
  edit-metadata: 1.531846297904849
  landing: 0.02077675424516201
  view-data: 0.02744727022945881
