times:
  edit-metadata: 1.4384265514090657
  landing: 0.021127838641405106
  view-data: 0.023722362704575062
