times:
  edit-metadata: 1.6808792483061552
  landing: 0.0192007664591074
  view-data: 0.1150251841172576
