times:
  edit-metadata: 1.9230380654335022
  landing: 0.2794432919472456
  view-data: 0.42990610748529434
