times:
  edit-metadata: 1.520841152407229
  landing: 0.1375673646107316
  view-data: 0.12444846238940954
