times:
  edit-metadata: 0.675424356944859
  landing: 0.05374230118468404
  view-data: 0.21755820326507092
