times:
  edit-metadata: 1.5324273509904742
  landing: 0.02104134578257799
  view-data: 0.02529207430779934
