times:
  edit-metadata: 1.4527416583150625
  landing: 0.02073684148490429
  view-data: 0.025982975959777832
