times:
  edit-metadata: 1.5411527464166284
  landing: 0.13181037548929453
  view-data: 0.026912259869277477
