times:
  edit-metadata: 1.548409167677164
  landing: 0.019750429317355156
  view-data: 0.025728093460202217
