times:
  edit-metadata: 1.6933719143271446
  landing: 0.11964381113648415
  view-data: 0.12645094841718674
