times:
  edit-metadata: 1.5634917709976435
  landing: 0.19446375127881765
  view-data: 0.4097959566861391
