times:
  edit-metadata: 1.6129514817148447
  landing: 0.02426190674304962
  view-data: 0.290828725323081
