times:
  edit-metadata: 1.5048023099079728
  landing: 0.2130313152447343
  view-data: 0.21481539867818356
