times:
  edit-metadata: 0.7358779758214951
  landing: 0.04962308658286929
  view-data: 0.29370348108932376
