times:
  edit-metadata: 1.4941424941644073
  landing: 0.01972139533609152
  view-data: 0.026206694543361664
