times:
  edit-metadata: 1.403529116883874
  landing: 0.022310195490717888
  view-data: 0.12280005216598511
