times:
  edit-metadata: 1.5302678644657135
  landing: 0.14770787581801414
  view-data: 0.10160640813410282
