times:
  edit-metadata: 0.6670634588226676
  landing: 0.04095355235040188
  view-data: 0.21329814195632935
