times:
  edit-metadata: 1.5244319438934326
  landing: 0.02047962974756956
  view-data: 0.11936933267861605
