times:
  edit-metadata: 1.5662095807492733
  landing: 0.24724401719868183
  view-data: 0.1604938805103302
