times:
  edit-metadata: 1.5335824079811573
  landing: 0.01863604225218296
  view-data: 0.02501654624938965
