times:
  edit-metadata: 1.913554321974516
  landing: 0.3249520342797041
  view-data: 0.36918024718761444
