times:
  edit-metadata: 1.6789546608924866
  landing: 0.0218343585729599
  view-data: 0.025910723954439163
