times:
  edit-metadata: 1.504717261530459
  landing: 0.019458038732409477
  view-data: 0.02369567658752203
