times:
  edit-metadata: 1.574367480352521
  landing: 0.022185856476426125
  view-data: 0.027288809418678284
