times:
  edit-metadata: 1.6573581341654062
  landing: 0.041789064183831215
  view-data: 0.02590576559305191
