times:
  edit-metadata: 2.059463458135724
  landing: 0.13691726326942444
  view-data: 0.3375928234308958
