times:
  edit-metadata: 0.6827754150144756
  landing: 0.10461746901273727
  view-data: 0.28187927324324846
