times:
  edit-metadata: 1.4774595592170954
  landing: 0.020076008513569832
  view-data: 0.027152935042977333
