times:
  edit-metadata: 1.6970395371317863
  landing: 0.021095624193549156
  view-data: 0.4288500491529703
