times:
  edit-metadata: 1.4966369746252894
  landing: 0.02266215067356825
  view-data: 0.025413019582629204
