times:
  edit-metadata: 1.5105273993685842
  landing: 0.02085083443671465
  view-data: 0.025095295161008835
