times:
  edit-metadata: 0.6848586606793106
  landing: 0.04736832482740283
  view-data: 0.2157854363322258
