times:
  edit-metadata: 1.489467203617096
  landing: 0.023443590849637985
  view-data: 0.13098816387355328
