times:
  edit-metadata: 1.4953235844150186
  landing: 0.20202430058270693
  view-data: 0.02456801850348711
