times:
  edit-metadata: 1.5614531449973583
  landing: 0.02415964100509882
  view-data: 0.023567426949739456
