times:
  edit-metadata: 1.5696603031829
  landing: 0.05068262480199337
  view-data: 0.03233159426599741
