times:
  edit-metadata: 1.5295631904155016
  landing: 0.1528072077780962
  view-data: 0.3103246372193098
