times:
  edit-metadata: 0.6649446319788694
  landing: 0.042979017831385136
  view-data: 0.3404340180568397
