times:
  edit-metadata: 1.8602253459393978
  landing: 0.018444547429680824
  view-data: 0.029642920941114426
