times:
  edit-metadata: 1.617697536945343
  landing: 0.01960749924182892
  view-data: 0.025362946093082428
