times:
  edit-metadata: 0.7579099140129983
  landing: 0.13824045192450285
  view-data: 0.20656358683481812
