times:
  edit-metadata: 1.4660306116566062
  landing: 0.023162640631198883
  view-data: 0.11603862978518009
