times:
  edit-metadata: 1.7230142522603273
  landing: 0.24668458849191666
  view-data: 0.16549941524863243
