times:
  edit-metadata: 1.6444349624216557
  landing: 0.1386673478409648
  view-data: 0.1306071002036333
