times:
  edit-metadata: 1.4556929469108582
  landing: 0.13023787178099155
  view-data: 0.02829105779528618
