times:
  edit-metadata: 0.6820990000851452
  landing: 0.06292637111619115
  view-data: 0.216712876688689
