times:
  edit-metadata: 1.537492890842259
  landing: 0.12328989803791046
  view-data: 0.025868242606520653
