times:
  edit-metadata: 0.6258469372987747
  landing: 0.048359716311097145
  view-data: 0.2085098633542657
