times:
  edit-metadata: 1.5936392340809107
  landing: 0.02065625786781311
  view-data: 0.023219019174575806
