times:
  edit-metadata: 0.6408780729398131
  landing: 0.03824906516820192
  view-data: 0.19744836445897818
