times:
  edit-metadata: 0.9573175287805498
  landing: 0.11775733018293977
  view-data: 0.2172477333806455
