times:
  edit-metadata: 1.6090481635183096
  landing: 0.2787823546677828
  view-data: 0.4593582209199667
