times:
  edit-metadata: 1.5632880963385105
  landing: 0.0213212538510561
  view-data: 0.027054255828261375
