times:
  edit-metadata: 1.595640636049211
  landing: 0.02117192931473255
  view-data: 0.1237603910267353
