times:
  edit-metadata: 1.5180136635899544
  landing: 0.023960715159773827
  view-data: 0.10317252390086651
