times:
  edit-metadata: 1.570451868698001
  landing: 0.047331470996141434
  view-data: 0.02553527057170868
