times:
  edit-metadata: 1.480924902483821
  landing: 0.018519139848649502
  view-data: 0.0965657252818346
