times:
  edit-metadata: 1.506389169022441
  landing: 0.02361926343291998
  view-data: 0.41161163058131933
