times:
  edit-metadata: 0.6457198997959495
  landing: 0.04518291261047125
  view-data: 0.47127476800233126
