times:
  edit-metadata: 1.5508500076830387
  landing: 0.12558589968830347
  view-data: 0.02653692476451397
