times:
  edit-metadata: 1.9746018275618553
  landing: 0.020935067906975746
  view-data: 0.02565731853246689
