times:
  edit-metadata: 1.6200429406017065
  landing: 0.1366157103329897
  view-data: 0.02827240712940693
