times:
  edit-metadata: 0.6479553366079926
  landing: 0.0471950089558959
  view-data: 0.2090513464063406
