times:
  edit-metadata: 0.6946202451363206
  landing: 0.04549465514719486
  view-data: 0.2125484999269247
