times:
  edit-metadata: 1.5037380242720246
  landing: 0.1942494222894311
  view-data: 0.024919679388403893
