times:
  edit-metadata: 1.5625517163425684
  landing: 0.1313400287181139
  view-data: 0.025661462917923927
