times:
  edit-metadata: 1.4601173596456647
  landing: 0.019391837529838085
  view-data: 0.02594057284295559
