times:
  edit-metadata: 1.5311676431447268
  landing: 0.021099429577589035
  view-data: 0.025015199556946754
