times:
  edit-metadata: 1.9259771034121513
  landing: 0.2516593560576439
  view-data: 0.1532846186310053
