times:
  edit-metadata: 0.7693275539204478
  landing: 0.05736415833234787
  view-data: 0.3240705211646855
