times:
  edit-metadata: 0.6392525611445308
  landing: 0.0484950328245759
  view-data: 0.20506513956934214
