times:
  edit-metadata: 0.6035946141928434
  landing: 0.04192434623837471
  view-data: 0.2355741187930107
