times:
  edit-metadata: 1.5374539261683822
  landing: 0.023456734605133533
  view-data: 0.026126626878976822
