times:
  edit-metadata: 1.5794334672391415
  landing: 0.2523294249549508
  view-data: 0.02504507265985012
