times:
  edit-metadata: 1.5962239317595959
  landing: 0.15506317280232906
  view-data: 0.03401217423379421
