times:
  edit-metadata: 1.5138529846444726
  landing: 0.1264172736555338
  view-data: 0.22377504780888557
