times:
  edit-metadata: 1.8946024607867002
  landing: 0.04931896738708019
  view-data: 0.14018511585891247
