times:
  edit-metadata: 1.45142253767699
  landing: 0.021108894608914852
  view-data: 0.024211756885051727
