times:
  edit-metadata: 1.6743996012955904
  landing: 0.018555715680122375
  view-data: 0.02463727444410324
