times:
  edit-metadata: 0.592878108844161
  landing: 0.0438315374776721
  view-data: 0.21797246672213078
