times:
  edit-metadata: 0.7224010801874101
  landing: 0.1292610913515091
  view-data: 0.22082518227398396
