times:
  edit-metadata: 1.4209764637053013
  landing: 0.021123290993273258
  view-data: 0.02333602961152792
