times:
  edit-metadata: 1.7619113139808178
  landing: 0.12107587046921253
  view-data: 0.027132384479045868
