times:
  edit-metadata: 1.519255518913269
  landing: 0.021762573160231113
  view-data: 0.027098131366074085
