times:
  edit-metadata: 1.5673078335821629
  landing: 0.15202433988451958
  view-data: 0.0269566485658288
