times:
  edit-metadata: 1.5692134462296963
  landing: 0.02210688404738903
  view-data: 0.24359446205198765
