times:
  edit-metadata: 1.5662282556295395
  landing: 0.021172333508729935
  view-data: 0.3358288146555424
