times:
  edit-metadata: 1.5959588158875704
  landing: 0.020342729054391384
  view-data: 0.13266247417777777
