times:
  edit-metadata: 0.6603106949478388
  landing: 0.04970332095399499
  view-data: 0.21558260591700673
