times:
  edit-metadata: 1.5197709556668997
  landing: 0.026217415928840637
  view-data: 0.12274474650621414
