times:
  edit-metadata: 0.6170775536447763
  landing: 0.04132195934653282
  view-data: 0.34505541902035475
