times:
  edit-metadata: 1.6694235019385815
  landing: 0.14863717183470726
  view-data: 0.3659920562058687
