times:
  edit-metadata: 1.5453908871859312
  landing: 0.021109985187649727
  view-data: 0.028945626690983772
