times:
  edit-metadata: 0.9297528280876577
  landing: 0.05505041964352131
  view-data: 0.32080034725368023
