times:
  edit-metadata: 0.9302506553940475
  landing: 0.05191235523670912
  view-data: 0.2654550359584391
