times:
  edit-metadata: 0.6408715983852744
  landing: 0.04696098156273365
  view-data: 0.21017897501587868
