times:
  edit-metadata: 1.512755522504449
  landing: 0.020437716506421566
  view-data: 0.02702099923044443
