times:
  edit-metadata: 0.6186305833980441
  landing: 0.053081024438142776
  view-data: 0.20311972592025995
