times:
  edit-metadata: 0.6339431302621961
  landing: 0.05124010890722275
  view-data: 0.21784650441259146
