times:
  edit-metadata: 1.4712757552042603
  landing: 0.019364201463758945
  view-data: 0.02326788753271103
