times:
  edit-metadata: 1.5435621328651905
  landing: 0.022860653698444366
  view-data: 0.027166372165083885
