times:
  edit-metadata: 1.7882803436368704
  landing: 0.2268589399755001
  view-data: 0.15568093582987785
