times:
  edit-metadata: 1.7772228512912989
  landing: 0.05432107858359814
  view-data: 0.1452325228601694
