times:
  edit-metadata: 1.4435314610600471
  landing: 0.023553654551506042
  view-data: 0.023326813243329525
