times:
  edit-metadata: 1.4990989454090595
  landing: 0.12205859459936619
  view-data: 0.028245864436030388
