times:
  edit-metadata: 1.63635877892375
  landing: 0.02088995650410652
  view-data: 0.12238354049623013
