times:
  edit-metadata: 0.6517319330014288
  landing: 0.043201140128076077
  view-data: 0.21934211207553744
