times:
  edit-metadata: 1.5144794136285782
  landing: 0.02041713334619999
  view-data: 0.3610605150461197
