times:
  edit-metadata: 1.5311839152127504
  landing: 0.022069131955504417
  view-data: 0.02663596160709858
