times:
  edit-metadata: 1.441127572208643
  landing: 0.20410379115492105
  view-data: 0.246367952786386
