times:
  edit-metadata: 1.5773755079135299
  landing: 0.018801070749759674
  view-data: 0.023293178528547287
