times:
  edit-metadata: 1.7501294668763876
  landing: 0.1978148240596056
  view-data: 0.38389082439243793
