times:
  edit-metadata: 1.7644009087234735
  landing: 0.19617388024926186
  view-data: 0.39064351096749306
