times:
  edit-metadata: 1.6349965147674084
  landing: 0.021166760474443436
  view-data: 0.10314998403191566
