times:
  edit-metadata: 1.4896906353533268
  landing: 0.024472661316394806
  view-data: 0.02697807550430298
