times:
  edit-metadata: 0.6643389165401459
  landing: 0.04592336807399988
  view-data: 0.2141050063073635
