times:
  edit-metadata: 1.5406845984980464
  landing: 0.02254591416567564
  view-data: 0.11948630958795547
