times:
  edit-metadata: 1.4490439584478736
  landing: 0.024086831137537956
  view-data: 0.11702375393360853
