times:
  edit-metadata: 1.4498921874910593
  landing: 0.12967248354107141
  view-data: 0.09892706014215946
