times:
  edit-metadata: 1.6630271933972836
  landing: 0.24084678292274475
  view-data: 0.028446851298213005
