times:
  edit-metadata: 0.648025780916214
  landing: 0.0455345343798399
  view-data: 0.20049507450312376
