times:
  edit-metadata: 1.4879990499466658
  landing: 0.020880077034235
  view-data: 0.025148963555693626
