times:
  edit-metadata: 1.6100150644779205
  landing: 0.14869192615151405
  view-data: 0.02689875289797783
