times:
  edit-metadata: 0.705197743140161
  landing: 0.04726743372157216
  view-data: 0.21469035698100924
