times:
  edit-metadata: 1.4624166982248425
  landing: 0.02202072087675333
  view-data: 0.12088267039507627
