times:
  edit-metadata: 1.5983015336096287
  landing: 0.11427522078156471
  view-data: 0.026258138939738274
