times:
  edit-metadata: 1.5821418380364776
  landing: 0.023399775847792625
  view-data: 0.024568735621869564
