times:
  edit-metadata: 1.467706399038434
  landing: 0.11680652108043432
  view-data: 0.13324609864503145
