times:
  edit-metadata: 1.5105040036141872
  landing: 0.021669259294867516
  view-data: 0.2115347096696496
