times:
  edit-metadata: 1.558189868927002
  landing: 0.028472062200307846
  view-data: 0.02623225934803486
