times:
  edit-metadata: 1.5461520440876484
  landing: 0.020579135045409203
  view-data: 0.023668790236115456
