times:
  edit-metadata: 1.503342006355524
  landing: 0.02005774900317192
  view-data: 0.023298704996705055
