times:
  edit-metadata: 1.5334551203995943
  landing: 0.022488406859338284
  view-data: 0.023490840569138527
