times:
  edit-metadata: 1.7761478051543236
  landing: 0.3285371419042349
  view-data: 0.35766824893653393
