times:
  edit-metadata: 1.4725223565474153
  landing: 0.019399836659431458
  view-data: 0.02505795005708933
