times:
  edit-metadata: 1.8795744515955448
  landing: 0.13945956714451313
  view-data: 0.34390959329903126
