times:
  edit-metadata: 0.6105703851208091
  landing: 0.05436686519533396
  view-data: 0.3441338920965791
