times:
  edit-metadata: 0.72950030118227
  landing: 0.06806143280118704
  view-data: 0.2266724780201912
