times:
  edit-metadata: 1.4965760838240385
  landing: 0.01990525983273983
  view-data: 0.025462282821536064
