times:
  edit-metadata: 0.69844836788252
  landing: 0.05799442995339632
  view-data: 0.21387506881728768
