times:
  edit-metadata: 0.6492424765601754
  landing: 0.042675466276705265
  view-data: 0.23520836886018515
