times:
  edit-metadata: 1.4755483865737915
  landing: 0.022354300133883953
  view-data: 0.029335501603782177
