times:
  edit-metadata: 1.5690810093656182
  landing: 0.1913838628679514
  view-data: 0.3665471049025655
