times:
  edit-metadata: 1.4764610473066568
  landing: 0.14282692782580853
  view-data: 0.023251662030816078
