times:
  edit-metadata: 1.6775328684598207
  landing: 0.1480395570397377
  view-data: 0.13598809111863375
