times:
  edit-metadata: 1.9720267802476883
  landing: 0.14916660822927952
  view-data: 0.15055598504841328
