times:
  edit-metadata: 1.4638115987181664
  landing: 0.020812065340578556
  view-data: 0.025431806221604347
