times:
  edit-metadata: 2.3991125263273716
  landing: 0.3253581579774618
  view-data: 0.0253071840852499
