times:
  edit-metadata: 1.4508991474285722
  landing: 0.09329088777303696
  view-data: 0.024137468077242374
