times:
  edit-metadata: 1.5301149524748325
  landing: 0.022031648084521294
  view-data: 0.1370005290955305
