times:
  edit-metadata: 1.551440142095089
  landing: 0.01938510313630104
  view-data: 0.023914193734526634
