times:
  edit-metadata: 1.5940393451601267
  landing: 0.022186825051903725
  view-data: 0.027513623237609863
