times:
  edit-metadata: 0.6284158453345299
  landing: 0.04111990239471197
  view-data: 0.34002280607819557
