times:
  edit-metadata: 1.502419457770884
  landing: 0.19284335151314735
  view-data: 0.024225596338510513
