times:
  edit-metadata: 2.621489515528083
  landing: 0.18953102454543114
  view-data: 0.42717844247817993
