times:
  edit-metadata: 1.4549198672175407
  landing: 0.022032706066966057
  view-data: 0.09959373530000448
