times:
  edit-metadata: 1.4409953281283379
  landing: 0.01982162706553936
  view-data: 0.09545188676565886
