times:
  edit-metadata: 1.4733204301446676
  landing: 0.19706630893051624
  view-data: 0.12073593959212303
