times:
  edit-metadata: 1.4941555010154843
  landing: 0.0212907949462533
  view-data: 0.45597608387470245
