times:
  edit-metadata: 0.6229173503816128
  landing: 0.0437917597591877
  view-data: 0.32677718065679073
