times:
  edit-metadata: 1.7719805371016264
  landing: 0.022014652378857136
  view-data: 0.027276945300400257
