times:
  edit-metadata: 2.1340037072077394
  landing: 0.15172951575368643
  view-data: 0.4272758523002267
