times:
  edit-metadata: 1.5823760936036706
  landing: 0.2665950767695904
  view-data: 0.11679183505475521
