times:
  edit-metadata: 1.571126278489828
  landing: 0.021667616441845894
  view-data: 0.025077195838093758
