times:
  edit-metadata: 0.7417870950885117
  landing: 0.1432128045707941
  view-data: 0.22617273358628154
