times:
  edit-metadata: 1.453814928419888
  landing: 0.022392339073121548
  view-data: 0.45922629348933697
