times:
  edit-metadata: 1.510751124471426
  landing: 0.21538491174578667
  view-data: 0.025454217568039894
