times:
  edit-metadata: 1.5051536606624722
  landing: 0.043653144501149654
  view-data: 0.4429328804835677
