times:
  edit-metadata: 1.910809937864542
  landing: 0.17611263692378998
  view-data: 0.36898086965084076
