times:
  edit-metadata: 0.6329426607117057
  landing: 0.04353325627744198
  view-data: 0.3365333080291748
