times:
  edit-metadata: 1.4717312501743436
  landing: 0.021839137189090252
  view-data: 0.025007030926644802
