times:
  edit-metadata: 1.5027471473440528
  landing: 0.019795346073806286
  view-data: 0.1163964495062828
