times:
  edit-metadata: 0.6449388135224581
  landing: 0.04760983679443598
  view-data: 0.33977055456489325
