times:
  edit-metadata: 1.881437748670578
  landing: 0.019969426095485687
  view-data: 0.28780263662338257
