times:
  edit-metadata: 1.6281458213925362
  landing: 0.024054815992712975
  view-data: 0.3921907152980566
