times:
  edit-metadata: 0.9106402541510761
  landing: 0.1370117305777967
  view-data: 0.2623391472734511
