times:
  edit-metadata: 1.4628172907978296
  landing: 0.02232846338301897
  view-data: 0.3921844707801938
