times:
  edit-metadata: 0.6785457748919725
  landing: 0.05475298222154379
  view-data: 0.3120843805372715
