times:
  edit-metadata: 1.5684951348230243
  landing: 0.020742973312735558
  view-data: 0.12413256336003542
