times:
  edit-metadata: 0.6526813902892172
  landing: 0.04693973297253251
  view-data: 0.2341018682345748
