times:
  edit-metadata: 1.4386331606656313
  landing: 0.020703951828181744
  view-data: 0.025262161158025265
