times:
  edit-metadata: 1.7687099650502205
  landing: 0.2881824802607298
  view-data: 0.41534225456416607
