times:
  edit-metadata: 1.4760889299213886
  landing: 0.020428575575351715
  view-data: 0.027005635201931
