times:
  edit-metadata: 0.6062435647472739
  landing: 0.04503192100673914
  view-data: 0.21086593810468912
