times:
  edit-metadata: 1.5383429685607553
  landing: 0.021172774955630302
  view-data: 0.024019856937229633
