times:
  edit-metadata: 0.6178667582571507
  landing: 0.042424547486007214
  view-data: 0.22765291389077902
