times:
  edit-metadata: 1.8610952692106366
  landing: 0.01777744758874178
  view-data: 0.02295923512428999
