times:
  edit-metadata: 1.762228394858539
  landing: 0.2976197125390172
  view-data: 0.33083495777100325
