times:
  edit-metadata: 1.5258347280323505
  landing: 0.21809829957783222
  view-data: 0.12808510102331638
