times:
  edit-metadata: 0.6304196459241211
  landing: 0.0427391710691154
  view-data: 0.47449930012226105
