times:
  edit-metadata: 1.7446493282914162
  landing: 0.02682597190141678
  view-data: 0.29922182112932205
