times:
  edit-metadata: 1.5728290528059006
  landing: 0.2449004603549838
  view-data: 0.3102570418268442
