times:
  edit-metadata: 0.6630988190881908
  landing: 0.07526891073212028
  view-data: 0.2350503713823855
