times:
  edit-metadata: 1.4689833903685212
  landing: 0.018871995620429516
  view-data: 0.4474116647616029
