times:
  edit-metadata: 1.57428122125566
  landing: 0.20867889747023582
  view-data: 0.33154931478202343
