times:
  edit-metadata: 1.566951248794794
  landing: 0.02243642695248127
  view-data: 0.1410992108285427
