times:
  edit-metadata: 0.6476012552157044
  landing: 0.042494903318583965
  view-data: 0.20637487433850765
