times:
  edit-metadata: 1.4708215203136206
  landing: 0.024133633822202682
  view-data: 0.025722980499267578
