times:
  edit-metadata: 1.7539396677166224
  landing: 0.01999044418334961
  view-data: 0.024916470050811768
