times:
  edit-metadata: 1.478713108226657
  landing: 0.12018325924873352
  view-data: 0.12622211687266827
