times:
  edit-metadata: 1.4868656629696488
  landing: 0.022302416153252125
  view-data: 0.028965656645596027
