times:
  edit-metadata: 2.033431338146329
  landing: 0.2237453255802393
  view-data: 0.02767557092010975
