times:
  edit-metadata: 1.7127298209816217
  landing: 0.141379214823246
  view-data: 0.16342281363904476
