times:
  edit-metadata: 1.4921546466648579
  landing: 0.12888909690082073
  view-data: 0.023206528276205063
