times:
  edit-metadata: 0.8064794628880918
  landing: 0.20235757576301694
  view-data: 0.21047013998031616
