times:
  edit-metadata: 1.4759408961981535
  landing: 0.022899195551872253
  view-data: 0.023905781097710133
