times:
  edit-metadata: 1.5372893447056413
  landing: 0.11456800810992718
  view-data: 0.028451381251215935
