times:
  edit-metadata: 0.6202737726271152
  landing: 0.040877897292375565
  view-data: 0.47275352105498314
