times:
  edit-metadata: 1.5411266880109906
  landing: 0.11653972137719393
  view-data: 0.21915950626134872
