times:
  edit-metadata: 0.6605911999940872
  landing: 0.046439195051789284
  view-data: 0.21247534174472094
