times:
  edit-metadata: 1.5913977436721325
  landing: 0.022678565233945847
  view-data: 0.028398722410202026
