times:
  edit-metadata: 0.7266943547874689
  landing: 0.1299399738200009
  view-data: 0.22958864690735936
