times:
  edit-metadata: 1.6673593372106552
  landing: 0.1478626225143671
  view-data: 0.144716776907444
