times:
  edit-metadata: 1.5602675322443247
  landing: 0.020035570487380028
  view-data: 0.027145806699991226
