times:
  edit-metadata: 1.4625352043658495
  landing: 0.2185759861022234
  view-data: 0.023024456575512886
