times:
  edit-metadata: 1.524160424247384
  landing: 0.11474992334842682
  view-data: 0.02576097473502159
