times:
  edit-metadata: 0.5456333411857486
  landing: 0.0690115550532937
  view-data: 0.22356252511963248
