times:
  edit-metadata: 1.2849324140697718
  landing: 0.025226524099707603
  view-data: 0.13414874486625195
