times:
  edit-metadata: 1.7471650820225477
  landing: 0.31475518830120564
  view-data: 0.31624155305325985
