times:
  edit-metadata: 0.560110020916909
  landing: 0.07450288441032171
  view-data: 0.2863540849648416
