times:
  edit-metadata: 1.6833300087600946
  landing: 0.02783947065472603
  view-data: 0.06009133532643318
