times:
  edit-metadata: 1.3553059678524733
  landing: 0.019190510734915733
  view-data: 0.023916270583868027
