times:
  edit-metadata: 1.608569959178567
  landing: 0.2641881052404642
  view-data: 0.24283919483423233
