times:
  edit-metadata: 0.5804665260948241
  landing: 0.1228015897795558
  view-data: 0.27112253895029426
