times:
  edit-metadata: 1.9219057653099298
  landing: 0.25857222080230713
  view-data: 0.4719784799963236
