times:
  edit-metadata: 1.3677059225738049
  landing: 0.02490857243537903
  view-data: 0.15705588273704052
