times:
  edit-metadata: 1.349877217784524
  landing: 0.16607456095516682
  view-data: 0.030992379412055016
