times:
  edit-metadata: 1.3612904213368893
  landing: 0.020703943446278572
  view-data: 0.12283331155776978
