times:
  edit-metadata: 1.4138497654348612
  landing: 0.02008446492254734
  view-data: 0.1411997489631176
