times:
  edit-metadata: 0.703061365056783
  landing: 0.14268069621175528
  view-data: 0.33662647707387805
