times:
  edit-metadata: 1.6042214762419462
  landing: 0.3736256752163172
  view-data: 0.1897198799997568
