times:
  edit-metadata: 1.8270340375602245
  landing: 0.19709080085158348
  view-data: 0.03180272504687309
