times:
  edit-metadata: 1.5374533273279667
  landing: 0.24102430790662766
  view-data: 0.36405205354094505
