times:
  edit-metadata: 1.3722938280552626
  landing: 0.0237414687871933
  view-data: 0.028386391699314117
