times:
  edit-metadata: 1.4342471025884151
  landing: 0.018862875178456306
  view-data: 0.02413305453956127
