times:
  edit-metadata: 0.7300671837292612
  landing: 0.09163762396201491
  view-data: 0.2734547071158886
