times:
  edit-metadata: 1.6406677719205618
  landing: 0.26615559309720993
  view-data: 0.4042430594563484
