times:
  edit-metadata: 1.5877180937677622
  landing: 0.22417252697050571
  view-data: 0.201209569349885
