times:
  edit-metadata: 1.5511604081839323
  landing: 0.2459472119808197
  view-data: 0.14357738196849823
