times:
  edit-metadata: 1.781275313347578
  landing: 0.24552565440535545
  view-data: 0.23379861563444138
