times:
  edit-metadata: 1.4032997358590364
  landing: 0.15488708205521107
  view-data: 0.02425241284072399
