times:
  edit-metadata: 0.5529000507667661
  landing: 0.06875350419431925
  view-data: 0.22228247998282313
