times:
  edit-metadata: 1.7838873881846666
  landing: 0.20899169147014618
  view-data: 0.06567579135298729
