times:
  edit-metadata: 1.4591382797807455
  landing: 0.14462913759052753
  view-data: 0.0235090721398592
