times:
  edit-metadata: 1.40741865336895
  landing: 0.02595064975321293
  view-data: 0.02627694234251976
