times:
  edit-metadata: 1.3776060547679663
  landing: 0.020344996824860573
  view-data: 0.02452014945447445
