times:
  edit-metadata: 1.3722942620515823
  landing: 0.020127423107624054
  view-data: 0.3185116685926914
