times:
  edit-metadata: 1.7600614037364721
  landing: 0.1537424698472023
  view-data: 0.17087949998676777
