times:
  edit-metadata: 0.5457685589790344
  landing: 0.06701539224013686
  view-data: 0.22300494788214564
