times:
  edit-metadata: 1.3728485964238644
  landing: 0.2033547256141901
  view-data: 0.12623336911201477
