times:
  edit-metadata: 0.542758465744555
  landing: 0.17362841591238976
  view-data: 0.2692728182300925
