times:
  edit-metadata: 1.410081721842289
  landing: 0.13964256457984447
  view-data: 0.13519915007054806
