times:
  edit-metadata: 1.439393624663353
  landing: 0.019035277888178825
  view-data: 0.4285326097160578
