times:
  edit-metadata: 1.3163790991529822
  landing: 0.04329799395054579
  view-data: 0.03471058886498213
