times:
  edit-metadata: 1.4777849428355694
  landing: 0.022189393639564514
  view-data: 0.2371089905500412
