times:
  edit-metadata: 1.4809055086225271
  landing: 0.02257830649614334
  view-data: 0.025088485330343246
