times:
  edit-metadata: 1.357770163565874
  landing: 0.021466054022312164
  view-data: 0.028566336259245872
