times:
  edit-metadata: 1.6670751553028822
  landing: 0.3000262714922428
  view-data: 0.38302910327911377
