times:
  edit-metadata: 1.3245361540466547
  landing: 0.021265538409352303
  view-data: 0.025078603997826576
