times:
  edit-metadata: 1.3563354052603245
  landing: 0.13958918116986752
  view-data: 0.3666706718504429
