times:
  edit-metadata: 1.8259233329445124
  landing: 0.31262401305139065
  view-data: 0.283841609954834
