times:
  edit-metadata: 1.4205235596746206
  landing: 0.020323103293776512
  view-data: 0.022450363263487816
