times:
  edit-metadata: 1.355768445879221
  landing: 0.023912902921438217
  view-data: 0.328454015776515
