times:
  edit-metadata: 1.433315074071288
  landing: 0.021372444927692413
  view-data: 0.1028589066118002
