times:
  edit-metadata: 1.3877371829003096
  landing: 0.23862905986607075
  view-data: 0.026406599208712578
