times:
  edit-metadata: 0.5612623211927712
  landing: 0.07047147303819656
  view-data: 0.270893219858408
