times:
  edit-metadata: 1.4577167015522718
  landing: 0.1301618628203869
  view-data: 0.024469608440995216
