times:
  edit-metadata: 0.7465170542709529
  landing: 0.06457642279565334
  view-data: 0.20833889208734035
