times:
  edit-metadata: 0.5480334991589189
  landing: 0.06774973310530186
  view-data: 0.21927931997925043
