times:
  edit-metadata: 1.5400968976318836
  landing: 0.0528620183467865
  view-data: 0.46539211086928844
