times:
  edit-metadata: 1.5020260158926249
  landing: 0.02427194081246853
  view-data: 0.3445859160274267
