times:
  edit-metadata: 1.4536534640938044
  landing: 0.12296309508383274
  view-data: 0.12188518140465021
