times:
  edit-metadata: 1.310944490134716
  landing: 0.017949026077985764
  view-data: 0.13780393078923225
