times:
  edit-metadata: 1.632911192253232
  landing: 0.22370956279337406
  view-data: 0.3679770305752754
