times:
  edit-metadata: 1.4018695186823606
  landing: 0.025740252807736397
  view-data: 0.024317288771271706
