times:
  edit-metadata: 0.5448659267276525
  landing: 0.06389740388840437
  view-data: 0.2289696498773992
