times:
  edit-metadata: 1.4924609456211329
  landing: 0.12078927643597126
  view-data: 0.3298379983752966
