times:
  edit-metadata: 0.6212109043262899
  landing: 0.073024557903409
  view-data: 0.2708896901458502
