times:
  edit-metadata: 1.3979589082300663
  landing: 0.01964540034532547
  view-data: 0.13084342144429684
