times:
  edit-metadata: 1.4228673167526722
  landing: 0.019532328471541405
  view-data: 0.02805670164525509
