times:
  edit-metadata: 1.78007179684937
  landing: 0.1281571313738823
  view-data: 0.028702063485980034
