times:
  edit-metadata: 1.8099917508661747
  landing: 0.2737484686076641
  view-data: 0.5617924723774195
