times:
  edit-metadata: 1.498265653848648
  landing: 0.020526189357042313
  view-data: 0.024847548454999924
