times:
  edit-metadata: 0.5905403583310544
  landing: 0.0656715240329504
  view-data: 0.28273755591362715
