times:
  edit-metadata: 1.380772608332336
  landing: 0.01948431320488453
  view-data: 0.024834537878632545
