times:
  edit-metadata: 1.660584732890129
  landing: 0.021350499242544174
  view-data: 0.3367829415947199
