times:
  edit-metadata: 1.4329210482537746
  landing: 0.023578858003020287
  view-data: 0.09951228089630604
