times:
  edit-metadata: 0.5454637729562819
  landing: 0.06707636499777436
  view-data: 0.20039285020902753
