times:
  edit-metadata: 1.4290259201079607
  landing: 0.018971532583236694
  view-data: 0.024952732026576996
