times:
  edit-metadata: 0.8902576491236687
  landing: 0.06422752374783158
  view-data: 0.20820988807827234
