times:
  edit-metadata: 1.4327133037149906
  landing: 0.12676685117185116
  view-data: 0.3213203065097332
