times:
  edit-metadata: 1.3420156501233578
  landing: 0.02326933853328228
  view-data: 0.2835206128656864
