times:
  edit-metadata: 1.4912175964564085
  landing: 0.2281762883067131
  view-data: 0.03229477070271969
