times:
  edit-metadata: 0.5567220086231828
  landing: 0.06563718430697918
  view-data: 0.2081976355984807
