times:
  edit-metadata: 1.3668652083724737
  landing: 0.020757846534252167
  view-data: 0.026146624237298965
