times:
  edit-metadata: 1.9967820830643177
  landing: 0.2290162891149521
  view-data: 0.4089694656431675
