times:
  edit-metadata: 1.5979251358658075
  landing: 0.3630180489271879
  view-data: 0.47631512954831123
