times:
  edit-metadata: 1.4761207699775696
  landing: 0.02143283560872078
  view-data: 0.05056729167699814
