times:
  edit-metadata: 1.3257963918149471
  landing: 0.022693071514368057
  view-data: 0.4351757727563381
