times:
  edit-metadata: 1.6396823469549417
  landing: 0.20967303402721882
  view-data: 0.18554400466382504
