times:
  edit-metadata: 2.0341192055493593
  landing: 0.025581215508282185
  view-data: 0.4688561577349901
