times:
  edit-metadata: 1.6004928220063448
  landing: 0.01971270516514778
  view-data: 0.022602317854762077
