times:
  edit-metadata: 1.7982552256435156
  landing: 0.25976339168846607
  view-data: 0.35466620698571205
