times:
  edit-metadata: 1.5728399194777012
  landing: 0.16553135216236115
  view-data: 0.3782476093620062
