times:
  edit-metadata: 1.3618429899215698
  landing: 0.01969503052532673
  view-data: 0.024930434301495552
