times:
  edit-metadata: 0.5993084409274161
  landing: 0.07463715318590403
  view-data: 0.2831791453063488
