times:
  edit-metadata: 1.3555026520043612
  landing: 0.019188864156603813
  view-data: 0.13764222338795662
