times:
  edit-metadata: 1.3626282569020987
  landing: 0.023883745074272156
  view-data: 0.13171234168112278
