times:
  edit-metadata: 1.3533044159412384
  landing: 0.021684939041733742
  view-data: 0.026197589933872223
