times:
  edit-metadata: 0.6712801866233349
  landing: 0.1480663209222257
  view-data: 0.20949166314676404
