times:
  edit-metadata: 0.8360009267926216
  landing: 0.11487843189388514
  view-data: 0.2220927788875997
