times:
  edit-metadata: 0.8599199983291328
  landing: 0.08305408479645848
  view-data: 0.20155123574659228
