times:
  edit-metadata: 1.5758369471877813
  landing: 0.25060731172561646
  view-data: 0.18307542614638805
