times:
  edit-metadata: 1.3855538293719292
  landing: 0.0195432361215353
  view-data: 0.029393834993243217
