times:
  edit-metadata: 1.3470996264368296
  landing: 0.02196524292230606
  view-data: 0.026613183319568634
