times:
  edit-metadata: 1.3775887172669172
  landing: 0.13011350110173225
  view-data: 0.3088049963116646
