times:
  edit-metadata: 1.5000286437571049
  landing: 0.02325177937746048
  view-data: 0.027215298265218735
