times:
  edit-metadata: 1.4310202524065971
  landing: 0.021626953035593033
  view-data: 0.13337578438222408
