times:
  edit-metadata: 1.4605695493519306
  landing: 0.02219623140990734
  view-data: 0.05507449992001057
