times:
  edit-metadata: 1.467983614653349
  landing: 0.021989040076732635
  view-data: 0.1006841566413641
