times:
  edit-metadata: 1.75669333525002
  landing: 0.15635905973613262
  view-data: 0.5167560242116451
