times:
  edit-metadata: 1.5225235391408205
  landing: 0.23135684244334698
  view-data: 0.18400042317807674
