times:
  edit-metadata: 1.3789126202464104
  landing: 0.19196652807295322
  view-data: 0.021786101162433624
