times:
  edit-metadata: 1.400595648214221
  landing: 0.022574350237846375
  view-data: 0.26066501811146736
