times:
  edit-metadata: 0.6334640425629914
  landing: 0.07714866381138563
  view-data: 0.20135765289887786
