times:
  edit-metadata: 1.7481329962611198
  landing: 0.18961989134550095
  view-data: 0.15535219013690948
