times:
  edit-metadata: 1.2905698344111443
  landing: 0.03166422061622143
  view-data: 0.3460042327642441
