times:
  edit-metadata: 1.4200092516839504
  landing: 0.021162845194339752
  view-data: 0.3215631563216448
