times:
  edit-metadata: 1.589184870943427
  landing: 0.13047455810010433
  view-data: 0.3407609947025776
