times:
  edit-metadata: 1.342728866264224
  landing: 0.023001965135335922
  view-data: 0.025799889117479324
