times:
  edit-metadata: 1.7216793997213244
  landing: 0.31918434146791697
  view-data: 0.43120824731886387
