times:
  edit-metadata: 1.4268058147281408
  landing: 0.02271036058664322
  view-data: 0.12315952405333519
