times:
  edit-metadata: 1.111307695042342
  landing: 0.08378849225118756
  view-data: 0.28904705587774515
