times:
  edit-metadata: 1.379728814586997
  landing: 0.02268640510737896
  view-data: 0.024489888921380043
