times:
  edit-metadata: 1.356289541348815
  landing: 0.01873454824090004
  view-data: 0.3388357646763325
