times:
  edit-metadata: 1.4627867955714464
  landing: 0.21724572405219078
  view-data: 0.025885403156280518
