times:
  edit-metadata: 1.4050652291625738
  landing: 0.020410312339663506
  view-data: 0.03125571459531784
