times:
  edit-metadata: 1.5499055217951536
  landing: 0.16290808096528053
  view-data: 0.405851311981678
