times:
  edit-metadata: 0.6408131550997496
  landing: 0.14539646031334996
  view-data: 0.19381759827956557
