times:
  edit-metadata: 0.5968315857462585
  landing: 0.16036253003403544
  view-data: 0.2270220872014761
