times:
  edit-metadata: 1.5944552551954985
  landing: 0.30996829830110073
  view-data: 0.15401237271726131
