times:
  edit-metadata: 1.5165647994726896
  landing: 0.09731380082666874
  view-data: 0.15050978027284145
