times:
  edit-metadata: 1.7047407925128937
  landing: 0.23078275471925735
  view-data: 0.33664315566420555
