times:
  edit-metadata: 1.3483214639127254
  landing: 0.020235484465956688
  view-data: 0.13811603374779224
