times:
  edit-metadata: 1.7258392162621021
  landing: 0.02106042206287384
  view-data: 0.1666805911809206
