times:
  edit-metadata: 1.3532236274331808
  landing: 0.020149655640125275
  view-data: 0.023331737145781517
