times:
  edit-metadata: 1.7551863491535187
  landing: 0.18601135909557343
  view-data: 0.39212212711572647
