times:
  edit-metadata: 1.399267664179206
  landing: 0.23293480463325977
  view-data: 0.024747230112552643
