times:
  edit-metadata: 1.3578801061958075
  landing: 0.1412501484155655
  view-data: 0.02387339249253273
