times:
  edit-metadata: 0.7557393903844059
  landing: 0.10828154487535357
  view-data: 0.23005666304379702
