times:
  edit-metadata: 1.4826758969575167
  landing: 0.3898928891867399
  view-data: 0.5171185228973627
