times:
  edit-metadata: 1.4512074254453182
  landing: 0.03309859335422516
  view-data: 0.4953969158232212
