times:
  edit-metadata: 1.9659809414297342
  landing: 0.15140722878277302
  view-data: 0.027286043390631676
