times:
  edit-metadata: 1.4664566051214933
  landing: 0.14962074346840382
  view-data: 0.027365688234567642
