times:
  edit-metadata: 1.7515697684139013
  landing: 0.31254217587411404
  view-data: 0.41815345361828804
