times:
  edit-metadata: 1.3636217545717955
  landing: 0.023540997877717018
  view-data: 0.02540939673781395
