times:
  edit-metadata: 0.5496172527782619
  landing: 0.07497936906293035
  view-data: 0.20135974185541272
