times:
  edit-metadata: 1.6030315272510052
  landing: 0.20204690285027027
  view-data: 0.365103293210268
