times:
  edit-metadata: 1.5165841551497579
  landing: 0.19996887631714344
  view-data: 0.22027483768761158
