times:
  edit-metadata: 1.4175204951316118
  landing: 0.13934952206909657
  view-data: 0.023416392505168915
