times:
  edit-metadata: 0.7757540782913566
  landing: 0.07496862625703216
  view-data: 0.2154563032090664
