times:
  edit-metadata: 1.5437591625377536
  landing: 0.02216023113578558
  view-data: 0.10308703780174255
