times:
  edit-metadata: 1.5785548109561205
  landing: 0.13286811113357544
  view-data: 0.02421904169023037
