times:
  edit-metadata: 1.4463077411055565
  landing: 0.021806061267852783
  view-data: 0.12125648558139801
