times:
  edit-metadata: 0.7261016117408872
  landing: 0.05434506991878152
  view-data: 0.29488962423056364
