times:
  edit-metadata: 1.5072593688964844
  landing: 0.02094258740544319
  view-data: 0.13440578617155552
