times:
  edit-metadata: 0.7214209651574492
  landing: 0.05256993696093559
  view-data: 0.2237231582403183
