times:
  edit-metadata: 1.4576783794909716
  landing: 0.11674656346440315
  view-data: 0.022617517039179802
