times:
  edit-metadata: 1.4247917216271162
  landing: 0.14360467996448278
  view-data: 0.025831326842308044
