times:
  edit-metadata: 1.5070537701249123
  landing: 0.1442520972341299
  view-data: 0.025341978296637535
