times:
  edit-metadata: 1.5493320217356086
  landing: 0.12826858926564455
  view-data: 0.3147333338856697
