times:
  edit-metadata: 1.44427171908319
  landing: 0.1498089525848627
  view-data: 0.24401799961924553
