times:
  edit-metadata: 1.6700176075100899
  landing: 0.19782212935388088
  view-data: 0.14574281685054302
