times:
  edit-metadata: 1.6649674773216248
  landing: 0.019434640184044838
  view-data: 0.14901183918118477
