times:
  edit-metadata: 1.4384625647217035
  landing: 0.018921364098787308
  view-data: 0.022837871685624123
