times:
  edit-metadata: 1.4119058549404144
  landing: 0.021723687648773193
  view-data: 0.317572632804513
