times:
  edit-metadata: 0.7306988360360265
  landing: 0.10204260284081101
  view-data: 0.30248891096562147
