times:
  edit-metadata: 0.7147411280311644
  landing: 0.042530462611466646
  view-data: 0.2932465118356049
