times:
  edit-metadata: 1.7256669718772173
  landing: 0.16934916004538536
  view-data: 0.5048649813979864
