times:
  edit-metadata: 1.6690092962235212
  landing: 0.3753553219139576
  view-data: 0.37209758535027504
