times:
  edit-metadata: 1.7228891626000404
  landing: 0.13810870423913002
  view-data: 0.2624595407396555
