times:
  edit-metadata: 1.5894580483436584
  landing: 0.020060155540704727
  view-data: 0.02312750183045864
