times:
  edit-metadata: 1.4520374685525894
  landing: 0.020090332254767418
  view-data: 0.12694785930216312
