times:
  edit-metadata: 1.4902558345347643
  landing: 0.02274552546441555
  view-data: 0.029293245635926723
