times:
  edit-metadata: 1.434415134601295
  landing: 0.019086611457169056
  view-data: 0.48961781337857246
