times:
  edit-metadata: 2.020692693069577
  landing: 0.18662347551435232
  view-data: 0.1709943376481533
