times:
  edit-metadata: 0.6016985587775707
  landing: 0.06910538813099265
  view-data: 0.23889215430244803
