times:
  edit-metadata: 1.663521273061633
  landing: 0.24100195057690144
  view-data: 0.37350926361978054
