times:
  edit-metadata: 1.6708781104534864
  landing: 0.2895967662334442
  view-data: 0.16282793134450912
