times:
  edit-metadata: 2.1887680301442742
  landing: 0.20988558698445559
  view-data: 0.03295099548995495
