times:
  edit-metadata: 1.4781523253768682
  landing: 0.1400900948792696
  view-data: 0.3807907495647669
