times:
  edit-metadata: 1.4676178954541683
  landing: 0.21368979942053556
  view-data: 0.2479092124849558
