times:
  edit-metadata: 1.4301431747153401
  landing: 0.02114185318350792
  view-data: 0.027133564464747906
