times:
  edit-metadata: 0.5961766671389341
  landing: 0.048798500560224056
  view-data: 0.22813921608030796
