times:
  edit-metadata: 1.466045180335641
  landing: 0.020710637792944908
  view-data: 0.02528901118785143
