times:
  edit-metadata: 1.6422950737178326
  landing: 0.021798519417643547
  view-data: 0.3452107813209295
