times:
  edit-metadata: 1.4558816738426685
  landing: 0.1279995683580637
  view-data: 0.4131084606051445
