times:
  edit-metadata: 1.6067431885749102
  landing: 0.17090078629553318
  view-data: 0.16429821215569973
