times:
  edit-metadata: 1.560813706368208
  landing: 0.02137899585068226
  view-data: 0.024832798168063164
