times:
  edit-metadata: 1.5082189943641424
  landing: 0.021802308037877083
  view-data: 0.025977659970521927
