times:
  edit-metadata: 1.654174081981182
  landing: 0.20730864629149437
  view-data: 0.176868112757802
