times:
  edit-metadata: 1.4716697428375483
  landing: 0.020260244607925415
  view-data: 0.027963539585471153
