times:
  edit-metadata: 1.4624003022909164
  landing: 0.020108625292778015
  view-data: 0.025626959279179573
