times:
  edit-metadata: 2.046743407845497
  landing: 0.37463689781725407
  view-data: 0.334754666313529
