times:
  edit-metadata: 1.4087651036679745
  landing: 0.02044985257089138
  view-data: 0.1234141606837511
