times:
  edit-metadata: 1.4386970978230238
  landing: 0.02274898998439312
  view-data: 0.027775311842560768
