times:
  edit-metadata: 1.439684422686696
  landing: 0.2053991872817278
  view-data: 0.02544436603784561
