times:
  edit-metadata: 1.4960065092891455
  landing: 0.15095043927431107
  view-data: 0.02612723410129547
