times:
  edit-metadata: 1.4922922663390636
  landing: 0.021219855174422264
  view-data: 0.027551742270588875
