times:
  edit-metadata: 1.6926504988223314
  landing: 0.15045418217778206
  view-data: 0.343726459890604
