times:
  edit-metadata: 1.498457407578826
  landing: 0.09618225693702698
  view-data: 0.027119403705000877
