times:
  edit-metadata: 1.759874366223812
  landing: 0.13907163590192795
  view-data: 0.2708289213478565
