times:
  edit-metadata: 0.6176344589330256
  landing: 0.050623191986232996
  view-data: 0.21517573297023773
