times:
  edit-metadata: 1.7174124140292406
  landing: 0.23942353576421738
  view-data: 0.18552501127123833
