times:
  edit-metadata: 1.6247767601162195
  landing: 0.022163355723023415
  view-data: 0.4118659347295761
