times:
  edit-metadata: 1.490039313212037
  landing: 0.2529313284903765
  view-data: 0.2573131211102009
