times:
  edit-metadata: 1.9724271725863218
  landing: 0.32506003603339195
  view-data: 0.29723823443055153
