times:
  edit-metadata: 1.4893675539642572
  landing: 0.020946810953319073
  view-data: 0.1313974866643548
