times:
  edit-metadata: 1.519613116979599
  landing: 0.18889386765658855
  view-data: 0.1569526456296444
