times:
  edit-metadata: 1.4773453585803509
  landing: 0.020769039168953896
  view-data: 0.11954743601381779
