times:
  edit-metadata: 1.49053018912673
  landing: 0.021891403943300247
  view-data: 0.028522871434688568
