times:
  edit-metadata: 1.5596193559467793
  landing: 0.028269778937101364
  view-data: 0.12181931361556053
