times:
  edit-metadata: 2.0987223591655493
  landing: 0.17605398781597614
  view-data: 0.16089419275522232
