times:
  edit-metadata: 1.4335609190165997
  landing: 0.022368842735886574
  view-data: 0.027758924290537834
