times:
  edit-metadata: 0.6783427931368351
  landing: 0.046070187818259
  view-data: 0.28902119398117065
