times:
  edit-metadata: 1.8881177455186844
  landing: 0.019726114347577095
  view-data: 0.5408624485135078
