times:
  edit-metadata: 1.39115927554667
  landing: 0.02231665328145027
  view-data: 0.12376444227993488
