times:
  edit-metadata: 1.3928934093564749
  landing: 0.019561823457479477
  view-data: 0.02356402948498726
