times:
  edit-metadata: 0.6091477358713746
  landing: 0.040967976208776236
  view-data: 0.21701529622077942
