times:
  edit-metadata: 0.6162021080963314
  landing: 0.07833640789613128
  view-data: 0.21716733183711767
