times:
  edit-metadata: 1.3770888708531857
  landing: 0.02413654699921608
  view-data: 0.12200073711574078
