times:
  edit-metadata: 0.5838187620975077
  landing: 0.04561929916962981
  view-data: 0.22226147167384624
