times:
  edit-metadata: 1.4257426271215081
  landing: 0.13026053085923195
  view-data: 0.13435416109859943
