times:
  edit-metadata: 1.615794699639082
  landing: 0.23292960412800312
  view-data: 0.31427289359271526
