times:
  edit-metadata: 1.4801915353164077
  landing: 0.021174981258809566
  view-data: 0.027174373157322407
