times:
  edit-metadata: 1.5744171980768442
  landing: 0.02357294410467148
  view-data: 0.1491096056997776
