times:
  edit-metadata: 1.4441101867705584
  landing: 0.22647311724722385
  view-data: 0.023661596700549126
