times:
  edit-metadata: 1.4418479725718498
  landing: 0.02253286074846983
  view-data: 0.0227950531989336
