times:
  edit-metadata: 1.4303342122584581
  landing: 0.022344449535012245
  view-data: 0.026380861178040504
