times:
  edit-metadata: 0.6722902031615376
  landing: 0.05531812133267522
  view-data: 0.2580967890098691
