times:
  edit-metadata: 1.4978587292134762
  landing: 0.1838795319199562
  view-data: 0.028116844594478607
