times:
  edit-metadata: 2.299983039498329
  landing: 0.22342429496347904
  view-data: 0.5052797123789787
