times:
  edit-metadata: 0.5874018068425357
  landing: 0.05051395995542407
  view-data: 0.22019589599221945
