times:
  edit-metadata: 1.5407918691635132
  landing: 0.12920924741774797
  view-data: 0.21920157317072153
