times:
  edit-metadata: 1.421604136005044
  landing: 0.019911114126443863
  view-data: 0.02574923262000084
