times:
  edit-metadata: 1.501352708786726
  landing: 0.019087087363004684
  view-data: 0.33804095163941383
