times:
  edit-metadata: 1.74384062923491
  landing: 0.13658886216580868
  view-data: 0.33498004265129566
