times:
  edit-metadata: 1.4391528721898794
  landing: 0.02213125117123127
  view-data: 0.02725342847406864
