times:
  edit-metadata: 1.5459481105208397
  landing: 0.1336392881348729
  view-data: 0.025416231714189053
