times:
  edit-metadata: 1.762226216495037
  landing: 0.01897467114031315
  view-data: 0.35026262886822224
