times:
  edit-metadata: 0.8340854849666357
  landing: 0.04639260098338127
  view-data: 0.21580564696341753
