times:
  edit-metadata: 1.4546015821397305
  landing: 0.1930122058838606
  view-data: 0.13954561948776245
