times:
  edit-metadata: 1.7228701822459698
  landing: 0.34763404726982117
  view-data: 0.15933753363788128
