times:
  edit-metadata: 1.889570016413927
  landing: 0.022509559988975525
  view-data: 0.02645903080701828
