times:
  edit-metadata: 1.9571647737175226
  landing: 0.4006524980068207
  view-data: 0.42417594604194164
