times:
  edit-metadata: 1.6307652574032545
  landing: 0.19489098899066448
  view-data: 0.028796980157494545
