times:
  edit-metadata: 0.5806289771571755
  landing: 0.07852671854197979
  view-data: 0.27663986990228295
