times:
  edit-metadata: 0.6239764969795942
  landing: 0.048273548018187284
  view-data: 0.2192508839070797
