times:
  edit-metadata: 1.8843280375003815
  landing: 0.28392854891717434
  view-data: 0.02618897147476673
