times:
  edit-metadata: 1.7078614085912704
  landing: 0.2925509735941887
  view-data: 0.3002259898930788
