times:
  edit-metadata: 1.4960131403058767
  landing: 0.024197371676564217
  view-data: 0.31605008617043495
