times:
  edit-metadata: 1.5947630442678928
  landing: 0.05460375174880028
  view-data: 0.024627255275845528
