times:
  edit-metadata: 1.5678248349577188
  landing: 0.020199378952383995
  view-data: 0.16469829715788364
