times:
  edit-metadata: 0.6696573970839381
  landing: 0.043922518845647573
  view-data: 0.3028025599196553
