times:
  edit-metadata: 1.5074731018394232
  landing: 0.02183428406715393
  view-data: 0.10269294865429401
