times:
  edit-metadata: 1.5350156612694263
  landing: 0.12539351545274258
  view-data: 0.02404032740741968
