times:
  edit-metadata: 0.5754987630061805
  landing: 0.045252203941345215
  view-data: 0.2216908880509436
