times:
  edit-metadata: 1.671060586348176
  landing: 0.20657102763652802
  view-data: 0.42882721684873104
