times:
  edit-metadata: 1.4611464980989695
  landing: 0.1325652338564396
  view-data: 0.3129824548959732
