times:
  edit-metadata: 1.4111832473427057
  landing: 0.019349681213498116
  view-data: 0.12117228657007217
