times:
  edit-metadata: 1.5911496747285128
  landing: 0.12898942083120346
  view-data: 0.03447556495666504
