times:
  edit-metadata: 2.5692251549917273
  landing: 0.5058727830182761
  view-data: 0.46220892400015146
