times:
  edit-metadata: 1.4181744391098619
  landing: 0.019101555459201336
  view-data: 0.14259493723511696
