times:
  edit-metadata: 1.4588124919682741
  landing: 0.02174222469329834
  view-data: 0.02558022364974022
