times:
  edit-metadata: 2.872553146997234
  landing: 0.31889090899494477
  view-data: 0.5068781099980697
