times:
  edit-metadata: 1.5242698350921273
  landing: 0.019802006892859936
  view-data: 0.1201071823015809
