times:
  edit-metadata: 0.6907653589732945
  landing: 0.05251811817288399
  view-data: 0.31203178595751524
