times:
  edit-metadata: 1.6168772503733635
  landing: 0.18955937027931213
  view-data: 0.026615282520651817
