times:
  edit-metadata: 1.4957323372364044
  landing: 0.021724039688706398
  view-data: 0.3232980705797672
