times:
  edit-metadata: 1.4146405318751931
  landing: 0.020219212397933006
  view-data: 0.38793237041682005
