times:
  edit-metadata: 0.5731550711207092
  landing: 0.08499916922301054
  view-data: 0.2266355766914785
