times:
  edit-metadata: 1.447250671684742
  landing: 0.02205525152385235
  view-data: 0.024233175441622734
