times:
  edit-metadata: 0.6531720659695566
  landing: 0.04090287908911705
  view-data: 0.22522537084296346
