times:
  edit-metadata: 1.447838643565774
  landing: 0.18090447783470154
  view-data: 0.12495535239577293
