times:
  edit-metadata: 1.4909816160798073
  landing: 0.22982388734817505
  view-data: 0.13936291076242924
