times:
  edit-metadata: 1.4294535648077726
  landing: 0.020667171105742455
  view-data: 0.027601333335042
