times:
  edit-metadata: 1.468018451705575
  landing: 0.019824584014713764
  view-data: 0.025958871468901634
