times:
  edit-metadata: 1.8791526183485985
  landing: 0.23599255830049515
  view-data: 0.3823562227189541
