times:
  edit-metadata: 1.4616732336580753
  landing: 0.2174956314265728
  view-data: 0.13269949797540903
