times:
  edit-metadata: 1.6255111880600452
  landing: 0.25707338750362396
  view-data: 0.17957917228341103
