times:
  edit-metadata: 1.4958236683160067
  landing: 0.02306658774614334
  view-data: 0.025806833058595657
