times:
  edit-metadata: 1.5690575651824474
  landing: 0.1394718922674656
  view-data: 0.02499769814312458
