times:
  edit-metadata: 1.444858280941844
  landing: 0.020098945125937462
  view-data: 0.022816313430666924
