times:
  edit-metadata: 1.5905837109312415
  landing: 0.24869138654321432
  view-data: 0.22616035398095846
