times:
  edit-metadata: 1.4971292428672314
  landing: 0.023255636915564537
  view-data: 0.024217361584305763
