times:
  edit-metadata: 1.6961879394948483
  landing: 0.02055271528661251
  view-data: 0.26212893053889275
