times:
  edit-metadata: 1.4248747881501913
  landing: 0.019100012257695198
  view-data: 0.023188600316643715
