times:
  edit-metadata: 0.598581007681787
  landing: 0.04839489096775651
  view-data: 0.25315144332125783
