times:
  edit-metadata: 1.5510891173034906
  landing: 0.38420830853283405
  view-data: 0.33325408585369587
