times:
  edit-metadata: 1.5827595461159945
  landing: 0.3476972635835409
  view-data: 0.34693617187440395
