times:
  edit-metadata: 0.6042183539830148
  landing: 0.051349932327866554
  view-data: 0.22912130132317543
