times:
  edit-metadata: 1.648632861673832
  landing: 0.3111954480409622
  view-data: 0.27304514683783054
