times:
  edit-metadata: 1.4894400052726269
  landing: 0.2029071357101202
  view-data: 0.2958182394504547
