times:
  edit-metadata: 1.627880286425352
  landing: 0.24969502352178097
  view-data: 0.3304450009018183
