times:
  edit-metadata: 0.8544221720658243
  landing: 0.04277519276365638
  view-data: 0.21392263565212488
