times:
  edit-metadata: 1.4756311755627394
  landing: 0.022525563836097717
  view-data: 0.02642056904733181
