times:
  edit-metadata: 0.6206733393482864
  landing: 0.0784981925971806
  view-data: 0.21629051119089127
