times:
  edit-metadata: 0.7972248760052025
  landing: 0.0400085523724556
  view-data: 0.2260879436507821
