times:
  edit-metadata: 1.4946731813251972
  landing: 0.1325149480253458
  view-data: 0.3046293593943119
