times:
  edit-metadata: 2.5197033546864986
  landing: 0.24904423765838146
  view-data: 0.6076796539127827
