times:
  edit-metadata: 1.698452576994896
  landing: 0.3017194587737322
  view-data: 0.34092534333467484
