times:
  edit-metadata: 1.4169888067990541
  landing: 0.02210211008787155
  view-data: 0.024593248963356018
