times:
  edit-metadata: 1.5129527989774942
  landing: 0.019616369158029556
  view-data: 0.027490712702274323
