times:
  edit-metadata: 1.537800433114171
  landing: 0.02247491292655468
  view-data: 0.22373399324715137
