times:
  edit-metadata: 2.0354205705225468
  landing: 0.2650789860635996
  view-data: 0.36299691535532475
