times:
  edit-metadata: 1.4787616431713104
  landing: 0.02311437390744686
  view-data: 0.023871615529060364
