times:
  edit-metadata: 1.490545803681016
  landing: 0.13322229124605656
  view-data: 0.026839911937713623
