times:
  edit-metadata: 1.4884988591074944
  landing: 0.018004396930336952
  view-data: 0.02274266444146633
