times:
  edit-metadata: 1.4076731372624636
  landing: 0.02096887119114399
  view-data: 0.2846102640032768
