times:
  edit-metadata: 1.4485860504209995
  landing: 0.02001495473086834
  view-data: 0.34055413119494915
