times:
  edit-metadata: 1.6029098369181156
  landing: 0.20577610842883587
  view-data: 0.023670539259910583
