times:
  edit-metadata: 1.5095861740410328
  landing: 0.02256758790463209
  view-data: 0.13929572887718678
