times:
  edit-metadata: 1.5279110539704561
  landing: 0.023408597335219383
  view-data: 0.028326835483312607
