times:
  edit-metadata: 1.5990187153220177
  landing: 0.1322533432394266
  view-data: 0.38363938592374325
