times:
  edit-metadata: 1.6565245687961578
  landing: 0.2182775717228651
  view-data: 0.1306157074868679
