times:
  edit-metadata: 1.485898394137621
  landing: 0.2012866511940956
  view-data: 0.2713286420330405
