times:
  edit-metadata: 1.5691725546494126
  landing: 0.12350264843553305
  view-data: 0.11743450537323952
