times:
  edit-metadata: 1.4951874148100615
  landing: 0.12320428714156151
  view-data: 0.022757505998015404
