times:
  edit-metadata: 1.4024600200355053
  landing: 0.1506653130054474
  view-data: 0.31311948597431183
