times:
  edit-metadata: 0.5529748168773949
  landing: 0.1300299041904509
  view-data: 0.20626366790384054
