times:
  edit-metadata: 1.6434997152537107
  landing: 0.13021954335272312
  view-data: 0.31811167672276497
