times:
  edit-metadata: 1.7378001157194376
  landing: 0.023749250918626785
  view-data: 0.33055721782147884
