times:
  edit-metadata: 0.6647758758626878
  landing: 0.06289712944999337
  view-data: 0.2891024509444833
