times:
  edit-metadata: 1.7342148460447788
  landing: 0.1692230086773634
  view-data: 0.20762740820646286
