times:
  edit-metadata: 1.696251479908824
  landing: 0.0224892720580101
  view-data: 0.36372222751379013
