times:
  edit-metadata: 0.6183516108430922
  landing: 0.09793085791170597
  view-data: 0.2038696212694049
