times:
  edit-metadata: 1.3441458251327276
  landing: 0.019594155251979828
  view-data: 0.10421701893210411
