times:
  edit-metadata: 1.3765697637572885
  landing: 0.019179418683052063
  view-data: 0.029138108715415
