times:
  edit-metadata: 1.369105220772326
  landing: 0.02037472277879715
  view-data: 0.11642621085047722
