times:
  edit-metadata: 1.5488584861159325
  landing: 0.19861790537834167
  view-data: 0.1558497343212366
