times:
  edit-metadata: 1.703198280185461
  landing: 0.33294049464166164
  view-data: 0.28497794456779957
