times:
  edit-metadata: 1.67219072394073
  landing: 0.05855679139494896
  view-data: 0.10884239431470633
