times:
  edit-metadata: 1.3473768755793571
  landing: 0.01994737796485424
  view-data: 0.022960705682635307
