times:
  edit-metadata: 1.3577766194939613
  landing: 0.01988503895699978
  view-data: 0.0267040953040123
