times:
  edit-metadata: 1.3708306793123484
  landing: 0.19604908861219883
  view-data: 0.025673603639006615
