times:
  edit-metadata: 1.3826251793652773
  landing: 0.01949159987270832
  view-data: 0.1267712190747261
