times:
  edit-metadata: 1.3528221249580383
  landing: 0.020626498386263847
  view-data: 0.028873596340417862
