times:
  edit-metadata: 1.5076172892004251
  landing: 0.1837868858128786
  view-data: 0.024965189397335052
