times:
  edit-metadata: 1.4773321766406298
  landing: 0.021678660064935684
  view-data: 0.30127851478755474
