times:
  edit-metadata: 1.994145498611033
  landing: 0.3564097173511982
  view-data: 0.16764525789767504
