times:
  edit-metadata: 1.3465037494897842
  landing: 0.1231090147048235
  view-data: 0.12213578633964062
