times:
  edit-metadata: 1.4252843130379915
  landing: 0.024643704295158386
  view-data: 0.025444848462939262
