times:
  edit-metadata: 1.4322341568768024
  landing: 0.19887449592351913
  view-data: 0.48555572889745235
