times:
  edit-metadata: 1.3896778207272291
  landing: 0.019299594685435295
  view-data: 0.027593914419412613
