times:
  edit-metadata: 0.8687273683026433
  landing: 0.07962311897426844
  view-data: 0.28389287181198597
