times:
  edit-metadata: 1.325429879128933
  landing: 0.02005166932940483
  view-data: 0.028664318844676018
