times:
  edit-metadata: 1.372137127444148
  landing: 0.09784820675849915
  view-data: 0.02667192369699478
