times:
  edit-metadata: 1.430849127471447
  landing: 0.1676215473562479
  view-data: 0.02615216001868248
