times:
  edit-metadata: 1.5310414675623178
  landing: 0.14401108212769032
  view-data: 0.3658370915800333
