times:
  edit-metadata: 1.3775330875068903
  landing: 0.019663672894239426
  view-data: 0.3095417506992817
