times:
  edit-metadata: 1.318776659667492
  landing: 0.022891685366630554
  view-data: 0.12604255974292755
