times:
  edit-metadata: 1.345861392095685
  landing: 0.17689138650894165
  view-data: 0.02453385479748249
