times:
  edit-metadata: 1.3375217216089368
  landing: 0.01873602718114853
  view-data: 0.13257063459604979
