times:
  edit-metadata: 1.4348000632598996
  landing: 0.23288657143712044
  view-data: 0.2613376956433058
