times:
  edit-metadata: 0.6087054600939155
  landing: 0.08456785278394818
  view-data: 0.21270292904227972
