times:
  edit-metadata: 1.654660940170288
  landing: 0.29505621641874313
  view-data: 0.30756442807614803
