times:
  edit-metadata: 1.3634806368499994
  landing: 0.12874453328549862
  view-data: 0.028476567938923836
