times:
  edit-metadata: 1.3520172256976366
  landing: 0.019737860187888145
  view-data: 0.024888450279831886
