times:
  edit-metadata: 1.3479620311409235
  landing: 0.02181170880794525
  view-data: 0.31033587642014027
