times:
  edit-metadata: 1.3932332377880812
  landing: 0.020211072638630867
  view-data: 0.024929961189627647
