times:
  edit-metadata: 0.5270722759887576
  landing: 0.073262392077595
  view-data: 0.20662698661908507
