times:
  edit-metadata: 1.480936137959361
  landing: 0.09990954026579857
  view-data: 0.024340704083442688
