times:
  edit-metadata: 0.5287517108954489
  landing: 0.07111702812835574
  view-data: 0.309438263066113
