times:
  edit-metadata: 1.5305869709700346
  landing: 0.119314419105649
  view-data: 0.025101806968450546
