times:
  edit-metadata: 1.4054591655731201
  landing: 0.1445887815207243
  view-data: 0.45553458016365767
