times:
  edit-metadata: 1.3287717374041677
  landing: 0.019959067925810814
  view-data: 0.026894190348684788
