times:
  edit-metadata: 0.5575110521167517
  landing: 0.05100711202248931
  view-data: 0.20844009332358837
