times:
  edit-metadata: 0.7358695277944207
  landing: 0.04521780274808407
  view-data: 0.2508353930898011
