times:
  edit-metadata: 1.359748002141714
  landing: 0.020858220756053925
  view-data: 0.2575380317866802
