times:
  edit-metadata: 1.388146637007594
  landing: 0.15740537084639072
  view-data: 0.022885171696543694
