times:
  edit-metadata: 1.5126437153667212
  landing: 0.12878761626780033
  view-data: 0.3730594553053379
