times:
  edit-metadata: 1.3706295676529408
  landing: 0.024440057575702667
  view-data: 0.13645799085497856
