times:
  edit-metadata: 1.4987907465547323
  landing: 0.019562071189284325
  view-data: 0.3471525739878416
