times:
  edit-metadata: 0.5249606841243804
  landing: 0.057863612193614244
  view-data: 0.21173166297376156
