times:
  edit-metadata: 1.6709903553128242
  landing: 0.2836095727980137
  view-data: 0.4970434848219156
