times:
  edit-metadata: 1.9959793761372566
  landing: 0.27397995442152023
  view-data: 0.15548842959105968
