times:
  edit-metadata: 1.548941558226943
  landing: 0.2694955449551344
  view-data: 0.36293074674904346
