times:
  edit-metadata: 1.4645129796117544
  landing: 0.026099996641278267
  view-data: 0.36646902188658714
