times:
  edit-metadata: 1.3605769332498312
  landing: 0.12142728455364704
  view-data: 0.12484134919941425
