times:
  edit-metadata: 1.5662156287580729
  landing: 0.187655508518219
  view-data: 0.17118901200592518
