times:
  edit-metadata: 1.3729691440239549
  landing: 0.019482445903122425
  view-data: 0.4479266256093979
