times:
  edit-metadata: 1.5284377001225948
  landing: 0.14894182980060577
  view-data: 0.3735071737319231
