times:
  edit-metadata: 1.579089188016951
  landing: 0.1498178131878376
  view-data: 0.3861136930063367
