times:
  edit-metadata: 1.4196851244196296
  landing: 0.14923963882029057
  view-data: 0.4948769938200712
