times:
  edit-metadata: 1.378332369029522
  landing: 0.16399034671485424
  view-data: 0.13674938306212425
