times:
  edit-metadata: 1.4942343551665545
  landing: 0.2533585987985134
  view-data: 0.3745102733373642
