times:
  edit-metadata: 0.5617551770992577
  landing: 0.06915859179571271
  view-data: 0.21078477194532752
