times:
  edit-metadata: 0.6675631930120289
  landing: 0.11033037910237908
  view-data: 0.19885355280712247
