times:
  edit-metadata: 1.453112456947565
  landing: 0.12947193440049887
  view-data: 0.29099912475794554
