times:
  edit-metadata: 1.3822371512651443
  landing: 0.023265518248081207
  view-data: 0.3056409042328596
