times:
  edit-metadata: 1.5613399762660265
  landing: 0.01995694823563099
  view-data: 0.02498845010995865
