times:
  edit-metadata: 1.4311331622302532
  landing: 0.021669380366802216
  view-data: 0.02580088935792446
