times:
  edit-metadata: 1.34939331933856
  landing: 0.020263053476810455
  view-data: 0.10380703769624233
