times:
  edit-metadata: 1.3880901094526052
  landing: 0.02247125841677189
  view-data: 0.12639469280838966
