times:
  edit-metadata: 0.730225752107799
  landing: 0.07638951484113932
  view-data: 0.21868671709671617
