times:
  edit-metadata: 1.4631709270179272
  landing: 0.24131125956773758
  view-data: 0.31953833997249603
