times:
  edit-metadata: 1.6318694949150085
  landing: 0.24908183701336384
  view-data: 0.13107097335159779
