times:
  edit-metadata: 0.6885163076221943
  landing: 0.11352540692314506
  view-data: 0.223467072006315
