times:
  edit-metadata: 1.3798981085419655
  landing: 0.02105098031461239
  view-data: 0.02669598162174225
