times:
  edit-metadata: 1.4185157250612974
  landing: 0.022371195256710052
  view-data: 0.1426334735006094
