times:
  edit-metadata: 0.5737799960188568
  landing: 0.053144828882068396
  view-data: 0.214812686201185
