times:
  edit-metadata: 2.0906720757484436
  landing: 0.1586719173938036
  view-data: 0.03605278767645359
