times:
  edit-metadata: 1.424637014977634
  landing: 0.023396192118525505
  view-data: 0.1329433834180236
