times:
  edit-metadata: 1.3669126890599728
  landing: 0.021171790547668934
  view-data: 0.0255614360794425
