times:
  edit-metadata: 1.5367532316595316
  landing: 0.023138249292969704
  view-data: 0.025960136204957962
