times:
  edit-metadata: 1.4626749362796545
  landing: 0.02189582586288452
  view-data: 0.027816850692033768
