times:
  edit-metadata: 1.827803399413824
  landing: 0.3716402929276228
  view-data: 0.37653542682528496
