times:
  edit-metadata: 0.510456720367074
  landing: 0.05966182518750429
  view-data: 0.20527039002627134
