times:
  edit-metadata: 1.3487125355750322
  landing: 0.04474850371479988
  view-data: 0.024262400344014168
