times:
  edit-metadata: 1.4097843207418919
  landing: 0.02183729037642479
  view-data: 0.3138351235538721
