times:
  edit-metadata: 1.5382346399128437
  landing: 0.020329223945736885
  view-data: 0.1725010983645916
