times:
  edit-metadata: 1.4296333603560925
  landing: 0.2715552095323801
  view-data: 0.32813440077006817
