times:
  edit-metadata: 1.4165911003947258
  landing: 0.020431581884622574
  view-data: 0.3135793749243021
