times:
  edit-metadata: 1.401408325880766
  landing: 0.0204174118116498
  view-data: 0.0234365314245224
