times:
  edit-metadata: 1.4088551150634885
  landing: 0.019999003037810326
  view-data: 0.024869786575436592
