times:
  edit-metadata: 1.3549608141183853
  landing: 0.02006816677749157
  view-data: 0.22809208743274212
