times:
  edit-metadata: 0.6120870001614094
  landing: 0.07029887195676565
  view-data: 0.2132801222614944
