times:
  edit-metadata: 1.6098409835249186
  landing: 0.23401901870965958
  view-data: 0.4150376971811056
