times:
  edit-metadata: 1.4098081532865763
  landing: 0.02084963768720627
  view-data: 0.10549969971179962
