times:
  edit-metadata: 1.624499836936593
  landing: 0.3149758502840996
  view-data: 0.37507944367825985
