times:
  edit-metadata: 1.5674778437241912
  landing: 0.02012591902166605
  view-data: 0.02275878470391035
