times:
  edit-metadata: 2.0207689106464386
  landing: 0.20903779938817024
  view-data: 0.18300586193799973
