times:
  edit-metadata: 1.3416627403348684
  landing: 0.15790275670588017
  view-data: 0.31886789202690125
