times:
  edit-metadata: 1.4458597786724567
  landing: 0.024565450847148895
  view-data: 0.12590265832841396
