times:
  edit-metadata: 1.6241096146404743
  landing: 0.1445646621286869
  view-data: 0.2595056500285864
