times:
  edit-metadata: 1.9868828300386667
  landing: 0.15482376143336296
  view-data: 0.13178126513957977
