times:
  edit-metadata: 1.691945355385542
  landing: 0.07611707225441933
  view-data: 0.3214078303426504
