times:
  edit-metadata: 1.4564578533172607
  landing: 0.020631848834455013
  view-data: 0.023218759335577488
