times:
  edit-metadata: 1.6683101207017899
  landing: 0.38846316933631897
  view-data: 0.38868251256644726
