times:
  edit-metadata: 1.3501506764441729
  landing: 0.02316632866859436
  view-data: 0.02374958246946335
