times:
  edit-metadata: 0.6024437863379717
  landing: 0.09936235286295414
  view-data: 0.21305986726656556
