times:
  edit-metadata: 1.438111400231719
  landing: 0.023311913013458252
  view-data: 0.13009988144040108
