times:
  edit-metadata: 1.4318366087973118
  landing: 0.022710589691996574
  view-data: 0.23181520029902458
