times:
  edit-metadata: 1.361225327476859
  landing: 0.02195967547595501
  view-data: 0.0277249813079834
