times:
  edit-metadata: 1.3613391797989607
  landing: 0.028352271765470505
  view-data: 0.3047658186405897
