times:
  edit-metadata: 0.5432394910603762
  landing: 0.07325002364814281
  view-data: 0.21306299697607756
