times:
  edit-metadata: 1.3571345061063766
  landing: 0.22155025508254766
  view-data: 0.4761796500533819
