times:
  edit-metadata: 1.3938174694776535
  landing: 0.023198220878839493
  view-data: 0.02392374351620674
