times:
  edit-metadata: 1.39135402161628
  landing: 0.276075242087245
  view-data: 0.44798989687114954
