times:
  edit-metadata: 1.38006960041821
  landing: 0.02124343439936638
  view-data: 0.12210442498326302
