times:
  edit-metadata: 1.3596562836319208
  landing: 0.028476564213633537
  view-data: 0.12939084134995937
