times:
  edit-metadata: 0.541063480079174
  landing: 0.05362366093322635
  view-data: 0.22537541994825006
