times:
  edit-metadata: 1.325781068764627
  landing: 0.13586785271763802
  view-data: 0.12362034991383553
