times:
  edit-metadata: 1.3644536472856998
  landing: 0.12004595622420311
  view-data: 0.02533557079732418
