times:
  edit-metadata: 1.521622221916914
  landing: 0.1288993526250124
  view-data: 0.13738667219877243
