times:
  edit-metadata: 1.34851617179811
  landing: 0.19282610528171062
  view-data: 0.023805005475878716
