times:
  edit-metadata: 1.4206268396228552
  landing: 0.01906074397265911
  view-data: 0.02312757633626461
