times:
  edit-metadata: 1.513580396771431
  landing: 0.2683160677552223
  view-data: 0.34463914670050144
