times:
  edit-metadata: 0.7542697470635176
  landing: 0.06853158911690116
  view-data: 0.2759153009392321
