times:
  edit-metadata: 1.4812350813299417
  landing: 0.1261343639343977
  view-data: 0.3823146354407072
