times:
  edit-metadata: 1.8931674733757973
  landing: 0.342672985047102
  view-data: 0.6238916832953691
