times:
  edit-metadata: 1.5794913936406374
  landing: 0.30866703018546104
  view-data: 0.14337622001767159
