times:
  edit-metadata: 1.669257102534175
  landing: 0.3073666449636221
  view-data: 0.25474727153778076
