times:
  edit-metadata: 1.3382123447954655
  landing: 0.019421981647610664
  view-data: 0.028394266963005066
