times:
  edit-metadata: 1.5277823749929667
  landing: 0.18527979403734207
  view-data: 0.2864698674529791
