times:
  edit-metadata: 0.9318203432485461
  landing: 0.08251055097207427
  view-data: 0.2088893922045827
