times:
  edit-metadata: 0.5454756808467209
  landing: 0.041627924889326096
  view-data: 0.27442798716947436
