times:
  edit-metadata: 1.494937578216195
  landing: 0.018793251365423203
  view-data: 0.29131535068154335
