times:
  edit-metadata: 1.3679775334894657
  landing: 0.022173497825860977
  view-data: 0.026396935805678368
