times:
  edit-metadata: 1.471714680083096
  landing: 0.15172196365892887
  view-data: 0.12005682196468115
