times:
  edit-metadata: 1.552344562485814
  landing: 0.20182575844228268
  view-data: 0.3545991964638233
