times:
  edit-metadata: 0.6081658401526511
  landing: 0.04732459504157305
  view-data: 0.21053082402795553
