times:
  edit-metadata: 1.6424189545214176
  landing: 0.21535391174256802
  view-data: 0.37345948442816734
