times:
  edit-metadata: 1.4298866707831621
  landing: 0.021467851474881172
  view-data: 0.02209506183862686
