times:
  edit-metadata: 1.3504982590675354
  landing: 0.019862502813339233
  view-data: 0.023785335943102837
