times:
  edit-metadata: 0.5803522141650319
  landing: 0.06584611302241683
  view-data: 0.21855916688218713
