times:
  edit-metadata: 1.4932812564074993
  landing: 0.12137157469987869
  view-data: 0.12425560131669044
