times:
  edit-metadata: 1.389985118061304
  landing: 0.15568620711565018
  view-data: 0.3092791400849819
