times:
  edit-metadata: 1.483707094565034
  landing: 0.21206182427704334
  view-data: 0.29993454553186893
