times:
  edit-metadata: 1.5863200463354588
  landing: 0.2502598110586405
  view-data: 0.1319713555276394
