times:
  edit-metadata: 1.325177539139986
  landing: 0.022527623921632767
  view-data: 0.10014355927705765
