times:
  edit-metadata: 1.3762530479580164
  landing: 0.23907783068716526
  view-data: 0.0250934436917305
