times:
  edit-metadata: 0.7293913410976529
  landing: 0.05932303937152028
  view-data: 0.22214728593826294
