times:
  edit-metadata: 1.4864232409745455
  landing: 0.17776562087237835
  view-data: 0.1472186353057623
