times:
  edit-metadata: 1.5532195586711168
  landing: 0.01986124739050865
  view-data: 0.3423516359180212
