times:
  edit-metadata: 1.4927098639309406
  landing: 0.01927950419485569
  view-data: 0.02420256845653057
