times:
  edit-metadata: 1.538547707721591
  landing: 0.020569492131471634
  view-data: 0.27601465955376625
