times:
  edit-metadata: 1.3586168196052313
  landing: 0.019703026860952377
  view-data: 0.023435376584529877
