times:
  edit-metadata: 1.3954333029687405
  landing: 0.10974232479929924
  view-data: 0.028194086626172066
