times:
  edit-metadata: 0.5088602271862328
  landing: 0.13740829704329371
  view-data: 0.2087452281266451
