times:
  edit-metadata: 1.4929840490221977
  landing: 0.2673625759780407
  view-data: 0.3591584265232086
