times:
  edit-metadata: 1.4625739119946957
  landing: 0.02148481085896492
  view-data: 0.42027923464775085
