times:
  edit-metadata: 1.547480813227594
  landing: 0.18197376653552055
  view-data: 0.023197971284389496
