times:
  edit-metadata: 1.4670405127108097
  landing: 0.021636538207530975
  view-data: 0.026036353781819344
