times:
  edit-metadata: 1.3268148163333535
  landing: 0.02163642179220915
  view-data: 0.11871739570051432
