times:
  edit-metadata: 1.4821589346975088
  landing: 0.02002393826842308
  view-data: 0.3218583855777979
