times:
  edit-metadata: 1.6056120079010725
  landing: 0.34315393678843975
  view-data: 0.17751252464950085
