times:
  edit-metadata: 1.345316519960761
  landing: 0.021933848038315773
  view-data: 0.024980937130749226
