times:
  edit-metadata: 0.4769667638465762
  landing: 0.04379934910684824
  view-data: 0.46816549776121974
