times:
  edit-metadata: 1.861082836985588
  landing: 0.25044036097824574
  view-data: 0.5199797470122576
