times:
  edit-metadata: 1.4845789205282927
  landing: 0.020264681428670883
  view-data: 0.027995560318231583
