times:
  edit-metadata: 1.851059028878808
  landing: 0.019503368064761162
  view-data: 0.02473575621843338
