times:
  edit-metadata: 1.5916794780641794
  landing: 0.7522114720195532
  view-data: 0.8232314400374889
