times:
  edit-metadata: 0.4764503217302263
  landing: 0.07728825928643346
  view-data: 0.3094470566138625
