times:
  edit-metadata: 0.4260828783735633
  landing: 0.04313149116933346
  view-data: 0.7032966166734695
