times:
  edit-metadata: 1.7291030576452613
  landing: 0.06044541485607624
  view-data: 0.7877047015354037
