times:
  edit-metadata: 1.351874839514494
  landing: 0.01862824708223343
  view-data: 0.022489365190267563
