times:
  edit-metadata: 1.388515928760171
  landing: 0.1932360641658306
  view-data: 0.024314118549227715
