times:
  edit-metadata: 0.3910695658996701
  landing: 0.047228517942130566
  view-data: 0.8237858228385448
