times:
  edit-metadata: 0.47658936819061637
  landing: 0.05786078097298741
  view-data: 0.4697532900609076
