times:
  edit-metadata: 1.3308548610657454
  landing: 0.020108070224523544
  view-data: 1.0687746992334723
