times:
  edit-metadata: 1.345321897417307
  landing: 0.019378503784537315
  view-data: 0.022039363160729408
