times:
  edit-metadata: 1.415960555896163
  landing: 0.0220615416765213
  view-data: 0.10905084758996964
