times:
  edit-metadata: 1.4136270824819803
  landing: 0.11361495777964592
  view-data: 0.14197568409144878
