times:
  edit-metadata: 0.4088777732104063
  landing: 0.05082955490797758
  view-data: 0.5976028414443135
