times:
  edit-metadata: 0.40728543419390917
  landing: 0.05395885370671749
  view-data: 0.59275321662426
