times:
  edit-metadata: 1.3776745116338134
  landing: 0.020644957199692726
  view-data: 0.02233226504176855
