times:
  edit-metadata: 1.5731423646211624
  landing: 0.209750073030591
  view-data: 0.8435546364635229
