times:
  edit-metadata: 0.42062138486653566
  landing: 0.045542930252850056
  view-data: 0.7477986598387361
