times:
  edit-metadata: 1.9338486026972532
  landing: 0.023247092962265015
  view-data: 0.8109880890697241
