times:
  edit-metadata: 1.9614214804023504
  landing: 0.020361782982945442
  view-data: 0.025896325707435608
