times:
  edit-metadata: 0.426401948556304
  landing: 0.04215032421052456
  view-data: 2.257537712343037
