times:
  edit-metadata: 0.4109931578859687
  landing: 0.04285841528326273
  view-data: 0.7113371780142188
