times:
  edit-metadata: 1.372534915804863
  landing: 0.02010213863104582
  view-data: 0.02374359592795372
