times:
  edit-metadata: 2.174990974366665
  landing: 0.048534197732806206
  view-data: 0.053856357000768185
