times:
  edit-metadata: 1.293462903238833
  landing: 0.1289568105712533
  view-data: 0.024806121364235878
