times:
  edit-metadata: 1.338856602087617
  landing: 0.030657486990094185
  view-data: 0.6846382347866893
