times:
  edit-metadata: 0.5224753110669553
  landing: 0.03992798877879977
  view-data: 0.4062426430173218
