times:
  edit-metadata: 1.6906208880245686
  landing: 0.501043064519763
  view-data: 0.5054210871458054
