times:
  edit-metadata: 1.5890386076644063
  landing: 0.17595337890088558
  view-data: 0.8815224515274167
