times:
  edit-metadata: 1.4211327023804188
  landing: 0.22466637939214706
  view-data: 0.3610179051756859
