times:
  edit-metadata: 1.8121508862823248
  landing: 0.39001174829900265
  view-data: 0.7259973417967558
