times:
  edit-metadata: 1.3455230500549078
  landing: 0.018491528928279877
  view-data: 0.8459596708416939
