times:
  edit-metadata: 1.4368437360972166
  landing: 0.018950259312987328
  view-data: 0.02593052200973034
