times:
  edit-metadata: 1.389298353344202
  landing: 0.022113925777375698
  view-data: 0.9475534809753299
