times:
  edit-metadata: 1.5063153114169836
  landing: 0.4418035186827183
  view-data: 0.17338167503476143
