times:
  edit-metadata: 1.3114734161645174
  landing: 0.021794334053993225
  view-data: 0.023517758585512638
