times:
  edit-metadata: 1.365727144293487
  landing: 0.020235725678503513
  view-data: 0.12597361765801907
