times:
  edit-metadata: 1.3152869772166014
  landing: 0.12882808782160282
  view-data: 0.02650928683578968
