times:
  edit-metadata: 0.48462383868172765
  landing: 0.04648507293313742
  view-data: 0.34405694296583533
