times:
  edit-metadata: 1.4200745094567537
  landing: 0.019776025786995888
  view-data: 0.12061016447842121
