times:
  edit-metadata: 1.6815039105713367
  landing: 0.020306652411818504
  view-data: 0.02307906188070774
