times:
  edit-metadata: 1.3128447644412518
  landing: 0.019879566505551338
  view-data: 1.066523414105177
