times:
  edit-metadata: 1.7329915277659893
  landing: 0.41205035150051117
  view-data: 0.19753794185817242
