times:
  edit-metadata: 1.3682838445529342
  landing: 0.01972848642617464
  view-data: 0.0247276583686471
