times:
  edit-metadata: 1.4989944975823164
  landing: 0.023449944332242012
  view-data: 0.027793576940894127
