times:
  edit-metadata: 1.3279905002564192
  landing: 0.13533598650246859
  view-data: 0.7872010413557291
