times:
  edit-metadata: 1.3769483473151922
  landing: 0.09564005210995674
  view-data: 0.023821042850613594
