times:
  edit-metadata: 1.3285461198538542
  landing: 0.15190990082919598
  view-data: 0.5808029631152749
