times:
  edit-metadata: 0.4004399422556162
  landing: 0.043123338371515274
  view-data: 0.43647598661482334
