times:
  edit-metadata: 1.3167388588190079
  landing: 0.13675575330853462
  view-data: 0.1220548115670681
