times:
  edit-metadata: 1.305977463722229
  landing: 0.018554002046585083
  view-data: 0.023140262812376022
