times:
  edit-metadata: 1.2961245756596327
  landing: 0.1316282832995057
  view-data: 0.5799047043547034
