times:
  edit-metadata: 1.439090058207512
  landing: 0.21734688431024551
  view-data: 0.6006214087828994
