times:
  edit-metadata: 1.3486371021717787
  landing: 0.020705988630652428
  view-data: 0.027482444420456886
