times:
  edit-metadata: 1.4731927383691072
  landing: 0.04179644677788019
  view-data: 1.02860286552459
