times:
  edit-metadata: 1.4637011084705591
  landing: 0.022808751091361046
  view-data: 0.023962773382663727
