times:
  edit-metadata: 1.6633984353393316
  landing: 0.025622205808758736
  view-data: 0.5751276016235352
