times:
  edit-metadata: 1.3343429174274206
  landing: 0.02182685025036335
  view-data: 0.03024244960397482
