times:
  edit-metadata: 0.41339870635420084
  landing: 0.039440120570361614
  view-data: 0.9862861018627882
