times:
  edit-metadata: 1.4388578832149506
  landing: 0.02277558296918869
  view-data: 0.026680213399231434
