times:
  edit-metadata: 1.3734255963936448
  landing: 0.023420588113367558
  view-data: 0.023923040367662907
