times:
  edit-metadata: 1.4035870907828212
  landing: 0.12999545969069004
  view-data: 0.1409521708264947
