times:
  edit-metadata: 0.3949587335810065
  landing: 0.04179416596889496
  view-data: 0.7198014995083213
