times:
  edit-metadata: 1.4038977967575192
  landing: 0.12615412287414074
  view-data: 0.02359361480921507
