times:
  edit-metadata: 1.4822323070839047
  landing: 0.117745291441679
  view-data: 0.7909078318625689
