times:
  edit-metadata: 1.412098296917975
  landing: 0.02293466590344906
  view-data: 0.022967335768043995
