times:
  edit-metadata: 1.3883691970258951
  landing: 0.02212531305849552
  view-data: 0.6712737549096346
