times:
  edit-metadata: 1.259163687005639
  landing: 0.020752016454935074
  view-data: 0.12065962422639132
