times:
  edit-metadata: 1.321399255655706
  landing: 0.0202312795445323
  view-data: 0.025805501267313957
