times:
  edit-metadata: 0.6295722099021077
  landing: 0.04139976389706135
  view-data: 0.3382889521308243
