times:
  edit-metadata: 1.465760102495551
  landing: 0.020681348629295826
  view-data: 0.026132038794457912
