times:
  edit-metadata: 1.3911503031849861
  landing: 0.24177121184766293
  view-data: 0.025636272504925728
