times:
  edit-metadata: 1.5486574657261372
  landing: 0.2192771565169096
  view-data: 0.6588718574494123
