times:
  edit-metadata: 1.57159267924726
  landing: 0.1311356881633401
  view-data: 0.14077974762767553
