times:
  edit-metadata: 1.3920565424486995
  landing: 0.021545189432799816
  view-data: 0.5973379965871572
