times:
  edit-metadata: 1.3305483683943748
  landing: 0.22235243301838636
  view-data: 0.16378155630081892
