times:
  edit-metadata: 1.3976581431925297
  landing: 0.021339669823646545
  view-data: 0.13942904397845268
