times:
  edit-metadata: 0.41474842466413975
  landing: 0.05268513597548008
  view-data: 0.3255541045218706
