times:
  edit-metadata: 1.3845501188188791
  landing: 0.20697798766195774
  view-data: 0.023719144985079765
