times:
  edit-metadata: 1.468501528725028
  landing: 0.01971461344510317
  view-data: 0.023968937806785107
