times:
  edit-metadata: 1.4467635694891214
  landing: 0.018247054889798164
  view-data: 0.024159067310392857
