times:
  edit-metadata: 1.3739221096038818
  landing: 0.2463203901425004
  view-data: 0.13338864408433437
