times:
  edit-metadata: 1.3539152285084128
  landing: 0.022263824939727783
  view-data: 0.14178178273141384
