times:
  edit-metadata: 1.7564391996711493
  landing: 0.1635378897190094
  view-data: 0.7747561447322369
