times:
  edit-metadata: 1.363161202520132
  landing: 0.1275873240083456
  view-data: 0.024834347888827324
