times:
  edit-metadata: 0.47505025938153267
  landing: 0.07969919219613075
  view-data: 0.3416414256207645
