times:
  edit-metadata: 1.3799015954136848
  landing: 0.018942611292004585
  view-data: 0.12725878693163395
