times:
  edit-metadata: 0.45968114910647273
  landing: 0.04456283012405038
  view-data: 0.33892445592209697
