times:
  edit-metadata: 1.4017922123894095
  landing: 0.01895167026668787
  view-data: 0.13556929118931293
