times:
  edit-metadata: 1.676949360407889
  landing: 0.01820711325854063
  view-data: 0.023628796450793743
