times:
  edit-metadata: 0.44179445691406727
  landing: 0.05400835815817118
  view-data: 0.7137402463704348
