times:
  edit-metadata: 1.3430755222216249
  landing: 0.25470150727778673
  view-data: 1.1142397383227944
