times:
  edit-metadata: 1.5263333301991224
  landing: 0.4184495657682419
  view-data: 0.024325579404830933
