times:
  edit-metadata: 1.3126969709992409
  landing: 0.14576740004122257
  view-data: 0.8158387634903193
