times:
  edit-metadata: 1.4667620053514838
  landing: 0.019237536005675793
  view-data: 0.027043002657592297
