times:
  edit-metadata: 1.4235468041151762
  landing: 0.11887797899544239
  view-data: 0.720708136446774
