times:
  edit-metadata: 0.42272565700113773
  landing: 0.03955270629376173
  view-data: 0.7255002977326512
