times:
  edit-metadata: 0.40826451405882835
  landing: 0.04211257304996252
  view-data: 0.5858320207335055
