times:
  edit-metadata: 0.40047628432512283
  landing: 0.04585815919563174
  view-data: 0.5929918088950217
