times:
  edit-metadata: 1.4482031157240272
  landing: 0.022760847583413124
  view-data: 0.027025370858609676
