times:
  edit-metadata: 1.427390392869711
  landing: 0.13422724977135658
  view-data: 0.5367053570225835
