times:
  edit-metadata: 1.4703201279044151
  landing: 0.022348985075950623
  view-data: 0.025688299909234047
