times:
  edit-metadata: 0.40679176803678274
  landing: 0.04122371878474951
  view-data: 0.8507591616362333
