times:
  edit-metadata: 0.41836454533040524
  landing: 0.048863813281059265
  view-data: 0.580893911421299
