times:
  edit-metadata: 1.3645133152604103
  landing: 0.2080568727105856
  view-data: 0.023801219649612904
