times:
  edit-metadata: 1.3182018660008907
  landing: 0.2091748397797346
  view-data: 0.023618929088115692
