times:
  edit-metadata: 0.48082264279946685
  landing: 0.07594081712886691
  view-data: 0.4113624542951584
