times:
  edit-metadata: 0.6504429709166288
  landing: 0.07033233577385545
  view-data: 0.33614205103367567
