times:
  edit-metadata: 1.5979752466082573
  landing: 0.27481282874941826
  view-data: 0.15716235898435116
