times:
  edit-metadata: 1.521418085321784
  landing: 0.06915397010743618
  view-data: 0.05212279222905636
