times:
  edit-metadata: 1.764730516821146
  landing: 0.2486439198255539
  view-data: 0.024780642241239548
