times:
  edit-metadata: 2.0901497025042772
  landing: 0.29907900653779507
  view-data: 0.6054598446935415
