times:
  edit-metadata: 1.5359479635953903
  landing: 0.18024586513638496
  view-data: 0.863963445648551
