times:
  edit-metadata: 1.8261985266581178
  landing: 0.050750565715134144
  view-data: 0.05656522233039141
