times:
  edit-metadata: 0.4145236611366272
  landing: 0.04087145533412695
  view-data: 0.4921264089643955
