times:
  edit-metadata: 0.3938820231705904
  landing: 0.04886383377015591
  view-data: 0.7249425305053592
