times:
  edit-metadata: 1.3548682983964682
  landing: 0.19294672459363937
  view-data: 0.6217821687459946
