times:
  edit-metadata: 1.5511061791330576
  landing: 0.14051586389541626
  view-data: 0.028536008670926094
