times:
  edit-metadata: 1.3920449875295162
  landing: 0.13111883774399757
  view-data: 0.02764277346432209
