times:
  edit-metadata: 1.7401610389351845
  landing: 0.1984401810914278
  view-data: 0.3881445564329624
