times:
  edit-metadata: 1.3155510984361172
  landing: 0.020861702039837837
  view-data: 0.1048076692968607
