times:
  edit-metadata: 1.2922821212559938
  landing: 0.02257804200053215
  view-data: 0.035014486871659756
