times:
  edit-metadata: 1.456246567890048
  landing: 0.026005271822214127
  view-data: 0.026128092780709267
