times:
  edit-metadata: 1.3066509738564491
  landing: 0.020183573476970196
  view-data: 0.025583007372915745
