times:
  edit-metadata: 1.714748039841652
  landing: 0.23159196972846985
  view-data: 0.16397810354828835
