times:
  edit-metadata: 0.48198796762153506
  landing: 0.05185977183282375
  view-data: 0.3441564948298037
