times:
  edit-metadata: 1.4864401575177908
  landing: 0.20255989208817482
  view-data: 0.10495092160999775
