times:
  edit-metadata: 0.41045647813007236
  landing: 0.03944643493741751
  view-data: 1.1312128170393407
