times:
  edit-metadata: 2.1154774986207485
  landing: 0.17820453085005283
  view-data: 0.5345358792692423
