times:
  edit-metadata: 1.3053103666752577
  landing: 0.020100709050893784
  view-data: 0.026079134084284306
