times:
  edit-metadata: 1.3181842966005206
  landing: 0.023020336404442787
  view-data: 0.11923477239906788
