times:
  edit-metadata: 1.3371958062052727
  landing: 0.019605664536356926
  view-data: 0.7185441637411714
