times:
  edit-metadata: 0.39952495228499174
  landing: 0.04981409199535847
  view-data: 0.8501168387010694
