times:
  edit-metadata: 1.7194184102118015
  landing: 0.27542891167104244
  view-data: 0.17489406652748585
