times:
  edit-metadata: 1.456946657039225
  landing: 0.01949490886181593
  view-data: 0.02215641736984253
