times:
  edit-metadata: 1.310189557261765
  landing: 0.022569735534489155
  view-data: 0.6577658504247665
