times:
  edit-metadata: 0.7341236271895468
  landing: 0.039453578647226095
  view-data: 0.42469992581754923
