times:
  edit-metadata: 1.524846188724041
  landing: 0.14834253303706646
  view-data: 0.14465694315731525
