times:
  edit-metadata: 1.3801419213414192
  landing: 0.01949506625533104
  view-data: 0.0248336810618639
