times:
  edit-metadata: 1.4940762240439653
  landing: 0.23984761722385883
  view-data: 0.02533418871462345
