times:
  edit-metadata: 1.7419114764779806
  landing: 0.028678398579359055
  view-data: 0.7790289930999279
