times:
  edit-metadata: 1.3532097283750772
  landing: 0.020950951613485813
  view-data: 0.02312326245009899
