times:
  edit-metadata: 1.3455038834363222
  landing: 0.021392328664660454
  view-data: 0.027679331600666046
