times:
  edit-metadata: 0.39663196727633476
  landing: 0.04676905646920204
  view-data: 0.4699197895824909
