times:
  edit-metadata: 1.4012068174779415
  landing: 0.13280263356864452
  view-data: 0.12842709384858608
