times:
  edit-metadata: 1.4009607024490833
  landing: 0.022112779319286346
  view-data: 0.02588731236755848
