times:
  edit-metadata: 1.3917400911450386
  landing: 0.02767212502658367
  view-data: 0.027377523481845856
