times:
  edit-metadata: 0.6338743926025927
  landing: 0.07051203493028879
  view-data: 0.3484150627627969
