times:
  edit-metadata: 1.3213677750900388
  landing: 0.021347415633499622
  view-data: 0.023246916010975838
