times:
  edit-metadata: 1.407287740148604
  landing: 0.02197328954935074
  view-data: 0.026736853644251823
