times:
  edit-metadata: 1.470894357189536
  landing: 0.02191017009317875
  view-data: 0.4945704769343138
