times:
  edit-metadata: 1.3982289088889956
  landing: 0.1103725591674447
  view-data: 0.023822622373700142
