times:
  edit-metadata: 1.596713287755847
  landing: 0.023357676342129707
  view-data: 0.6367214322090149
