times:
  edit-metadata: 1.3577181175351143
  landing: 0.02338096685707569
  view-data: 0.025301629677414894
