times:
  edit-metadata: 1.9322233218699694
  landing: 0.02205655165016651
  view-data: 1.0241975672543049
