times:
  edit-metadata: 0.5038148490712047
  landing: 0.07529556285589933
  view-data: 0.46712547075003386
