times:
  edit-metadata: 1.3253505900502205
  landing: 0.023469790816307068
  view-data: 0.11870441772043705
