times:
  edit-metadata: 1.3980689272284508
  landing: 0.02152501605451107
  view-data: 0.026383448392152786
