times:
  edit-metadata: 1.3345321994274855
  landing: 0.11653093807399273
  view-data: 0.022434283047914505
