times:
  edit-metadata: 0.41549509949982166
  landing: 0.045055572874844074
  view-data: 0.59816949442029
