times:
  edit-metadata: 1.3022404070943594
  landing: 0.020329460501670837
  view-data: 0.024294203147292137
