times:
  edit-metadata: 0.3950536595657468
  landing: 0.04092302359640598
  view-data: 0.4778954740613699
