times:
  edit-metadata: 1.43056255672127
  landing: 0.022210920229554176
  view-data: 0.9437807220965624
