times:
  edit-metadata: 0.5564266927540302
  landing: 0.07671855064108968
  view-data: 0.3396193706430495
