times:
  edit-metadata: 1.2598525620996952
  landing: 0.1347642596811056
  view-data: 0.02419490646570921
