times:
  edit-metadata: 0.4893379881978035
  landing: 0.07374919904395938
  view-data: 0.4172307220287621
