times:
  edit-metadata: 1.4225440602749586
  landing: 0.02146381139755249
  view-data: 0.02566027268767357
