times:
  edit-metadata: 1.353201949968934
  landing: 0.021397551521658897
  view-data: 0.1269822809845209
