times:
  edit-metadata: 1.2875149883329868
  landing: 0.12846466526389122
  view-data: 0.6327412389218807
