times:
  edit-metadata: 1.4134298954159021
  landing: 0.020489079877734184
  view-data: 0.024017304182052612
