times:
  edit-metadata: 2.0819488149136305
  landing: 0.025394896045327187
  view-data: 0.642913032323122
