times:
  edit-metadata: 1.3671546373516321
  landing: 0.02087288722395897
  view-data: 0.6768655339255929
