times:
  edit-metadata: 1.3894998701289296
  landing: 0.020368603989481926
  view-data: 0.02747525740414858
