times:
  edit-metadata: 1.443333476781845
  landing: 0.13013394083827734
  view-data: 0.7009410532191396
