times:
  edit-metadata: 1.7282824032008648
  landing: 0.3096232507377863
  view-data: 0.6696743592619896
