times:
  edit-metadata: 1.3469470757991076
  landing: 0.20282260701060295
  view-data: 0.6032110042870045
