times:
  edit-metadata: 1.3518103631213307
  landing: 0.13816898223012686
  view-data: 0.133233024738729
