times:
  edit-metadata: 1.84851498529315
  landing: 0.29391529969871044
  view-data: 0.8805194050073624
