times:
  edit-metadata: 1.4372725812718272
  landing: 0.020760352723300457
  view-data: 0.131470100954175
