times:
  edit-metadata: 1.2717531928792596
  landing: 0.020617028698325157
  view-data: 0.11983412131667137
