times:
  edit-metadata: 1.4537841118872166
  landing: 0.02411028929054737
  view-data: 0.02567899040877819
