times:
  edit-metadata: 1.3762800600379705
  landing: 0.021590309217572212
  view-data: 0.11991870682686567
