times:
  edit-metadata: 1.4068535612896085
  landing: 0.18022248335182667
  view-data: 0.025013519451022148
