times:
  edit-metadata: 1.3263678876683116
  landing: 0.02092677354812622
  view-data: 0.1347461175173521
