times:
  edit-metadata: 1.4231042005121708
  landing: 0.01938474178314209
  view-data: 0.02388119325041771
