times:
  edit-metadata: 0.41706853080540895
  landing: 0.044113061390817165
  view-data: 0.8509667152538896
