times:
  edit-metadata: 0.39065240416675806
  landing: 0.048147326335310936
  view-data: 0.46196736488491297
