times:
  edit-metadata: 0.4669478368014097
  landing: 0.04486669506877661
  view-data: 0.33607536321505904
