times:
  edit-metadata: 1.3892647298052907
  landing: 0.021520708687603474
  view-data: 0.02724224142730236
