times:
  edit-metadata: 1.4404820073395967
  landing: 0.04331273213028908
  view-data: 0.02731575071811676
