times:
  edit-metadata: 1.3693534201011062
  landing: 0.019496203400194645
  view-data: 0.7279320582747459
