times:
  edit-metadata: 0.7812208849936724
  landing: 0.07729405397549272
  view-data: 0.34489706018939614
