times:
  edit-metadata: 1.36027798242867
  landing: 0.02163567952811718
  view-data: 0.02630128152668476
