times:
  edit-metadata: 0.4005118254572153
  landing: 0.04527450818568468
  view-data: 0.4712232518941164
