times:
  edit-metadata: 1.3535874355584383
  landing: 0.022403661161661148
  view-data: 0.02663760632276535
