times:
  edit-metadata: 1.7649056855589151
  landing: 0.22836441546678543
  view-data: 0.152836536988616
