times:
  edit-metadata: 1.8993688505142927
  landing: 0.024626636877655983
  view-data: 0.4952590148895979
