times:
  edit-metadata: 1.3406994780525565
  landing: 0.1565737072378397
  view-data: 0.1295308992266655
