times:
  edit-metadata: 1.3515138188377023
  landing: 0.022351955994963646
  view-data: 0.028316622599959373
