times:
  edit-metadata: 1.7200222350656986
  landing: 0.027799464762210846
  view-data: 0.5929915495216846
