times:
  edit-metadata: 1.9769158624112606
  landing: 0.02645261585712433
  view-data: 0.05736533738672733
