times:
  edit-metadata: 1.4229202261194587
  landing: 0.2693264177069068
  view-data: 0.14036712422966957
