times:
  edit-metadata: 1.2934688944369555
  landing: 0.20720028784126043
  view-data: 0.024641226045787334
