times:
  edit-metadata: 1.403151098638773
  landing: 0.019113142043352127
  view-data: 0.13806242495775223
