times:
  edit-metadata: 1.5624700374901295
  landing: 0.22535745054483414
  view-data: 0.02989797294139862
