times:
  edit-metadata: 1.4213037360459566
  landing: 0.18389900028705597
  view-data: 0.023730125278234482
