times:
  edit-metadata: 1.3313194159418344
  landing: 0.020541434176266193
  view-data: 0.024292542599141598
