times:
  edit-metadata: 0.4276039791293442
  landing: 0.04152645729482174
  view-data: 1.2473831670358777
