times:
  edit-metadata: 0.4782799817621708
  landing: 0.046769569627940655
  view-data: 0.32640148932114244
