times:
  edit-metadata: 1.302973536774516
  landing: 0.020946255885064602
  view-data: 0.026983890682458878
