times:
  edit-metadata: 0.3923319187015295
  landing: 0.04449341259896755
  view-data: 0.46607133001089096
