times:
  edit-metadata: 2.039461774751544
  landing: 0.2912179697304964
  view-data: 0.037978243082761765
