times:
  edit-metadata: 1.3508803434669971
  landing: 0.14036754332482815
  view-data: 1.2827074639499187
