times:
  edit-metadata: 0.4899298739619553
  landing: 0.07615596614778042
  view-data: 0.33295760303735733
