times:
  edit-metadata: 0.5173645517788827
  landing: 0.04089086735621095
  view-data: 0.33371261367574334
