times:
  edit-metadata: 1.4564706347882748
  landing: 0.02313092164695263
  view-data: 0.15424318425357342
