times:
  edit-metadata: 1.6974822599440813
  landing: 0.22642635740339756
  view-data: 0.12590180151164532
