times:
  edit-metadata: 1.4315804690122604
  landing: 0.022699492052197456
  view-data: 0.12397635355591774
