times:
  edit-metadata: 1.6225352119654417
  landing: 0.14855141192674637
  view-data: 0.6223729830235243
