times:
  edit-metadata: 1.3508642008528113
  landing: 0.02100531943142414
  view-data: 0.12386146653443575
