times:
  edit-metadata: 1.308502041734755
  landing: 0.019902347587049007
  view-data: 0.9013896081596613
