times:
  edit-metadata: 2.0101372823119164
  landing: 0.2091459184885025
  view-data: 0.24617980793118477
