times:
  edit-metadata: 1.3278474621474743
  landing: 0.02190712746232748
  view-data: 0.1336894230917096
