times:
  edit-metadata: 1.4232208412140608
  landing: 0.021357293240725994
  view-data: 0.028631361201405525
