times:
  edit-metadata: 1.5352979069575667
  landing: 0.019353661686182022
  view-data: 0.02422990556806326
