times:
  edit-metadata: 1.3707426451146603
  landing: 0.02270208951085806
  view-data: 0.027264224365353584
