times:
  edit-metadata: 1.320846407674253
  landing: 0.13802276086062193
  view-data: 0.023093038238584995
