times:
  edit-metadata: 1.9584587272256613
  landing: 0.2789316102862358
  view-data: 0.8854470793157816
