times:
  edit-metadata: 1.9616992957890034
  landing: 0.20568128861486912
  view-data: 0.7926419358700514
