times:
  edit-metadata: 1.4244876075536013
  landing: 0.019119773991405964
  view-data: 0.12196771148592234
