times:
  edit-metadata: 1.6879179421812296
  landing: 0.26070947386324406
  view-data: 0.8643518295139074
