times:
  edit-metadata: 2.0727003533393145
  landing: 0.2019245158880949
  view-data: 0.4333062656223774
