times:
  edit-metadata: 1.3494403809309006
  landing: 0.01981929037719965
  view-data: 0.8068425375968218
