times:
  edit-metadata: 1.6405010055750608
  landing: 0.1471740547567606
  view-data: 0.027915358543395996
