times:
  edit-metadata: 1.4382287580519915
  landing: 0.020821688696742058
  view-data: 0.02569657377898693
