times:
  edit-metadata: 1.289052658714354
  landing: 0.021755178458988667
  view-data: 0.025563234463334084
