times:
  edit-metadata: 1.398346185684204
  landing: 0.11302976310253143
  view-data: 0.12362523935735226
