times:
  edit-metadata: 1.3705395683646202
  landing: 0.18266695737838745
  view-data: 0.0956549784168601
