times:
  edit-metadata: 1.3080108547583222
  landing: 0.021581689827144146
  view-data: 0.5799599038437009
