times:
  edit-metadata: 1.8163654040545225
  landing: 0.27251590974628925
  view-data: 0.15737775154411793
