times:
  edit-metadata: 0.3983189770951867
  landing: 0.05277965171262622
  view-data: 1.3906112969852984
