times:
  edit-metadata: 1.3367124246433377
  landing: 0.09839191939681768
  view-data: 0.026335722766816616
