times:
  edit-metadata: 1.3892009239643812
  landing: 0.018477508798241615
  view-data: 0.027581851929426193
