times:
  edit-metadata: 0.4931097710505128
  landing: 0.07631793199107051
  view-data: 0.46364906476810575
