times:
  edit-metadata: 1.4110954646021128
  landing: 0.022298717871308327
  view-data: 0.028276346623897552
