times:
  edit-metadata: 1.3219489911571145
  landing: 0.021452986635267735
  view-data: 0.026678255759179592
