times:
  edit-metadata: 0.40255005192011595
  landing: 0.04130349960178137
  view-data: 0.970195934176445
