times:
  edit-metadata: 1.921622110530734
  landing: 0.30386000499129295
  view-data: 0.15173058956861496
