times:
  edit-metadata: 1.6267952118068933
  landing: 0.02175329253077507
  view-data: 0.7956989910453558
