times:
  edit-metadata: 1.4185030199587345
  landing: 0.02100400347262621
  view-data: 0.026367160491645336
