times:
  edit-metadata: 0.43286432698369026
  landing: 0.050954622216522694
  view-data: 0.6136089479550719
