times:
  edit-metadata: 1.2834007441997528
  landing: 0.01993009727448225
  view-data: 0.02537490427494049
