times:
  edit-metadata: 0.4085570592433214
  landing: 0.05023144278675318
  view-data: 0.4626188725233078
