times:
  edit-metadata: 1.3720104098320007
  landing: 0.020318204537034035
  view-data: 0.027632860466837883
