times:
  edit-metadata: 0.5185693092644215
  landing: 0.06908609578385949
  view-data: 0.33178958715870976
