times:
  edit-metadata: 1.3110445449128747
  landing: 0.020473766140639782
  view-data: 0.13333483412861824
