times:
  edit-metadata: 0.41021584533154964
  landing: 0.03972603194415569
  view-data: 0.609293051995337
