times:
  edit-metadata: 1.339285516180098
  landing: 0.024532584473490715
  view-data: 0.024552736431360245
