times:
  edit-metadata: 2.3528209049254656
  landing: 0.019117895513772964
  view-data: 0.7244848515838385
