times:
  edit-metadata: 0.6463738055899739
  landing: 0.045263903215527534
  view-data: 0.33029373176395893
