times:
  edit-metadata: 1.8179864697158337
  landing: 0.19504613429307938
  view-data: 0.022485043853521347
