times:
  edit-metadata: 0.48259750893339515
  landing: 0.0576296029612422
  view-data: 0.4855432491749525
