times:
  edit-metadata: 1.341099999845028
  landing: 0.01989236567169428
  view-data: 0.11985233705490828
