times:
  edit-metadata: 1.376577153801918
  landing: 0.02292248886078596
  view-data: 0.027375495061278343
