times:
  edit-metadata: 1.3460883740335703
  landing: 0.018634503707289696
  view-data: 0.573978834785521
