times:
  edit-metadata: 1.3391282502561808
  landing: 0.0191611060872674
  view-data: 0.12433137185871601
