times:
  edit-metadata: 0.4708045581355691
  landing: 0.04544354369863868
  view-data: 0.3423842410556972
