times:
  edit-metadata: 1.6701150108128786
  landing: 0.02041853405535221
  view-data: 0.028418345376849174
