times:
  edit-metadata: 1.790642375126481
  landing: 0.022837553173303604
  view-data: 0.026712456718087196
