times:
  edit-metadata: 1.3110335106030107
  landing: 0.19250384997576475
  view-data: 0.11686574202030897
