times:
  edit-metadata: 0.4077668013051152
  landing: 0.053991506807506084
  view-data: 1.1422967035323381
