times:
  edit-metadata: 1.2813903279602528
  landing: 0.02039147913455963
  view-data: 0.6629293328151107
