times:
  edit-metadata: 1.407721746712923
  landing: 0.021100468933582306
  view-data: 0.028734801337122917
