times:
  edit-metadata: 1.4041121453046799
  landing: 0.020061752758920193
  view-data: 0.02860947884619236
