times:
  edit-metadata: 1.5072423182427883
  landing: 0.0323159396648407
  view-data: 0.02267980296164751
