times:
  edit-metadata: 1.4208885785192251
  landing: 0.2742885071784258
  view-data: 0.5834187921136618
