times:
  edit-metadata: 1.3618352953344584
  landing: 0.13905493542551994
  view-data: 0.023800660856068134
