times:
  edit-metadata: 1.3595324512571096
  landing: 0.020718498155474663
  view-data: 0.10554267279803753
