times:
  edit-metadata: 1.3182739755138755
  landing: 0.020654923282563686
  view-data: 0.02263882104307413
