times:
  edit-metadata: 1.3537733908742666
  landing: 0.019321630708873272
  view-data: 0.10012918245047331
