times:
  edit-metadata: 1.3225692939013243
  landing: 0.019347049295902252
  view-data: 0.025586659088730812
