times:
  edit-metadata: 0.4279475100338459
  landing: 0.04936935659497976
  view-data: 0.5892344545572996
