times:
  edit-metadata: 0.4180052764713764
  landing: 0.0458580506965518
  view-data: 0.5887640016153455
