times:
  edit-metadata: 1.3573768604546785
  landing: 0.023525163531303406
  view-data: 0.35300193540751934
