times:
  edit-metadata: 1.309933228418231
  landing: 0.2392547456547618
  view-data: 0.09299623593688011
