times:
  edit-metadata: 1.2852918710559607
  landing: 0.019716667011380196
  view-data: 0.6835135007277131
