times:
  edit-metadata: 1.3559050559997559
  landing: 0.12209677323698997
  view-data: 0.029782481491565704
