times:
  edit-metadata: 0.4771536970511079
  landing: 0.04666421702131629
  view-data: 0.3345357528887689
