times:
  edit-metadata: 1.329608716070652
  landing: 0.1415241425856948
  view-data: 0.12336827535182238
