times:
  edit-metadata: 0.45968280639499426
  landing: 0.04585992731153965
  view-data: 0.21276018023490906
