times:
  edit-metadata: 0.4357159957289696
  landing: 0.04430486727505922
  view-data: 0.3304142216220498
