times:
  edit-metadata: 0.4416904989629984
  landing: 0.051036869175732136
  view-data: 0.3297194428741932
