times:
  edit-metadata: 1.421124678105116
  landing: 0.0212166178971529
  view-data: 0.02291768044233322
