times:
  edit-metadata: 1.5564590264111757
  landing: 0.1706235446035862
  view-data: 0.42859287187457085
