times:
  edit-metadata: 0.781932232901454
  landing: 0.06445586308836937
  view-data: 0.29127591429278255
