times:
  edit-metadata: 2.0363507494330406
  landing: 0.33864500746130943
  view-data: 0.1969171967357397
