times:
  edit-metadata: 1.388140581548214
  landing: 0.0207644272595644
  view-data: 0.14238063618540764
