times:
  edit-metadata: 1.521377332508564
  landing: 0.27648973278701305
  view-data: 0.4081140849739313
