times:
  edit-metadata: 1.347246691584587
  landing: 0.01963980868458748
  view-data: 0.025505613535642624
