times:
  edit-metadata: 1.3419729229062796
  landing: 0.18410168774425983
  view-data: 0.35480560548603535
