times:
  edit-metadata: 0.5918187820352614
  landing: 0.05133405700325966
  view-data: 0.20766557985916734
