times:
  edit-metadata: 0.572452160064131
  landing: 0.0727442940697074
  view-data: 0.21469401940703392
