times:
  edit-metadata: 1.532790306955576
  landing: 0.23338957875967026
  view-data: 0.023647524416446686
