times:
  edit-metadata: 1.4185216259211302
  landing: 0.15398697927594185
  view-data: 0.024812502786517143
