times:
  edit-metadata: 1.2810824187472463
  landing: 0.14588313177227974
  view-data: 0.3082860317081213
