times:
  edit-metadata: 1.3680450860410929
  landing: 0.020510975271463394
  view-data: 0.10260997526347637
