times:
  edit-metadata: 1.3944243025034666
  landing: 0.02171466499567032
  view-data: 0.10062739625573158
