times:
  edit-metadata: 2.411960242316127
  landing: 0.47290633991360664
  view-data: 0.17420762032270432
