times:
  edit-metadata: 1.4677598122507334
  landing: 0.22041803412139416
  view-data: 0.028937259688973427
