times:
  edit-metadata: 1.5328990276902914
  landing: 0.04729171469807625
  view-data: 0.0582002978771925
