times:
  edit-metadata: 1.375218976289034
  landing: 0.2695400696247816
  view-data: 0.1257679145783186
