times:
  edit-metadata: 1.4064371548593044
  landing: 0.020709114149212837
  view-data: 0.024568483233451843
