times:
  edit-metadata: 1.4368659034371376
  landing: 0.1452222838997841
  view-data: 0.32346028089523315
