times:
  edit-metadata: 1.7322316523641348
  landing: 0.25227743946015835
  view-data: 0.3805081583559513
