times:
  edit-metadata: 1.3933913614600897
  landing: 0.14796966686844826
  view-data: 0.02671310305595398
