times:
  edit-metadata: 0.8280189200304449
  landing: 0.13430396793410182
  view-data: 0.2758513600565493
