times:
  edit-metadata: 1.5430578999221325
  landing: 0.15098327212035656
  view-data: 0.023932555690407753
