times:
  edit-metadata: 1.4412395786494017
  landing: 0.16733474470674992
  view-data: 0.5898196268826723
