times:
  edit-metadata: 1.6077382992953062
  landing: 0.2842647098004818
  view-data: 0.42014370672404766
