times:
  edit-metadata: 0.6916448338888586
  landing: 0.06701197009533644
  view-data: 0.2144828550517559
