times:
  edit-metadata: 2.117548163048923
  landing: 0.5600482486188412
  view-data: 0.23984665609896183
