times:
  edit-metadata: 1.6296298168599606
  landing: 0.3068313915282488
  view-data: 0.026113122701644897
