times:
  edit-metadata: 1.4185537807643414
  landing: 0.018643192946910858
  view-data: 0.02751285582780838
