times:
  edit-metadata: 1.4554869402199984
  landing: 0.15025613270699978
  view-data: 0.4603625237941742
