times:
  edit-metadata: 0.611169929150492
  landing: 0.05691854516044259
  view-data: 0.2022947077639401
