times:
  edit-metadata: 1.663126952946186
  landing: 0.15198502130806446
  view-data: 0.028918586671352386
