times:
  edit-metadata: 1.420380735769868
  landing: 0.021008098497986794
  view-data: 0.024973677471280098
