times:
  edit-metadata: 1.4546640645712614
  landing: 0.1320888176560402
  view-data: 0.2868541590869427
