times:
  edit-metadata: 1.3082525320351124
  landing: 0.01930089294910431
  view-data: 0.023469241335988045
