times:
  edit-metadata: 0.8551667160354555
  landing: 0.0486884331330657
  view-data: 0.21587620209902525
