times:
  edit-metadata: 1.4418810866773129
  landing: 0.22057315334677696
  view-data: 0.02500682882964611
