times:
  edit-metadata: 1.5201346222311258
  landing: 0.019627511501312256
  view-data: 0.42092466354370117
