times:
  edit-metadata: 0.6702296528965235
  landing: 0.13815676514059305
  view-data: 0.20523516135290265
