times:
  edit-metadata: 0.6989003978669643
  landing: 0.04382386989891529
  view-data: 0.2119808029383421
