times:
  edit-metadata: 1.3750069346278906
  landing: 0.021520528942346573
  view-data: 0.024586699903011322
