times:
  edit-metadata: 0.6359879090450704
  landing: 0.1149892290122807
  view-data: 0.20742967864498496
