times:
  edit-metadata: 1.3561932910233736
  landing: 0.2103950884193182
  view-data: 0.22986311838030815
