times:
  edit-metadata: 1.5613417476415634
  landing: 0.34145851247012615
  view-data: 0.07035579532384872
