times:
  edit-metadata: 0.7942759399302304
  landing: 0.11372496280819178
  view-data: 0.2883387180045247
