times:
  edit-metadata: 1.4045906625688076
  landing: 0.12574167922139168
  view-data: 0.12275844067335129
