times:
  edit-metadata: 1.5595098286867142
  landing: 0.021090608090162277
  view-data: 0.3441708851605654
