times:
  edit-metadata: 1.5234243553131819
  landing: 0.29731311462819576
  view-data: 0.41394305042922497
