times:
  edit-metadata: 1.3877721466124058
  landing: 0.22594470530748367
  view-data: 0.027183666825294495
