times:
  edit-metadata: 1.3757455572485924
  landing: 0.02237800695002079
  view-data: 0.026875728741288185
