times:
  edit-metadata: 1.3668529000133276
  landing: 0.0232422836124897
  view-data: 0.026560749858617783
