times:
  edit-metadata: 1.4184418823570013
  landing: 0.023069780319929123
  view-data: 0.14146819151937962
