times:
  edit-metadata: 1.454360119998455
  landing: 0.24533918499946594
  view-data: 0.3004556316882372
