times:
  edit-metadata: 1.30921701900661
  landing: 0.018305483274161816
  view-data: 0.1408319566398859
