times:
  edit-metadata: 1.4066792372614145
  landing: 0.2267987933009863
  view-data: 0.023328909650444984
