times:
  edit-metadata: 1.3142155595123768
  landing: 0.16794834285974503
  view-data: 0.26337771117687225
