times:
  edit-metadata: 1.7122952602803707
  landing: 0.2985322903841734
  view-data: 0.1653759814798832
