times:
  edit-metadata: 1.624895118176937
  landing: 0.02197929657995701
  view-data: 0.5167738050222397
