times:
  edit-metadata: 1.4249169249087572
  landing: 0.019757423549890518
  view-data: 0.12202361971139908
