times:
  edit-metadata: 1.5779666565358639
  landing: 0.18804070353507996
  view-data: 0.40082594752311707
