times:
  edit-metadata: 0.627932395786047
  landing: 0.06157543882727623
  view-data: 0.2907386049628258
