times:
  edit-metadata: 1.3965288773179054
  landing: 0.023635590448975563
  view-data: 0.12927995063364506
