times:
  edit-metadata: 1.5118097234517336
  landing: 0.2018147874623537
  view-data: 0.35867901891469955
