times:
  edit-metadata: 1.4107381869107485
  landing: 0.018891531974077225
  view-data: 0.4184833765029907
