times:
  edit-metadata: 1.5370513405650854
  landing: 0.12480928562581539
  view-data: 0.027480069547891617
