times:
  edit-metadata: 1.4461209625005722
  landing: 0.1359297689050436
  view-data: 0.027403194457292557
