times:
  edit-metadata: 0.5460648350417614
  landing: 0.06895034108310938
  view-data: 0.20785821322351694
