times:
  edit-metadata: 0.8402267508208752
  landing: 0.11057008057832718
  view-data: 0.3106986163184047
