times:
  edit-metadata: 1.6169795077294111
  landing: 0.14830193109810352
  view-data: 0.3474083300679922
