times:
  edit-metadata: 1.5766085777431726
  landing: 0.04986918903887272
  view-data: 0.1427198462188244
