times:
  edit-metadata: 1.356759561225772
  landing: 0.1438808161765337
  view-data: 0.3144969455897808
