times:
  edit-metadata: 1.4101861156523228
  landing: 0.01836296170949936
  view-data: 0.34153449535369873
