times:
  edit-metadata: 1.3753341436386108
  landing: 0.022045478224754333
  view-data: 0.02516273967921734
