times:
  edit-metadata: 1.3906410317867994
  landing: 0.019208515994250774
  view-data: 0.024309078231453896
