times:
  edit-metadata: 0.5478839878924191
  landing: 0.06905287597328424
  view-data: 0.2113962289877236
