times:
  edit-metadata: 1.4106454364955425
  landing: 0.02542387694120407
  view-data: 0.02796112559735775
