times:
  edit-metadata: 1.573994791135192
  landing: 0.18256483040750027
  view-data: 0.32180216535925865
