times:
  edit-metadata: 1.4431408867239952
  landing: 0.1472136341035366
  view-data: 0.02361440472304821
