times:
  edit-metadata: 0.5513960798271
  landing: 0.06904140673577785
  view-data: 0.21823382237926126
