times:
  edit-metadata: 1.4799914732575417
  landing: 0.02237800881266594
  view-data: 0.14026420377194881
