times:
  edit-metadata: 1.439315551891923
  landing: 0.019703812897205353
  view-data: 0.2836176995187998
