times:
  edit-metadata: 1.4094026386737823
  landing: 0.12127330712974072
  view-data: 0.3388288766145706
