times:
  edit-metadata: 1.4598899073898792
  landing: 0.14277171157300472
  view-data: 0.023214468732476234
