times:
  edit-metadata: 1.3897912073880434
  landing: 0.20412419736385345
  view-data: 0.026560761034488678
