times:
  edit-metadata: 0.5373140522278845
  landing: 0.057484518736600876
  view-data: 0.22047747811302543
