times:
  edit-metadata: 1.471119360998273
  landing: 0.2589791566133499
  view-data: 0.49500684067606926
