times:
  edit-metadata: 1.5028222519904375
  landing: 0.1257877703756094
  view-data: 0.029021872207522392
