times:
  edit-metadata: 1.654065951704979
  landing: 0.02122551016509533
  view-data: 0.3172131460160017
