times:
  edit-metadata: 0.7552724769338965
  landing: 0.04794321767985821
  view-data: 0.29218200873583555
