times:
  edit-metadata: 0.5126858130097389
  landing: 0.05775788379833102
  view-data: 0.22152191307395697
