times:
  edit-metadata: 1.3632246991619468
  landing: 0.020246366038918495
  view-data: 0.228048300370574
