times:
  edit-metadata: 0.5295202769339085
  landing: 0.07495314721018076
  view-data: 0.21714836498722434
