times:
  edit-metadata: 1.557073151692748
  landing: 0.160043528303504
  view-data: 0.15468517504632473
