times:
  edit-metadata: 1.4336974453181028
  landing: 0.01870499737560749
  view-data: 0.36471004597842693
