times:
  edit-metadata: 1.385354820638895
  landing: 0.019732989370822906
  view-data: 0.025726985186338425
