times:
  edit-metadata: 1.6781405676156282
  landing: 0.02659270539879799
  view-data: 0.3153802063316107
