times:
  edit-metadata: 1.5741688776761293
  landing: 0.03648136742413044
  view-data: 0.4099693186581135
