times:
  edit-metadata: 1.351014818996191
  landing: 0.0239214189350605
  view-data: 0.12543489038944244
