times:
  edit-metadata: 1.430491739884019
  landing: 0.21506823226809502
  view-data: 0.30548807606101036
