times:
  edit-metadata: 1.4183628242462873
  landing: 0.14027977548539639
  view-data: 0.026057537645101547
