times:
  edit-metadata: 1.4499293211847544
  landing: 0.018515650182962418
  view-data: 0.2785329595208168
