times:
  edit-metadata: 1.8899315502494574
  landing: 0.12962492741644382
  view-data: 0.34864450991153717
