times:
  edit-metadata: 0.565390361007303
  landing: 0.04958863416686654
  view-data: 0.21269557904452085
