times:
  edit-metadata: 1.445657104253769
  landing: 0.21867718920111656
  view-data: 0.10870212316513062
