times:
  edit-metadata: 1.4860017206519842
  landing: 0.22932274639606476
  view-data: 0.042962146922945976
