times:
  edit-metadata: 1.4598741792142391
  landing: 0.01944577321410179
  view-data: 0.14072052016854286
