times:
  edit-metadata: 1.4505169447511435
  landing: 0.2376341763883829
  view-data: 0.02695029228925705
