times:
  edit-metadata: 1.4621638637036085
  landing: 0.019589727744460106
  view-data: 0.02906266786158085
