times:
  edit-metadata: 1.366590440273285
  landing: 0.21861773543059826
  view-data: 0.023624511435627937
