times:
  edit-metadata: 0.5656464169733226
  landing: 0.07090478809550405
  view-data: 0.20306833507493138
