times:
  edit-metadata: 1.431206326931715
  landing: 0.018480772152543068
  view-data: 0.02282213792204857
