times:
  edit-metadata: 1.4549818336963654
  landing: 0.14417186751961708
  view-data: 0.027819620445370674
