times:
  edit-metadata: 1.5291023552417755
  landing: 0.26043383590877056
  view-data: 0.28929057344794273
