times:
  edit-metadata: 1.4386897794902325
  landing: 0.06064915098249912
  view-data: 0.14378929883241653
