times:
  edit-metadata: 1.4145156554877758
  landing: 0.16958979703485966
  view-data: 0.12324911169707775
