times:
  edit-metadata: 1.4151499662548304
  landing: 0.15916062891483307
  view-data: 0.1608955878764391
