times:
  edit-metadata: 1.3775299843400717
  landing: 0.01975589618086815
  view-data: 0.024937044829130173
