times:
  edit-metadata: 1.4199436698108912
  landing: 0.02100459113717079
  view-data: 0.025398174300789833
