times:
  edit-metadata: 1.3801825139671564
  landing: 0.11589779891073704
  view-data: 0.025645514950156212
