times:
  edit-metadata: 1.4526726994663477
  landing: 0.03467929735779762
  view-data: 0.4029954094439745
