times:
  edit-metadata: 1.7325174119323492
  landing: 0.3183453679084778
  view-data: 0.3650583755224943
