times:
  edit-metadata: 0.6907433751039207
  landing: 0.05864340299740434
  view-data: 0.27877618838101625
