times:
  edit-metadata: 1.3543383665382862
  landing: 0.1379693541675806
  view-data: 0.030697807669639587
