times:
  edit-metadata: 0.5384769369848073
  landing: 0.05254992004483938
  view-data: 0.2071930468082428
