times:
  edit-metadata: 1.844272430986166
  landing: 0.33179178182035685
  view-data: 0.277718398720026
