times:
  edit-metadata: 0.5776995816268027
  landing: 0.052996180951595306
  view-data: 0.4666665680706501
