times:
  edit-metadata: 1.421203887090087
  landing: 0.05887357145547867
  view-data: 0.0292974840849638
