times:
  edit-metadata: 1.3733439315110445
  landing: 0.02168967016041279
  view-data: 0.24988261796534061
