times:
  edit-metadata: 1.3609408903867006
  landing: 0.021223759278655052
  view-data: 0.02824484370648861
