times:
  edit-metadata: 1.5334237832576036
  landing: 0.29213104024529457
  view-data: 0.4402131363749504
