times:
  edit-metadata: 1.5295266676694155
  landing: 0.06399515271186829
  view-data: 0.18934201449155807
