times:
  edit-metadata: 1.7935681324452162
  landing: 0.020593980327248573
  view-data: 0.12124269269406796
