times:
  edit-metadata: 0.5810748119838536
  landing: 0.14240938611328602
  view-data: 0.3081435249187052
