times:
  edit-metadata: 1.4795290026813745
  landing: 0.019444959238171577
  view-data: 0.1262077335268259
