times:
  edit-metadata: 1.4421472400426865
  landing: 0.020560456439852715
  view-data: 0.02401995100080967
