times:
  edit-metadata: 1.8307313565164804
  landing: 0.05133475735783577
  view-data: 0.029186611995100975
