times:
  edit-metadata: 1.7136145178228617
  landing: 0.19908195547759533
  view-data: 0.41389516927301884
