times:
  edit-metadata: 1.923054601997137
  landing: 0.281445249915123
  view-data: 0.33505304902791977
