times:
  edit-metadata: 1.3895756211131811
  landing: 0.02001134492456913
  view-data: 0.026461435481905937
