times:
  edit-metadata: 1.4222852289676666
  landing: 0.02198350802063942
  view-data: 0.024377556517720222
