times:
  edit-metadata: 1.283802188001573
  landing: 0.19447182025760412
  view-data: 0.024494719691574574
