times:
  edit-metadata: 0.5314803901128471
  landing: 0.05711073288694024
  view-data: 0.2180583868175745
