times:
  edit-metadata: 0.7529640081338584
  landing: 0.08776324102655053
  view-data: 0.3297154977917671
