times:
  edit-metadata: 0.5647754636593163
  landing: 0.06115785473957658
  view-data: 0.2223161649890244
