times:
  edit-metadata: 0.8600068348459899
  landing: 0.05886724544689059
  view-data: 0.21258453419432044
