times:
  edit-metadata: 1.7256821021437645
  landing: 0.2593066282570362
  view-data: 0.3810203652828932
