times:
  edit-metadata: 1.634693967178464
  landing: 0.02167862467467785
  view-data: 0.34477187506854534
