times:
  edit-metadata: 0.5512709077447653
  landing: 0.056807699147611856
  view-data: 0.2211713893339038
