times:
  edit-metadata: 0.5494373589754105
  landing: 0.10127917677164078
  view-data: 0.2978143747895956
