times:
  edit-metadata: 0.6169111370109022
  landing: 0.09819803666323423
  view-data: 0.26337816985324025
