times:
  edit-metadata: 0.5677976682782173
  landing: 0.15449505019932985
  view-data: 0.307465645018965
