times:
  edit-metadata: 0.5555892619304359
  landing: 0.12135860230773687
  view-data: 0.21180415898561478
