times:
  edit-metadata: 0.8262971909716725
  landing: 0.12805996695533395
  view-data: 0.31285966094583273
