times:
  edit-metadata: 0.7953973822295666
  landing: 0.06718808179721236
  view-data: 0.2202463480643928
