times:
  edit-metadata: 1.5684642419219017
  landing: 0.18429395742714405
  view-data: 0.36224607937037945
