times:
  edit-metadata: 0.5641628010198474
  landing: 0.08027781266719103
  view-data: 0.22183441184461117
