times:
  edit-metadata: 0.8881376879289746
  landing: 0.10593716613948345
  view-data: 0.21638659620657563
