times:
  edit-metadata: 0.5256052664481103
  landing: 0.08115661097690463
  view-data: 0.22624231921508908
