times:
  edit-metadata: 0.6463261479511857
  landing: 0.09720592992380261
  view-data: 0.36908624274656177
