times:
  edit-metadata: 0.5840361071750522
  landing: 0.05794081510975957
  view-data: 0.2209707796573639
