times:
  edit-metadata: 0.6798856002278626
  landing: 0.15061494801193476
  view-data: 0.24320359295234084
