times:
  edit-metadata: 0.8577958540990949
  landing: 0.061096182093024254
  view-data: 0.21053795283660293
