times:
  edit-metadata: 3.5777646960050333
  landing: 0.44154725200496614
  view-data: 0.277095792000182
