times:
  edit-metadata: 0.6907867169938982
  landing: 0.046583420131355524
  view-data: 0.31821824004873633
