times:
  edit-metadata: 1.7520788256078959
  landing: 0.23538918793201447
  view-data: 0.1776398066431284
