times:
  edit-metadata: 0.562630195170641
  landing: 0.05208249669522047
  view-data: 0.20687335822731256
