times:
  edit-metadata: 0.5766473109833896
  landing: 0.043596729170531034
  view-data: 0.21386077627539635
