times:
  edit-metadata: 0.7340235197916627
  landing: 0.06296477885916829
  view-data: 0.22221264336258173
