times:
  edit-metadata: 0.5317372758872807
  landing: 0.06601864006370306
  view-data: 0.21261033602058887
