times:
  edit-metadata: 0.7614618702791631
  landing: 0.0672105010598898
  view-data: 0.24989647464826703
