times:
  edit-metadata: 0.5766420420259237
  landing: 0.07788592483848333
  view-data: 0.22069683577865362
