times:
  edit-metadata: 0.5253881858661771
  landing: 0.059420658741146326
  view-data: 0.21472398797050118
