times:
  edit-metadata: 0.7423909758217633
  landing: 0.1390903601422906
  view-data: 0.2614230187609792
