times:
  edit-metadata: 0.44088772777467966
  landing: 0.042354998644441366
  view-data: 0.22444252483546734
