times:
  edit-metadata: 0.4393259007483721
  landing: 0.04936466086655855
  view-data: 0.19768199510872364
