times:
  edit-metadata: 0.43753528594970703
  landing: 0.04589794855564833
  view-data: 0.33804399613291025
