times:
  edit-metadata: 0.42714891117066145
  landing: 0.044963955879211426
  view-data: 0.4941519289277494
