times:
  edit-metadata: 0.4400709914043546
  landing: 0.04090456385165453
  view-data: 0.20688752178102732
