times:
  edit-metadata: 0.43917564721778035
  landing: 0.03866758709773421
  view-data: 0.5604883371852338
