times:
  edit-metadata: 0.46558462362736464
  landing: 0.049040152691304684
  view-data: 0.195515600964427
