times:
  edit-metadata: 0.43748749420046806
  landing: 0.053324393928050995
  view-data: 0.21885936614125967
