times:
  edit-metadata: 0.46372874081134796
  landing: 0.04433812899515033
  view-data: 0.46784059703350067
