times:
  edit-metadata: 0.4313556789420545
  landing: 0.0518328920006752
  view-data: 0.4679035139270127
