times:
  edit-metadata: 0.5776770217344165
  landing: 0.06492189690470695
  view-data: 0.20465194759890437
