times:
  edit-metadata: 1.9169532284140587
  landing: 0.13404381461441517
  view-data: 0.27329932898283005
