times:
  edit-metadata: 1.4627454485744238
  landing: 0.019400492310523987
  view-data: 0.2680408600717783
