times:
  edit-metadata: 1.6868621595203876
  landing: 0.019690362736582756
  view-data: 0.32324974425137043
