times:
  edit-metadata: 1.7064342945814133
  landing: 0.3243390079587698
  view-data: 0.027353869751095772
