times:
  edit-metadata: 1.4311732109636068
  landing: 0.01958085596561432
  view-data: 0.026118377223610878
