times:
  edit-metadata: 0.6237190938554704
  landing: 0.13886508625000715
  view-data: 0.2195899081416428
