times:
  edit-metadata: 0.6470394399948418
  landing: 0.07661232631653547
  view-data: 0.2758206930011511
