times:
  edit-metadata: 0.5880779908038676
  landing: 0.0756364380940795
  view-data: 0.21779310330748558
