times:
  edit-metadata: 0.7976707643829286
  landing: 0.10711958073079586
  view-data: 0.32383204996585846
