times:
  edit-metadata: 2.0034949760884047
  landing: 0.17769532278180122
  view-data: 0.06053711473941803
