times:
  edit-metadata: 1.839857056736946
  landing: 0.16025485657155514
  view-data: 0.3447082471102476
