times:
  edit-metadata: 1.4998682402074337
  landing: 0.18116666562855244
  view-data: 0.13705514557659626
