times:
  edit-metadata: 1.4920161366462708
  landing: 0.018661873415112495
  view-data: 0.36506293527781963
