times:
  edit-metadata: 1.7474707830697298
  landing: 0.02155688963830471
  view-data: 0.3478682301938534
