times:
  edit-metadata: 1.4127042088657618
  landing: 0.02192673645913601
  view-data: 0.026964779943227768
