times:
  edit-metadata: 1.7145837470889091
  landing: 0.1561865545809269
  view-data: 0.3298833593726158
