times:
  edit-metadata: 1.458693316206336
  landing: 0.1682026982307434
  view-data: 0.02972393110394478
