times:
  edit-metadata: 1.5608849339187145
  landing: 0.05612126365303993
  view-data: 0.13563547655940056
