times:
  edit-metadata: 1.6030784659087658
  landing: 0.17183138243854046
  view-data: 0.03556659445166588
