times:
  edit-metadata: 1.8333904631435871
  landing: 0.022952532395720482
  view-data: 0.06124524213373661
