times:
  edit-metadata: 0.7892760490067303
  landing: 0.0738027379848063
  view-data: 0.22186987893655896
