times:
  edit-metadata: 0.8084215489216149
  landing: 0.11390749318525195
  view-data: 0.20853277388960123
