times:
  edit-metadata: 0.728397733066231
  landing: 0.06286089913919568
  view-data: 0.21751153469085693
