times:
  edit-metadata: 1.60250997915864
  landing: 0.1297910213470459
  view-data: 0.1592965666204691
