times:
  edit-metadata: 0.5869955206289887
  landing: 0.07000109413638711
  view-data: 0.21773529006168246
