times:
  edit-metadata: 1.6650485917925835
  landing: 0.02151491865515709
  view-data: 0.4549625478684902
