times:
  edit-metadata: 1.7135271821171045
  landing: 0.12585029937326908
  view-data: 0.15004747360944748
