times:
  edit-metadata: 1.5246692094951868
  landing: 0.277248851954937
  view-data: 0.3407191392034292
