times:
  edit-metadata: 0.8322369609959424
  landing: 0.06534597184509039
  view-data: 0.21720550302416086
