times:
  edit-metadata: 2.0691829416900873
  landing: 0.02228306233882904
  view-data: 0.1402534358203411
