times:
  edit-metadata: 0.8104276121594012
  landing: 0.07203224301338196
  view-data: 0.2767293560318649
