times:
  edit-metadata: 1.3902055770158768
  landing: 0.019097672775387764
  view-data: 0.026218105107545853
