times:
  edit-metadata: 1.5083605572581291
  landing: 0.02194804884493351
  view-data: 0.2944677844643593
