times:
  edit-metadata: 1.6390149965882301
  landing: 0.28757644444704056
  view-data: 0.16967644914984703
