times:
  edit-metadata: 0.6463324860669672
  landing: 0.14217381179332733
  view-data: 0.21913720108568668
