times:
  edit-metadata: 0.8464918462559581
  landing: 0.061813991982489824
  view-data: 0.21696516498923302
