times:
  edit-metadata: 1.599996855482459
  landing: 0.15312200039625168
  view-data: 0.16512455604970455
