times:
  edit-metadata: 1.62663902528584
  landing: 0.020840292796492577
  view-data: 0.15427570790052414
