times:
  edit-metadata: 0.5798981650732458
  landing: 0.13476032577455044
  view-data: 0.2214148361235857
