times:
  edit-metadata: 1.4464738760143518
  landing: 0.0212627574801445
  view-data: 0.029217451810836792
