times:
  edit-metadata: 1.38902498036623
  landing: 0.022983428090810776
  view-data: 0.101408701390028
