times:
  edit-metadata: 0.7345780939795077
  landing: 0.09469701116904616
  view-data: 0.21905170800164342
