times:
  edit-metadata: 0.7770178020000458
  landing: 0.0715944659896195
  view-data: 0.30628015799447894
