times:
  edit-metadata: 1.8080470450222492
  landing: 0.2954570837318897
  view-data: 0.025859547778964043
