times:
  edit-metadata: 0.7119492520578206
  landing: 0.057528926990926266
  view-data: 0.21104542491957545
