times:
  edit-metadata: 0.5784243391826749
  landing: 0.13306727865710855
  view-data: 0.2196809877641499
