times:
  edit-metadata: 1.4526849314570427
  landing: 0.023169104009866714
  view-data: 0.10388261079788208
