times:
  edit-metadata: 1.535563349723816
  landing: 0.02036271058022976
  view-data: 0.024349339306354523
