times:
  edit-metadata: 0.6034207819029689
  landing: 0.042000556364655495
  view-data: 0.20041278610005975
