times:
  edit-metadata: 1.7920736521482468
  landing: 0.2785591874271631
  view-data: 0.34442584589123726
