times:
  edit-metadata: 1.4489607028663158
  landing: 0.01907203160226345
  view-data: 0.026738299056887627
