times:
  edit-metadata: 1.660386336967349
  landing: 0.14562050066888332
  view-data: 0.13139476627111435
