times:
  edit-metadata: 1.4847445227205753
  landing: 0.022030789405107498
  view-data: 0.026165733113884926
