times:
  edit-metadata: 1.6802773214876652
  landing: 0.049497105181217194
  view-data: 0.2785779293626547
