times:
  edit-metadata: 0.5822725309990346
  landing: 0.07033004565164447
  view-data: 0.21907766396179795
