times:
  edit-metadata: 1.632311249151826
  landing: 0.0198221318423748
  view-data: 0.2827626131474972
