times:
  edit-metadata: 0.7745515340939164
  landing: 0.06344508985057473
  view-data: 0.24152317829430103
