times:
  edit-metadata: 0.793084585107863
  landing: 0.050335843116045
  view-data: 0.21621676813811064
