times:
  edit-metadata: 0.5858182129450142
  landing: 0.07494060415774584
  view-data: 0.2135672359727323
