times:
  edit-metadata: 1.9024268742650747
  landing: 0.2836462948471308
  view-data: 0.025069832801818848
