times:
  edit-metadata: 1.6156401503831148
  landing: 0.11711122468113899
  view-data: 0.029257919639348984
