times:
  edit-metadata: 1.4629726093262434
  landing: 0.020498204976320267
  view-data: 0.026043476536870003
