times:
  edit-metadata: 1.4372196942567825
  landing: 0.019360706210136414
  view-data: 0.35457300394773483
