times:
  edit-metadata: 1.4462064988911152
  landing: 0.02029656060039997
  view-data: 0.2415947187691927
