times:
  edit-metadata: 0.6142442440614104
  landing: 0.05074622994288802
  view-data: 0.21002975292503834
