times:
  edit-metadata: 1.6392653454095125
  landing: 0.06985850818455219
  view-data: 0.26208459958434105
