times:
  edit-metadata: 0.594685226213187
  landing: 0.07372784707695246
  view-data: 0.20993963116779923
