times:
  edit-metadata: 0.556351768784225
  landing: 0.06710741436108947
  view-data: 0.21402569208294153
