times:
  edit-metadata: 1.457786213606596
  landing: 0.11898038350045681
  view-data: 0.025071950629353523
