times:
  edit-metadata: 1.3816202748566866
  landing: 0.018867995589971542
  view-data: 0.026591992005705833
