times:
  edit-metadata: 0.5857503591105342
  landing: 0.08720993483439088
  view-data: 0.21010018419474363
