times:
  edit-metadata: 1.4008968444541097
  landing: 0.022191297262907028
  view-data: 0.03089544177055359
