times:
  edit-metadata: 1.415580639615655
  landing: 0.27368570677936077
  view-data: 0.3335577920079231
