times:
  edit-metadata: 0.5841481699608266
  landing: 0.1340399058535695
  view-data: 0.22423037979751825
