times:
  edit-metadata: 1.3365920623764396
  landing: 0.018719769082963467
  view-data: 0.026834859512746334
