times:
  edit-metadata: 0.48243375215679407
  landing: 0.04575329087674618
  view-data: 0.2210141345858574
