times:
  edit-metadata: 1.406069659627974
  landing: 0.02041866071522236
  view-data: 0.46145657636225224
