times:
  edit-metadata: 1.3765127779915929
  landing: 0.14131836965680122
  view-data: 0.12719886284321547
