times:
  edit-metadata: 1.4303777189925313
  landing: 0.16661600768566132
  view-data: 0.2390931397676468
