times:
  edit-metadata: 2.0026278030127287
  landing: 0.018593035638332367
  view-data: 0.05429636500775814
