times:
  edit-metadata: 1.3642171137034893
  landing: 0.1748542357236147
  view-data: 0.2716155145317316
