times:
  edit-metadata: 1.4837622977793217
  landing: 0.11770550906658173
  view-data: 0.35109012946486473
