times:
  edit-metadata: 0.4868293246254325
  landing: 0.04943127930164337
  view-data: 0.20192050468176603
