times:
  edit-metadata: 1.4028740767389536
  landing: 0.019758863374590874
  view-data: 0.023358535021543503
