times:
  edit-metadata: 0.5025777919217944
  landing: 0.043428873643279076
  view-data: 0.20345447584986687
