times:
  edit-metadata: 1.7628758046776056
  landing: 0.30408260226249695
  view-data: 0.026698652654886246
