times:
  edit-metadata: 1.3911190051585436
  landing: 0.02267297450453043
  view-data: 0.13243760541081429
