times:
  edit-metadata: 0.47401022631675005
  landing: 0.04756268300116062
  view-data: 0.34421316254884005
