times:
  edit-metadata: 2.172872676514089
  landing: 0.19055348355323076
  view-data: 0.34987209737300873
