times:
  edit-metadata: 1.4630412384867668
  landing: 0.02142232656478882
  view-data: 0.14495187997817993
