times:
  edit-metadata: 1.4474933110177517
  landing: 0.14948282949626446
  view-data: 0.027380051091313362
