times:
  edit-metadata: 0.5112963407300413
  landing: 0.06678240420296788
  view-data: 0.23022269876673818
