times:
  edit-metadata: 1.440451007336378
  landing: 0.04404613748192787
  view-data: 0.022445721551775932
