times:
  edit-metadata: 1.4125046283006668
  landing: 0.1889848168939352
  view-data: 0.027528954669833183
