times:
  edit-metadata: 1.9646089635789394
  landing: 0.2059593852609396
  view-data: 0.13858467526733875
