times:
  edit-metadata: 1.420043831691146
  landing: 0.01973198726773262
  view-data: 0.024521494284272194
