times:
  edit-metadata: 2.006572460755706
  landing: 0.25262139178812504
  view-data: 0.14634479209780693
