times:
  edit-metadata: 1.482397623360157
  landing: 0.2572842687368393
  view-data: 0.39090773835778236
