times:
  edit-metadata: 1.3820573659613729
  landing: 0.020833954215049744
  view-data: 0.027320335619151592
