times:
  edit-metadata: 1.385118855163455
  landing: 0.15483813732862473
  view-data: 0.02239661104977131
