times:
  edit-metadata: 1.4829174187034369
  landing: 0.03540533594787121
  view-data: 0.4776599910110235
