times:
  edit-metadata: 1.6685740612447262
  landing: 0.20989698357880116
  view-data: 0.4770639408379793
