times:
  edit-metadata: 1.645403891801834
  landing: 0.4807565715163946
  view-data: 0.41936534084379673
