times:
  edit-metadata: 1.400201166048646
  landing: 0.14664760790765285
  view-data: 0.025685105472803116
