times:
  edit-metadata: 1.4184953309595585
  landing: 0.1421360857784748
  view-data: 0.34947528317570686
