times:
  edit-metadata: 2.182021899148822
  landing: 0.2264132145792246
  view-data: 0.15039273165166378
