times:
  edit-metadata: 1.3784952806308866
  landing: 0.19050558656454086
  view-data: 0.025578620843589306
