times:
  edit-metadata: 0.47210675943642855
  landing: 0.041519029065966606
  view-data: 0.20900464802980423
