times:
  edit-metadata: 0.7113594398833811
  landing: 0.05869548488408327
  view-data: 0.28443419001996517
