times:
  edit-metadata: 1.327800608240068
  landing: 0.020576690323650837
  view-data: 0.02704945858567953
