times:
  edit-metadata: 1.3343009389936924
  landing: 0.16547792963683605
  view-data: 0.12409930303692818
