times:
  edit-metadata: 0.6543267001397908
  landing: 0.10166106699034572
  view-data: 0.22763348603621125
