times:
  edit-metadata: 1.3487782906740904
  landing: 0.12984407041221857
  view-data: 0.12083374243229628
