times:
  edit-metadata: 1.3494967119768262
  landing: 0.02014234848320484
  view-data: 0.0230313278734684
