times:
  edit-metadata: 2.282474199309945
  landing: 0.3332607373595238
  view-data: 0.3101538810878992
