times:
  edit-metadata: 1.385435689240694
  landing: 0.044801248237490654
  view-data: 0.029910491779446602
