times:
  edit-metadata: 1.4477640893310308
  landing: 0.019243184477090836
  view-data: 0.12153864838182926
