times:
  edit-metadata: 1.2942195069044828
  landing: 0.22855934593826532
  view-data: 0.026004498824477196
