times:
  edit-metadata: 0.5090404800139368
  landing: 0.07024112530052662
  view-data: 0.20620202040299773
