times:
  edit-metadata: 1.405625281855464
  landing: 0.020202936604619026
  view-data: 0.3756071403622627
