times:
  edit-metadata: 0.5009678322821856
  landing: 0.05523258540779352
  view-data: 0.20158091885969043
