times:
  edit-metadata: 1.7753109280019999
  landing: 0.20920736528933048
  view-data: 0.024022692814469337
