times:
  edit-metadata: 1.3303100522607565
  landing: 0.15202736109495163
  view-data: 0.11824944987893105
