times:
  edit-metadata: 1.3208899702876806
  landing: 0.022777700796723366
  view-data: 0.026873178780078888
