times:
  edit-metadata: 0.48428724613040686
  landing: 0.05364805459976196
  view-data: 0.20368529856204987
