times:
  edit-metadata: 1.321952736005187
  landing: 0.01932113617658615
  view-data: 0.12736820429563522
