times:
  edit-metadata: 1.3976885881274939
  landing: 0.20590975508093834
  view-data: 0.20607857313007116
