times:
  edit-metadata: 1.7698155995458364
  landing: 0.02845182456076145
  view-data: 0.02688426710665226
