times:
  edit-metadata: 2.2482390087097883
  landing: 0.2535004746168852
  view-data: 0.21872092224657536
