times:
  edit-metadata: 0.47732554003596306
  landing: 0.04396392311900854
  view-data: 0.3283498897217214
