times:
  edit-metadata: 1.385606436058879
  landing: 0.1893602479249239
  view-data: 0.3474422488361597
