times:
  edit-metadata: 1.3183575561270118
  landing: 0.01869290415197611
  view-data: 0.2244413048028946
