times:
  edit-metadata: 1.4023638796061277
  landing: 0.19307707250118256
  view-data: 0.11913544777780771
