times:
  edit-metadata: 1.4314992474392056
  landing: 0.0202654879540205
  view-data: 0.02642794419080019
