times:
  edit-metadata: 1.7495959531515837
  landing: 0.1498307902365923
  view-data: 0.37622877210378647
