times:
  edit-metadata: 1.302990023046732
  landing: 0.21540223713964224
  view-data: 0.021973208524286747
