times:
  edit-metadata: 1.3466493748128414
  landing: 0.13043578155338764
  view-data: 0.029604138806462288
