times:
  edit-metadata: 1.3831131858751178
  landing: 0.1314399717375636
  view-data: 0.12799212615936995
