times:
  edit-metadata: 1.5901272166520357
  landing: 0.3604951985180378
  view-data: 0.244949571788311
