times:
  edit-metadata: 1.3760740235447884
  landing: 0.21456198953092098
  view-data: 0.12860763631761074
