times:
  edit-metadata: 1.4222589964047074
  landing: 0.23170893732458353
  view-data: 0.23252656310796738
