times:
  edit-metadata: 0.6114166062325239
  landing: 0.0690632052719593
  view-data: 0.3235114407725632
