times:
  edit-metadata: 1.4694072473794222
  landing: 0.5007281228899956
  view-data: 0.12302596122026443
