times:
  edit-metadata: 1.5087098740041256
  landing: 0.223026555031538
  view-data: 0.12445895001292229
