times:
  edit-metadata: 1.5998601987957954
  landing: 0.026857320219278336
  view-data: 0.16106612794101238
