times:
  edit-metadata: 1.4339207652956247
  landing: 0.02007168158888817
  view-data: 0.16701249964535236
