times:
  edit-metadata: 1.4111973904073238
  landing: 0.13729850389063358
  view-data: 0.028298393823206425
