times:
  edit-metadata: 0.47915653605014086
  landing: 0.047075409442186356
  view-data: 0.20075598172843456
