times:
  edit-metadata: 0.47951124981045723
  landing: 0.04569814447313547
  view-data: 0.22240289021283388
