times:
  edit-metadata: 1.4256211193278432
  landing: 0.021641277708113194
  view-data: 0.11824217345565557
