times:
  edit-metadata: 1.39517683070153
  landing: 0.021118671633303165
  view-data: 0.24595353845506907
