times:
  edit-metadata: 1.3657165728509426
  landing: 0.018688861280679703
  view-data: 0.026688015088438988
