times:
  edit-metadata: 1.3128562271595001
  landing: 0.1590824145823717
  view-data: 0.024327336810529232
