times:
  edit-metadata: 0.48756329249590635
  landing: 0.04560228902846575
  view-data: 0.19722310826182365
