times:
  edit-metadata: 1.668883303180337
  landing: 0.315572177991271
  view-data: 0.5569626949727535
