times:
  edit-metadata: 1.2809529434889555
  landing: 0.023259710520505905
  view-data: 0.13055934756994247
