times:
  edit-metadata: 0.48500207904726267
  landing: 0.04140985943377018
  view-data: 0.20147488173097372
