times:
  edit-metadata: 1.2987841088324785
  landing: 0.019975226372480392
  view-data: 0.026773326098918915
