times:
  edit-metadata: 1.3446281673386693
  landing: 0.020358314737677574
  view-data: 0.11765595711767673
