times:
  edit-metadata: 1.3252101577818394
  landing: 0.019363198429346085
  view-data: 0.028256448917090893
