times:
  edit-metadata: 1.3470838107168674
  landing: 0.11820640321820974
  view-data: 0.09744855388998985
