times:
  edit-metadata: 0.4839176731184125
  landing: 0.046235835179686546
  view-data: 0.2008532751351595
