times:
  edit-metadata: 1.3296102890744805
  landing: 0.16511834785342216
  view-data: 0.11951662413775921
