times:
  edit-metadata: 1.5361611228436232
  landing: 0.022231129929423332
  view-data: 0.28319060429930687
