times:
  edit-metadata: 1.6219426589086652
  landing: 0.024743713438510895
  view-data: 0.11461543198674917
