times:
  edit-metadata: 1.4340258333832026
  landing: 0.021140669472515583
  view-data: 0.12122866325080395
