times:
  edit-metadata: 1.4437527265399694
  landing: 0.02722793910652399
  view-data: 0.23189293686300516
