times:
  edit-metadata: 0.5047084419056773
  landing: 0.044573551043868065
  view-data: 0.20267018489539623
