times:
  edit-metadata: 1.455207227729261
  landing: 0.022195433266460896
  view-data: 0.02419569343328476
