times:
  edit-metadata: 1.3840151261538267
  landing: 0.022308538667857647
  view-data: 0.026995292864739895
