times:
  edit-metadata: 1.4613851252943277
  landing: 0.021860597655177116
  view-data: 0.3814767822623253
