times:
  edit-metadata: 1.460882829502225
  landing: 0.16783708706498146
  view-data: 0.431037325412035
