times:
  edit-metadata: 0.5014265468344092
  landing: 0.05060795787721872
  view-data: 0.19256224017590284
