times:
  edit-metadata: 0.4860055986791849
  landing: 0.041836170479655266
  view-data: 0.33779307547956705
