times:
  edit-metadata: 1.8286530282348394
  landing: 0.373628469184041
  view-data: 0.17877431027591228
