times:
  edit-metadata: 1.369966609403491
  landing: 0.20959721971303225
  view-data: 0.47790264431387186
