times:
  edit-metadata: 0.5215104930102825
  landing: 0.07951492769643664
  view-data: 0.2090678638778627
