times:
  edit-metadata: 1.3669892083853483
  landing: 0.12394318170845509
  view-data: 0.1226589996367693
