times:
  edit-metadata: 1.290407464839518
  landing: 0.01985460240393877
  view-data: 0.12070654053241014
