times:
  edit-metadata: 0.504845114890486
  landing: 0.1285991263575852
  view-data: 0.2749287630431354
