times:
  edit-metadata: 1.7613186966627836
  landing: 0.3216972965747118
  view-data: 0.43696598894894123
