times:
  edit-metadata: 0.5832502460107207
  landing: 0.1194249140098691
  view-data: 0.2061238163150847
