times:
  edit-metadata: 1.2749757673591375
  landing: 0.12272825837135315
  view-data: 0.11802379973232746
