times:
  edit-metadata: 0.4999253167770803
  landing: 0.059909127186983824
  view-data: 0.21037753392010927
