times:
  edit-metadata: 1.9048361256718636
  landing: 0.36406221240758896
  view-data: 0.33753849007189274
