times:
  edit-metadata: 1.3014796804636717
  landing: 0.021316928789019585
  view-data: 0.0986650800332427
