times:
  edit-metadata: 1.4759593727067113
  landing: 0.019406018778681755
  view-data: 0.02347457129508257
