times:
  edit-metadata: 1.567286940291524
  landing: 0.020544981583952904
  view-data: 0.3489797245711088
