times:
  edit-metadata: 1.7104369159787893
  landing: 0.14505693037062883
  view-data: 0.02763678226619959
