times:
  edit-metadata: 1.420280545949936
  landing: 0.1417476451024413
  view-data: 0.02646587137132883
