times:
  edit-metadata: 1.2967984890565276
  landing: 0.0951852286234498
  view-data: 0.3969426890835166
