times:
  edit-metadata: 1.3610973367467523
  landing: 0.020979628898203373
  view-data: 0.11974708270281553
