times:
  edit-metadata: 0.4980696514248848
  landing: 0.055232721380889416
  view-data: 0.4729275209829211
