times:
  edit-metadata: 1.4992158375680447
  landing: 0.1435294235125184
  view-data: 0.23562650475651026
