times:
  edit-metadata: 1.3434905502945185
  landing: 0.1934100855141878
  view-data: 0.13969796895980835
