times:
  edit-metadata: 1.4257515240460634
  landing: 0.021462056785821915
  view-data: 0.13055136241018772
