times:
  edit-metadata: 1.6474736910313368
  landing: 0.13873937539756298
  view-data: 0.05894104391336441
