times:
  edit-metadata: 1.3871688582003117
  landing: 0.01988779939711094
  view-data: 0.12551151402294636
