times:
  edit-metadata: 1.3586784675717354
  landing: 0.020308934152126312
  view-data: 0.023354612290859222
