times:
  edit-metadata: 1.4181547705084085
  landing: 0.020088370889425278
  view-data: 0.10084770433604717
