times:
  edit-metadata: 1.449317254126072
  landing: 0.19460449367761612
  view-data: 0.16613350808620453
