times:
  edit-metadata: 1.3694980600848794
  landing: 0.022143072448670864
  view-data: 0.12006095424294472
