times:
  edit-metadata: 1.3627001009881496
  landing: 0.2032562606036663
  view-data: 0.024208199232816696
