times:
  edit-metadata: 1.485343312844634
  landing: 0.021084765903651714
  view-data: 0.028175788931548595
