times:
  edit-metadata: 1.400048028677702
  landing: 0.021543728187680244
  view-data: 0.027950072661042213
