times:
  edit-metadata: 1.3404511511325836
  landing: 0.15396692231297493
  view-data: 0.12330306600779295
