times:
  edit-metadata: 1.4389725886285305
  landing: 0.1551488284021616
  view-data: 0.14605618454515934
