times:
  edit-metadata: 0.46390530094504356
  landing: 0.04268750827759504
  view-data: 0.20285109151154757
