times:
  edit-metadata: 0.7149369833059609
  landing: 0.07460165303200483
  view-data: 0.3466440620832145
