times:
  edit-metadata: 0.485250991769135
  landing: 0.042011069133877754
  view-data: 0.33848956506699324
