times:
  edit-metadata: 1.4183391407132149
  landing: 0.019688360393047333
  view-data: 0.02465799544006586
