times:
  edit-metadata: 1.4266925351694226
  landing: 0.11533345188945532
  view-data: 0.1592535162344575
