times:
  edit-metadata: 0.7022618539631367
  landing: 0.12107476312667131
  view-data: 0.28664977895095944
