times:
  edit-metadata: 1.3200882887467742
  landing: 0.13291306048631668
  view-data: 0.11479517258703709
