times:
  edit-metadata: 1.599165515974164
  landing: 0.054633041843771935
  view-data: 0.0521255973726511
