times:
  edit-metadata: 1.4519585184752941
  landing: 0.14765667915344238
  view-data: 0.02696208842098713
