times:
  edit-metadata: 1.4370608888566494
  landing: 0.1623296719044447
  view-data: 0.02838439680635929
