times:
  edit-metadata: 1.3837225707247853
  landing: 0.02281725313514471
  view-data: 0.022990521974861622
