times:
  edit-metadata: 1.4044105904176831
  landing: 0.12092356942594051
  view-data: 0.023884223774075508
