times:
  edit-metadata: 1.5262622460722923
  landing: 0.21655511856079102
  view-data: 0.29466795083135366
