times:
  edit-metadata: 1.3470969824120402
  landing: 0.12824228592216969
  view-data: 0.12904374301433563
