times:
  edit-metadata: 1.3576926216483116
  landing: 0.21068584267050028
  view-data: 0.11339678894728422
