times:
  edit-metadata: 0.48272247333079576
  landing: 0.048352593556046486
  view-data: 0.19333495199680328
