times:
  edit-metadata: 0.4956894861534238
  landing: 0.05453430023044348
  view-data: 0.3208041051402688
