times:
  edit-metadata: 0.4908832786604762
  landing: 0.04490785952657461
  view-data: 0.1995162209495902
