times:
  edit-metadata: 0.5011904994025826
  landing: 0.04428937379270792
  view-data: 0.3335241787135601
