times:
  edit-metadata: 1.3770150169730186
  landing: 0.1287195859476924
  view-data: 0.3579264162108302
