times:
  edit-metadata: 1.339171001687646
  landing: 0.01921912468969822
  view-data: 0.4436962762847543
