times:
  edit-metadata: 0.5390563602559268
  landing: 0.08330295281484723
  view-data: 0.21143525606021285
