times:
  edit-metadata: 1.854873862117529
  landing: 0.03135492280125618
  view-data: 0.37094627879559994
