times:
  edit-metadata: 1.4475747905671597
  landing: 0.19871461018919945
  view-data: 0.06328261643648148
