times:
  edit-metadata: 1.401985066011548
  landing: 0.2022700421512127
  view-data: 0.13492209278047085
