times:
  edit-metadata: 0.5319549296982586
  landing: 0.07094670087099075
  view-data: 0.22830818174406886
