times:
  edit-metadata: 1.4224735796451569
  landing: 0.3903907909989357
  view-data: 0.3223895486444235
