times:
  edit-metadata: 1.61786930821836
  landing: 0.2823375351727009
  view-data: 0.3801399003714323
