times:
  edit-metadata: 1.332403444685042
  landing: 0.01958779152482748
  view-data: 0.12967236805707216
