times:
  edit-metadata: 1.2975051356479526
  landing: 0.2218402372673154
  view-data: 0.025401129387319088
