times:
  edit-metadata: 1.4597767116501927
  landing: 0.22642530500888824
  view-data: 0.22026934195309877
