times:
  edit-metadata: 0.5223239460028708
  landing: 0.06787693593651056
  view-data: 0.20717429788783193
