times:
  edit-metadata: 1.347075343132019
  landing: 0.020119963213801384
  view-data: 0.11973504722118378
