times:
  edit-metadata: 1.3957181461155415
  landing: 0.0320516312494874
  view-data: 0.026199973188340664
