times:
  edit-metadata: 1.3994551096111536
  landing: 0.019117039628326893
  view-data: 0.4423368312418461
