times:
  edit-metadata: 1.6274125669151545
  landing: 0.021036967635154724
  view-data: 0.32944315299391747
