times:
  edit-metadata: 1.5287440586835146
  landing: 0.3475878294557333
  view-data: 0.37824317067861557
