times:
  edit-metadata: 1.2828791327774525
  landing: 0.02009487710893154
  view-data: 0.13228499237447977
