times:
  edit-metadata: 1.3456846373155713
  landing: 0.21831473987549543
  view-data: 0.40214469935745
