times:
  edit-metadata: 1.419280068948865
  landing: 0.023901527747511864
  view-data: 0.024836515076458454
