times:
  edit-metadata: 1.293259421363473
  landing: 0.24771542754024267
  view-data: 0.46922985929995775
