times:
  edit-metadata: 1.2985462043434381
  landing: 0.12576073221862316
  view-data: 0.026272233575582504
