times:
  edit-metadata: 1.5842033065855503
  landing: 0.26368558406829834
  view-data: 0.3465113081037998
