times:
  edit-metadata: 1.385828417725861
  landing: 0.21431789919734
  view-data: 0.12283013854175806
