times:
  edit-metadata: 0.4886602722108364
  landing: 0.04000978544354439
  view-data: 0.1959268068894744
