times:
  edit-metadata: 0.4706140495836735
  landing: 0.04597465414553881
  view-data: 0.3357511004433036
