times:
  edit-metadata: 1.352930880151689
  landing: 0.02064703404903412
  view-data: 0.44149782322347164
