times:
  edit-metadata: 1.4440361224114895
  landing: 0.18046726007014513
  view-data: 0.02579518500715494
