times:
  edit-metadata: 1.5325514394789934
  landing: 0.1992915440350771
  view-data: 0.14085987489670515
