times:
  edit-metadata: 1.3459391444921494
  landing: 0.19689138047397137
  view-data: 0.14486632496118546
