times:
  edit-metadata: 1.4325276520103216
  landing: 0.020082497969269753
  view-data: 0.312586160376668
