times:
  edit-metadata: 1.3277715845033526
  landing: 0.02047951426357031
  view-data: 0.024907361716032028
