times:
  edit-metadata: 1.4041386442258954
  landing: 0.020715126767754555
  view-data: 0.028818967752158642
