times:
  edit-metadata: 1.8503078743815422
  landing: 0.2812034897506237
  view-data: 0.3444602880626917
