times:
  edit-metadata: 1.8652161061763763
  landing: 0.02397155947983265
  view-data: 0.40872437320649624
