times:
  edit-metadata: 1.367644416168332
  landing: 0.021712400019168854
  view-data: 0.359474478289485
