times:
  edit-metadata: 1.3535745572298765
  landing: 0.02127888146787882
  view-data: 0.026040760800242424
