times:
  edit-metadata: 0.5374371847137809
  landing: 0.10078395809978247
  view-data: 0.2748097041621804
