times:
  edit-metadata: 1.3525183480232954
  landing: 0.021951038390398026
  view-data: 0.12304663937538862
