times:
  edit-metadata: 0.48167980648577213
  landing: 0.04163193330168724
  view-data: 0.21828632894903421
