times:
  edit-metadata: 1.3720894670113921
  landing: 0.12375421728938818
  view-data: 0.12047544308006763
