times:
  edit-metadata: 1.4186415560543537
  landing: 0.019939892925322056
  view-data: 0.5033505391329527
