times:
  edit-metadata: 0.5085495468229055
  landing: 0.0379809495061636
  view-data: 0.3292679553851485
