times:
  edit-metadata: 1.2926156101748347
  landing: 0.01978872623294592
  view-data: 0.02512730099260807
