times:
  edit-metadata: 0.6105724540539086
  landing: 0.12898933980613947
  view-data: 0.34926671208813787
