times:
  edit-metadata: 1.4981483779847622
  landing: 0.16872568242251873
  view-data: 0.335506210103631
