times:
  edit-metadata: 1.363250988535583
  landing: 0.022430753335356712
  view-data: 0.02275758795440197
