times:
  edit-metadata: 1.3813894055783749
  landing: 0.12361179944127798
  view-data: 0.12709686998277903
