times:
  edit-metadata: 1.2833144767209888
  landing: 0.12220149766653776
  view-data: 0.40633300319314003
