times:
  edit-metadata: 1.3098731152713299
  landing: 0.15201225504279137
  view-data: 0.12481887172907591
