times:
  edit-metadata: 1.3995914962142706
  landing: 0.13013039156794548
  view-data: 0.12911072000861168
