times:
  edit-metadata: 0.48503407603129745
  landing: 0.04966205405071378
  view-data: 0.199236995074898
