times:
  edit-metadata: 1.5727163944393396
  landing: 0.1620837990194559
  view-data: 0.4090181030333042
