times:
  edit-metadata: 1.3377244779840112
  landing: 0.13427998032420874
  view-data: 0.02501748688519001
