times:
  edit-metadata: 1.6868919283151627
  landing: 0.060693711042404175
  view-data: 0.02419412136077881
