times:
  edit-metadata: 1.4196415916085243
  landing: 0.13795224390923977
  view-data: 0.34525054320693016
