times:
  edit-metadata: 1.4175908453762531
  landing: 0.12095806933939457
  view-data: 0.13158126920461655
