times:
  edit-metadata: 1.368057619780302
  landing: 0.019777595065534115
  view-data: 0.026759370230138302
