times:
  edit-metadata: 0.6179196289740503
  landing: 0.05674512078985572
  view-data: 0.29280237201601267
