times:
  edit-metadata: 1.5125728826969862
  landing: 0.11326254531741142
  view-data: 0.12090479955077171
