times:
  edit-metadata: 1.3654701355844736
  landing: 0.16064941138029099
  view-data: 0.35097950510680676
