times:
  edit-metadata: 1.3392163282260299
  landing: 0.020657818764448166
  view-data: 0.026131552644073963
