times:
  edit-metadata: 1.3743859380483627
  landing: 0.020557036623358727
  view-data: 0.0267597958445549
