times:
  edit-metadata: 0.4994383007287979
  landing: 0.05147741409018636
  view-data: 0.3278902950696647
