times:
  edit-metadata: 0.5014582802541554
  landing: 0.038875245954841375
  view-data: 0.20450938679277897
