times:
  edit-metadata: 0.8459419370628893
  landing: 0.04899822175502777
  view-data: 0.2348593003116548
