times:
  edit-metadata: 1.4058540239930153
  landing: 0.02212036307901144
  view-data: 0.09985419176518917
