times:
  edit-metadata: 1.372920647263527
  landing: 0.11795456893742085
  view-data: 0.36577966064214706
