times:
  edit-metadata: 0.4829725185409188
  landing: 0.0448641674593091
  view-data: 0.3373385677114129
