times:
  edit-metadata: 1.4188674874603748
  landing: 0.022857853211462498
  view-data: 0.4174279887229204
