times:
  edit-metadata: 1.743394473567605
  landing: 0.26462375558912754
  view-data: 0.06707867607474327
