times:
  edit-metadata: 1.759050078690052
  landing: 0.26579539850354195
  view-data: 0.17388815246522427
