times:
  edit-metadata: 0.49878344871103764
  landing: 0.06575796473771334
  view-data: 0.20961138373240829
