times:
  edit-metadata: 1.492467276751995
  landing: 0.19668497890233994
  view-data: 0.13819637149572372
