times:
  edit-metadata: 1.5107722226530313
  landing: 0.19676335342228413
  view-data: 0.023864309303462505
