times:
  edit-metadata: 0.658119706902653
  landing: 0.07139558205381036
  view-data: 0.24360692501068115
