times:
  edit-metadata: 1.3762908233329654
  landing: 0.02215454913675785
  view-data: 0.02710155677050352
