times:
  edit-metadata: 1.6048551797866821
  landing: 0.32483261823654175
  view-data: 0.48740457743406296
