times:
  edit-metadata: 1.4756774567067623
  landing: 0.021157480776309967
  view-data: 0.33073687367141247
