times:
  edit-metadata: 1.4160411627963185
  landing: 0.2288827234879136
  view-data: 0.0269585233181715
