times:
  edit-metadata: 0.46952336095273495
  landing: 0.04281160095706582
  view-data: 0.32626105193048716
