times:
  edit-metadata: 1.5117055475711823
  landing: 0.14484161138534546
  view-data: 0.41512035951018333
