times:
  edit-metadata: 1.5601369570940733
  landing: 0.1839564684778452
  view-data: 0.3739478122442961
