times:
  edit-metadata: 0.4686400070786476
  landing: 0.04702987801283598
  view-data: 0.4212452908977866
