times:
  edit-metadata: 1.339790990576148
  landing: 0.02063270378857851
  view-data: 0.02806900627911091
