times:
  edit-metadata: 1.7146081561222672
  landing: 0.02030268870294094
  view-data: 0.022519921883940697
