times:
  edit-metadata: 1.4684088192880154
  landing: 0.5572980046272278
  view-data: 0.03231550380587578
