times:
  edit-metadata: 1.4172781445086002
  landing: 0.02075476013123989
  view-data: 0.425882063806057
