times:
  edit-metadata: 1.3081188006326556
  landing: 0.022604333236813545
  view-data: 0.02465452253818512
