times:
  edit-metadata: 1.3162876768037677
  landing: 0.14286356512457132
  view-data: 0.41086301300674677
