times:
  edit-metadata: 1.402602064423263
  landing: 0.12760811299085617
  view-data: 0.02438303641974926
