times:
  edit-metadata: 0.5016625998541713
  landing: 0.06964098010212183
  view-data: 0.21021145302802324
