times:
  edit-metadata: 1.77379984036088
  landing: 0.2450718693435192
  view-data: 0.48841898143291473
