times:
  edit-metadata: 0.5179257960990071
  landing: 0.06707687489688396
  view-data: 0.2126353639177978
