times:
  edit-metadata: 1.5861162096261978
  landing: 0.15132435597479343
  view-data: 0.2070838026702404
