times:
  edit-metadata: 1.4959695544093847
  landing: 0.13193710520863533
  view-data: 0.3797175772488117
