times:
  edit-metadata: 1.4533083122223616
  landing: 0.021822165697813034
  view-data: 0.027734771370887756
