times:
  edit-metadata: 1.3846853449940681
  landing: 0.1469712294638157
  view-data: 0.024383610114455223
