times:
  edit-metadata: 1.3876702524721622
  landing: 0.09297663439065218
  view-data: 0.023816856555640697
