times:
  edit-metadata: 1.3103988878428936
  landing: 0.019829018972814083
  view-data: 0.027574121952056885
