times:
  edit-metadata: 1.3351939944550395
  landing: 0.1243028175085783
  view-data: 0.12605732679367065
