times:
  edit-metadata: 1.3266878332942724
  landing: 0.1367615293711424
  view-data: 0.02346051950007677
