times:
  edit-metadata: 0.48265362437814474
  landing: 0.04639632720500231
  view-data: 0.1925644762814045
