times:
  edit-metadata: 1.3986840397119522
  landing: 0.23365123569965363
  view-data: 0.12391146272420883
