times:
  edit-metadata: 1.7053168751299381
  landing: 0.021985038183629513
  view-data: 0.5267207957804203
