times:
  edit-metadata: 1.3832447156310081
  landing: 0.01998087204992771
  view-data: 0.026256523095071316
