times:
  edit-metadata: 0.471226217225194
  landing: 0.04850834794342518
  view-data: 0.20503181964159012
