times:
  edit-metadata: 1.6830560117959976
  landing: 0.26896332763135433
  view-data: 0.16998588852584362
