times:
  edit-metadata: 1.4290710352361202
  landing: 0.1386453304439783
  view-data: 0.2422819882631302
