times:
  edit-metadata: 1.399891604669392
  landing: 0.1342549603432417
  view-data: 0.023895462043583393
