times:
  edit-metadata: 2.2653417382389307
  landing: 0.0211399644613266
  view-data: 0.02817843295633793
