times:
  edit-metadata: 1.3663853164762259
  landing: 0.19237733259797096
  view-data: 0.3566862493753433
