times:
  edit-metadata: 1.3875809451565146
  landing: 0.01923595368862152
  view-data: 0.025914432480931282
