times:
  edit-metadata: 0.8603426381014287
  landing: 0.061737998854368925
  view-data: 0.2098992643877864
