times:
  edit-metadata: 1.775674231350422
  landing: 0.2809688439592719
  view-data: 0.5092189963907003
