times:
  edit-metadata: 1.3245651945471764
  landing: 0.19369700737297535
  view-data: 0.12575190886855125
