times:
  edit-metadata: 1.4226291328668594
  landing: 0.01978078205138445
  view-data: 0.12329377513378859
