times:
  edit-metadata: 1.3517670035362244
  landing: 0.02505577076226473
  view-data: 0.11802162230014801
