times:
  edit-metadata: 1.3511745678260922
  landing: 0.022336894646286964
  view-data: 0.02543724700808525
