times:
  edit-metadata: 1.454562029801309
  landing: 0.11135087255388498
  view-data: 0.027806309051811695
