times:
  edit-metadata: 2.2427940275520086
  landing: 0.021977219730615616
  view-data: 0.05040343105792999
