times:
  edit-metadata: 1.380491141229868
  landing: 0.20321724191308022
  view-data: 0.3037071209400892
