times:
  edit-metadata: 0.6932977577671409
  landing: 0.07360616233199835
  view-data: 0.3119763978756964
