times:
  edit-metadata: 1.392182856798172
  landing: 0.021793375723063946
  view-data: 0.02565223164856434
