times:
  edit-metadata: 1.3670346224680543
  landing: 0.020311315543949604
  view-data: 0.026207909919321537
