times:
  edit-metadata: 0.4911279194056988
  landing: 0.04213603027164936
  view-data: 0.2031797468662262
