times:
  edit-metadata: 1.471702428534627
  landing: 0.02054334618151188
  view-data: 0.3206944726407528
