times:
  edit-metadata: 0.487759530544281
  landing: 0.048044285736978054
  view-data: 0.2075009336695075
