times:
  edit-metadata: 1.503730347380042
  landing: 0.30718511156737804
  view-data: 0.2694687731564045
