times:
  edit-metadata: 1.741809543222189
  landing: 0.057257410138845444
  view-data: 0.36488555930554867
