times:
  edit-metadata: 1.4008955992758274
  landing: 0.1326225958764553
  view-data: 0.12978659942746162
