times:
  edit-metadata: 1.9874960938468575
  landing: 0.18216023407876492
  view-data: 0.024115370586514473
