times:
  edit-metadata: 0.49833050463348627
  landing: 0.056376248598098755
  view-data: 0.2128272419795394
