times:
  edit-metadata: 1.4410425946116447
  landing: 0.021304724738001823
  view-data: 0.1448472160845995
