times:
  edit-metadata: 1.3252817317843437
  landing: 0.02295941300690174
  view-data: 0.3134954236447811
