times:
  edit-metadata: 1.367788614705205
  landing: 0.24526388011872768
  view-data: 0.1683614533394575
