times:
  edit-metadata: 0.8000084450468421
  landing: 0.06846232106909156
  view-data: 0.2915492029860616
