times:
  edit-metadata: 1.6012129429727793
  landing: 0.25353518687188625
  view-data: 0.26640006341040134
