times:
  edit-metadata: 0.6426852070726454
  landing: 0.05050599714741111
  view-data: 0.22481048526242375
