times:
  edit-metadata: 0.5932981478981674
  landing: 0.04571798164397478
  view-data: 0.21525791427120566
