times:
  edit-metadata: 0.5767703838646412
  landing: 0.14910688204690814
  view-data: 0.3089202824048698
