times:
  edit-metadata: 0.6338747940026224
  landing: 0.0836170599795878
  view-data: 0.27362926909700036
