times:
  edit-metadata: 0.5625923541374505
  landing: 0.07879860885441303
  view-data: 0.21356762433424592
