times:
  edit-metadata: 0.7871325337328017
  landing: 0.12277921801432967
  view-data: 0.2919770749285817
