times:
  edit-metadata: 0.5781644028611481
  landing: 0.06874730018898845
  view-data: 0.22057319385930896
