times:
  edit-metadata: 0.7019602078944445
  landing: 0.1837914139032364
  view-data: 0.21014894591644406
