times:
  edit-metadata: 0.5947657250799239
  landing: 0.07055283896625042
  view-data: 0.2111962647177279
