times:
  edit-metadata: 0.5824978849850595
  landing: 0.1100101419724524
  view-data: 0.26242117024958134
