times:
  edit-metadata: 2.8417729630018584
  landing: 0.48633052699733526
  view-data: 0.44021368998801336
