times:
  edit-metadata: 0.7111499207094312
  landing: 0.06529396399855614
  view-data: 0.29960013227537274
