times:
  edit-metadata: 0.7749859062023461
  landing: 0.11375748971477151
  view-data: 0.21564726531505585
