times:
  edit-metadata: 0.7781770741567016
  landing: 0.10501534910872579
  view-data: 0.29480417678132653
