times:
  edit-metadata: 0.7671321001835167
  landing: 0.08992814412340522
  view-data: 0.3085187361575663
