times:
  edit-metadata: 0.582255934830755
  landing: 0.06204097392037511
  view-data: 0.20819414127618074
