times:
  edit-metadata: 0.6101481630466878
  landing: 0.043661010917276144
  view-data: 0.2157708192244172
