times:
  edit-metadata: 0.877827231772244
  landing: 0.13530336786061525
  view-data: 0.287623796146363
