times:
  edit-metadata: 0.6490971869789064
  landing: 0.15156078711152077
  view-data: 0.31066080601885915
