times:
  edit-metadata: 0.7925534239038825
  landing: 0.10878844000399113
  view-data: 0.2154568089172244
