times:
  edit-metadata: 1.9483012668788433
  landing: 0.20465989410877228
  view-data: 0.37932605668902397
