times:
  edit-metadata: 0.8001093748025596
  landing: 0.056780240032821894
  view-data: 0.2229545940645039
