times:
  edit-metadata: 1.52635402046144
  landing: 0.21718288026750088
  view-data: 0.023127583786845207
