times:
  edit-metadata: 0.832998663187027
  landing: 0.06301212310791016
  view-data: 0.2365994998253882
