times:
  edit-metadata: 0.56254468485713
  landing: 0.0712180808186531
  view-data: 0.21138639515265822
