times:
  edit-metadata: 0.6641893610358238
  landing: 0.11579181207343936
  view-data: 0.3061012211255729
