times:
  edit-metadata: 0.6633359659463167
  landing: 0.08608154905959964
  view-data: 0.20482192374765873
