times:
  edit-metadata: 0.5616303309798241
  landing: 0.06253440072759986
  view-data: 0.20392755093052983
