times:
  edit-metadata: 1.6325829289853573
  landing: 0.2864952776581049
  view-data: 0.2081171628087759
