times:
  edit-metadata: 0.7952095307409763
  landing: 0.0655806572176516
  view-data: 0.30812165699899197
