times:
  edit-metadata: 1.5298463553190231
  landing: 0.28669048473238945
  view-data: 0.4133875034749508
