times:
  edit-metadata: 1.3388782981783152
  landing: 0.021137511357665062
  view-data: 0.026363322511315346
