times:
  edit-metadata: 1.4058402683585882
  landing: 0.022061549127101898
  view-data: 0.027512988075613976
