times:
  edit-metadata: 0.7024678471498191
  landing: 0.05670326063409448
  view-data: 0.2717582490295172
