times:
  edit-metadata: 0.592334836255759
  landing: 0.07567422511056066
  view-data: 0.23885987419635057
