times:
  edit-metadata: 0.7023648619651794
  landing: 0.06631053099408746
  view-data: 0.25834606820717454
