times:
  edit-metadata: 1.3207356128841639
  landing: 0.020597386173903942
  view-data: 0.12413426581770182
