times:
  edit-metadata: 1.6008808240294456
  landing: 0.023016244173049927
  view-data: 0.42380888387560844
