times:
  edit-metadata: 1.3593167960643768
  landing: 0.02265319600701332
  view-data: 0.029669784009456635
