times:
  edit-metadata: 1.9513243213295937
  landing: 0.23518598824739456
  view-data: 0.38463061302900314
