times:
  edit-metadata: 1.4779020808637142
  landing: 0.02005723863840103
  view-data: 0.32039086148142815
