times:
  edit-metadata: 1.579249743372202
  landing: 0.19766108691692352
  view-data: 0.12994426861405373
