times:
  edit-metadata: 1.3621275695040822
  landing: 0.2002111105248332
  view-data: 0.4672086602076888
