times:
  edit-metadata: 1.4595369286835194
  landing: 0.0192522294819355
  view-data: 0.13335754349827766
