times:
  edit-metadata: 0.716874779202044
  landing: 0.061538337264209986
  view-data: 0.2685699169524014
