times:
  edit-metadata: 1.3542985375970602
  landing: 0.021342050284147263
  view-data: 0.024757791310548782
