times:
  edit-metadata: 1.5227883197367191
  landing: 0.29697321355342865
  view-data: 0.1408283282071352
