times:
  edit-metadata: 0.8791693639941514
  landing: 0.06550132343545556
  view-data: 0.26980625931173563
