times:
  edit-metadata: 0.5321222399361432
  landing: 0.07513258093968034
  view-data: 0.20483652129769325
