times:
  edit-metadata: 1.6262428853660822
  landing: 0.30774628184735775
  view-data: 0.31139216013252735
