times:
  edit-metadata: 0.6662599644623697
  landing: 0.06451830081641674
  view-data: 0.2179423552006483
