times:
  edit-metadata: 1.3818021714687347
  landing: 0.020299511030316353
  view-data: 0.11020987667143345
