times:
  edit-metadata: 0.5869632177054882
  landing: 0.11948624718934298
  view-data: 0.258493198081851
