times:
  edit-metadata: 1.4221103126183152
  landing: 0.1381515832617879
  view-data: 0.29275871627032757
