times:
  edit-metadata: 1.4031112967059016
  landing: 0.20103489328175783
  view-data: 0.15275670681148767
