times:
  edit-metadata: 1.6825528405606747
  landing: 0.24609256722033024
  view-data: 0.3997611440718174
