times:
  edit-metadata: 1.3608060833066702
  landing: 0.1603522952646017
  view-data: 0.13704665005207062
