times:
  edit-metadata: 1.3659840412437916
  landing: 0.020023562014102936
  view-data: 0.026992961764335632
