times:
  edit-metadata: 1.613447543233633
  landing: 0.12899808958172798
  view-data: 0.3688053283840418
