times:
  edit-metadata: 1.4738947916775942
  landing: 0.022076215595006943
  view-data: 0.12855879217386246
