times:
  edit-metadata: 1.7692385856062174
  landing: 0.1729203462600708
  view-data: 0.3392305690795183
