times:
  edit-metadata: 1.372810248285532
  landing: 0.1278584748506546
  view-data: 0.3189023621380329
