times:
  edit-metadata: 1.4500798247754574
  landing: 0.13923157658427954
  view-data: 0.13342156913131475
