times:
  edit-metadata: 1.4393886271864176
  landing: 0.22065545991063118
  view-data: 0.02246520109474659
