times:
  edit-metadata: 1.3905641380697489
  landing: 0.022790465503931046
  view-data: 0.10209446400403976
