times:
  edit-metadata: 0.7307621538639069
  landing: 0.08674592105671763
  view-data: 0.3106545149348676
