times:
  edit-metadata: 1.3892729170620441
  landing: 0.1375211924314499
  view-data: 0.41808348521590233
