times:
  edit-metadata: 1.361119944602251
  landing: 0.19926700741052628
  view-data: 0.0229826420545578
