times:
  edit-metadata: 1.3752967398613691
  landing: 0.1887435019016266
  view-data: 0.024672137573361397
