times:
  edit-metadata: 1.5750332828611135
  landing: 0.2732307706028223
  view-data: 0.35967412777245045
