times:
  edit-metadata: 1.4353360775858164
  landing: 0.020567577332258224
  view-data: 0.34867569152265787
