times:
  edit-metadata: 1.368019251152873
  landing: 0.022862516343593597
  view-data: 0.027281519025564194
