times:
  edit-metadata: 1.5820670407265425
  landing: 0.1691245175898075
  view-data: 0.16502445936203003
