times:
  edit-metadata: 0.5256484402343631
  landing: 0.053985276725143194
  view-data: 0.19851374719291925
