times:
  edit-metadata: 1.4229708705097437
  landing: 0.2840726412832737
  view-data: 0.026256417855620384
