times:
  edit-metadata: 1.5348377209156752
  landing: 0.1428498961031437
  view-data: 0.3742266595363617
