times:
  edit-metadata: 1.416668789461255
  landing: 0.23223841562867165
  view-data: 0.1777849029749632
