times:
  edit-metadata: 1.383588233962655
  landing: 0.1240901742130518
  view-data: 0.3512029703706503
