times:
  edit-metadata: 1.5626499149948359
  landing: 0.27660481445491314
  view-data: 0.12629891745746136
