times:
  edit-metadata: 1.4438507556915283
  landing: 0.250608978793025
  view-data: 0.3709643557667732
