times:
  edit-metadata: 1.3536107782274485
  landing: 0.02164488658308983
  view-data: 0.025522422045469284
