times:
  edit-metadata: 1.357519032433629
  landing: 0.02115212380886078
  view-data: 0.029119398444890976
