times:
  edit-metadata: 1.349906288087368
  landing: 0.028429340571165085
  view-data: 0.02699402906000614
