times:
  edit-metadata: 1.42027257848531
  landing: 0.24413299560546875
  view-data: 0.12150906305760145
