times:
  edit-metadata: 1.4157163929194212
  landing: 0.22462418768554926
  view-data: 0.3163913218304515
