times:
  edit-metadata: 1.6930017657577991
  landing: 0.1694162841886282
  view-data: 0.3598512839525938
