times:
  edit-metadata: 1.8446268644183874
  landing: 0.20648817159235477
  view-data: 0.13418890349566936
