times:
  edit-metadata: 1.6098197754472494
  landing: 0.023648403584957123
  view-data: 0.4916681759059429
