times:
  edit-metadata: 1.3902098312973976
  landing: 0.02149156481027603
  view-data: 0.2977871671319008
