times:
  edit-metadata: 1.4348449669778347
  landing: 0.020345576107501984
  view-data: 0.02661105804145336
