times:
  edit-metadata: 1.3754457756876945
  landing: 0.01871408522129059
  view-data: 0.025200750678777695
