times:
  edit-metadata: 1.5808031521737576
  landing: 0.2012548353523016
  view-data: 0.3640188705176115
