times:
  edit-metadata: 1.9833800736814737
  landing: 0.025096988305449486
  view-data: 0.39404414407908916
