times:
  edit-metadata: 1.4043918401002884
  landing: 0.023326696828007698
  view-data: 0.02689558081328869
