times:
  edit-metadata: 1.374805310741067
  landing: 0.1941564679145813
  view-data: 0.025894656777381897
