times:
  edit-metadata: 1.6262689642608166
  landing: 0.14882206358015537
  view-data: 0.38753928430378437
