times:
  edit-metadata: 1.494814570993185
  landing: 0.2134169414639473
  view-data: 0.03340966999530792
