times:
  edit-metadata: 1.4645950719714165
  landing: 0.02226046845316887
  view-data: 0.12342452630400658
