times:
  edit-metadata: 0.7213780228048563
  landing: 0.14863287284970284
  view-data: 0.21606101701036096
