times:
  edit-metadata: 1.5911743249744177
  landing: 0.05375266633927822
  view-data: 0.3895825743675232
