times:
  edit-metadata: 1.4893933683633804
  landing: 0.16006105206906796
  view-data: 0.35814408399164677
