times:
  edit-metadata: 1.4418469164520502
  landing: 0.02280184905976057
  view-data: 0.12558318488299847
