times:
  edit-metadata: 1.418715943582356
  landing: 0.022067304700613022
  view-data: 0.45926217176020145
