times:
  edit-metadata: 1.5796465203166008
  landing: 0.35579497553408146
  view-data: 0.1613827683031559
