times:
  edit-metadata: 1.4211371643468738
  landing: 0.019057835452258587
  view-data: 0.023144959472119808
