times:
  edit-metadata: 1.4556951522827148
  landing: 0.01967753656208515
  view-data: 0.026068393141031265
