times:
  edit-metadata: 0.556041207164526
  landing: 0.08387975208461285
  view-data: 0.21424159221351147
