times:
  edit-metadata: 1.4971765456721187
  landing: 0.021527523174881935
  view-data: 0.12520766723901033
