times:
  edit-metadata: 1.5059134885668755
  landing: 0.09238094463944435
  view-data: 0.1408446989953518
