times:
  edit-metadata: 1.3802784886211157
  landing: 0.022594455629587173
  view-data: 0.023642750456929207
