times:
  edit-metadata: 1.684952761977911
  landing: 0.018426934257149696
  view-data: 0.025843529030680656
