times:
  edit-metadata: 1.44113733433187
  landing: 0.10579321905970573
  view-data: 0.3101625796407461
