times:
  edit-metadata: 1.3657319005578756
  landing: 0.020315084606409073
  view-data: 0.33226691372692585
