times:
  edit-metadata: 1.3726540757343173
  landing: 0.18634128104895353
  view-data: 0.025299392640590668
