times:
  edit-metadata: 1.4852019920945168
  landing: 0.21730237267911434
  view-data: 0.3887404277920723
