times:
  edit-metadata: 1.5241692923009396
  landing: 0.22615882381796837
  view-data: 0.1372137013822794
