times:
  edit-metadata: 1.404331898316741
  landing: 0.25805873423814774
  view-data: 0.14723321050405502
