times:
  edit-metadata: 1.3511641919612885
  landing: 0.020441319793462753
  view-data: 0.026268377900123596
