times:
  edit-metadata: 1.3333636429160833
  landing: 0.022231191396713257
  view-data: 0.12076749466359615
