times:
  edit-metadata: 0.5279980646446347
  landing: 0.06755799427628517
  view-data: 0.21642178017646074
