times:
  edit-metadata: 1.4246676415205002
  landing: 0.029257414862513542
  view-data: 0.12732082419097424
