times:
  edit-metadata: 1.4034426156431437
  landing: 0.022408224642276764
  view-data: 0.024725159630179405
