times:
  edit-metadata: 0.5308627462945879
  landing: 0.06478043086826801
  view-data: 0.22326049394905567
