times:
  edit-metadata: 1.522442888468504
  landing: 0.023405896499753
  view-data: 0.36814337596297264
