times:
  edit-metadata: 1.5145333902910352
  landing: 0.14524560328572989
  view-data: 0.14991832431405783
