times:
  edit-metadata: 0.5251254290342331
  landing: 0.10986965196207166
  view-data: 0.303715021815151
