times:
  edit-metadata: 1.5732403751462698
  landing: 0.021243900060653687
  view-data: 0.31826747953891754
