times:
  edit-metadata: 1.3717339355498552
  landing: 0.021959347650408745
  view-data: 0.025439271703362465
