times:
  edit-metadata: 1.425262987613678
  landing: 0.24236142076551914
  view-data: 0.1375990640372038
