times:
  edit-metadata: 0.5213568136096001
  landing: 0.05759446695446968
  view-data: 0.21417427714914083
