times:
  edit-metadata: 1.3260894306004047
  landing: 0.023149658925831318
  view-data: 0.02700941450893879
