times:
  edit-metadata: 1.4113006386905909
  landing: 0.024102039635181427
  view-data: 0.024604283273220062
