times:
  edit-metadata: 1.6372438464313745
  landing: 0.0543973445892334
  view-data: 0.3431360125541687
