times:
  edit-metadata: 1.9675627329852432
  landing: 0.3673081899760291
  view-data: 0.20751743897562847
