times:
  edit-metadata: 1.459902212023735
  landing: 0.021256981417536736
  view-data: 0.2899635173380375
