times:
  edit-metadata: 1.3438968807458878
  landing: 0.021818771958351135
  view-data: 0.025597678497433662
