times:
  edit-metadata: 1.3953867331147194
  landing: 0.023083144798874855
  view-data: 0.026739269495010376
