times:
  edit-metadata: 1.4412107076495886
  landing: 0.01926306076347828
  view-data: 0.023867415264248848
