times:
  edit-metadata: 0.5138635537587106
  landing: 0.05929603101685643
  view-data: 0.21382901025936007
