times:
  edit-metadata: 1.3390792962163687
  landing: 0.021623654291033745
  view-data: 0.0278671532869339
