times:
  edit-metadata: 1.528061481192708
  landing: 0.02021406590938568
  view-data: 0.3161560595035553
