times:
  edit-metadata: 1.5165858883410692
  landing: 0.31764647737145424
  view-data: 0.31602801755070686
