times:
  edit-metadata: 1.3480718452483416
  landing: 0.020911436527967453
  view-data: 0.026541883125901222
