times:
  edit-metadata: 1.6934620011597872
  landing: 0.3264355454593897
  view-data: 0.18523609265685081
