times:
  edit-metadata: 1.698648752644658
  landing: 0.1466002967208624
  view-data: 0.356050880625844
