times:
  edit-metadata: 1.6894714795053005
  landing: 0.2999841384589672
  view-data: 0.35165467485785484
