times:
  edit-metadata: 0.544936204329133
  landing: 0.06317874137312174
  view-data: 0.2222645739093423
