times:
  edit-metadata: 1.347943576052785
  landing: 0.023649517446756363
  view-data: 0.024465035647153854
