times:
  edit-metadata: 1.4300167951732874
  landing: 0.02167697623372078
  view-data: 0.28421408496797085
