times:
  edit-metadata: 1.3689439576119184
  landing: 0.02348790131509304
  view-data: 0.1359782312065363
