times:
  edit-metadata: 1.5978629253804684
  landing: 0.15124103985726833
  view-data: 0.37609047442674637
