times:
  edit-metadata: 1.5157278254628181
  landing: 0.20705489814281464
  view-data: 0.3866111543029547
