times:
  edit-metadata: 1.428208751603961
  landing: 0.019615154713392258
  view-data: 0.14308927580714226
