times:
  edit-metadata: 1.4108166005462408
  landing: 0.024161098524928093
  view-data: 0.10634979978203773
