times:
  edit-metadata: 1.3620589934289455
  landing: 0.1426576916128397
  view-data: 0.4308849014341831
