times:
  edit-metadata: 1.387770064175129
  landing: 0.13183029927313328
  view-data: 0.024826803244650364
