times:
  edit-metadata: 1.3678582971915603
  landing: 0.02124426420778036
  view-data: 0.028469080105423927
