times:
  edit-metadata: 1.376560078933835
  landing: 0.20218079537153244
  view-data: 0.02494535781443119
