times:
  edit-metadata: 1.3653040640056133
  landing: 0.020549805834889412
  view-data: 0.11939684301614761
