times:
  edit-metadata: 0.5133301699534059
  landing: 0.06651177816092968
  view-data: 0.21547619625926018
