times:
  edit-metadata: 1.3935804571956396
  landing: 0.02149335853755474
  view-data: 0.025954339653253555
