times:
  edit-metadata: 1.4001754615455866
  landing: 0.024749893695116043
  view-data: 0.28073677234351635
