times:
  edit-metadata: 1.4438920300453901
  landing: 0.021675826981663704
  view-data: 0.10473096184432507
