times:
  edit-metadata: 1.4493559915572405
  landing: 0.019187898375093937
  view-data: 0.13538548070937395
