times:
  edit-metadata: 0.5282959612086415
  landing: 0.06468775076791644
  view-data: 0.23391558695584536
