times:
  edit-metadata: 1.3202015683054924
  landing: 0.019255459308624268
  view-data: 0.1187181156128645
