times:
  edit-metadata: 1.4677265081554651
  landing: 0.15228771977126598
  view-data: 0.36166117154061794
