times:
  edit-metadata: 1.3636239636689425
  landing: 0.02299025095999241
  view-data: 0.1246640682220459
