times:
  edit-metadata: 0.6656813202425838
  landing: 0.1474250638857484
  view-data: 0.2954598730430007
