times:
  edit-metadata: 1.3694259244948626
  landing: 0.11962604150176048
  view-data: 0.028482217341661453
