times:
  edit-metadata: 1.5425643008202314
  landing: 0.27103766053915024
  view-data: 0.3984560500830412
