times:
  edit-metadata: 0.5131668839603662
  landing: 0.05893302895128727
  view-data: 0.2194486609660089
