times:
  edit-metadata: 0.5607290952466428
  landing: 0.08528063399717212
  view-data: 0.2784827589057386
