times:
  edit-metadata: 0.8061037957668304
  landing: 0.0764187858439982
  view-data: 0.27624268317595124
