times:
  edit-metadata: 1.4966317815706134
  landing: 0.1333047840744257
  view-data: 0.2748905047774315
