times:
  edit-metadata: 1.3625754211097956
  landing: 0.021115131676197052
  view-data: 0.31520890817046165
