times:
  edit-metadata: 0.8325937232002616
  landing: 0.12111924588680267
  view-data: 0.2820097547955811
