times:
  edit-metadata: 1.3542167637497187
  landing: 0.02009846828877926
  view-data: 0.03023899905383587
