times:
  edit-metadata: 0.5992184849455953
  landing: 0.06930436473339796
  view-data: 0.22413679491728544
