times:
  edit-metadata: 1.6964934971183538
  landing: 0.17415709048509598
  view-data: 0.47165566124022007
