times:
  edit-metadata: 1.4108453067019582
  landing: 0.0194820249453187
  view-data: 0.027068547904491425
