times:
  edit-metadata: 1.82235227804631
  landing: 0.01915326528251171
  view-data: 0.47837404161691666
