times:
  edit-metadata: 1.3335750810801983
  landing: 0.1203874172642827
  view-data: 0.21036336477845907
