times:
  edit-metadata: 1.3722543008625507
  landing: 0.23520955629646778
  view-data: 0.024029843509197235
