times:
  edit-metadata: 0.6217981427907944
  landing: 0.038069319911301136
  view-data: 0.2990389452315867
