times:
  edit-metadata: 1.5605243183672428
  landing: 0.27406682819128036
  view-data: 0.02498330920934677
