times:
  edit-metadata: 1.4407217260450125
  landing: 0.019166510552167892
  view-data: 0.024340106174349785
