times:
  edit-metadata: 2.271869436837733
  landing: 0.36686569545418024
  view-data: 0.15451346803456545
