times:
  edit-metadata: 1.351964158937335
  landing: 0.02243582159280777
  view-data: 0.22817979380488396
