times:
  edit-metadata: 1.3916866537183523
  landing: 0.019269615411758423
  view-data: 0.4306678269058466
