times:
  edit-metadata: 1.5654997508972883
  landing: 0.020153608173131943
  view-data: 0.12572447955608368
