times:
  edit-metadata: 1.6434300756081939
  landing: 0.021259433589875698
  view-data: 0.4079960212111473
