times:
  edit-metadata: 1.6111813262104988
  landing: 0.01950216107070446
  view-data: 0.31631304509937763
