times:
  edit-metadata: 1.4586117155849934
  landing: 0.019822321832180023
  view-data: 0.33479597978293896
