times:
  edit-metadata: 2.686105602013413
  landing: 0.3660588570055552
  view-data: 0.7814268470101524
