times:
  edit-metadata: 1.8872148785740137
  landing: 0.13486281037330627
  view-data: 0.37303380481898785
