times:
  edit-metadata: 1.4488636329770088
  landing: 0.12935165967792273
  view-data: 0.12159580178558826
