times:
  edit-metadata: 1.7025371342897415
  landing: 0.022533133625984192
  view-data: 0.2981090061366558
