times:
  edit-metadata: 1.6703045032918453
  landing: 0.27565620839595795
  view-data: 0.20372659899294376
