times:
  edit-metadata: 1.7628211919218302
  landing: 0.1442594975233078
  view-data: 0.3675834182649851
