times:
  edit-metadata: 0.42026617005467415
  landing: 0.04651513276621699
  view-data: 0.20330572593957186
