times:
  edit-metadata: 1.3363888021558523
  landing: 0.020063892006874084
  view-data: 0.030220651999115944
