times:
  edit-metadata: 1.2027569487690926
  landing: 0.022754350677132607
  view-data: 0.11498503852635622
