times:
  edit-metadata: 1.216384019702673
  landing: 0.020988838747143745
  view-data: 0.0237343180924654
