times:
  edit-metadata: 1.2902330160140991
  landing: 0.0220673568546772
  view-data: 0.25022420659661293
