times:
  edit-metadata: 0.4311005212366581
  landing: 0.059339200146496296
  view-data: 0.20378236519172788
