times:
  edit-metadata: 1.216683454811573
  landing: 0.020316144451498985
  view-data: 0.2795297671109438
