times:
  edit-metadata: 1.2141709066927433
  landing: 0.022598298266530037
  view-data: 0.0261774230748415
