times:
  edit-metadata: 0.4194951569661498
  landing: 0.04984676465392113
  view-data: 0.19798056781291962
