times:
  edit-metadata: 1.3629792723804712
  landing: 0.13474717177450657
  view-data: 0.4039828386157751
