times:
  edit-metadata: 1.1855730330571532
  landing: 0.022248588502407074
  view-data: 0.025661236606538296
