times:
  edit-metadata: 0.4149709618650377
  landing: 0.044401290360838175
  view-data: 0.20878653600811958
