times:
  edit-metadata: 1.3837243998423219
  landing: 0.018590067513287067
  view-data: 0.1379203861579299
