times:
  edit-metadata: 1.412815561518073
  landing: 0.16085753589868546
  view-data: 0.2758741807192564
