times:
  edit-metadata: 1.314060853794217
  landing: 0.2046633530408144
  view-data: 0.027417195960879326
