times:
  edit-metadata: 0.5515788397751749
  landing: 0.0635988600552082
  view-data: 0.19236413529142737
