times:
  edit-metadata: 1.2113088015466928
  landing: 0.020554319024086
  view-data: 0.025044415146112442
