times:
  edit-metadata: 1.2985592428594828
  landing: 0.3410023283213377
  view-data: 0.39445118978619576
