times:
  edit-metadata: 0.49556943867355585
  landing: 0.04549316130578518
  view-data: 0.29463256197050214
