times:
  edit-metadata: 1.4177019726485014
  landing: 0.224948825314641
  view-data: 0.3548000529408455
