times:
  edit-metadata: 1.4433178640902042
  landing: 0.022706152871251106
  view-data: 0.02713983878493309
