times:
  edit-metadata: 1.1938692517578602
  landing: 0.019072694703936577
  view-data: 0.22371423710137606
