times:
  edit-metadata: 1.661399431526661
  landing: 0.2972462885081768
  view-data: 0.29755958542227745
