times:
  edit-metadata: 0.42870093369856477
  landing: 0.09346134820953012
  view-data: 0.27898233383893967
