times:
  edit-metadata: 0.46610679291188717
  landing: 0.07542482716962695
  view-data: 0.20599041180685163
