times:
  edit-metadata: 1.3200624529272318
  landing: 0.02491227723658085
  view-data: 0.3257235772907734
