times:
  edit-metadata: 1.2033120561391115
  landing: 0.20205515436828136
  view-data: 0.023937996476888657
