times:
  edit-metadata: 0.6439135801047087
  landing: 0.05478269513696432
  view-data: 0.19655626732856035
