times:
  edit-metadata: 0.42640002304688096
  landing: 0.07228571595624089
  view-data: 0.2867388082668185
