times:
  edit-metadata: 0.6367630357854068
  landing: 0.07064503571018577
  view-data: 0.2829225459136069
