times:
  edit-metadata: 1.4352236036211252
  landing: 0.019482871517539024
  view-data: 0.0501413457095623
