times:
  edit-metadata: 1.291473526507616
  landing: 0.02375229075551033
  view-data: 0.3425718694925308
