times:
  edit-metadata: 0.5397845599800348
  landing: 0.053231917787343264
  view-data: 0.20538132591173053
