times:
  edit-metadata: 1.2031793538480997
  landing: 0.021789774298667908
  view-data: 0.1373325102031231
