times:
  edit-metadata: 1.2682150434702635
  landing: 0.0205096323043108
  view-data: 0.024168280884623528
