times:
  edit-metadata: 1.365303911268711
  landing: 0.21882522478699684
  view-data: 0.37937738187611103
