times:
  edit-metadata: 0.5291280369274318
  landing: 0.09692497504875064
  view-data: 0.20562305115163326
