times:
  edit-metadata: 1.330357363447547
  landing: 0.1401424380019307
  view-data: 0.4139693472534418
