times:
  edit-metadata: 1.4701647069305182
  landing: 0.2616356108337641
  view-data: 0.3112067561596632
