times:
  edit-metadata: 1.3758285623043776
  landing: 0.2509865891188383
  view-data: 0.3358525615185499
