times:
  edit-metadata: 1.3153902143239975
  landing: 0.12934046797454357
  view-data: 0.23100818134844303
