times:
  edit-metadata: 0.48046625778079033
  landing: 0.04481500620022416
  view-data: 0.25919174682348967
