times:
  edit-metadata: 1.3145600464195013
  landing: 0.019255688413977623
  view-data: 0.024253398180007935
