times:
  edit-metadata: 0.42297267029061913
  landing: 0.08164027472957969
  view-data: 0.2393224579282105
