times:
  edit-metadata: 1.2012002486735582
  landing: 0.1768166869878769
  view-data: 0.1391537170857191
