times:
  edit-metadata: 0.4312847559340298
  landing: 0.09978390345349908
  view-data: 0.20540074724704027
