times:
  edit-metadata: 1.2606007559224963
  landing: 0.2300819931551814
  view-data: 0.12448929250240326
