times:
  edit-metadata: 1.3338214289397001
  landing: 0.14028498530387878
  view-data: 0.0936927180737257
