times:
  edit-metadata: 1.1755277086049318
  landing: 0.0225682957097888
  view-data: 0.1232870863750577
