times:
  edit-metadata: 0.43573335697874427
  landing: 0.037516206968575716
  view-data: 0.20759014133363962
