times:
  edit-metadata: 1.3396565448492765
  landing: 0.0182983772829175
  view-data: 0.03016460221260786
