times:
  edit-metadata: 1.2846966870129108
  landing: 0.019742451608181
  view-data: 0.14884375222027302
