times:
  edit-metadata: 1.2287093121558428
  landing: 0.018700024113059044
  view-data: 0.02248932421207428
