times:
  edit-metadata: 1.2227385956794024
  landing: 0.023535098880529404
  view-data: 0.025792911648750305
