times:
  edit-metadata: 1.2893687523901463
  landing: 0.13595417700707912
  view-data: 0.1300699170678854
