times:
  edit-metadata: 1.599713783711195
  landing: 0.15899903886020184
  view-data: 0.3573663327842951
