times:
  edit-metadata: 1.432292005047202
  landing: 0.02248944155871868
  view-data: 0.026146549731492996
