times:
  edit-metadata: 1.2966399807482958
  landing: 0.02153896912932396
  view-data: 0.12975416705012321
