times:
  edit-metadata: 1.2279298286885023
  landing: 0.023484470322728157
  view-data: 0.026175783947110176
