times:
  edit-metadata: 1.2273432090878487
  landing: 0.13763722032308578
  view-data: 0.3533858973532915
