times:
  edit-metadata: 1.3034975212067366
  landing: 0.020207444205880165
  view-data: 0.1245235837996006
