times:
  edit-metadata: 1.5425134021788836
  landing: 0.3008195236325264
  view-data: 0.1755502764135599
