times:
  edit-metadata: 1.225706646218896
  landing: 0.12337090633809566
  view-data: 0.14555430971086025
