times:
  edit-metadata: 1.3517894968390465
  landing: 0.1394319236278534
  view-data: 0.1365675050765276
