times:
  edit-metadata: 1.2918372750282288
  landing: 0.019574113190174103
  view-data: 0.3619376365095377
