times:
  edit-metadata: 1.2969030980020761
  landing: 0.23949052579700947
  view-data: 0.2465505376458168
