times:
  edit-metadata: 1.4834088049829006
  landing: 0.16936864331364632
  view-data: 0.16963055357336998
