times:
  edit-metadata: 1.2667610980570316
  landing: 0.02394704706966877
  view-data: 0.02614116296172142
