times:
  edit-metadata: 1.4478334784507751
  landing: 0.19051028974354267
  view-data: 0.30716734379529953
