times:
  edit-metadata: 1.3270062990486622
  landing: 0.1968560628592968
  view-data: 0.10518810711801052
