times:
  edit-metadata: 1.2256294135004282
  landing: 0.019987205043435097
  view-data: 0.02793218567967415
