times:
  edit-metadata: 1.295004639774561
  landing: 0.02358904853463173
  view-data: 0.024603772908449173
