times:
  edit-metadata: 1.1875517582520843
  landing: 0.13356483075767756
  view-data: 0.23052695486694574
