times:
  edit-metadata: 1.3207109700888395
  landing: 0.20437213219702244
  view-data: 0.02703758515417576
