times:
  edit-metadata: 1.4706543609499931
  landing: 0.027796084992587566
  view-data: 0.6027800561860204
