times:
  edit-metadata: 1.2864067209884524
  landing: 0.1883155144751072
  view-data: 0.4776117941364646
