times:
  edit-metadata: 1.3177657471969724
  landing: 0.0191716980189085
  view-data: 0.02557936031371355
