times:
  edit-metadata: 0.4191562719643116
  landing: 0.04467674996703863
  view-data: 0.1975367460399866
