times:
  edit-metadata: 1.5808023996651173
  landing: 0.20472984202206135
  view-data: 0.20709898322820663
