times:
  edit-metadata: 0.4427312212064862
  landing: 0.09548104414716363
  view-data: 0.27152318274602294
