times:
  edit-metadata: 0.42114389361813664
  landing: 0.04509753407910466
  view-data: 0.20833849580958486
