times:
  edit-metadata: 1.2143534198403358
  landing: 0.22827507369220257
  view-data: 0.025425711646676064
