times:
  edit-metadata: 1.4507880881428719
  landing: 0.04920521192252636
  view-data: 0.4526468478143215
