times:
  edit-metadata: 1.369039649143815
  landing: 0.2900513485074043
  view-data: 0.4048112574964762
