times:
  edit-metadata: 0.4826807896606624
  landing: 0.09811458503827453
  view-data: 0.203382124658674
