times:
  edit-metadata: 1.275438405573368
  landing: 0.1789328958839178
  view-data: 0.3533668201416731
