times:
  edit-metadata: 1.2145133847370744
  landing: 0.1480946270748973
  view-data: 0.4415684761479497
