times:
  edit-metadata: 0.5266878018155694
  landing: 0.06552856508642435
  view-data: 0.27139118080958724
