times:
  edit-metadata: 1.3265770003199577
  landing: 0.19296341948211193
  view-data: 0.02493542619049549
