times:
  edit-metadata: 1.179086965508759
  landing: 0.022758266888558865
  view-data: 0.024532723240554333
