times:
  edit-metadata: 1.3191371895372868
  landing: 0.26023553870618343
  view-data: 0.30126956664025784
