times:
  edit-metadata: 1.1873760214075446
  landing: 0.11127395182847977
  view-data: 0.14849212113767862
