times:
  edit-metadata: 1.5629053805023432
  landing: 0.19585705548524857
  view-data: 0.1601659059524536
