times:
  edit-metadata: 1.4108533952385187
  landing: 0.356129651889205
  view-data: 0.4469914473593235
