times:
  edit-metadata: 1.2909687738865614
  landing: 0.11883016489446163
  view-data: 0.024589722976088524
