times:
  edit-metadata: 1.3700295742601156
  landing: 0.1768955010920763
  view-data: 0.39985743910074234
