times:
  edit-metadata: 1.2660273630172014
  landing: 0.13277675211429596
  view-data: 0.03111501969397068
