times:
  edit-metadata: 1.4469657968729734
  landing: 0.24156981147825718
  view-data: 0.31154423765838146
