times:
  edit-metadata: 1.4672249164432287
  landing: 0.020946359261870384
  view-data: 0.35197184048593044
