times:
  edit-metadata: 1.3538642283529043
  landing: 0.022895993664860725
  view-data: 0.38863230869174004
