times:
  edit-metadata: 1.2259405218064785
  landing: 0.02306080423295498
  view-data: 0.024347558617591858
