times:
  edit-metadata: 1.2596129700541496
  landing: 0.32228405214846134
  view-data: 0.14110885374248028
