times:
  edit-metadata: 1.2060848008841276
  landing: 0.17729752138257027
  view-data: 0.02274972014129162
