times:
  edit-metadata: 1.2028151648119092
  landing: 0.11017390992492437
  view-data: 0.12379295192658901
