times:
  edit-metadata: 1.2090209061279893
  landing: 0.12793537694960833
  view-data: 0.12960555870085955
