times:
  edit-metadata: 1.2724154442548752
  landing: 0.1347395721822977
  view-data: 0.030284913256764412
