times:
  edit-metadata: 1.352377401664853
  landing: 0.2969072200357914
  view-data: 0.33265889808535576
