times:
  edit-metadata: 1.425786865875125
  landing: 0.022851314395666122
  view-data: 0.044706765562295914
