times:
  edit-metadata: 1.2211758513003588
  landing: 0.021022221073508263
  view-data: 0.02759632095694542
