times:
  edit-metadata: 1.378389224410057
  landing: 0.021942954510450363
  view-data: 0.025062037631869316
