times:
  edit-metadata: 1.2890839204192162
  landing: 0.019205672666430473
  view-data: 0.02551940642297268
