times:
  edit-metadata: 1.4230869580060244
  landing: 0.3383744154125452
  view-data: 0.14978685230016708
