times:
  edit-metadata: 1.302516557276249
  landing: 0.1216043122112751
  view-data: 0.025162823498249054
