times:
  edit-metadata: 1.42198337148875
  landing: 0.3001610180363059
  view-data: 0.42928674817085266
