times:
  edit-metadata: 1.2277540285140276
  landing: 0.03325316123664379
  view-data: 0.02362803928554058
