times:
  edit-metadata: 1.3996858354657888
  landing: 0.21838033013045788
  view-data: 0.15519331581890583
