times:
  edit-metadata: 1.360896686092019
  landing: 0.022609775885939598
  view-data: 0.32421649992465973
