times:
  edit-metadata: 1.2297990694642067
  landing: 0.14096019230782986
  view-data: 0.2776994090527296
