times:
  edit-metadata: 1.617176664993167
  landing: 0.23732198402285576
  view-data: 0.18498769402503967
