times:
  edit-metadata: 1.208717469125986
  landing: 0.023785335943102837
  view-data: 0.026451424695551395
