times:
  edit-metadata: 1.2422454506158829
  landing: 0.023265289142727852
  view-data: 0.026959428563714027
