times:
  edit-metadata: 1.384983979165554
  landing: 0.20888914912939072
  view-data: 0.13035159930586815
