times:
  edit-metadata: 1.2089360672980547
  landing: 0.02331920526921749
  view-data: 0.027426032349467278
