times:
  edit-metadata: 1.2815592316910625
  landing: 0.021939579397439957
  view-data: 0.22063035145401955
