times:
  edit-metadata: 0.4993683430366218
  landing: 0.05365266604349017
  view-data: 0.1977911558933556
