times:
  edit-metadata: 1.225941687822342
  landing: 0.021294796839356422
  view-data: 0.2732620146125555
