times:
  edit-metadata: 1.2139362338930368
  landing: 0.02068825624883175
  view-data: 0.026798725128173828
