times:
  edit-metadata: 1.4588200468569994
  landing: 0.020908399485051632
  view-data: 0.048135021701455116
