times:
  edit-metadata: 1.2328976057469845
  landing: 0.24366655200719833
  view-data: 0.02448728308081627
