times:
  edit-metadata: 1.2090196516364813
  landing: 0.13246317952871323
  view-data: 0.3130074832588434
