times:
  edit-metadata: 1.3590155392885208
  landing: 0.01918836496770382
  view-data: 0.14930316805839539
