times:
  edit-metadata: 1.2451467923820019
  landing: 0.021563472226262093
  view-data: 0.02688555233180523
