times:
  edit-metadata: 1.539071585983038
  landing: 0.30718280002474785
  view-data: 0.37450061179697514
