times:
  edit-metadata: 1.1918163010850549
  landing: 0.18162856623530388
  view-data: 0.2168635129928589
