times:
  edit-metadata: 1.4279160164296627
  landing: 0.14950115233659744
  view-data: 0.26200309209525585
