times:
  edit-metadata: 1.2545663733035326
  landing: 0.021670563146471977
  view-data: 0.02566254325211048
