times:
  edit-metadata: 1.7741356436163187
  landing: 0.2168018352240324
  view-data: 0.49849365651607513
