times:
  edit-metadata: 1.3407618571072817
  landing: 0.2926277928054333
  view-data: 0.11746868584305048
