times:
  edit-metadata: 1.3511527497321367
  landing: 0.018783473409712315
  view-data: 0.14430183917284012
