times:
  edit-metadata: 1.381746405735612
  landing: 0.16193600371479988
  view-data: 0.24708813428878784
