times:
  edit-metadata: 1.4421916846185923
  landing: 0.21944797970354557
  view-data: 0.3940724525600672
