times:
  edit-metadata: 1.2154369950294495
  landing: 0.022336427122354507
  view-data: 0.3163121659308672
