times:
  edit-metadata: 0.4859173260629177
  landing: 0.09366878075525165
  view-data: 0.2536780405789614
