times:
  edit-metadata: 1.6017708405852318
  landing: 0.17923713847994804
  view-data: 0.057566385716199875
