times:
  edit-metadata: 1.2014336846768856
  landing: 0.02120412513613701
  view-data: 0.2954303827136755
