times:
  edit-metadata: 0.5294532710686326
  landing: 0.07854415895417333
  view-data: 0.20605732593685389
