times:
  edit-metadata: 1.2145807407796383
  landing: 0.19741126894950867
  view-data: 0.025777844712138176
