times:
  edit-metadata: 1.4140735287219286
  landing: 0.020343471318483353
  view-data: 0.3412086647003889
