times:
  edit-metadata: 1.6041553616523743
  landing: 0.3105565644800663
  view-data: 0.18430965021252632
