times:
  edit-metadata: 1.2326221112161875
  landing: 0.019538456574082375
  view-data: 0.025290723890066147
