times:
  edit-metadata: 1.3221916127949953
  landing: 0.1430194117128849
  view-data: 0.15660372003912926
