times:
  edit-metadata: 1.2913185954093933
  landing: 0.019020749256014824
  view-data: 0.022440539672970772
