times:
  edit-metadata: 1.675483725965023
  landing: 0.3199581801891327
  view-data: 0.17548519186675549
