times:
  edit-metadata: 1.2858317196369171
  landing: 0.02119755931198597
  view-data: 0.10188774392008781
