times:
  edit-metadata: 1.2432522680610418
  landing: 0.01924658566713333
  view-data: 0.32837664894759655
