times:
  edit-metadata: 1.3465302810072899
  landing: 0.22060900181531906
  view-data: 0.025580063462257385
