times:
  edit-metadata: 1.2392527870833874
  landing: 0.020908115431666374
  view-data: 0.3954261466860771
