times:
  edit-metadata: 1.3084267731755972
  landing: 0.01945153810083866
  view-data: 0.02291608229279518
