times:
  edit-metadata: 1.236223941668868
  landing: 0.019815752282738686
  view-data: 0.27341578528285027
