times:
  edit-metadata: 0.46157967299222946
  landing: 0.09611906995996833
  view-data: 0.22422220511361957
