times:
  edit-metadata: 0.41571672167629004
  landing: 0.04474611999467015
  view-data: 0.2402721350081265
