times:
  edit-metadata: 1.3392379060387611
  landing: 0.1950249783694744
  view-data: 0.02544393762946129
