times:
  edit-metadata: 1.4347411654889584
  landing: 0.12342263199388981
  view-data: 0.030509553849697113
