times:
  edit-metadata: 1.3116546384990215
  landing: 0.018647801131010056
  view-data: 0.33421657234430313
