times:
  edit-metadata: 1.19200901966542
  landing: 0.019909040071070194
  view-data: 0.12344261072576046
