times:
  edit-metadata: 1.2150899767875671
  landing: 0.019445721060037613
  view-data: 0.2989111691713333
