times:
  edit-metadata: 0.4432223876938224
  landing: 0.051950433291494846
  view-data: 0.3602031506597996
