times:
  edit-metadata: 0.46518221963196993
  landing: 0.04880026075989008
  view-data: 0.19825043436139822
