times:
  edit-metadata: 0.4406662452965975
  landing: 0.05456550791859627
  view-data: 0.315447174012661
