times:
  edit-metadata: 0.7703976980410516
  landing: 0.06367032416164875
  view-data: 0.32660981733351946
