times:
  edit-metadata: 0.5770506681874394
  landing: 0.04427418299019337
  view-data: 0.20924002770334482
