times:
  edit-metadata: 0.5303602488711476
  landing: 0.06988554773852229
  view-data: 0.2144532110542059
