times:
  edit-metadata: 1.4858026839792728
  landing: 0.050639962777495384
  view-data: 0.37129100412130356
