times:
  edit-metadata: 0.5936707979999483
  landing: 0.11257209675386548
  view-data: 0.22199176298454404
