times:
  edit-metadata: 0.522875206079334
  landing: 0.06233329698443413
  view-data: 0.2079943297430873
