times:
  edit-metadata: 1.5627195090055466
  landing: 0.14049233309924603
  view-data: 0.18347395956516266
