times:
  edit-metadata: 0.5282703139819205
  landing: 0.06911262683570385
  view-data: 0.21945407707244158
