times:
  edit-metadata: 0.6066468670032918
  landing: 0.1108642490580678
  view-data: 0.20551060885190964
