times:
  edit-metadata: 0.812125199008733
  landing: 0.10680939070880413
  view-data: 0.29702527076005936
