times:
  edit-metadata: 0.5560885691083968
  landing: 0.05702520767226815
  view-data: 0.20789331709966063
