times:
  edit-metadata: 0.7769132032990456
  landing: 0.062423905823379755
  view-data: 0.23981456505134702
