times:
  edit-metadata: 0.7073409068398178
  landing: 0.11778015829622746
  view-data: 0.21202842332422733
