times:
  edit-metadata: 0.5907121272757649
  landing: 0.07985471887513995
  view-data: 0.2989206467755139
