times:
  edit-metadata: 1.5950671266764402
  landing: 0.2500717267394066
  view-data: 0.057473745197057724
