times:
  edit-metadata: 0.8689665501005948
  landing: 0.05853239959105849
  view-data: 0.2243933156132698
