times:
  edit-metadata: 0.7830973085947335
  landing: 0.05927833495661616
  view-data: 0.2243812712840736
