times:
  edit-metadata: 0.6860073613934219
  landing: 0.1136168078519404
  view-data: 0.2514188699424267
