times:
  edit-metadata: 0.5334143899381161
  landing: 0.06372744729742408
  view-data: 0.22313671000301838
