times:
  edit-metadata: 0.5431683980859816
  landing: 0.06655448582023382
  view-data: 0.21102866483852267
