times:
  edit-metadata: 0.7633171770721674
  landing: 0.12171802064403892
  view-data: 0.3284359611570835
