times:
  edit-metadata: 0.5154057871550322
  landing: 0.06202340126037598
  view-data: 0.21128852060064673
