times:
  edit-metadata: 1.7373723052442074
  landing: 0.2134922333061695
  view-data: 0.3386891633272171
