times:
  edit-metadata: 0.5335877290926874
  landing: 0.06335739325731993
  view-data: 0.21729077072814107
