times:
  edit-metadata: 0.5226165060885251
  landing: 0.14782092487439513
  view-data: 0.3016697959974408
