times:
  edit-metadata: 0.6072123390622437
  landing: 0.05837903684005141
  view-data: 0.2653340860269964
