times:
  edit-metadata: 0.7090697144158185
  landing: 0.11576918372884393
  view-data: 0.284085301682353
