times:
  edit-metadata: 0.7169860820285976
  landing: 0.09694729093462229
  view-data: 0.21655899984762073
