times:
  edit-metadata: 0.5393728092312813
  landing: 0.06646316591650248
  view-data: 0.21953005203977227
