times:
  edit-metadata: 0.6274195369333029
  landing: 0.17601702082902193
  view-data: 0.2144513730891049
