times:
  edit-metadata: 1.3581582196056843
  landing: 0.02275295928120613
  view-data: 0.024103228002786636
