times:
  edit-metadata: 1.3719627149403095
  landing: 0.019574346020817757
  view-data: 0.023671895265579224
