times:
  edit-metadata: 1.5770703498274088
  landing: 0.050578780472278595
  view-data: 0.26979522965848446
