times:
  edit-metadata: 1.3793755359947681
  landing: 0.021956181153655052
  view-data: 0.024983515962958336
