times:
  edit-metadata: 1.4670092426240444
  landing: 0.021595483645796776
  view-data: 0.13066782616078854
