times:
  edit-metadata: 0.5345022273249924
  landing: 0.061786795035004616
  view-data: 0.2143482370302081
