times:
  edit-metadata: 1.5138807836920023
  landing: 0.2709677368402481
  view-data: 0.41271538473665714
