times:
  edit-metadata: 0.5341072101145983
  landing: 0.11977241607382894
  view-data: 0.2267443067394197
