times:
  edit-metadata: 0.5824229917488992
  landing: 0.04837603634223342
  view-data: 0.20554901100695133
