times:
  edit-metadata: 1.3921622410416603
  landing: 0.02280905470252037
  view-data: 0.02657347545027733
