times:
  edit-metadata: 0.7047380530275404
  landing: 0.12585954600945115
  view-data: 0.19917200691998005
