times:
  edit-metadata: 0.5683985860086977
  landing: 0.06798805017024279
  view-data: 0.21467666793614626
