times:
  edit-metadata: 0.5928604691289365
  landing: 0.061714790761470795
  view-data: 0.20165234617888927
