times:
  edit-metadata: 1.4294412564486265
  landing: 0.021782463416457176
  view-data: 0.10570189170539379
