times:
  edit-metadata: 1.279523029923439
  landing: 0.022175866179168224
  view-data: 0.12316140159964561
