times:
  edit-metadata: 1.478472650051117
  landing: 0.01956968382000923
  view-data: 0.2825009413063526
