times:
  edit-metadata: 1.5518347267061472
  landing: 0.13744034804403782
  view-data: 0.32649986632168293
