times:
  edit-metadata: 1.3937635030597448
  landing: 0.1371643878519535
  view-data: 0.13517502695322037
