times:
  edit-metadata: 1.8863593637943268
  landing: 0.3268064595758915
  view-data: 0.34378376230597496
