times:
  edit-metadata: 1.366562807932496
  landing: 0.13116141222417355
  view-data: 0.1683613322675228
