times:
  edit-metadata: 0.6661478760652244
  landing: 0.09249223303049803
  view-data: 0.21436860784888268
