times:
  edit-metadata: 1.8187742475420237
  landing: 0.15351517498493195
  view-data: 0.5135774686932564
