times:
  edit-metadata: 0.8047193507663906
  landing: 0.08338025584816933
  view-data: 0.20514286402612925
