times:
  edit-metadata: 1.3604461904615164
  landing: 0.13431981578469276
  view-data: 0.02250351570546627
