times:
  edit-metadata: 1.5395720340311527
  landing: 0.1292165257036686
  view-data: 0.3860056884586811
