times:
  edit-metadata: 0.6002111812122166
  landing: 0.11874480498954654
  view-data: 0.27369974087923765
