times:
  edit-metadata: 1.7167885638773441
  landing: 0.022501174360513687
  view-data: 0.5280495118349791
