times:
  edit-metadata: 0.610141288023442
  landing: 0.14490289706736803
  view-data: 0.2187656071037054
