times:
  edit-metadata: 1.343310097232461
  landing: 0.02140987105667591
  view-data: 0.029839491471648216
