times:
  edit-metadata: 1.3331086849793792
  landing: 0.019770651124417782
  view-data: 0.12459648866206408
