times:
  edit-metadata: 0.6225920361466706
  landing: 0.04721879493445158
  view-data: 0.22594834677875042
