times:
  edit-metadata: 1.4779347870498896
  landing: 0.2720500137656927
  view-data: 0.02580847591161728
