times:
  edit-metadata: 1.3511029165238142
  landing: 0.11597136966884136
  view-data: 0.021803928539156914
