times:
  edit-metadata: 1.3772105909883976
  landing: 0.17796191200613976
  view-data: 0.024504944682121277
