times:
  edit-metadata: 1.4013083726167679
  landing: 0.24904138781130314
  view-data: 0.1034554485231638
