times:
  edit-metadata: 1.413985587656498
  landing: 0.024717625230550766
  view-data: 0.026185423135757446
