times:
  edit-metadata: 1.365155866369605
  landing: 0.021987522020936012
  view-data: 0.32172209583222866
