times:
  edit-metadata: 1.8520015235990286
  landing: 0.3476851712912321
  view-data: 0.15993650443851948
