times:
  edit-metadata: 0.5461099427193403
  landing: 0.11253445083275437
  view-data: 0.2851174622774124
