times:
  edit-metadata: 1.3685910031199455
  landing: 0.13027762062847614
  view-data: 0.37272391282022
