times:
  edit-metadata: 1.7867169696837664
  landing: 0.2838777396827936
  view-data: 0.364813856780529
