times:
  edit-metadata: 1.9163928031921387
  landing: 0.3767774421721697
  view-data: 0.16303144115954638
