times:
  edit-metadata: 1.5153187196701765
  landing: 0.07690748572349548
  view-data: 0.026513105258345604
