times:
  edit-metadata: 1.3928662780672312
  landing: 0.025517132133245468
  view-data: 0.27642982080578804
