times:
  edit-metadata: 1.8812391106039286
  landing: 0.3736643958836794
  view-data: 0.5001228284090757
