times:
  edit-metadata: 0.5914195482619107
  landing: 0.05149826407432556
  view-data: 0.2144526531919837
