times:
  edit-metadata: 1.4896382335573435
  landing: 0.020452024415135384
  view-data: 0.39371295645833015
