times:
  edit-metadata: 0.6624301499687135
  landing: 0.05280152941122651
  view-data: 0.2868318189866841
