times:
  edit-metadata: 1.2958860378712416
  landing: 0.10249293223023415
  view-data: 0.23884135764092207
