times:
  edit-metadata: 1.4830020181834698
  landing: 0.23088209331035614
  view-data: 0.12574481405317783
