times:
  edit-metadata: 1.6736904438585043
  landing: 0.20269358158111572
  view-data: 0.34114845655858517
