times:
  edit-metadata: 1.7353787031024694
  landing: 0.17100298032164574
  view-data: 0.41178274899721146
