times:
  edit-metadata: 1.540042631328106
  landing: 0.12908735498785973
  view-data: 0.31681109592318535
