times:
  edit-metadata: 1.4451572801917791
  landing: 0.10116252116858959
  view-data: 0.03040849044919014
