times:
  edit-metadata: 1.4323173575103283
  landing: 0.1273129303008318
  view-data: 0.02294391766190529
