times:
  edit-metadata: 0.7531471936963499
  landing: 0.06832548603415489
  view-data: 0.22086420096457005
