times:
  edit-metadata: 1.4830014798790216
  landing: 0.2993837632238865
  view-data: 0.14934800192713737
