times:
  edit-metadata: 1.6109367590397596
  landing: 0.022970540449023247
  view-data: 0.14335110783576965
