times:
  edit-metadata: 2.0076452121138573
  landing: 0.30194265209138393
  view-data: 0.655565157532692
