times:
  edit-metadata: 1.4870349448174238
  landing: 0.019355980679392815
  view-data: 0.02606009691953659
