times:
  edit-metadata: 1.3915992565453053
  landing: 0.14229844138026237
  view-data: 0.025516396388411522
