times:
  edit-metadata: 1.3800317868590355
  landing: 0.01943548023700714
  view-data: 0.02433731034398079
