times:
  edit-metadata: 1.4428150784224272
  landing: 0.35428157821297646
  view-data: 0.023657038807868958
