times:
  edit-metadata: 1.4274628795683384
  landing: 0.021454790607094765
  view-data: 0.3627851717174053
