times:
  edit-metadata: 1.4006624817848206
  landing: 0.1573057845234871
  view-data: 0.026827441528439522
