times:
  edit-metadata: 1.4182208888232708
  landing: 0.13601201586425304
  view-data: 0.10296793468296528
