times:
  edit-metadata: 1.5067755747586489
  landing: 0.20704679563641548
  view-data: 0.33035479858517647
