times:
  edit-metadata: 1.4551309058442712
  landing: 0.1503940662369132
  view-data: 0.14045040123164654
