times:
  edit-metadata: 1.6506745275110006
  landing: 0.13609698228538036
  view-data: 0.30613273940980434
