times:
  edit-metadata: 1.4363842997699976
  landing: 0.26667341589927673
  view-data: 0.02532884292304516
