times:
  edit-metadata: 1.370905302464962
  landing: 0.02362307906150818
  view-data: 0.09993449971079826
