times:
  edit-metadata: 0.7118613021448255
  landing: 0.04575384687632322
  view-data: 0.21373800188302994
