times:
  edit-metadata: 1.3810012973845005
  landing: 0.01983008161187172
  view-data: 0.026445696130394936
