times:
  edit-metadata: 1.5887348167598248
  landing: 0.05532262288033962
  view-data: 0.027729809284210205
