times:
  edit-metadata: 1.414315002039075
  landing: 0.0498212818056345
  view-data: 0.15932157821953297
