times:
  edit-metadata: 1.4249554425477982
  landing: 0.16682369820773602
  view-data: 0.02349633350968361
