times:
  edit-metadata: 0.5424643708392978
  landing: 0.0570628372952342
  view-data: 0.21142098680138588
