times:
  edit-metadata: 1.5080455262213945
  landing: 0.04751763306558132
  view-data: 0.026304244995117188
