times:
  edit-metadata: 1.4891086928546429
  landing: 0.3993959818035364
  view-data: 0.3723833058029413
