times:
  edit-metadata: 0.5534718479029834
  landing: 0.05792857613414526
  view-data: 0.21309297904372215
