times:
  edit-metadata: 1.5409902147948742
  landing: 0.021570051088929176
  view-data: 0.3654713500291109
