times:
  edit-metadata: 1.615131564438343
  landing: 0.296778479591012
  view-data: 0.3609917014837265
