times:
  edit-metadata: 1.3848770260810852
  landing: 0.019531993195414543
  view-data: 0.02299349009990692
