times:
  edit-metadata: 1.5322114508599043
  landing: 0.022796152159571648
  view-data: 0.13412171602249146
