times:
  edit-metadata: 1.500503784045577
  landing: 0.16974463127553463
  view-data: 0.027233555912971497
