times:
  edit-metadata: 1.347737668082118
  landing: 0.022885659709572792
  view-data: 0.033359114080667496
