times:
  edit-metadata: 1.3747697975486517
  landing: 0.020329657942056656
  view-data: 0.027589689940214157
