times:
  edit-metadata: 1.4001155402511358
  landing: 0.019873052835464478
  view-data: 0.02446530945599079
