times:
  edit-metadata: 1.404441125690937
  landing: 0.13410992920398712
  view-data: 0.14585126377642155
