times:
  edit-metadata: 1.4176218919456005
  landing: 0.02079291269183159
  view-data: 0.02532752975821495
