times:
  edit-metadata: 1.4137972369790077
  landing: 0.025459397584199905
  view-data: 0.02653621695935726
