times:
  edit-metadata: 1.4668457489460707
  landing: 0.1341571006923914
  view-data: 0.13044016063213348
