times:
  edit-metadata: 1.4921928234398365
  landing: 0.02206415683031082
  view-data: 0.025905326008796692
