times:
  edit-metadata: 1.4361600819975138
  landing: 0.021723400801420212
  view-data: 0.4874279834330082
