times:
  edit-metadata: 1.3653817512094975
  landing: 0.13409113325178623
  view-data: 0.2594580724835396
