times:
  edit-metadata: 1.3417702708393335
  landing: 0.120785066857934
  view-data: 0.32432423904538155
