times:
  edit-metadata: 0.6558866389095783
  landing: 0.05152341118082404
  view-data: 0.21229256689548492
