times:
  edit-metadata: 1.4131909012794495
  landing: 0.018618768081068993
  view-data: 0.0265950970351696
