times:
  edit-metadata: 1.4106853306293488
  landing: 0.02051878720521927
  view-data: 0.023161286488175392
