times:
  edit-metadata: 1.4424356631934643
  landing: 0.018947875127196312
  view-data: 0.02489606849849224
