times:
  edit-metadata: 0.6815975978970528
  landing: 0.055957294069230556
  view-data: 0.26877937093377113
