times:
  edit-metadata: 1.5878947246819735
  landing: 0.19400987215340137
  view-data: 0.14710883051156998
