times:
  edit-metadata: 1.4493922721594572
  landing: 0.22057706117630005
  view-data: 0.02313997410237789
