times:
  edit-metadata: 1.4022539053112268
  landing: 0.0206065084785223
  view-data: 0.4128367844969034
