times:
  edit-metadata: 1.472454484552145
  landing: 0.25016312301158905
  view-data: 0.03150845132768154
