times:
  edit-metadata: 1.46264579705894
  landing: 0.1436582561582327
  view-data: 0.12817448563873768
