times:
  edit-metadata: 1.3514340948313475
  landing: 0.01939317397773266
  view-data: 0.121840700507164
