times:
  edit-metadata: 0.6682452601380646
  landing: 0.07815804844722152
  view-data: 0.19816406583413482
