times:
  edit-metadata: 1.5915707163512707
  landing: 0.27319464460015297
  view-data: 0.42255130410194397
