times:
  edit-metadata: 1.487984288483858
  landing: 0.026220127940177917
  view-data: 0.14416849799454212
