times:
  edit-metadata: 1.5540539789944887
  landing: 0.22479772567749023
  view-data: 0.15989292412996292
