times:
  edit-metadata: 1.381779320538044
  landing: 0.02310570515692234
  view-data: 0.022966399788856506
