times:
  edit-metadata: 1.6452226471155882
  landing: 0.2605358399450779
  view-data: 0.20428060367703438
