times:
  edit-metadata: 1.6889673508703709
  landing: 0.022197004407644272
  view-data: 0.1488188374787569
