times:
  edit-metadata: 1.4763335939496756
  landing: 0.2258817683905363
  view-data: 0.027929984033107758
