times:
  edit-metadata: 1.8324339874088764
  landing: 0.3793716002255678
  view-data: 0.18597028963267803
