times:
  edit-metadata: 1.8248800542205572
  landing: 0.1793101653456688
  view-data: 0.4531650301069021
