times:
  edit-metadata: 1.4246591459959745
  landing: 0.031954145058989525
  view-data: 0.33384283632040024
