times:
  edit-metadata: 0.6727431947365403
  landing: 0.059851334895938635
  view-data: 0.19775796309113503
