times:
  edit-metadata: 1.3527762349694967
  landing: 0.022729404270648956
  view-data: 0.042391108348965645
