times:
  edit-metadata: 1.4908352550119162
  landing: 0.12810645997524261
  view-data: 0.42688881419599056
