times:
  edit-metadata: 0.6345775863155723
  landing: 0.1102188341319561
  view-data: 0.21142937568947673
