times:
  edit-metadata: 1.4645514842122793
  landing: 0.12993591092526913
  view-data: 0.258187685161829
