times:
  edit-metadata: 1.3526300750672817
  landing: 0.0209040567278862
  view-data: 0.025839410722255707
