times:
  edit-metadata: 0.5396697637625039
  landing: 0.07407708186656237
  view-data: 0.22479782020673156
