times:
  edit-metadata: 1.7826760038733482
  landing: 0.38034122809767723
  view-data: 0.6070982217788696
