times:
  edit-metadata: 1.3768328092992306
  landing: 0.21645843144506216
  view-data: 0.47259535174816847
