times:
  edit-metadata: 1.375609740614891
  landing: 0.0203081201761961
  view-data: 0.024194957688450813
