times:
  edit-metadata: 1.4573390278965235
  landing: 0.13876124657690525
  view-data: 0.022263038903474808
