times:
  edit-metadata: 1.9444495495408773
  landing: 0.02570674754679203
  view-data: 0.3762824600562453
