times:
  edit-metadata: 0.6952074728906155
  landing: 0.09666895819827914
  view-data: 0.22371975239366293
