times:
  edit-metadata: 1.3235062919557095
  landing: 0.02075263485312462
  view-data: 0.5460284892469645
