times:
  edit-metadata: 1.6506343130022287
  landing: 0.022532477974891663
  view-data: 0.024524133652448654
