times:
  edit-metadata: 1.4547871816903353
  landing: 0.22469347342848778
  view-data: 0.026297705247998238
