times:
  edit-metadata: 1.6327777467668056
  landing: 0.19191101007163525
  view-data: 0.37806340493261814
