times:
  edit-metadata: 1.4298163708299398
  landing: 0.019490420818328857
  view-data: 0.43652546405792236
