times:
  edit-metadata: 1.3758186269551516
  landing: 0.01929321140050888
  view-data: 0.38691277988255024
