times:
  edit-metadata: 1.375923328101635
  landing: 0.019702397286891937
  view-data: 0.02781626395881176
