times:
  edit-metadata: 1.4917135275900364
  landing: 0.2793751619756222
  view-data: 0.4386484157294035
