times:
  edit-metadata: 2.5631026409973856
  landing: 0.6018595089844894
  view-data: 0.5774755199963693
