times:
  edit-metadata: 0.6050157188437879
  landing: 0.05124071100726724
  view-data: 0.20921262307092547
