times:
  edit-metadata: 1.4264417458325624
  landing: 0.02190525084733963
  view-data: 0.14941220358014107
