times:
  edit-metadata: 1.4327314719557762
  landing: 0.19394011795520782
  view-data: 0.022988762706518173
