times:
  edit-metadata: 1.6795612294226885
  landing: 0.18754529021680355
  view-data: 0.4948814604431391
