times:
  edit-metadata: 0.6578071569092572
  landing: 0.06657991092652082
  view-data: 0.2645459189079702
