times:
  edit-metadata: 1.59317940287292
  landing: 0.018995745107531548
  view-data: 0.03204440139234066
