times:
  edit-metadata: 0.5497027528472245
  landing: 0.050974172074347734
  view-data: 0.22017334820702672
