times:
  edit-metadata: 1.617070734500885
  landing: 0.2886889688670635
  view-data: 0.4081092160195112
