times:
  edit-metadata: 1.3950767405331135
  landing: 0.16686920821666718
  view-data: 0.027709459885954857
