times:
  edit-metadata: 1.4972857106477022
  landing: 0.021109996363520622
  view-data: 0.4648093208670616
