times:
  edit-metadata: 1.3509980980306864
  landing: 0.11667722277343273
  view-data: 0.02496756613254547
