times:
  edit-metadata: 1.4746789801865816
  landing: 0.02011214569211006
  view-data: 0.023133834823966026
