times:
  edit-metadata: 0.5576065448112786
  landing: 0.04809441324323416
  view-data: 0.21082834713160992
