times:
  edit-metadata: 1.3709539398550987
  landing: 0.1411549411714077
  view-data: 0.026320701465010643
