times:
  edit-metadata: 1.3815339636057615
  landing: 0.1301569677889347
  view-data: 0.1363743282854557
