times:
  edit-metadata: 0.5255534341558814
  landing: 0.06471663201227784
  view-data: 0.21916476683691144
