times:
  edit-metadata: 1.5206055920571089
  landing: 0.2172077801078558
  view-data: 0.375408835709095
