times:
  edit-metadata: 1.8840334936976433
  landing: 0.32612902484834194
  view-data: 0.3444971852004528
