times:
  edit-metadata: 1.5109723918139935
  landing: 0.23852856643497944
  view-data: 0.4084287527948618
