times:
  edit-metadata: 1.3815579451620579
  landing: 0.019795536994934082
  view-data: 0.023386290296912193
