times:
  edit-metadata: 1.7039971761405468
  landing: 0.14963611587882042
  view-data: 0.4264404196292162
