times:
  edit-metadata: 1.4640165604650974
  landing: 0.20261758007109165
  view-data: 0.41455194912850857
