times:
  edit-metadata: 1.4509788136929274
  landing: 0.1275333482772112
  view-data: 0.4295085044577718
