times:
  edit-metadata: 1.5551498085260391
  landing: 0.19464689679443836
  view-data: 0.023952570743858814
