times:
  edit-metadata: 1.463205935433507
  landing: 0.023506460711359978
  view-data: 0.15196448005735874
