times:
  edit-metadata: 1.551647948101163
  landing: 0.23529622331261635
  view-data: 0.04758750647306442
