times:
  edit-metadata: 0.5251992717385292
  landing: 0.06895615393295884
  view-data: 0.22754369815811515
