times:
  edit-metadata: 1.972298240289092
  landing: 0.24819402396678925
  view-data: 0.4069348480552435
