times:
  edit-metadata: 1.4220755267888308
  landing: 0.02251434698700905
  view-data: 0.027101559564471245
