times:
  edit-metadata: 1.4822311773896217
  landing: 0.0195640679448843
  view-data: 0.30895365588366985
