times:
  edit-metadata: 1.377529751509428
  landing: 0.13029216788709164
  view-data: 0.02274545654654503
