times:
  edit-metadata: 1.4007573770359159
  landing: 0.14182908926159143
  view-data: 0.12930077500641346
