times:
  edit-metadata: 1.4354791063815355
  landing: 0.019637033343315125
  view-data: 0.3214087691158056
