times:
  edit-metadata: 1.4527259450405836
  landing: 0.022021755576133728
  view-data: 0.15144790336489677
