times:
  edit-metadata: 1.7001899145543575
  landing: 0.2622827421873808
  view-data: 0.36350561305880547
