times:
  edit-metadata: 1.4634638894349337
  landing: 0.15228815376758575
  view-data: 0.023478571325540543
