times:
  edit-metadata: 1.4785510674118996
  landing: 0.019268566742539406
  view-data: 0.02534916251897812
