times:
  edit-metadata: 1.4796415120363235
  landing: 0.023447148501873016
  view-data: 0.3048463203012943
