times:
  edit-metadata: 1.363255551084876
  landing: 0.16148016788065434
  view-data: 0.027062291279435158
