times:
  edit-metadata: 1.6861864030361176
  landing: 0.23196893744170666
  view-data: 0.36753364838659763
