times:
  edit-metadata: 1.7918331399559975
  landing: 0.02441038005053997
  view-data: 0.4791006464511156
