times:
  edit-metadata: 1.4541679304093122
  landing: 0.3128036465495825
  view-data: 0.13526403531432152
