times:
  edit-metadata: 1.3714468777179718
  landing: 0.018591785803437233
  view-data: 0.023053469136357307
