times:
  edit-metadata: 1.5146784596145153
  landing: 0.19406786188483238
  view-data: 0.34200923331081867
