times:
  edit-metadata: 1.3567460514605045
  landing: 0.019278790801763535
  view-data: 0.023036569356918335
