times:
  edit-metadata: 0.5389352273195982
  landing: 0.07103785825893283
  view-data: 0.22454713378101587
