times:
  edit-metadata: 1.4046535985544324
  landing: 0.020932896062731743
  view-data: 0.41380710434168577
