times:
  edit-metadata: 1.744128161109984
  landing: 0.14667965564876795
  view-data: 0.023862998001277447
