times:
  edit-metadata: 1.6060992423444986
  landing: 0.20097253657877445
  view-data: 0.42223865538835526
