times:
  edit-metadata: 2.229990139603615
  landing: 0.24917504377663136
  view-data: 0.3866896042600274
