times:
  edit-metadata: 1.3161475211381912
  landing: 0.021623102948069572
  view-data: 0.09870819840580225
