times:
  edit-metadata: 1.6444365922361612
  landing: 0.0200576800853014
  view-data: 0.18934611976146698
