times:
  edit-metadata: 1.4297199426218867
  landing: 0.226798415184021
  view-data: 0.027534885331988335
