times:
  edit-metadata: 0.5642648348584771
  landing: 0.04397515393793583
  view-data: 0.20997351501137018
