times:
  edit-metadata: 0.565296801738441
  landing: 0.12925447896122932
  view-data: 0.23789075296372175
