times:
  edit-metadata: 1.3684752136468887
  landing: 0.13569125160574913
  view-data: 0.3175923638045788
