times:
  edit-metadata: 1.3917855117470026
  landing: 0.09488740377128124
  view-data: 0.11987601965665817
