times:
  edit-metadata: 1.4554092437028885
  landing: 0.022277243435382843
  view-data: 0.1298176907002926
