times:
  edit-metadata: 1.4954433888196945
  landing: 0.41203993931412697
  view-data: 0.3798635397106409
