times:
  edit-metadata: 1.4620458222925663
  landing: 0.2540084347128868
  view-data: 0.2596151530742645
