times:
  edit-metadata: 1.6320061571896076
  landing: 0.37577822618186474
  view-data: 0.3469783589243889
