times:
  edit-metadata: 1.3990424647927284
  landing: 0.019620968028903008
  view-data: 0.023839987814426422
