times:
  edit-metadata: 1.3169747330248356
  landing: 0.018190564587712288
  view-data: 0.024032605811953545
