times:
  edit-metadata: 1.4421584587544203
  landing: 0.15602988936007023
  view-data: 0.37372992001473904
