times:
  edit-metadata: 1.4309163242578506
  landing: 0.019695572555065155
  view-data: 0.024634473025798798
