times:
  edit-metadata: 1.3777578137814999
  landing: 0.020592806860804558
  view-data: 0.024973733350634575
