times:
  edit-metadata: 1.3631849717348814
  landing: 0.021225379779934883
  view-data: 0.02323354408144951
