times:
  edit-metadata: 1.5581104010343552
  landing: 0.3512610197067261
  view-data: 0.33762904815375805
