times:
  edit-metadata: 1.4385663606226444
  landing: 0.12623965367674828
  view-data: 0.023484963923692703
