times:
  edit-metadata: 1.6482561528682709
  landing: 0.14401030540466309
  view-data: 0.14009500667452812
