times:
  edit-metadata: 0.5315923299640417
  landing: 0.06470646290108562
  view-data: 0.2042397572658956
