times:
  edit-metadata: 1.3975666277110577
  landing: 0.0214828010648489
  view-data: 0.026669306680560112
