times:
  edit-metadata: 1.3510821014642715
  landing: 0.019598321989178658
  view-data: 0.23031128011643887
