times:
  edit-metadata: 1.337717811577022
  landing: 0.01924970932304859
  view-data: 0.11978160962462425
