times:
  edit-metadata: 1.3134995894506574
  landing: 0.12186842411756516
  view-data: 0.22172581870108843
