times:
  edit-metadata: 1.456878705881536
  landing: 0.24586050864309072
  view-data: 0.13367930054664612
