times:
  edit-metadata: 1.3887565415352583
  landing: 0.020320145413279533
  view-data: 0.311241558752954
