times:
  edit-metadata: 1.37156268581748
  landing: 0.021244365721940994
  view-data: 0.023561986163258553
