times:
  edit-metadata: 1.4215844608843327
  landing: 0.021158529445528984
  view-data: 0.025120215490460396
