times:
  edit-metadata: 1.5240734964609146
  landing: 0.2486286759376526
  view-data: 0.44785140827298164
