times:
  edit-metadata: 1.4936078917235136
  landing: 0.14362487383186817
  view-data: 0.13404686655849218
