times:
  edit-metadata: 0.5248430171050131
  landing: 0.07004419574514031
  view-data: 0.28412052104249597
