times:
  edit-metadata: 0.5540821170434356
  landing: 0.04190132720395923
  view-data: 0.2044997988268733
