times:
  edit-metadata: 0.6176302810199559
  landing: 0.04209719179198146
  view-data: 0.2778027579188347
