times:
  edit-metadata: 1.434457466006279
  landing: 0.21844337694346905
  view-data: 0.40659520775079727
