times:
  edit-metadata: 0.7346816258504987
  landing: 0.06439995300024748
  view-data: 0.19692013133317232
