times:
  edit-metadata: 1.6115382015705109
  landing: 0.1570288073271513
  view-data: 0.17257768847048283
