times:
  edit-metadata: 1.3768963571637869
  landing: 0.0212879441678524
  view-data: 0.027699604630470276
