times:
  edit-metadata: 1.3740417771041393
  landing: 0.15715305600315332
  view-data: 0.10163464583456516
