times:
  edit-metadata: 1.5914166010916233
  landing: 0.26481206715106964
  view-data: 0.4809211306273937
