times:
  edit-metadata: 1.3518343959003687
  landing: 0.12253190204501152
  view-data: 0.025063857436180115
