times:
  edit-metadata: 1.798468249849975
  landing: 0.04674001969397068
  view-data: 0.02266350481659174
