times:
  edit-metadata: 1.3529265746474266
  landing: 0.019047211855649948
  view-data: 0.023729093372821808
