times:
  edit-metadata: 1.3304052613675594
  landing: 0.020908862352371216
  view-data: 0.025593766942620277
