times:
  edit-metadata: 1.4605957875028253
  landing: 0.12668598908931017
  view-data: 0.41648396383970976
