times:
  edit-metadata: 2.2870920819987077
  landing: 0.36910054698819295
  view-data: 0.5066907629952766
