times:
  edit-metadata: 0.5310533437877893
  landing: 0.06275385478511453
  view-data: 0.208291192073375
