times:
  edit-metadata: 0.5715064611285925
  landing: 0.11171906674280763
  view-data: 0.27295899018645287
