times:
  edit-metadata: 1.3775926176458597
  landing: 0.13571805320680141
  view-data: 0.13937126845121384
