times:
  edit-metadata: 1.4818231258541346
  landing: 0.14903714321553707
  view-data: 0.026121482253074646
