times:
  edit-metadata: 1.4418227281421423
  landing: 0.27065941132605076
  view-data: 0.30892608501017094
