times:
  edit-metadata: 1.5688307955861092
  landing: 0.02131451852619648
  view-data: 0.027224751189351082
