times:
  edit-metadata: 1.5538531672209501
  landing: 0.14430441707372665
  view-data: 0.02339876815676689
