times:
  edit-metadata: 1.3754822872579098
  landing: 0.1096687763929367
  view-data: 0.29291267320513725
