times:
  edit-metadata: 0.6792192202992737
  landing: 0.05618222104385495
  view-data: 0.22630605986341834
