times:
  edit-metadata: 1.5288879806175828
  landing: 0.24161296244710684
  view-data: 0.12068633548915386
