times:
  edit-metadata: 1.5828110184520483
  landing: 0.0238947831094265
  view-data: 0.1569422334432602
