times:
  edit-metadata: 0.6851983428932726
  landing: 0.06434302311390638
  view-data: 0.26960520073771477
