times:
  edit-metadata: 1.3517486993223429
  landing: 0.020818940363824368
  view-data: 0.02605192642658949
