times:
  edit-metadata: 1.3373959474265575
  landing: 0.0220691729336977
  view-data: 0.13416613265872002
