times:
  edit-metadata: 1.4266221299767494
  landing: 0.019828075543045998
  view-data: 0.02373349666595459
