times:
  edit-metadata: 1.4679149631410837
  landing: 0.019147873856127262
  view-data: 0.12535807210952044
