times:
  edit-metadata: 1.3807928450405598
  landing: 0.020994486287236214
  view-data: 0.12184455804526806
