times:
  edit-metadata: 1.4653263110667467
  landing: 0.019104013219475746
  view-data: 0.02543432731181383
