times:
  edit-metadata: 0.7835254361853004
  landing: 0.05095451883971691
  view-data: 0.26780528808012605
