times:
  edit-metadata: 0.8002211791463196
  landing: 0.06492765760049224
  view-data: 0.2813230478204787
