times:
  edit-metadata: 1.5084156468510628
  landing: 0.2022048942744732
  view-data: 0.02713722176849842
