times:
  edit-metadata: 1.3386066984385252
  landing: 0.018960274755954742
  view-data: 0.022726284340023994
