times:
  edit-metadata: 1.4907333366572857
  landing: 0.14669761154800653
  view-data: 0.14713985938578844
