times:
  edit-metadata: 1.5826351772993803
  landing: 0.25123196840286255
  view-data: 0.27290031127631664
