times:
  edit-metadata: 1.6546723414212465
  landing: 0.20810755714774132
  view-data: 0.1487108189612627
