times:
  edit-metadata: 1.6664575804024935
  landing: 0.30532167851924896
  view-data: 0.4219496939331293
