times:
  edit-metadata: 1.3437120579183102
  landing: 0.019267695024609566
  view-data: 0.028511231765151024
