times:
  edit-metadata: 1.3758881706744432
  landing: 0.02022971585392952
  view-data: 0.02373397909104824
