times:
  edit-metadata: 1.4536566268652678
  landing: 0.023138301447033882
  view-data: 0.023306772112846375
