times:
  edit-metadata: 1.565815263427794
  landing: 0.16828452423214912
  view-data: 0.14661316759884357
