times:
  edit-metadata: 1.5832329485565424
  landing: 0.1600572969764471
  view-data: 0.1570860706269741
