times:
  edit-metadata: 1.5088111143559217
  landing: 0.027242125943303108
  view-data: 0.02304806560277939
