times:
  edit-metadata: 1.4919367749243975
  landing: 0.1505574956536293
  view-data: 0.04723873548209667
