times:
  edit-metadata: 1.4154857322573662
  landing: 0.02045251987874508
  view-data: 0.02347429282963276
