times:
  edit-metadata: 1.4333929885178804
  landing: 0.022172890603542328
  view-data: 0.028211280703544617
