times:
  edit-metadata: 1.9502830691635609
  landing: 0.265561206266284
  view-data: 0.4133012145757675
