times:
  edit-metadata: 1.6820794325321913
  landing: 0.4587251506745815
  view-data: 0.2994700353592634
