times:
  edit-metadata: 1.4035775754600763
  landing: 0.21799425035715103
  view-data: 0.27514407224953175
