times:
  edit-metadata: 1.322959439828992
  landing: 0.02104986272752285
  view-data: 0.02865412086248398
