times:
  edit-metadata: 0.7007835530675948
  landing: 0.10014941170811653
  view-data: 0.22119713388383389
