times:
  edit-metadata: 1.3342152312397957
  landing: 0.019867955707013607
  view-data: 0.048533919267356396
