times:
  edit-metadata: 1.8953032661229372
  landing: 0.3797838166356087
  view-data: 0.4771008584648371
