times:
  edit-metadata: 1.5207010991871357
  landing: 0.34506960213184357
  view-data: 0.41580683924257755
