times:
  edit-metadata: 1.4093983564525843
  landing: 0.020575683563947678
  view-data: 0.35442785173654556
