times:
  edit-metadata: 1.7683759797364473
  landing: 0.020790189504623413
  view-data: 0.024958841502666473
