times:
  edit-metadata: 0.788365398067981
  landing: 0.05175284901633859
  view-data: 0.2803997490555048
