times:
  edit-metadata: 0.6363245323300362
  landing: 0.07010381482541561
  view-data: 0.2051491471938789
