times:
  edit-metadata: 1.925820454955101
  landing: 0.1328451056033373
  view-data: 0.35112401843070984
