times:
  edit-metadata: 0.7104570688679814
  landing: 0.057542344089597464
  view-data: 0.21376289939507842
