times:
  edit-metadata: 1.426286960951984
  landing: 0.21563354972749949
  view-data: 0.1385763417929411
