times:
  edit-metadata: 1.7983838804066181
  landing: 0.25256715901196003
  view-data: 0.3952072560787201
