times:
  edit-metadata: 1.52836275100708
  landing: 0.28287271223962307
  view-data: 0.18412626907229424
