times:
  edit-metadata: 1.4780848305672407
  landing: 0.21164660900831223
  view-data: 0.02543654479086399
