times:
  edit-metadata: 0.5640657930634916
  landing: 0.04538025939837098
  view-data: 0.20531588373705745
