times:
  edit-metadata: 0.584711326751858
  landing: 0.04737999103963375
  view-data: 0.26714193308725953
