times:
  edit-metadata: 1.4079816080629826
  landing: 0.022030845284461975
  view-data: 0.12198840826749802
