times:
  edit-metadata: 1.4217936471104622
  landing: 0.02327335998415947
  view-data: 0.14137065038084984
