times:
  edit-metadata: 1.587299546226859
  landing: 0.2516358494758606
  view-data: 0.2879439555108547
