times:
  edit-metadata: 1.9258009474724531
  landing: 0.17525513656437397
  view-data: 0.6127100698649883
