times:
  edit-metadata: 1.347993554547429
  landing: 0.02100202441215515
  view-data: 0.11776054371148348
