times:
  edit-metadata: 1.3453911561518908
  landing: 0.018791088834404945
  view-data: 0.024136848747730255
