times:
  edit-metadata: 1.5214568227529526
  landing: 0.0197124145925045
  view-data: 0.3107471074908972
