times:
  edit-metadata: 1.3981581535190344
  landing: 0.01996173895895481
  view-data: 0.1297259610146284
