times:
  edit-metadata: 1.423831021413207
  landing: 0.12207803316414356
  view-data: 0.03049924410879612
