times:
  edit-metadata: 1.3509899880737066
  landing: 0.022581424564123154
  view-data: 0.026386698707938194
