times:
  edit-metadata: 1.3525230959057808
  landing: 0.02066897787153721
  view-data: 0.02412685565650463
