times:
  edit-metadata: 1.3676428198814392
  landing: 0.02305438369512558
  view-data: 0.2479097954928875
