times:
  edit-metadata: 0.7415800681337714
  landing: 0.07578337611630559
  view-data: 0.22677133698016405
