times:
  edit-metadata: 1.4987776102498174
  landing: 0.019475974142551422
  view-data: 0.32179388403892517
