times:
  edit-metadata: 0.714110529050231
  landing: 0.10656817117705941
  view-data: 0.26144504733383656
