times:
  edit-metadata: 0.5753771401941776
  landing: 0.09910920215770602
  view-data: 0.31090603210031986
