times:
  edit-metadata: 1.4798566717654467
  landing: 0.02245163917541504
  view-data: 0.1693517230451107
