times:
  edit-metadata: 1.4078603405505419
  landing: 0.019014451652765274
  view-data: 0.022765815258026123
