times:
  edit-metadata: 1.5149894189089537
  landing: 0.02244591899216175
  view-data: 0.31481270492076874
