times:
  edit-metadata: 1.3679283075034618
  landing: 0.021019211038947105
  view-data: 0.2838771566748619
