times:
  edit-metadata: 1.3608114682137966
  landing: 0.02385377325117588
  view-data: 0.02676488645374775
