times:
  edit-metadata: 1.3089333940297365
  landing: 0.021987255662679672
  view-data: 0.10074970312416553
