times:
  edit-metadata: 1.3794855326414108
  landing: 0.018344992771744728
  view-data: 0.027706177905201912
