times:
  edit-metadata: 1.3673408590257168
  landing: 0.1830733958631754
  view-data: 0.02519095502793789
