times:
  edit-metadata: 0.44607490999624133
  landing: 0.053705522790551186
  view-data: 0.21052047004923224
