times:
  edit-metadata: 0.42323925718665123
  landing: 0.0440028915181756
  view-data: 0.3372481241822243
