times:
  edit-metadata: 0.41951817041262984
  landing: 0.05199755495414138
  view-data: 0.5972451991401613
