times:
  edit-metadata: 0.43561850721016526
  landing: 0.051698999013751745
  view-data: 0.35139730013906956
