times:
  edit-metadata: 0.44357040245085955
  landing: 0.050876705907285213
  view-data: 0.20001773536205292
