times:
  edit-metadata: 0.4324181182309985
  landing: 0.05414724349975586
  view-data: 0.20664473995566368
