times:
  edit-metadata: 0.44394580787047744
  landing: 0.047176020219922066
  view-data: 0.21750134276226163
