times:
  edit-metadata: 0.4231946049258113
  landing: 0.049125040881335735
  view-data: 0.4415080239996314
