times:
  edit-metadata: 0.45119964238256216
  landing: 0.052650860510766506
  view-data: 0.19881621282547712
