times:
  edit-metadata: 0.45344773307442665
  landing: 0.04280756786465645
  view-data: 0.34331694431602955
