times:
  edit-metadata: 1.5429044645279646
  landing: 0.24539612047374249
  view-data: 0.31305511482059956
