times:
  edit-metadata: 1.3219943419098854
  landing: 0.020020226016640663
  view-data: 0.027545930817723274
