times:
  edit-metadata: 0.4810400237329304
  landing: 0.10313449101522565
  view-data: 0.26057374803349376
