times:
  edit-metadata: 1.3466221541166306
  landing: 0.12929417937994003
  view-data: 0.13484318368136883
