times:
  edit-metadata: 0.7922939620912075
  landing: 0.04594863997772336
  view-data: 0.20542602008208632
