times:
  edit-metadata: 1.4938780665397644
  landing: 0.20430034771561623
  view-data: 0.2926981206983328
