times:
  edit-metadata: 1.2967412862926722
  landing: 0.13393989205360413
  view-data: 0.027202408760786057
