times:
  edit-metadata: 1.3537481669336557
  landing: 0.022782636806368828
  view-data: 0.028791362419724464
