times:
  edit-metadata: 1.397132720798254
  landing: 0.2057790346443653
  view-data: 0.17507318779826164
