times:
  edit-metadata: 1.330143766477704
  landing: 0.11919124983251095
  view-data: 0.022844409570097923
