times:
  edit-metadata: 1.338772526010871
  landing: 0.1362173706293106
  view-data: 0.027722211554646492
