times:
  edit-metadata: 1.2979562496766448
  landing: 0.019037527963519096
  view-data: 0.11854461301118135
