times:
  edit-metadata: 1.4042750047519803
  landing: 0.23082657996565104
  view-data: 0.02500944212079048
