times:
  edit-metadata: 1.8113076873123646
  landing: 0.021702385507524014
  view-data: 0.46370157320052385
