times:
  edit-metadata: 1.9244897402822971
  landing: 0.14841818436980247
  view-data: 0.36521916650235653
