times:
  edit-metadata: 1.3379300963133574
  landing: 0.018843233585357666
  view-data: 0.10192904062569141
