times:
  edit-metadata: 0.7098704450763762
  landing: 0.05629687709733844
  view-data: 0.21038317400962114
