times:
  edit-metadata: 1.5120111349970102
  landing: 0.02147817797958851
  view-data: 0.3645582627505064
