times:
  edit-metadata: 1.368659807369113
  landing: 0.024110350757837296
  view-data: 0.026795173063874245
