times:
  edit-metadata: 1.9019026141613722
  landing: 0.35501131415367126
  view-data: 0.4257015101611614
