times:
  edit-metadata: 1.3391227908432484
  landing: 0.1512646470218897
  view-data: 0.023173166438937187
