times:
  edit-metadata: 1.5037446562200785
  landing: 0.09394908510148525
  view-data: 0.02741861715912819
