times:
  edit-metadata: 1.440524259582162
  landing: 0.262899786233902
  view-data: 0.33049638383090496
