times:
  edit-metadata: 1.4446046836674213
  landing: 0.1106324503198266
  view-data: 0.02444627322256565
