times:
  edit-metadata: 1.6395839788019657
  landing: 0.1711713708937168
  view-data: 0.348342701792717
