times:
  edit-metadata: 1.649824034422636
  landing: 0.02070700004696846
  view-data: 0.1544936317950487
