times:
  edit-metadata: 0.6309318942949176
  landing: 0.046320742927491665
  view-data: 0.2746741729788482
