times:
  edit-metadata: 1.7237519174814224
  landing: 0.16524864919483662
  view-data: 0.14700183644890785
