times:
  edit-metadata: 1.4719304405152798
  landing: 0.2709117792546749
  view-data: 0.33515772968530655
