times:
  edit-metadata: 0.49380190297961235
  landing: 0.04141176166012883
  view-data: 0.2062912927940488
