times:
  edit-metadata: 1.754921032115817
  landing: 0.2117499429732561
  view-data: 0.15017613396048546
