times:
  edit-metadata: 0.5627115489915013
  landing: 0.04498734092339873
  view-data: 0.28683135006576777
