times:
  edit-metadata: 1.3709351159632206
  landing: 0.020049016922712326
  view-data: 0.14021147415041924
