times:
  edit-metadata: 0.6920810854062438
  landing: 0.043230876326560974
  view-data: 0.22897745901718736
