times:
  edit-metadata: 1.65384441614151
  landing: 0.02011408843100071
  view-data: 0.18604647554457188
