times:
  edit-metadata: 1.366453180089593
  landing: 0.020324235782027245
  view-data: 0.0232307817786932
