times:
  edit-metadata: 0.4886722359806299
  landing: 0.08226739289239049
  view-data: 0.2002464891411364
