times:
  edit-metadata: 1.3344794381409883
  landing: 0.019012918695807457
  view-data: 0.02245248667895794
