times:
  edit-metadata: 1.374174702912569
  landing: 0.022191064432263374
  view-data: 0.03130575828254223
