times:
  edit-metadata: 1.3929943218827248
  landing: 0.19473860785365105
  view-data: 0.19711416400969028
