times:
  edit-metadata: 1.5118714198470116
  landing: 0.024146532639861107
  view-data: 0.1518500205129385
