times:
  edit-metadata: 1.4313305243849754
  landing: 0.023743754252791405
  view-data: 0.13392546400427818
