times:
  edit-metadata: 1.4501067772507668
  landing: 0.14376703836023808
  view-data: 0.09787899628281593
