times:
  edit-metadata: 0.5840802011080086
  landing: 0.07736894208937883
  view-data: 0.2035582149401307
