times:
  edit-metadata: 1.3739286754280329
  landing: 0.11591718345880508
  view-data: 0.10760356485843658
