times:
  edit-metadata: 1.388809695839882
  landing: 0.22932316176593304
  view-data: 0.023635009303689003
