times:
  edit-metadata: 1.4194006016477942
  landing: 0.19390546157956123
  view-data: 0.1373198041692376
