times:
  edit-metadata: 1.4006319865584373
  landing: 0.022563477978110313
  view-data: 0.1276803333312273
