times:
  edit-metadata: 0.7703049541451037
  landing: 0.08726469613611698
  view-data: 0.29674670193344355
