times:
  edit-metadata: 1.4092154670506716
  landing: 0.019722964614629745
  view-data: 0.022749191150069237
