times:
  edit-metadata: 1.4296202436089516
  landing: 0.020590923726558685
  view-data: 0.24973184615373611
