times:
  edit-metadata: 0.5018594656139612
  landing: 0.04349485179409385
  view-data: 0.30813946621492505
