times:
  edit-metadata: 0.5049775512889028
  landing: 0.039986222982406616
  view-data: 0.19908255711197853
