times:
  edit-metadata: 1.524046178907156
  landing: 0.20077851973474026
  view-data: 0.024628134444355965
