times:
  edit-metadata: 0.6586169307120144
  landing: 0.04932228988036513
  view-data: 0.2560991980135441
