times:
  edit-metadata: 1.345011094585061
  landing: 0.021394507959485054
  view-data: 0.023797543719410896
