times:
  edit-metadata: 1.3447020091116428
  landing: 0.020255548879504204
  view-data: 0.26269570365548134
