times:
  edit-metadata: 1.4006619714200497
  landing: 0.021088704466819763
  view-data: 0.027327215299010277
