times:
  edit-metadata: 1.5858951080590487
  landing: 0.1311255246400833
  view-data: 0.4424896128475666
