times:
  edit-metadata: 1.3795033879578114
  landing: 0.01830780692398548
  view-data: 0.02345125749707222
