times:
  edit-metadata: 1.5669220127165318
  landing: 0.16031505540013313
  view-data: 0.36558735370635986
