times:
  edit-metadata: 1.5414293073117733
  landing: 0.021576981991529465
  view-data: 0.025587935000658035
