times:
  edit-metadata: 1.387962343171239
  landing: 0.27796574123203754
  view-data: 0.3404142614454031
