times:
  edit-metadata: 1.3667091373354197
  landing: 0.020707489922642708
  view-data: 0.053029995411634445
