times:
  edit-metadata: 1.3702465016394854
  landing: 0.021566657349467278
  view-data: 0.3317434433847666
