times:
  edit-metadata: 1.4748045392334461
  landing: 0.031981706619262695
  view-data: 0.44388774782419205
