times:
  edit-metadata: 1.787986284121871
  landing: 0.2099568024277687
  view-data: 0.4006122685968876
