times:
  edit-metadata: 0.7161385263316333
  landing: 0.050164664164185524
  view-data: 0.2512346915900707
