times:
  edit-metadata: 1.4025155156850815
  landing: 0.09841808304190636
  view-data: 0.2821607105433941
