times:
  edit-metadata: 1.5952218752354383
  landing: 0.14073252119123936
  view-data: 0.14054441452026367
