times:
  edit-metadata: 1.3820303063839674
  landing: 0.018683461472392082
  view-data: 0.20883016847074032
