times:
  edit-metadata: 2.18232405744493
  landing: 0.23183850571513176
  view-data: 0.4309986084699631
