times:
  edit-metadata: 1.4217883292585611
  landing: 0.20667415112257004
  view-data: 0.056393904611468315
