times:
  edit-metadata: 1.3743395321071148
  landing: 0.022348355501890182
  view-data: 0.1262420080602169
