times:
  edit-metadata: 1.4224343728274107
  landing: 0.018720142543315887
  view-data: 0.025488130748271942
