times:
  edit-metadata: 1.3376085255295038
  landing: 0.02080480568110943
  view-data: 0.02255147695541382
