times:
  edit-metadata: 1.321607825346291
  landing: 0.021192586980760098
  view-data: 0.43102781008929014
