times:
  edit-metadata: 1.4343912452459335
  landing: 0.0213441364467144
  view-data: 0.30097714997828007
