times:
  edit-metadata: 1.5599146168679
  landing: 0.242792759090662
  view-data: 0.3160017803311348
