times:
  edit-metadata: 1.372951315715909
  landing: 0.021164193749427795
  view-data: 0.024135401472449303
