times:
  edit-metadata: 1.44367815554142
  landing: 0.02185726910829544
  view-data: 0.31720419973134995
