times:
  edit-metadata: 1.3459817375987768
  landing: 0.01890319027006626
  view-data: 0.2506339196115732
