times:
  edit-metadata: 2.453598880994832
  landing: 0.4401091070030816
  view-data: 0.41925287200137973
