times:
  edit-metadata: 1.5905204508453608
  landing: 0.02615509368479252
  view-data: 0.025844989344477654
