times:
  edit-metadata: 1.381258625537157
  landing: 0.022913189604878426
  view-data: 0.02357141301035881
