times:
  edit-metadata: 1.4665712397545576
  landing: 0.256351126357913
  view-data: 0.10321705043315887
