times:
  edit-metadata: 1.3965414110571146
  landing: 0.02186899445950985
  view-data: 0.14493140019476414
