times:
  edit-metadata: 1.3201081734150648
  landing: 0.019652821123600006
  view-data: 0.025695128366351128
