times:
  edit-metadata: 1.3810367230325937
  landing: 0.024886472150683403
  view-data: 0.12285865098237991
