times:
  edit-metadata: 1.3197598364204168
  landing: 0.019708896055817604
  view-data: 0.31303026154637337
