times:
  edit-metadata: 1.3657637955620885
  landing: 0.021236753091216087
  view-data: 0.025780944153666496
