times:
  edit-metadata: 1.95822748914361
  landing: 0.028532782569527626
  view-data: 0.031630683690309525
