times:
  edit-metadata: 1.3215641230344772
  landing: 0.022306407801806927
  view-data: 0.024880104698240757
