times:
  edit-metadata: 0.6838950170204043
  landing: 0.03757097804918885
  view-data: 0.31246898882091045
