times:
  edit-metadata: 0.5110463271848857
  landing: 0.048034296836704016
  view-data: 0.1992511721327901
