times:
  edit-metadata: 1.4456041110679507
  landing: 0.1958931591361761
  view-data: 0.023033653385937214
