times:
  edit-metadata: 1.3180419700220227
  landing: 0.02276812121272087
  view-data: 0.1190641950815916
