times:
  edit-metadata: 1.8602441977709532
  landing: 0.021649383008480072
  view-data: 0.40139180421829224
