times:
  edit-metadata: 1.7295102402567863
  landing: 0.15080874040722847
  view-data: 0.13008814491331577
