times:
  edit-metadata: 1.4345295168459415
  landing: 0.26734271086752415
  view-data: 0.024158901534974575
