times:
  edit-metadata: 1.3599922666326165
  landing: 0.019501683302223682
  view-data: 0.02746723685413599
