times:
  edit-metadata: 1.7645079493522644
  landing: 0.022708000615239143
  view-data: 0.38040601648390293
