times:
  edit-metadata: 1.432123463600874
  landing: 0.0220368430018425
  view-data: 0.024035044014453888
