times:
  edit-metadata: 1.4395441599190235
  landing: 0.15379425883293152
  view-data: 0.3256802000105381
