times:
  edit-metadata: 1.556972909718752
  landing: 0.21417209692299366
  view-data: 0.14659282751381397
