times:
  edit-metadata: 1.3764954544603825
  landing: 0.019196029752492905
  view-data: 0.02365127205848694
