times:
  edit-metadata: 0.49576659174636006
  landing: 0.04521294916048646
  view-data: 0.22069877991452813
