times:
  edit-metadata: 1.4017890598624945
  landing: 0.019931336864829063
  view-data: 0.02367318421602249
