times:
  edit-metadata: 1.339737618342042
  landing: 0.14177401550114155
  view-data: 0.3031809311360121
