times:
  edit-metadata: 1.4185323975980282
  landing: 0.02173767238855362
  view-data: 0.3162253201007843
