times:
  edit-metadata: 0.5091167991049588
  landing: 0.04965695505961776
  view-data: 0.210492093116045
