times:
  edit-metadata: 1.2911193128675222
  landing: 0.02037241030484438
  view-data: 0.02510859351605177
