times:
  edit-metadata: 1.667248347774148
  landing: 0.3442489579319954
  view-data: 0.5240458436310291
