times:
  edit-metadata: 1.5193373747169971
  landing: 0.22618751600384712
  view-data: 0.16964105144143105
