times:
  edit-metadata: 1.5083022881299257
  landing: 0.24719521403312683
  view-data: 0.4498544745147228
