times:
  edit-metadata: 1.387323359027505
  landing: 0.019803905859589577
  view-data: 0.022633720189332962
