times:
  edit-metadata: 1.45764415897429
  landing: 0.01961449906229973
  view-data: 0.2257658001035452
