times:
  edit-metadata: 0.5080261523835361
  landing: 0.05182935111224651
  view-data: 0.1994302561506629
