times:
  edit-metadata: 0.8950095670297742
  landing: 0.05149810202419758
  view-data: 0.2057440159842372
