times:
  edit-metadata: 1.4400630537420511
  landing: 0.019264739006757736
  view-data: 0.33520709350705147
