times:
  edit-metadata: 1.4002894684672356
  landing: 0.02018790878355503
  view-data: 0.33416046760976315
