times:
  edit-metadata: 1.3840248472988605
  landing: 0.019827784970402718
  view-data: 0.027259819209575653
