times:
  edit-metadata: 1.4535170048475266
  landing: 0.022774633020162582
  view-data: 0.028177523985505104
