times:
  edit-metadata: 0.6024692198261619
  landing: 0.043397159315645695
  view-data: 0.2097843550145626
