times:
  edit-metadata: 0.7055882620625198
  landing: 0.04599638003855944
  view-data: 0.3147837077267468
