times:
  edit-metadata: 1.4497677274048328
  landing: 0.21661579236388206
  view-data: 0.18777822330594063
