times:
  edit-metadata: 1.3588915169239044
  landing: 0.020360639318823814
  view-data: 0.02617182396352291
