times:
  edit-metadata: 1.3849300891160965
  landing: 0.18049973994493484
  view-data: 0.023881712928414345
