times:
  edit-metadata: 1.415335082449019
  landing: 0.13783467561006546
  view-data: 0.4400202324613929
