times:
  edit-metadata: 1.739042965695262
  landing: 0.15614570677280426
  view-data: 0.35752431116998196
