times:
  edit-metadata: 0.48303798492997885
  landing: 0.04332758905366063
  view-data: 0.20228836592286825
