times:
  edit-metadata: 1.328701175749302
  landing: 0.02221953682601452
  view-data: 0.023849505931138992
