times:
  edit-metadata: 1.6030041612684727
  landing: 0.01995897851884365
  view-data: 0.05495842918753624
