times:
  edit-metadata: 0.49983722111210227
  landing: 0.08659212104976177
  view-data: 0.27712046913802624
