times:
  edit-metadata: 1.346197247505188
  landing: 0.020400905050337315
  view-data: 0.023390408605337143
