times:
  edit-metadata: 1.3839608831331134
  landing: 0.018873008899390697
  view-data: 0.13331520557403564
