times:
  edit-metadata: 1.3123605344444513
  landing: 0.023495152592658997
  view-data: 0.3106176182627678
