times:
  edit-metadata: 1.3768015056848526
  landing: 0.02177201397716999
  view-data: 0.32520066387951374
