times:
  edit-metadata: 1.476956780999899
  landing: 0.021638737991452217
  view-data: 0.026797953061759472
