times:
  edit-metadata: 1.887149352580309
  landing: 0.23540095426142216
  view-data: 0.03736635763198137
