times:
  edit-metadata: 1.3399526495486498
  landing: 0.20785104297101498
  view-data: 0.024149930104613304
