times:
  edit-metadata: 0.4899481600150466
  landing: 0.038637994322925806
  view-data: 0.20704578375443816
