times:
  edit-metadata: 1.5281617604196072
  landing: 0.026691077277064323
  view-data: 0.3200190793722868
