times:
  edit-metadata: 1.5342695452272892
  landing: 0.025311080738902092
  view-data: 0.3103186562657356
