times:
  edit-metadata: 1.3238455671817064
  landing: 0.01975834369659424
  view-data: 0.023076850920915604
