times:
  edit-metadata: 1.492146348580718
  landing: 0.02176329307258129
  view-data: 0.2764541730284691
