times:
  edit-metadata: 1.69861551374197
  landing: 0.15157179906964302
  view-data: 0.028282295912504196
