times:
  edit-metadata: 1.272520000115037
  landing: 0.1744222790002823
  view-data: 0.09578446764498949
