times:
  edit-metadata: 1.5969887375831604
  landing: 0.17621955275535583
  view-data: 0.15416007861495018
