times:
  edit-metadata: 1.4424889041110873
  landing: 0.1616691518574953
  view-data: 0.2497991221025586
