times:
  edit-metadata: 1.3210304640233517
  landing: 0.01946818269789219
  view-data: 0.02336600422859192
