times:
  edit-metadata: 1.370408016256988
  landing: 0.12459402624517679
  view-data: 0.16188919078558683
