times:
  edit-metadata: 1.412958536297083
  landing: 0.12062890455126762
  view-data: 0.02722560614347458
