times:
  edit-metadata: 1.2952471747994423
  landing: 0.021011111326515675
  view-data: 0.1475743418559432
