times:
  edit-metadata: 1.643614860251546
  landing: 0.022975973784923553
  view-data: 0.031703900545835495
