times:
  edit-metadata: 0.5329843736253679
  landing: 0.06368149304762483
  view-data: 0.3062443449161947
