times:
  edit-metadata: 1.4102833680808544
  landing: 0.01981377974152565
  view-data: 0.11443079635500908
