times:
  edit-metadata: 1.4505271706730127
  landing: 0.02396322973072529
  view-data: 0.024427171796560287
