times:
  edit-metadata: 1.3740725545212626
  landing: 0.13540490437299013
  view-data: 0.1347655151039362
