times:
  edit-metadata: 1.4079894851893187
  landing: 0.14316561818122864
  view-data: 0.2580841686576605
