times:
  edit-metadata: 0.4902156852185726
  landing: 0.0477621341124177
  view-data: 0.22813343023881316
