times:
  edit-metadata: 1.4015833847224712
  landing: 0.023261267691850662
  view-data: 0.13393834978342056
