times:
  edit-metadata: 1.3156213201582432
  landing: 0.021364612504839897
  view-data: 0.1288403496146202
