times:
  edit-metadata: 1.410484792664647
  landing: 0.25507071148604155
  view-data: 0.12256324663758278
