times:
  edit-metadata: 1.5274213161319494
  landing: 0.21879536844789982
  view-data: 0.39379497803747654
