times:
  edit-metadata: 1.4605219420045614
  landing: 0.2546863052994013
  view-data: 0.1295014936476946
