times:
  edit-metadata: 1.3901971643790603
  landing: 0.024240223690867424
  view-data: 0.3105868985876441
