times:
  edit-metadata: 1.3612491991370916
  landing: 0.021311476826667786
  view-data: 0.026192445307970047
