times:
  edit-metadata: 1.4447245672345161
  landing: 0.19140455406159163
  view-data: 0.14006626419723034
