times:
  edit-metadata: 1.3600311316549778
  landing: 0.019805528223514557
  view-data: 0.027438275516033173
