times:
  edit-metadata: 1.4997816812247038
  landing: 0.019301844760775566
  view-data: 0.27975043654441833
