times:
  edit-metadata: 1.4055843278765678
  landing: 0.15364683978259563
  view-data: 0.3148518521338701
