times:
  edit-metadata: 1.4635428730398417
  landing: 0.022851867601275444
  view-data: 0.15854682214558125
