times:
  edit-metadata: 0.40414245426654816
  landing: 0.049739640206098557
  view-data: 0.19241647701710463
