times:
  edit-metadata: 1.4680915959179401
  landing: 0.021500656381249428
  view-data: 0.02445002645254135
