times:
  edit-metadata: 0.4227912947535515
  landing: 0.04721512459218502
  view-data: 0.22455384489148855
