times:
  edit-metadata: 1.3176532462239265
  landing: 0.020649608224630356
  view-data: 0.024239521473646164
