times:
  edit-metadata: 1.3599597197026014
  landing: 0.20254490710794926
  view-data: 0.024769989773631096
