times:
  edit-metadata: 0.4259448992088437
  landing: 0.04003731906414032
  view-data: 0.581370291300118
