times:
  edit-metadata: 1.342291984707117
  landing: 0.15519302524626255
  view-data: 0.3450569976121187
