times:
  edit-metadata: 1.2256406843662262
  landing: 0.23194342385977507
  view-data: 0.45655996818095446
