times:
  edit-metadata: 0.491324407979846
  landing: 0.14706933265551925
  view-data: 0.2229391299188137
