times:
  edit-metadata: 1.220398923382163
  landing: 0.021521996706724167
  view-data: 0.028154403902590275
