times:
  edit-metadata: 0.6455261716619134
  landing: 0.07376133603975177
  view-data: 0.2872504130937159
