times:
  edit-metadata: 1.2631713654845953
  landing: 0.019349733367562294
  view-data: 0.02386397123336792
