times:
  edit-metadata: 1.261555259115994
  landing: 0.01863684318959713
  view-data: 0.09843954909592867
