times:
  edit-metadata: 1.5307562034577131
  landing: 0.1597707662731409
  view-data: 0.14967510476708412
