times:
  edit-metadata: 1.3589439205825329
  landing: 0.35004742443561554
  view-data: 0.5282296631485224
