times:
  edit-metadata: 0.41586008109152317
  landing: 0.04564978089183569
  view-data: 0.22294139582663774
