times:
  edit-metadata: 1.8036096822470427
  landing: 0.0186737272888422
  view-data: 0.025449469685554504
