times:
  edit-metadata: 1.5064063481986523
  landing: 0.16486718319356441
  view-data: 0.2207868117839098
