times:
  edit-metadata: 0.40973363537341356
  landing: 0.047684271819889545
  view-data: 0.3332909122109413
