times:
  edit-metadata: 0.4303466039709747
  landing: 0.053939936216920614
  view-data: 0.31778152799233794
