times:
  edit-metadata: 1.2418914996087551
  landing: 0.12399236671626568
  view-data: 0.12443420756608248
