times:
  edit-metadata: 1.3821470607072115
  landing: 0.25686792843043804
  view-data: 0.34370778873562813
