times:
  edit-metadata: 1.8979048486799002
  landing: 0.21159265376627445
  view-data: 0.24178292602300644
