times:
  edit-metadata: 0.43309131916612387
  landing: 0.04537557624280453
  view-data: 0.19828404299914837
