times:
  edit-metadata: 1.214875005185604
  landing: 0.09878036938607693
  view-data: 0.02257476095110178
