times:
  edit-metadata: 1.251636509783566
  landing: 0.021884075365960598
  view-data: 0.10039651393890381
