times:
  edit-metadata: 1.2087229136377573
  landing: 0.020169513300061226
  view-data: 0.024499177001416683
