times:
  edit-metadata: 1.3223988777026534
  landing: 0.021296480670571327
  view-data: 0.1210566945374012
