times:
  edit-metadata: 1.4798136558383703
  landing: 0.01896713301539421
  view-data: 0.10464627668261528
