times:
  edit-metadata: 0.4299533190205693
  landing: 0.0432692626491189
  view-data: 0.19849989749491215
