times:
  edit-metadata: 1.3102222234010696
  landing: 0.020174454897642136
  view-data: 0.10834459215402603
