times:
  edit-metadata: 1.2945957547053695
  landing: 0.1817640783265233
  view-data: 0.02743067964911461
