times:
  edit-metadata: 2.1182489078491926
  landing: 0.1987455915659666
  view-data: 0.14441603235900402
