times:
  edit-metadata: 1.2419197028502822
  landing: 0.02393387444317341
  view-data: 0.12217426020652056
