times:
  edit-metadata: 1.381754856556654
  landing: 0.022921359166502953
  view-data: 0.02577994018793106
