times:
  edit-metadata: 1.460896659642458
  landing: 0.2779317572712898
  view-data: 0.3873807080090046
