times:
  edit-metadata: 1.4011281980201602
  landing: 0.021536908112466335
  view-data: 0.11807023361325264
