times:
  edit-metadata: 1.2599351033568382
  landing: 0.017933806404471397
  view-data: 0.1370922364294529
