times:
  edit-metadata: 1.5449047945439816
  landing: 0.18109454214572906
  view-data: 0.1605077851563692
