times:
  edit-metadata: 1.3374752206727862
  landing: 0.02002300787717104
  view-data: 0.5667458428069949
