times:
  edit-metadata: 1.6216630581766367
  landing: 0.22061128355562687
  view-data: 0.34004270657896996
