times:
  edit-metadata: 1.3719129711389542
  landing: 0.018493928015232086
  view-data: 0.1402667984366417
