times:
  edit-metadata: 1.671855652704835
  landing: 0.027938369661569595
  view-data: 0.4332066960632801
