times:
  edit-metadata: 1.5212876051664352
  landing: 0.25701998360455036
  view-data: 0.415182126685977
