times:
  edit-metadata: 1.8998474590480328
  landing: 0.21484151482582092
  view-data: 0.29281209595501423
