times:
  edit-metadata: 1.3217937909066677
  landing: 0.019513122737407684
  view-data: 0.1505720391869545
