times:
  edit-metadata: 1.480822343379259
  landing: 0.3012625612318516
  view-data: 0.38892500288784504
