times:
  edit-metadata: 0.436683377251029
  landing: 0.041076787281781435
  view-data: 0.3277551210485399
