times:
  edit-metadata: 0.6420401260256767
  landing: 0.07259790413081646
  view-data: 0.29171378863975406
