times:
  edit-metadata: 1.4435434341430664
  landing: 0.1395394168794155
  view-data: 0.38627032935619354
