times:
  edit-metadata: 1.2463800171390176
  landing: 0.020294698886573315
  view-data: 0.024552196264266968
