times:
  edit-metadata: 1.3846946181729436
  landing: 0.01962258480489254
  view-data: 0.1402184311300516
