times:
  edit-metadata: 1.5465394407510757
  landing: 0.247379032894969
  view-data: 0.2163896132260561
