times:
  edit-metadata: 1.2788341920822859
  landing: 0.21206014044582844
  view-data: 0.1413647010922432
