times:
  edit-metadata: 1.2921533593907952
  landing: 0.271681347861886
  view-data: 0.023981868289411068
