times:
  edit-metadata: 1.4662835113704205
  landing: 0.16078580357134342
  view-data: 0.3803004268556833
