times:
  edit-metadata: 1.4033943451941013
  landing: 0.02217737026512623
  view-data: 0.14930520579218864
