times:
  edit-metadata: 1.2870866488665342
  landing: 0.02096413541585207
  view-data: 0.02601202018558979
