times:
  edit-metadata: 1.4495951067656279
  landing: 0.22882423549890518
  view-data: 0.023831412196159363
