times:
  edit-metadata: 1.3479896262288094
  landing: 0.1536604529246688
  view-data: 0.024749143980443478
