times:
  edit-metadata: 0.5632305559702218
  landing: 0.042436998803168535
  view-data: 0.32371807796880603
