times:
  edit-metadata: 0.4370617475360632
  landing: 0.04146621562540531
  view-data: 0.21837119199335575
