times:
  edit-metadata: 0.40113509353250265
  landing: 0.04701621551066637
  view-data: 0.2233429281041026
