times:
  edit-metadata: 1.4348024111241102
  landing: 0.024102351628243923
  view-data: 0.09710797015577555
