times:
  edit-metadata: 0.5290436591021717
  landing: 0.1485103969462216
  view-data: 0.28040381986647844
