times:
  edit-metadata: 0.7055986439809203
  landing: 0.06337509537115693
  view-data: 0.2971713892184198
