times:
  edit-metadata: 1.3922902774065733
  landing: 0.022343933582305908
  view-data: 0.3077943157404661
