times:
  edit-metadata: 1.2457175385206938
  landing: 0.019380333833396435
  view-data: 0.025364024564623833
