times:
  edit-metadata: 2.228328469209373
  landing: 0.04432366881519556
  view-data: 0.04439057596027851
