times:
  edit-metadata: 0.41780439391732216
  landing: 0.04604657692834735
  view-data: 0.4544351017102599
