times:
  edit-metadata: 0.7888881228864193
  landing: 0.0968570620752871
  view-data: 0.2127464972436428
