times:
  edit-metadata: 1.328731414861977
  landing: 0.021257685497403145
  view-data: 0.025676457211375237
