times:
  edit-metadata: 1.31966894865036
  landing: 0.019459975883364677
  view-data: 0.3409115243703127
