times:
  edit-metadata: 1.3591095060110092
  landing: 0.020939218811690807
  view-data: 0.1237002732232213
