times:
  edit-metadata: 1.2898189220577478
  landing: 0.019919666461646557
  view-data: 0.022426105104386806
