times:
  edit-metadata: 1.412753727287054
  landing: 0.11409483663737774
  view-data: 0.329873101785779
