times:
  edit-metadata: 0.44981728307902813
  landing: 0.051116857677698135
  view-data: 0.19589931890368462
