times:
  edit-metadata: 0.44136120937764645
  landing: 0.04842086508870125
  view-data: 0.21470820344984531
