times:
  edit-metadata: 1.2407549815252423
  landing: 0.13623856753110886
  view-data: 0.02564252819865942
