times:
  edit-metadata: 1.2649335144087672
  landing: 0.11618912220001221
  view-data: 0.41932234074920416
