times:
  edit-metadata: 1.410009860061109
  landing: 0.21162497904151678
  view-data: 0.12032170780003071
