times:
  edit-metadata: 1.2159654460847378
  landing: 0.021930336020886898
  view-data: 0.09617563895881176
