times:
  edit-metadata: 1.4825767930597067
  landing: 0.24795306287705898
  view-data: 0.38584122620522976
