times:
  edit-metadata: 1.2793427733704448
  landing: 0.1311264932155609
  view-data: 0.024097968824207783
