times:
  edit-metadata: 1.2957371678203344
  landing: 0.144481023773551
  view-data: 0.05507422145456076
