times:
  edit-metadata: 2.1172804410016397
  landing: 0.2544389399990905
  view-data: 0.7129580150067341
