times:
  edit-metadata: 1.474824832752347
  landing: 0.12567634135484695
  view-data: 0.12398595735430717
