times:
  edit-metadata: 1.5305119156837463
  landing: 0.2222696915268898
  view-data: 0.030880987644195557
