times:
  edit-metadata: 1.2344097513705492
  landing: 0.021125270053744316
  view-data: 0.02671932801604271
