times:
  edit-metadata: 0.475475886836648
  landing: 0.1817082278430462
  view-data: 0.29139080410823226
