times:
  edit-metadata: 1.3611516747623682
  landing: 0.020202279090881348
  view-data: 0.023848711512982845
