times:
  edit-metadata: 1.3487969264388084
  landing: 0.026241492480039597
  view-data: 0.12898475490510464
