times:
  edit-metadata: 1.3367380043491721
  landing: 0.18276073969900608
  view-data: 0.25144340842962265
