times:
  edit-metadata: 1.5562184434384108
  landing: 0.21418605372309685
  view-data: 0.43137023597955704
