times:
  edit-metadata: 1.2115410063415766
  landing: 0.018910573795437813
  view-data: 0.11385238729417324
