times:
  edit-metadata: 1.2530553443357348
  landing: 0.02056498732417822
  view-data: 0.02294917218387127
