times:
  edit-metadata: 1.1964947916567326
  landing: 0.11192193534225225
  view-data: 0.02752412110567093
