times:
  edit-metadata: 1.3806009888648987
  landing: 0.22636072896420956
  view-data: 0.025853661820292473
