times:
  edit-metadata: 1.2696267664432526
  landing: 0.020944658666849136
  view-data: 0.11953870952129364
