times:
  edit-metadata: 0.7554171099327505
  landing: 0.07839375594630837
  view-data: 0.20419513899832964
