times:
  edit-metadata: 0.45517027471214533
  landing: 0.05642900988459587
  view-data: 0.21473370492458344
