times:
  edit-metadata: 1.3667121697217226
  landing: 0.021338334307074547
  view-data: 0.025880707427859306
