times:
  edit-metadata: 1.3378109028562903
  landing: 0.020494247786700726
  view-data: 0.15149339474737644
