times:
  edit-metadata: 1.7447570655494928
  landing: 0.02071952074766159
  view-data: 0.15424688160419464
