times:
  edit-metadata: 1.4704291131347418
  landing: 0.020790141075849533
  view-data: 0.36770965717732906
