times:
  edit-metadata: 1.2855832381173968
  landing: 0.22836255934089422
  view-data: 0.11994090490043163
