times:
  edit-metadata: 1.384907458908856
  landing: 0.23684578388929367
  view-data: 0.23437486216425896
