times:
  edit-metadata: 1.2148625208064914
  landing: 0.022215292789041996
  view-data: 0.030241345055401325
