times:
  edit-metadata: 1.6398246176540852
  landing: 0.22673165425658226
  view-data: 0.40199656039476395
