times:
  edit-metadata: 0.45034587290138006
  landing: 0.046903413720428944
  view-data: 0.202479625120759
