times:
  edit-metadata: 1.3574023991823196
  landing: 0.0242459774017334
  view-data: 0.32017339207232
