times:
  edit-metadata: 1.3397294227033854
  landing: 0.021265333518385887
  view-data: 0.21916359663009644
