times:
  edit-metadata: 1.3664568979293108
  landing: 0.021179648116230965
  view-data: 0.3152824267745018
