times:
  edit-metadata: 1.3397066248580813
  landing: 0.020192870870232582
  view-data: 0.4355837954208255
