times:
  edit-metadata: 0.573861404787749
  landing: 0.0697969258762896
  view-data: 0.22783112665638328
