times:
  edit-metadata: 1.7255488596856594
  landing: 0.018246586434543133
  view-data: 0.022492900490760803
