times:
  edit-metadata: 1.3053635926917195
  landing: 0.1862499024719
  view-data: 0.4889788469299674
