times:
  edit-metadata: 1.4507732279598713
  landing: 0.2953964304178953
  view-data: 0.3497933242470026
