times:
  edit-metadata: 0.4276579963043332
  landing: 0.048328774981200695
  view-data: 0.3242531903088093
