times:
  edit-metadata: 1.3228176403790712
  landing: 0.01919233426451683
  view-data: 0.026151670143008232
