times:
  edit-metadata: 1.6218404220417142
  landing: 0.04720756784081459
  view-data: 0.1557542821392417
