times:
  edit-metadata: 1.3337949998676777
  landing: 0.02189781330525875
  view-data: 0.1285581849515438
