times:
  edit-metadata: 1.32125873118639
  landing: 0.15007750783115625
  view-data: 0.026042713783681393
