times:
  edit-metadata: 0.4667607322335243
  landing: 0.07828862825408578
  view-data: 0.19580147974193096
