times:
  edit-metadata: 1.2726315762847662
  landing: 0.021129975095391273
  view-data: 0.14568416960537434
