times:
  edit-metadata: 1.4948889669030905
  landing: 0.254600977525115
  view-data: 0.13414456322789192
