times:
  edit-metadata: 1.7827432863414288
  landing: 0.05013984441757202
  view-data: 0.1612576488405466
