times:
  edit-metadata: 1.338009437546134
  landing: 0.01863708160817623
  view-data: 0.024146668612957
