times:
  edit-metadata: 1.207639878615737
  landing: 0.1496597621589899
  view-data: 0.35776425153017044
