times:
  edit-metadata: 1.5712137706577778
  landing: 0.2533630635589361
  view-data: 0.4412025883793831
