times:
  edit-metadata: 1.3005941901355982
  landing: 0.022760875523090363
  view-data: 0.0243881493806839
