times:
  edit-metadata: 0.4602862517349422
  landing: 0.06819961965084076
  view-data: 0.20647050580009818
