times:
  edit-metadata: 0.4329793518409133
  landing: 0.04771711025387049
  view-data: 0.3485753946006298
