times:
  edit-metadata: 1.2813310120254755
  landing: 0.1157362936064601
  view-data: 0.029991453513503075
