times:
  edit-metadata: 1.488881278783083
  landing: 0.26557269133627415
  view-data: 0.14468364231288433
