times:
  edit-metadata: 1.250338506884873
  landing: 0.022976269014179707
  view-data: 0.02511890698224306
