times:
  edit-metadata: 1.2317233234643936
  landing: 0.02050286252051592
  view-data: 0.11881639342755079
