times:
  edit-metadata: 1.2687420845031738
  landing: 0.020975375548005104
  view-data: 0.025513661094009876
