times:
  edit-metadata: 1.3599111456423998
  landing: 0.021317826583981514
  view-data: 0.12855402193963528
