times:
  edit-metadata: 1.262887348420918
  landing: 0.020344345830380917
  view-data: 0.4399084821343422
