times:
  edit-metadata: 2.293038813979365
  landing: 0.6171404700144194
  view-data: 0.14937953001935966
