times:
  edit-metadata: 1.263331257738173
  landing: 0.12986137811094522
  view-data: 0.41373610869050026
