times:
  edit-metadata: 1.2965147700160742
  landing: 0.19728740118443966
  view-data: 0.33021589554846287
