times:
  edit-metadata: 1.370799070224166
  landing: 0.11916056834161282
  view-data: 0.36403798311948776
