times:
  edit-metadata: 1.2749444926157594
  landing: 0.17273954022675753
  view-data: 0.40211426466703415
