times:
  edit-metadata: 0.4063380481675267
  landing: 0.0513707036152482
  view-data: 0.4486514534801245
