times:
  edit-metadata: 1.2694001365453005
  landing: 0.019916485995054245
  view-data: 0.02346937730908394
