times:
  edit-metadata: 0.41266694478690624
  landing: 0.04184943065047264
  view-data: 0.2042985949665308
