times:
  edit-metadata: 0.4129737513139844
  landing: 0.045049337670207024
  view-data: 0.20203006733208895
