times:
  edit-metadata: 1.3211589120328426
  landing: 0.21476652659475803
  view-data: 0.02363482676446438
