times:
  edit-metadata: 0.43853610195219517
  landing: 0.03920106403529644
  view-data: 0.20212919916957617
