times:
  edit-metadata: 1.351176385767758
  landing: 0.20081777404993773
  view-data: 0.0245231743901968
