times:
  edit-metadata: 1.5420824196189642
  landing: 0.2824177425354719
  view-data: 0.3741250056773424
