times:
  edit-metadata: 1.2778058452531695
  landing: 0.024706745520234108
  view-data: 0.4518986437469721
