times:
  edit-metadata: 1.409472605213523
  landing: 0.020689476281404495
  view-data: 0.22816411964595318
