times:
  edit-metadata: 0.6693152408115566
  landing: 0.11233350401744246
  view-data: 0.3283228357322514
