times:
  edit-metadata: 1.5471750684082508
  landing: 0.22478806599974632
  view-data: 0.3027079198509455
