times:
  edit-metadata: 1.3769511580467224
  landing: 0.20960339717566967
  view-data: 0.14201558008790016
