times:
  edit-metadata: 0.40276804473251104
  landing: 0.04704354889690876
  view-data: 0.33327032811939716
