times:
  edit-metadata: 0.4244188657030463
  landing: 0.04267768748104572
  view-data: 0.19558413326740265
