times:
  edit-metadata: 1.4885549452155828
  landing: 0.023315394297242165
  view-data: 0.02759878896176815
