times:
  edit-metadata: 1.2480119932442904
  landing: 0.02523591462522745
  view-data: 0.22793874703347683
