times:
  edit-metadata: 0.43854057136923075
  landing: 0.04352787509560585
  view-data: 0.22943879943341017
