times:
  edit-metadata: 1.372340451925993
  landing: 0.026923207566142082
  view-data: 0.05694808252155781
