times:
  edit-metadata: 1.9074238911271095
  landing: 0.2576923193410039
  view-data: 0.23205903265625238
