times:
  edit-metadata: 1.217723684385419
  landing: 0.11722050234675407
  view-data: 0.11903712432831526
