times:
  edit-metadata: 1.1938160927966237
  landing: 0.2350021032616496
  view-data: 0.02194966748356819
