times:
  edit-metadata: 1.251881182193756
  landing: 0.1287358971312642
  view-data: 0.025552070699632168
