times:
  edit-metadata: 0.40435122791677713
  landing: 0.05330673698335886
  view-data: 0.20451751071959734
