times:
  edit-metadata: 1.286280719563365
  landing: 0.02121606655418873
  view-data: 0.30827767960727215
