times:
  edit-metadata: 1.2063848795369267
  landing: 0.19505367521196604
  view-data: 0.5039628986269236
