times:
  edit-metadata: 1.2640374191105366
  landing: 0.020739387720823288
  view-data: 0.12298018764704466
