times:
  edit-metadata: 0.6237849821336567
  landing: 0.045238043647259474
  view-data: 0.284309983253479
