times:
  edit-metadata: 1.2447427362203598
  landing: 0.02314716950058937
  view-data: 0.026368889957666397
