times:
  edit-metadata: 1.32386695407331
  landing: 0.022570155560970306
  view-data: 0.023359255865216255
