times:
  edit-metadata: 0.46381425205618143
  landing: 0.07623323099687696
  view-data: 0.21482399804517627
