times:
  edit-metadata: 1.3491290789097548
  landing: 0.0309576615691185
  view-data: 0.1677270494401455
