times:
  edit-metadata: 1.3318782076239586
  landing: 0.15055328886955976
  view-data: 0.023441764526069164
