times:
  edit-metadata: 1.2102782232686877
  landing: 0.020990977063775063
  view-data: 0.031199763529002666
