times:
  edit-metadata: 0.4787633423693478
  landing: 0.06780954217538238
  view-data: 0.22200476005673409
