times:
  edit-metadata: 1.2314128102734685
  landing: 0.02098525781184435
  view-data: 0.440487889572978
