times:
  edit-metadata: 1.3777582067996264
  landing: 0.019404973834753036
  view-data: 0.38540725968778133
