times:
  edit-metadata: 0.4353143824264407
  landing: 0.04847161751240492
  view-data: 0.195917927660048
