times:
  edit-metadata: 0.6341092390939593
  landing: 0.058903106953948736
  view-data: 0.21219382714480162
