times:
  edit-metadata: 1.3076655510812998
  landing: 0.04578028991818428
  view-data: 0.13765988871455193
