times:
  edit-metadata: 1.2699891962110996
  landing: 0.02023700252175331
  view-data: 0.3592553175985813
