times:
  edit-metadata: 1.244454350322485
  landing: 0.021271386183798313
  view-data: 0.12252863962203264
