times:
  edit-metadata: 1.282370314002037
  landing: 0.020231226459145546
  view-data: 0.3009401373565197
