times:
  edit-metadata: 1.2876045182347298
  landing: 0.020720304921269417
  view-data: 0.027323052287101746
