times:
  edit-metadata: 1.4816964007914066
  landing: 0.021083658561110497
  view-data: 0.15820911526679993
