times:
  edit-metadata: 1.1936509385704994
  landing: 0.020890296436846256
  view-data: 0.1289248112589121
