times:
  edit-metadata: 1.7864111606031656
  landing: 0.2669663894921541
  view-data: 0.14349188096821308
