times:
  edit-metadata: 1.2601760774850845
  landing: 0.020407713018357754
  view-data: 0.024943354539573193
