times:
  edit-metadata: 1.6855393033474684
  landing: 0.2540763821452856
  view-data: 0.43759006448090076
