times:
  edit-metadata: 1.3318532593548298
  landing: 0.10870857164263725
  view-data: 0.02414868026971817
