times:
  edit-metadata: 1.2372642634436488
  landing: 0.019157523289322853
  view-data: 0.02518592309206724
