times:
  edit-metadata: 1.2681755647063255
  landing: 0.021422346122562885
  view-data: 0.41052244789898396
