times:
  edit-metadata: 1.5432233531028032
  landing: 0.021443530917167664
  view-data: 0.35552653297781944
