times:
  edit-metadata: 0.43731272406876087
  landing: 0.044393681921064854
  view-data: 0.20009744726121426
