times:
  edit-metadata: 1.2497176276519895
  landing: 0.15215977001935244
  view-data: 0.3741979757323861
