times:
  edit-metadata: 1.2741326298564672
  landing: 0.019555319100618362
  view-data: 0.026233382523059845
