times:
  edit-metadata: 1.4476167596876621
  landing: 0.13841946236789227
  view-data: 0.30624792724847794
