times:
  edit-metadata: 1.357226263731718
  landing: 0.021055633202195168
  view-data: 0.31763275526463985
