times:
  edit-metadata: 0.45428350707516074
  landing: 0.10868956241756678
  view-data: 0.2131431889720261
