times:
  edit-metadata: 1.216980004683137
  landing: 0.021985068917274475
  view-data: 0.12022918369621038
