times:
  edit-metadata: 1.2844263184815645
  landing: 0.023062027990818024
  view-data: 0.02715856209397316
