times:
  edit-metadata: 1.2201353581622243
  landing: 0.19193443562835455
  view-data: 0.48435089364647865
