times:
  edit-metadata: 1.4163773376494646
  landing: 0.021603913977742195
  view-data: 0.3454302717000246
