times:
  edit-metadata: 1.4326132033020258
  landing: 0.24011553265154362
  view-data: 0.3702037651091814
