times:
  edit-metadata: 1.2119409535080194
  landing: 0.21212194487452507
  view-data: 0.13016980420798063
