times:
  edit-metadata: 1.322839186526835
  landing: 0.045186737552285194
  view-data: 0.28358280193060637
