times:
  edit-metadata: 1.4007431995123625
  landing: 0.16913624852895737
  view-data: 0.40918417274951935
