times:
  edit-metadata: 1.3561089057475328
  landing: 0.137009646743536
  view-data: 0.27381622418761253
