times:
  edit-metadata: 1.2700219517573714
  landing: 0.020521240308880806
  view-data: 0.14422041922807693
