times:
  edit-metadata: 0.5243749148212373
  landing: 0.11255505727604032
  view-data: 0.3458548220805824
