times:
  edit-metadata: 1.5767800081521273
  landing: 0.1592957666143775
  view-data: 0.22817171271890402
