times:
  edit-metadata: 1.3235338889062405
  landing: 0.01947564259171486
  view-data: 0.32099541276693344
