times:
  edit-metadata: 1.2344213593751192
  landing: 0.02280239202082157
  view-data: 0.11933688819408417
