times:
  edit-metadata: 1.2536019617691636
  landing: 0.020724785514175892
  view-data: 0.5771101200953126
