times:
  edit-metadata: 1.2323344629257917
  landing: 0.02034504897892475
  view-data: 0.024849682115018368
