times:
  edit-metadata: 1.233716668561101
  landing: 0.021423478610813618
  view-data: 0.37973401229828596
