times:
  edit-metadata: 0.4875766849145293
  landing: 0.04953662492334843
  view-data: 0.1965587637387216
