times:
  edit-metadata: 1.3006282839924097
  landing: 0.11579824797809124
  view-data: 0.026729175820946693
