times:
  edit-metadata: 1.3289324473589659
  landing: 0.24045668449252844
  view-data: 0.02428401540964842
