times:
  edit-metadata: 1.2642185194417834
  landing: 0.01982720661908388
  view-data: 0.09866533894091845
