times:
  edit-metadata: 1.3758992534130812
  landing: 0.23351422231644392
  view-data: 0.1496233670040965
