times:
  edit-metadata: 1.329816303215921
  landing: 0.019227118231356144
  view-data: 0.027255693450570107
