times:
  edit-metadata: 1.684463633224368
  landing: 0.023036692291498184
  view-data: 0.03462102822959423
