times:
  edit-metadata: 0.4805474942550063
  landing: 0.07081692898645997
  view-data: 0.23052995838224888
