times:
  edit-metadata: 1.2814295962452888
  landing: 0.12829496059566736
  view-data: 0.4609334757551551
