times:
  edit-metadata: 1.429944520816207
  landing: 0.0344915259629488
  view-data: 0.42017211951315403
