times:
  edit-metadata: 1.2189140999689698
  landing: 0.12729311920702457
  view-data: 0.4456327250227332
