times:
  edit-metadata: 1.3802770217880607
  landing: 0.21953221689909697
  view-data: 0.1604934362694621
