times:
  edit-metadata: 1.2286978662014008
  landing: 0.021730870939791203
  view-data: 0.02565531712025404
