times:
  edit-metadata: 1.6043339613825083
  landing: 0.28871954046189785
  view-data: 0.025219641625881195
