times:
  edit-metadata: 1.344069568440318
  landing: 0.0939533319324255
  view-data: 0.02707325480878353
