times:
  edit-metadata: 1.2480631805956364
  landing: 0.020554818212985992
  view-data: 0.025355434976518154
