times:
  edit-metadata: 0.5622206558473408
  landing: 0.165280070155859
  view-data: 0.2689286139793694
