times:
  edit-metadata: 0.421232670545578
  landing: 0.04271346051245928
  view-data: 0.4988056952133775
