times:
  edit-metadata: 1.7798806615173817
  landing: 0.4095886740833521
  view-data: 0.45157589577138424
