times:
  edit-metadata: 1.2846374679356813
  landing: 0.01872898079454899
  view-data: 0.02633129619061947
