times:
  edit-metadata: 1.4091653171926737
  landing: 0.021249997429549694
  view-data: 0.1451568715274334
