times:
  edit-metadata: 1.2804033430293202
  landing: 0.02051418647170067
  view-data: 0.024142212234437466
