times:
  edit-metadata: 1.9485087655484676
  landing: 0.18324432894587517
  view-data: 0.3844146355986595
