times:
  edit-metadata: 0.5482678250409663
  landing: 0.05326597485691309
  view-data: 0.21142908511683345
