times:
  edit-metadata: 0.41250817477703094
  landing: 0.05200229026377201
  view-data: 0.22399047669023275
