times:
  edit-metadata: 1.326258547604084
  landing: 0.02020176313817501
  view-data: 0.028335943818092346
