times:
  edit-metadata: 1.2596238888800144
  landing: 0.02028064150363207
  view-data: 0.024136565625667572
