times:
  edit-metadata: 1.1985948728397489
  landing: 0.021221496164798737
  view-data: 0.1190391480922699
