times:
  edit-metadata: 1.234143671579659
  landing: 0.21653066854923964
  view-data: 0.13407518062740564
