times:
  edit-metadata: 1.30227689165622
  landing: 0.02240564115345478
  view-data: 0.13579311035573483
