times:
  edit-metadata: 1.2630901336669922
  landing: 0.02193155139684677
  view-data: 0.5163624919950962
