times:
  edit-metadata: 0.4365224093198776
  landing: 0.04389722365885973
  view-data: 0.33676061034202576
