times:
  edit-metadata: 1.3494768915697932
  landing: 0.09798641316592693
  view-data: 0.025307554751634598
