times:
  edit-metadata: 1.478134147822857
  landing: 0.20634910091757774
  view-data: 0.35019601136446
