times:
  edit-metadata: 1.7038873471319675
  landing: 0.023085979744791985
  view-data: 0.12203752063214779
