times:
  edit-metadata: 1.5384158603847027
  landing: 0.2390490397810936
  view-data: 0.4309027995914221
