times:
  edit-metadata: 1.26984001416713
  landing: 0.022086210548877716
  view-data: 0.12495926953852177
