times:
  edit-metadata: 0.4268307164311409
  landing: 0.043807306326925755
  view-data: 0.3380330987274647
