times:
  edit-metadata: 0.4227911517955363
  landing: 0.04740498587489128
  view-data: 0.3431323110125959
