times:
  edit-metadata: 0.42678852193057537
  landing: 0.053850176744163036
  view-data: 0.19955919217318296
