times:
  edit-metadata: 1.4168445952236652
  landing: 0.25454702600836754
  view-data: 0.4035195838660002
