times:
  edit-metadata: 0.5382089358754456
  landing: 0.08463862538337708
  view-data: 0.2544569708406925
