times:
  edit-metadata: 1.2836539708077908
  landing: 0.18267809972167015
  view-data: 0.023933425545692444
