times:
  edit-metadata: 1.2449478693306446
  landing: 0.19881789200007915
  view-data: 0.46938483882695436
