times:
  edit-metadata: 1.2041436489671469
  landing: 0.021096818149089813
  view-data: 0.026955763809382915
