times:
  edit-metadata: 1.2268298771232367
  landing: 0.19975269213318825
  view-data: 0.4094898719340563
