times:
  edit-metadata: 1.5979723446071148
  landing: 0.1549277063459158
  view-data: 0.15364642068743706
