times:
  edit-metadata: 1.26195555832237
  landing: 0.02163771167397499
  view-data: 0.0228686286136508
