times:
  edit-metadata: 1.3328609950840473
  landing: 0.15922296792268753
  view-data: 0.02648095041513443
