times:
  edit-metadata: 1.7273050677031279
  landing: 0.25058884732425213
  view-data: 0.36555455811321735
