times:
  edit-metadata: 1.6416369881480932
  landing: 0.022791841998696327
  view-data: 0.31432464346289635
