times:
  edit-metadata: 1.225855072028935
  landing: 0.022174314595758915
  view-data: 0.12223545834422112
