times:
  edit-metadata: 1.2593497298657894
  landing: 0.02029026299715042
  view-data: 0.6751898759976029
