times:
  edit-metadata: 0.40048325061798096
  landing: 0.04506221041083336
  view-data: 0.4678266039118171
