times:
  edit-metadata: 1.2307701148092747
  landing: 0.02122088149189949
  view-data: 0.09987311437726021
