times:
  edit-metadata: 1.2587739322334528
  landing: 0.17113134544342756
  view-data: 0.09894014894962311
