times:
  edit-metadata: 0.42407923471182585
  landing: 0.04321354813873768
  view-data: 0.19876708835363388
