times:
  edit-metadata: 0.5450119329616427
  landing: 0.14070838270708919
  view-data: 0.349923653062433
