times:
  edit-metadata: 0.42977105639874935
  landing: 0.04073646944016218
  view-data: 0.32762974593788385
