times:
  edit-metadata: 0.415200665127486
  landing: 0.03784515615552664
  view-data: 0.33923787996172905
