times:
  edit-metadata: 1.2355374805629253
  landing: 0.020499562844634056
  view-data: 0.4237281810492277
