times:
  edit-metadata: 1.4552927175536752
  landing: 0.23215349484235048
  view-data: 0.1500855591148138
