times:
  edit-metadata: 1.3400254398584366
  landing: 0.019174760207533836
  view-data: 0.02689964696764946
