times:
  edit-metadata: 1.2235102355480194
  landing: 0.023454565554857254
  view-data: 0.02557143196463585
