times:
  edit-metadata: 1.5268925949931145
  landing: 0.048349722288548946
  view-data: 0.13151594530791044
