times:
  edit-metadata: 1.2625892721116543
  landing: 0.021200092509388924
  view-data: 0.13122611679136753
