times:
  edit-metadata: 0.7051338539458811
  landing: 0.06890455493703485
  view-data: 0.3148837429471314
