times:
  edit-metadata: 1.278540849685669
  landing: 0.02059054560959339
  view-data: 0.390710674226284
