times:
  edit-metadata: 1.4209501948207617
  landing: 0.019053922966122627
  view-data: 0.1399641651660204
