times:
  edit-metadata: 1.3351618517190218
  landing: 0.2467235755175352
  view-data: 0.054444583132863045
