times:
  edit-metadata: 1.6687419787049294
  landing: 0.23694697953760624
  view-data: 0.12964999303221703
