times:
  edit-metadata: 0.8660399280488491
  landing: 0.0690891626290977
  view-data: 0.3100158148445189
