times:
  edit-metadata: 1.3354243002831936
  landing: 0.0235988050699234
  view-data: 0.4506036350503564
