times:
  edit-metadata: 1.48585101403296
  landing: 0.11873414367437363
  view-data: 0.28624541126191616
