times:
  edit-metadata: 0.5834487760439515
  landing: 0.15776644786819816
  view-data: 0.32079058699309826
