times:
  edit-metadata: 1.5486046634614468
  landing: 0.23366788029670715
  view-data: 0.38493521325290203
