times:
  edit-metadata: 1.5699436999857426
  landing: 0.023194879293441772
  view-data: 0.13712981715798378
