times:
  edit-metadata: 1.423350591212511
  landing: 0.018835946917533875
  view-data: 0.3204469494521618
