times:
  edit-metadata: 1.465650912374258
  landing: 0.019162967801094055
  view-data: 0.3185458555817604
