times:
  edit-metadata: 1.5733704417943954
  landing: 0.1962912380695343
  view-data: 0.1457128394395113
