times:
  edit-metadata: 1.4228153228759766
  landing: 0.24601896293461323
  view-data: 0.30071755312383175
