times:
  edit-metadata: 1.5696723647415638
  landing: 0.01836157590150833
  view-data: 0.024269485846161842
