times:
  edit-metadata: 0.7807267010211945
  landing: 0.19597708899527788
  view-data: 0.20876658288761973
