times:
  edit-metadata: 1.6624137721955776
  landing: 0.11109907180070877
  view-data: 0.44136626832187176
