times:
  edit-metadata: 0.6548935598693788
  landing: 0.07307415921241045
  view-data: 0.22533120913431048
