times:
  edit-metadata: 1.9957780102267861
  landing: 0.1481251996010542
  view-data: 0.5997749688103795
