times:
  edit-metadata: 1.3666851269081235
  landing: 0.021244999021291733
  view-data: 0.2293410012498498
