times:
  edit-metadata: 1.6970456168055534
  landing: 0.24635999463498592
  view-data: 0.40445827692747116
