times:
  edit-metadata: 1.4488594699651003
  landing: 0.01848929189145565
  view-data: 0.14152160100638866
