times:
  edit-metadata: 1.6166360527276993
  landing: 0.01919877901673317
  view-data: 0.3512657731771469
