times:
  edit-metadata: 1.5357183441519737
  landing: 0.42881644144654274
  view-data: 0.023436179384589195
