times:
  edit-metadata: 0.6739137810654938
  landing: 0.07690748618915677
  view-data: 0.22481505014002323
