times:
  edit-metadata: 1.498348532244563
  landing: 0.13961154408752918
  view-data: 0.02352174185216427
