times:
  edit-metadata: 1.4576562456786633
  landing: 0.020031284540891647
  view-data: 0.02438426949083805
