times:
  edit-metadata: 1.4531087707728148
  landing: 0.021294444799423218
  view-data: 0.10213647224009037
