times:
  edit-metadata: 0.5975245339795947
  landing: 0.05538181494921446
  view-data: 0.2173006827943027
