times:
  edit-metadata: 1.5113322399556637
  landing: 0.23088298551738262
  view-data: 0.4058970808982849
