times:
  edit-metadata: 0.8506505875848234
  landing: 0.04348282888531685
  view-data: 0.2454039752483368
