times:
  edit-metadata: 1.5107691921293736
  landing: 0.01990046724677086
  view-data: 0.24821034260094166
