times:
  edit-metadata: 1.4976779911667109
  landing: 0.32251849211752415
  view-data: 0.15810783952474594
