times:
  edit-metadata: 1.9215975496917963
  landing: 0.2607439123094082
  view-data: 0.34737745486199856
