times:
  edit-metadata: 1.4278128100559115
  landing: 0.3047490054741502
  view-data: 0.13950601778924465
