times:
  edit-metadata: 1.5132379401475191
  landing: 0.018658937886357307
  view-data: 0.026467029005289078
