times:
  edit-metadata: 1.0515930503606796
  landing: 0.05114943999797106
  view-data: 0.24333594320341945
