times:
  edit-metadata: 0.6627338747493923
  landing: 0.0819524941034615
  view-data: 0.22910891193896532
