times:
  edit-metadata: 1.468369334936142
  landing: 0.11827773600816727
  view-data: 0.3240464013069868
