times:
  edit-metadata: 1.5277276327833533
  landing: 0.13125291094183922
  view-data: 0.27654064912348986
