times:
  edit-metadata: 1.423222334124148
  landing: 0.19796769600361586
  view-data: 0.4086359106004238
