times:
  edit-metadata: 1.5104623204097152
  landing: 0.13721210323274136
  view-data: 0.4000182384625077
