times:
  edit-metadata: 1.4656950663775206
  landing: 0.17978380620479584
  view-data: 0.12938101403415203
