times:
  edit-metadata: 1.5561212301254272
  landing: 0.22200572676956654
  view-data: 0.36746516451239586
