times:
  edit-metadata: 1.531150072813034
  landing: 0.020941751077771187
  view-data: 0.12951012328267097
