times:
  edit-metadata: 1.8472964484244585
  landing: 0.19682965613901615
  view-data: 0.3394646178930998
