times:
  edit-metadata: 1.4064138904213905
  landing: 0.020782850682735443
  view-data: 0.3214850649237633
