times:
  edit-metadata: 1.411521639674902
  landing: 0.02025575377047062
  view-data: 0.2560484744608402
