times:
  edit-metadata: 1.4512310158461332
  landing: 0.01949125900864601
  view-data: 0.025042280554771423
