times:
  edit-metadata: 1.3877891227602959
  landing: 0.021948066540062428
  view-data: 0.4049516301602125
