times:
  edit-metadata: 1.4836393762379885
  landing: 0.022385893389582634
  view-data: 0.3949624262750149
