times:
  edit-metadata: 1.4734655115753412
  landing: 0.020872974768280983
  view-data: 0.025019127875566483
