times:
  edit-metadata: 1.6814110036939383
  landing: 0.23461157642304897
  view-data: 0.3859135303646326
