times:
  edit-metadata: 1.4199313335120678
  landing: 0.02257719077169895
  view-data: 0.12354692257940769
