times:
  edit-metadata: 1.465603295713663
  landing: 0.02194594405591488
  view-data: 0.3750983439385891
