times:
  edit-metadata: 1.4798925202339888
  landing: 0.022108418866991997
  view-data: 0.12788437493145466
