times:
  edit-metadata: 1.4677033107727766
  landing: 0.02246124856173992
  view-data: 0.02455824613571167
