times:
  edit-metadata: 1.7696361001580954
  landing: 0.023843759670853615
  view-data: 0.4371430277824402
