times:
  edit-metadata: 1.4446554984897375
  landing: 0.2315623164176941
  view-data: 0.3231485914438963
