times:
  edit-metadata: 1.3849593522027135
  landing: 0.020140618085861206
  view-data: 0.11336332373321056
