times:
  edit-metadata: 1.5004787174984813
  landing: 0.14424097072333097
  view-data: 0.134682085365057
