times:
  edit-metadata: 1.407540287822485
  landing: 0.022663086652755737
  view-data: 0.025988347828388214
