times:
  edit-metadata: 1.4789861496537924
  landing: 0.11665403842926025
  view-data: 0.12551259621977806
