times:
  edit-metadata: 1.4558330066502094
  landing: 0.020230325870215893
  view-data: 0.30483223125338554
