times:
  edit-metadata: 1.6201625689864159
  landing: 0.32847711630165577
  view-data: 0.1598251312971115
