times:
  edit-metadata: 1.4309744834899902
  landing: 0.02109040506184101
  view-data: 0.026437390595674515
