times:
  edit-metadata: 1.5897898506373167
  landing: 0.13273033313453197
  view-data: 0.023627780377864838
