times:
  edit-metadata: 1.5826288852840662
  landing: 0.13835393078625202
  view-data: 0.12043066043406725
