times:
  edit-metadata: 0.5840936279855669
  landing: 0.06720891315490007
  view-data: 0.2317717238329351
