times:
  edit-metadata: 1.7822857927531004
  landing: 0.24661574885249138
  view-data: 0.1496712639927864
