times:
  edit-metadata: 1.832722820341587
  landing: 0.21732251159846783
  view-data: 0.04376666806638241
