times:
  edit-metadata: 1.5604169499129057
  landing: 0.1172626968473196
  view-data: 0.03148005157709122
