times:
  edit-metadata: 0.8073720433749259
  landing: 0.06829357566311955
  view-data: 0.2923915288411081
