times:
  edit-metadata: 1.4674388822168112
  landing: 0.02203893382102251
  view-data: 0.024166803807020187
