times:
  edit-metadata: 1.4844738459214568
  landing: 0.17643755208700895
  view-data: 0.5360836973413825
