times:
  edit-metadata: 1.5583465788513422
  landing: 0.24507223069667816
  view-data: 0.024224799126386642
