times:
  edit-metadata: 1.4558026604354382
  landing: 0.021282469853758812
  view-data: 0.023484915494918823
