times:
  edit-metadata: 1.4930689334869385
  landing: 0.12111316435039043
  view-data: 0.026271693408489227
