times:
  edit-metadata: 1.7994125513359904
  landing: 0.338190795853734
  view-data: 0.3121717255562544
