times:
  edit-metadata: 1.3762955833226442
  landing: 0.11332480981945992
  view-data: 0.024166526272892952
