times:
  edit-metadata: 1.578021528199315
  landing: 0.25320745445787907
  view-data: 0.22072426229715347
