times:
  edit-metadata: 1.5883683431893587
  landing: 0.2270641028881073
  view-data: 0.02671612612903118
