times:
  edit-metadata: 1.5722104832530022
  landing: 0.16259444691240788
  view-data: 0.3070181217044592
