times:
  edit-metadata: 1.4623634796589613
  landing: 0.020733339712023735
  view-data: 0.022990906611084938
