times:
  edit-metadata: 0.6171415937133133
  landing: 0.04705820791423321
  view-data: 0.32591956201940775
