times:
  edit-metadata: 1.4224502947181463
  landing: 0.019106239080429077
  view-data: 0.02400502748787403
