times:
  edit-metadata: 1.6176967564970255
  landing: 0.18540442548692226
  view-data: 0.037023695185780525
