times:
  edit-metadata: 1.598648339509964
  landing: 0.022155309095978737
  view-data: 0.024345919489860535
