times:
  edit-metadata: 1.8873229585587978
  landing: 0.031305587850511074
  view-data: 0.37547066900879145
