times:
  edit-metadata: 1.6220423933118582
  landing: 0.2636285722255707
  view-data: 0.16815118491649628
