times:
  edit-metadata: 1.4881859812885523
  landing: 0.021660147234797478
  view-data: 0.023428523913025856
