times:
  edit-metadata: 1.504765884950757
  landing: 0.020347708836197853
  view-data: 0.10269835591316223
