times:
  edit-metadata: 1.6899436227977276
  landing: 0.11376272514462471
  view-data: 0.23212042823433876
