times:
  edit-metadata: 0.6143844942562282
  landing: 0.043776338919997215
  view-data: 0.22100977413356304
