times:
  edit-metadata: 1.4823147561401129
  landing: 0.022199613973498344
  view-data: 0.028134791180491447
