times:
  edit-metadata: 0.619454650208354
  landing: 0.04791036108508706
  view-data: 0.22626595105975866
