times:
  edit-metadata: 1.518323427066207
  landing: 0.12753843516111374
  view-data: 0.32798892073333263
