times:
  edit-metadata: 1.4893938526511192
  landing: 0.019420241937041283
  view-data: 0.14144831337034702
