times:
  edit-metadata: 1.5198229616507888
  landing: 0.019609985873103142
  view-data: 0.15508719440549612
