times:
  edit-metadata: 0.6273841289803386
  landing: 0.07362643117085099
  view-data: 0.23173146089538932
