times:
  edit-metadata: 1.4520864225924015
  landing: 0.02011730056256056
  view-data: 0.24638991709798574
