times:
  edit-metadata: 1.4501026505604386
  landing: 0.1978333769366145
  view-data: 0.02564775850623846
