times:
  edit-metadata: 1.4618426216766238
  landing: 0.022178865037858486
  view-data: 0.09762025717645884
