times:
  edit-metadata: 0.5913267419673502
  landing: 0.06543492432683706
  view-data: 0.22913380106911063
