times:
  edit-metadata: 1.7628857586532831
  landing: 0.29298755526542664
  view-data: 0.42353042401373386
