times:
  edit-metadata: 1.5737372003495693
  landing: 0.12047470547258854
  view-data: 0.1443589311093092
