times:
  edit-metadata: 1.4623484378680587
  landing: 0.022294999100267887
  view-data: 0.11849615816026926
