times:
  edit-metadata: 1.6749724484980106
  landing: 0.223421823233366
  view-data: 0.3720190580934286
