times:
  edit-metadata: 1.932856772094965
  landing: 0.31216347217559814
  view-data: 0.20091795548796654
