times:
  edit-metadata: 1.5935196597129107
  landing: 0.21397196128964424
  view-data: 0.023431925103068352
