times:
  edit-metadata: 1.4545101504772902
  landing: 0.020098846405744553
  view-data: 0.02647036500275135
