times:
  edit-metadata: 1.4843464232981205
  landing: 0.030214948579669
  view-data: 0.027571100741624832
