times:
  edit-metadata: 1.4884561095386744
  landing: 0.02252344973385334
  view-data: 0.15203389339148998
