times:
  edit-metadata: 1.5092002470046282
  landing: 0.13451842032372952
  view-data: 0.3108240030705929
