times:
  edit-metadata: 1.7570863291621208
  landing: 0.18667362444102764
  view-data: 0.0579011756926775
