times:
  edit-metadata: 0.6025826348923147
  landing: 0.0658631157130003
  view-data: 0.22615194134414196
