times:
  edit-metadata: 1.5073768720030785
  landing: 0.021166212856769562
  view-data: 0.02592797577381134
