times:
  edit-metadata: 0.7398496749810874
  landing: 0.12077728984877467
  view-data: 0.2697002519853413
