times:
  edit-metadata: 1.5129661429673433
  landing: 0.019690055400133133
  view-data: 0.09571964666247368
