times:
  edit-metadata: 1.4750951007008553
  landing: 0.022905051708221436
  view-data: 0.3815187141299248
