times:
  edit-metadata: 1.722107807174325
  landing: 0.22644897550344467
  view-data: 0.031049292534589767
