times:
  edit-metadata: 1.5749890562146902
  landing: 0.1457031425088644
  view-data: 0.0987874735146761
