times:
  edit-metadata: 1.4641399644315243
  landing: 0.12963249348104
  view-data: 0.028515757992863655
