times:
  edit-metadata: 1.4866477455943823
  landing: 0.023016106337308884
  view-data: 0.33340948820114136
