times:
  edit-metadata: 1.4979280307888985
  landing: 0.021110104396939278
  view-data: 0.02552301622927189
