times:
  edit-metadata: 0.91444156691432
  landing: 0.048110137693583965
  view-data: 0.22010848904028535
