times:
  edit-metadata: 1.5873382408171892
  landing: 0.14010526053607464
  view-data: 0.02421521581709385
