times:
  edit-metadata: 1.9932211879640818
  landing: 0.2671071272343397
  view-data: 0.34427586384117603
