times:
  edit-metadata: 0.7635766630992293
  landing: 0.048916463274508715
  view-data: 0.21710811788216233
