times:
  edit-metadata: 1.397014668211341
  landing: 0.18969786912202835
  view-data: 0.5087214913219213
