times:
  edit-metadata: 1.5568274557590485
  landing: 0.019199492409825325
  view-data: 0.3168967552483082
