times:
  edit-metadata: 1.7062660921365023
  landing: 0.020972711965441704
  view-data: 0.3680603001266718
