times:
  edit-metadata: 1.5893567176535726
  landing: 0.020619952119886875
  view-data: 0.02349695097655058
