times:
  edit-metadata: 0.8064916860312223
  landing: 0.05992222670465708
  view-data: 0.2161199846304953
