times:
  edit-metadata: 1.592094512656331
  landing: 0.020954018458724022
  view-data: 0.025876803323626518
