times:
  edit-metadata: 1.4906361009925604
  landing: 0.13757387176156044
  view-data: 0.24458792246878147
