times:
  edit-metadata: 1.4547407552599907
  landing: 0.14082449115812778
  view-data: 0.026557909324765205
