times:
  edit-metadata: 1.4103309363126755
  landing: 0.23088496923446655
  view-data: 0.2638228926807642
