times:
  edit-metadata: 1.5373735558241606
  landing: 0.020933780819177628
  view-data: 0.6164879240095615
