times:
  edit-metadata: 1.5501260152086616
  landing: 0.01908784918487072
  view-data: 0.0472948644310236
