times:
  edit-metadata: 1.4388181883841753
  landing: 0.020135533064603806
  view-data: 0.024743538349866867
