times:
  edit-metadata: 1.5209384951740503
  landing: 0.025243541225790977
  view-data: 0.40828131698071957
