times:
  edit-metadata: 1.4773577190935612
  landing: 0.13152628019452095
  view-data: 0.2803422547876835
