times:
  edit-metadata: 0.6052927789278328
  landing: 0.07086244691163301
  view-data: 0.22134256642311811
