times:
  edit-metadata: 1.9907729160040617
  landing: 0.359757861122489
  view-data: 0.2507919054478407
