times:
  edit-metadata: 1.3943961029872298
  landing: 0.02026530634611845
  view-data: 0.11991773918271065
