times:
  edit-metadata: 1.4270880771800876
  landing: 0.14217443764209747
  view-data: 0.15095176547765732
