times:
  edit-metadata: 1.4992884006351233
  landing: 0.23502091877162457
  view-data: 0.02366007585078478
