times:
  edit-metadata: 1.8997036013752222
  landing: 0.020586170256137848
  view-data: 0.4188320394605398
