times:
  edit-metadata: 1.6040283665060997
  landing: 0.1511364560574293
  view-data: 0.11901143565773964
