times:
  edit-metadata: 1.4615613538771868
  landing: 0.01996641792356968
  view-data: 0.02248263731598854
