times:
  edit-metadata: 1.5462265396490693
  landing: 0.20839403104037046
  view-data: 0.46875633113086224
