times:
  edit-metadata: 1.6058463715016842
  landing: 0.02267318405210972
  view-data: 0.34464246965944767
