times:
  edit-metadata: 1.9497663490474224
  landing: 0.027629559859633446
  view-data: 0.05183876119554043
