times:
  edit-metadata: 1.6510187461972237
  landing: 0.15959586389362812
  view-data: 0.39439142495393753
