times:
  edit-metadata: 2.3456570990383625
  landing: 0.48999095149338245
  view-data: 0.19518139585852623
