times:
  edit-metadata: 1.4969466868788004
  landing: 0.02081220969557762
  view-data: 0.023954546079039574
