times:
  edit-metadata: 1.6361544989049435
  landing: 0.25957849621772766
  view-data: 0.3079845178872347
