times:
  edit-metadata: 0.8055645939894021
  landing: 0.10820617014542222
  view-data: 0.3008573977276683
