times:
  edit-metadata: 0.8546252190135419
  landing: 0.08943964494392276
  view-data: 0.22401172714307904
