times:
  edit-metadata: 1.478701999410987
  landing: 0.019468234851956367
  view-data: 0.13058594428002834
