times:
  edit-metadata: 1.4514672718942165
  landing: 0.021393664181232452
  view-data: 0.027433084324002266
