times:
  edit-metadata: 1.6658964846283197
  landing: 0.30958980694413185
  view-data: 0.3289393447339535
