times:
  edit-metadata: 1.9723240695893764
  landing: 0.30674804002046585
  view-data: 0.1784617230296135
