times:
  edit-metadata: 1.4522727765142918
  landing: 0.020675677806138992
  view-data: 0.02816004492342472
