times:
  edit-metadata: 1.4688788875937462
  landing: 0.14195461105555296
  view-data: 0.2277248464524746
