times:
  edit-metadata: 1.423050643876195
  landing: 0.018207857385277748
  view-data: 0.2311591887846589
