times:
  edit-metadata: 0.6112073888070881
  landing: 0.05396027769893408
  view-data: 0.2198846247047186
