times:
  edit-metadata: 0.7874017008580267
  landing: 0.11651157075539231
  view-data: 0.2152822781354189
