times:
  edit-metadata: 0.7705374769866467
  landing: 0.11206742934882641
  view-data: 0.33117160899564624
