times:
  edit-metadata: 0.4388736202381551
  landing: 0.044956719037145376
  view-data: 0.33593390695750713
