times:
  edit-metadata: 0.41539635322988033
  landing: 0.04384574107825756
  view-data: 0.19932215753942728
