times:
  edit-metadata: 0.44718797598034143
  landing: 0.05242012534290552
  view-data: 0.583364597056061
