times:
  edit-metadata: 0.4045145297423005
  landing: 0.04144546762108803
  view-data: 0.46335781179368496
