times:
  edit-metadata: 0.453730474691838
  landing: 0.041721549816429615
  view-data: 0.33645482501015067
