times:
  edit-metadata: 0.46263208519667387
  landing: 0.04734461475163698
  view-data: 0.3274619607254863
