times:
  edit-metadata: 0.4434332908131182
  landing: 0.041206063237041235
  view-data: 0.3810586421750486
