times:
  edit-metadata: 0.4291495932266116
  landing: 0.04376509506255388
  view-data: 0.3359414548613131
