times:
  edit-metadata: 0.45133751537650824
  landing: 0.04384543187916279
  view-data: 0.24847163818776608
