times:
  edit-metadata: 0.4232616303488612
  landing: 0.04356761462986469
  view-data: 0.20875309128314257
