times:
  edit-metadata: 0.43326285015791655
  landing: 0.042717487551271915
  view-data: 0.3510087877511978
