times:
  edit-metadata: 0.4545561373233795
  landing: 0.043798238039016724
  view-data: 0.19552325084805489
