times:
  edit-metadata: 0.43754035513848066
  landing: 0.05016199219971895
  view-data: 0.4689413048326969
