times:
  edit-metadata: 0.4416133975610137
  landing: 0.0417082728818059
  view-data: 0.3447688352316618
