times:
  edit-metadata: 0.4467717418447137
  landing: 0.04854194074869156
  view-data: 0.33480678871273994
