times:
  edit-metadata: 0.44830624759197235
  landing: 0.05256151594221592
  view-data: 0.19930087588727474
