times:
  edit-metadata: 0.44754287879914045
  landing: 0.047847562469542027
  view-data: 0.20282036904245615
