times:
  edit-metadata: 0.44184785708785057
  landing: 0.05289009213447571
  view-data: 0.4507705569267273
