times:
  edit-metadata: 0.4440942909568548
  landing: 0.05266298307105899
  view-data: 0.2335972599685192
