times:
  edit-metadata: 0.44649055786430836
  landing: 0.03854182595387101
  view-data: 0.35643327608704567
