times:
  edit-metadata: 0.4408590788953006
  landing: 0.04891529493033886
  view-data: 0.3764254557900131
