times:
  edit-metadata: 0.4303822200745344
  landing: 0.04528409615159035
  view-data: 0.509987460449338
