times:
  edit-metadata: 0.4273939630948007
  landing: 0.05282850097864866
  view-data: 0.2223281553015113
