times:
  edit-metadata: 0.4408409227617085
  landing: 0.04738921392709017
  view-data: 0.4833443001843989
