times:
  edit-metadata: 0.45020621456205845
  landing: 0.05033947806805372
  view-data: 0.20473626907914877
