times:
  edit-metadata: 0.4532109946012497
  landing: 0.039575486443936825
  view-data: 0.21847435366362333
