times:
  edit-metadata: 0.4782818527892232
  landing: 0.05115519929677248
  view-data: 0.19731593783944845
