times:
  edit-metadata: 0.43701556976884604
  landing: 0.04064382240176201
  view-data: 0.7130600940436125
