times:
  edit-metadata: 0.4618595577776432
  landing: 0.05112239997833967
  view-data: 0.20126790553331375
