times:
  edit-metadata: 0.4443905190564692
  landing: 0.053027867805212736
  view-data: 0.21937209088355303
