times:
  edit-metadata: 1.5495028905570507
  landing: 0.1455896468833089
  view-data: 0.40811400208622217
