times:
  edit-metadata: 1.7346932366490364
  landing: 0.1800617277622223
  view-data: 0.24562129005789757
