times:
  edit-metadata: 1.4355373531579971
  landing: 0.021380163729190826
  view-data: 0.13775502890348434
