times:
  edit-metadata: 0.5594573640264571
  landing: 0.08823437197133899
  view-data: 0.31909819319844246
