times:
  edit-metadata: 2.014481384307146
  landing: 0.28677782230079174
  view-data: 0.4116396214812994
