times:
  edit-metadata: 0.5712119699455798
  landing: 0.08908305503427982
  view-data: 0.28625145787373185
