times:
  edit-metadata: 1.4934987965971231
  landing: 0.020963164046406746
  view-data: 0.3731968719512224
