times:
  edit-metadata: 1.5094060562551022
  landing: 0.02214740961790085
  view-data: 0.14193844981491566
