times:
  edit-metadata: 1.553527483716607
  landing: 0.21871512942016125
  view-data: 0.13587632961571217
