times:
  edit-metadata: 1.483499925583601
  landing: 0.11682331189513206
  view-data: 0.02639457955956459
