times:
  edit-metadata: 1.4714652504771948
  landing: 0.2012799959629774
  view-data: 0.13535310700535774
