times:
  edit-metadata: 1.4724616771563888
  landing: 0.019159279763698578
  view-data: 0.5012676920741796
