times:
  edit-metadata: 1.6116334218531847
  landing: 0.17658330872654915
  view-data: 0.02984151616692543
