times:
  edit-metadata: 0.8194648288190365
  landing: 0.07521075289696455
  view-data: 0.29248317005112767
