times:
  edit-metadata: 1.7876533791422844
  landing: 0.2419214118272066
  view-data: 0.25261278077960014
