times:
  edit-metadata: 1.5843972843140364
  landing: 0.13463539630174637
  view-data: 0.17207560129463673
