times:
  edit-metadata: 1.7352800276130438
  landing: 0.020494500175118446
  view-data: 0.31267254799604416
