times:
  edit-metadata: 1.3906089309602976
  landing: 0.02222701534628868
  view-data: 0.025068070739507675
