times:
  edit-metadata: 1.481555536389351
  landing: 0.025402449071407318
  view-data: 0.025516340509057045
