times:
  edit-metadata: 1.3966550137847662
  landing: 0.15214786678552628
  view-data: 0.022915147244930267
