times:
  edit-metadata: 1.5076349172741175
  landing: 0.13599438592791557
  view-data: 0.02331203781068325
