times:
  edit-metadata: 0.8226980213075876
  landing: 0.06245624413713813
  view-data: 0.2807619529776275
