times:
  edit-metadata: 1.5030675623565912
  landing: 0.19772073440253735
  view-data: 0.1456853449344635
