times:
  edit-metadata: 1.3648776859045029
  landing: 0.02069801650941372
  view-data: 0.026227416470646858
