times:
  edit-metadata: 1.4401880968362093
  landing: 0.023580903187394142
  view-data: 0.15763180702924728
