times:
  edit-metadata: 1.731199361383915
  landing: 0.02311593107879162
  view-data: 0.17930665891617537
