times:
  edit-metadata: 1.4698558039963245
  landing: 0.01974746771156788
  view-data: 0.027184000238776207
