times:
  edit-metadata: 1.8300081957131624
  landing: 0.02008892223238945
  view-data: 0.13335733115673065
