times:
  edit-metadata: 1.6476484928280115
  landing: 0.18022106774151325
  view-data: 0.34630345925688744
