times:
  edit-metadata: 1.395331566222012
  landing: 0.13901762664318085
  view-data: 0.14394050650298595
