times:
  edit-metadata: 1.7171702813357115
  landing: 0.28389603830873966
  view-data: 0.17947373539209366
