times:
  edit-metadata: 1.472539346665144
  landing: 0.2904406525194645
  view-data: 0.026591641828417778
