times:
  edit-metadata: 1.8279878813773394
  landing: 0.021186424419283867
  view-data: 0.4112793803215027
