times:
  edit-metadata: 2.2949448581784964
  landing: 0.329684816300869
  view-data: 0.5073550567030907
