times:
  edit-metadata: 1.609889144077897
  landing: 0.020806485787034035
  view-data: 0.45366864651441574
