times:
  edit-metadata: 0.6455750977620482
  landing: 0.04639201704412699
  view-data: 0.28689944418147206
