times:
  edit-metadata: 1.5002887360751629
  landing: 0.20581160485744476
  view-data: 0.14579018391668797
