times:
  edit-metadata: 1.451164672151208
  landing: 0.11765304952859879
  view-data: 0.02382400445640087
