times:
  edit-metadata: 1.460251946002245
  landing: 0.020872153341770172
  view-data: 0.22738856449723244
