times:
  edit-metadata: 0.6088324137963355
  landing: 0.05090851802378893
  view-data: 0.3423675363883376
