times:
  edit-metadata: 1.396827695891261
  landing: 0.17435705289244652
  view-data: 0.02705998159945011
