times:
  edit-metadata: 0.5849952166900039
  landing: 0.04356459015980363
  view-data: 0.22595684882253408
