times:
  edit-metadata: 1.8772675329819322
  landing: 0.24231094308197498
  view-data: 0.03390538785606623
