times:
  edit-metadata: 0.8227569498121738
  landing: 0.05293083190917969
  view-data: 0.31008945824578404
