times:
  edit-metadata: 1.483329776674509
  landing: 0.020000064745545387
  view-data: 0.23562152683734894
