times:
  edit-metadata: 1.5399890970438719
  landing: 0.020779279991984367
  view-data: 0.37120097130537033
