times:
  edit-metadata: 1.5597089435905218
  landing: 0.021722249686717987
  view-data: 0.2812467887997627
