times:
  edit-metadata: 0.593496105633676
  landing: 0.0725451628677547
  view-data: 0.30764463962987065
