times:
  edit-metadata: 1.7303445525467396
  landing: 0.26206950657069683
  view-data: 0.022567162290215492
