times:
  edit-metadata: 1.4596478436142206
  landing: 0.13997840136289597
  view-data: 0.30387999303638935
