times:
  edit-metadata: 0.7588923908770084
  landing: 0.0443688347004354
  view-data: 0.3188311792910099
