times:
  edit-metadata: 1.4397056847810745
  landing: 0.026717007160186768
  view-data: 0.027249809354543686
