times:
  edit-metadata: 1.369477553293109
  landing: 0.022357027977705002
  view-data: 0.24686819035559893
