times:
  edit-metadata: 1.4407890364527702
  landing: 0.019756505265831947
  view-data: 0.02316359430551529
