times:
  edit-metadata: 1.4357168171554804
  landing: 0.021443190053105354
  view-data: 0.2542349826544523
