times:
  edit-metadata: 1.436192473396659
  landing: 0.1251925453543663
  view-data: 0.025906817987561226
