times:
  edit-metadata: 1.5314086768776178
  landing: 0.22686756495386362
  view-data: 0.4838138734921813
