times:
  edit-metadata: 1.4259328776970506
  landing: 0.12120359763503075
  view-data: 0.09831778053194284
