times:
  edit-metadata: 1.4301882265135646
  landing: 0.020779994316399097
  view-data: 0.024794899858534336
