times:
  edit-metadata: 0.5721203461289406
  landing: 0.05099969729781151
  view-data: 0.22512582270428538
