times:
  edit-metadata: 1.548580039292574
  landing: 0.021925097331404686
  view-data: 0.1430364642292261
