times:
  edit-metadata: 1.4391271183267236
  landing: 0.25620836671441793
  view-data: 0.13586595188826323
