times:
  edit-metadata: 2.5656201001256704
  landing: 0.15320030599832535
  view-data: 0.4242628179490566
