times:
  edit-metadata: 1.4680470637977123
  landing: 0.01919291354715824
  view-data: 0.13727858290076256
