times:
  edit-metadata: 1.4518741685897112
  landing: 0.21052370592951775
  view-data: 0.02236560545861721
