times:
  edit-metadata: 2.3309716880321503
  landing: 0.1397109366953373
  view-data: 0.3880284558981657
