times:
  edit-metadata: 0.5755557101219893
  landing: 0.04215195681899786
  view-data: 0.21570113906636834
