times:
  edit-metadata: 1.4204696994274855
  landing: 0.02068207412958145
  view-data: 0.1378337647765875
