times:
  edit-metadata: 1.4277988448739052
  landing: 0.02170586958527565
  view-data: 0.026807276532053947
