times:
  edit-metadata: 1.5140173956751823
  landing: 0.024266371503472328
  view-data: 0.02560894377529621
