times:
  edit-metadata: 1.449740355834365
  landing: 0.022615713998675346
  view-data: 0.026624411344528198
