times:
  edit-metadata: 1.451997878961265
  landing: 0.22856305912137032
  view-data: 0.3475998919457197
