times:
  edit-metadata: 1.6147832162678242
  landing: 0.17402663081884384
  view-data: 0.1509100515395403
