times:
  edit-metadata: 1.6666916068643332
  landing: 0.02135428972542286
  view-data: 0.02556249313056469
