times:
  edit-metadata: 0.7874432490207255
  landing: 0.07810956193134189
  view-data: 0.30280139995738864
