times:
  edit-metadata: 1.5687179416418076
  landing: 0.42697446048259735
  view-data: 0.16679364442825317
