times:
  edit-metadata: 1.442490772344172
  landing: 0.12234203703701496
  view-data: 0.3782917307689786
