times:
  edit-metadata: 1.6094521097838879
  landing: 0.2450836282223463
  view-data: 0.24955127201974392
