times:
  edit-metadata: 0.9087140937335789
  landing: 0.08868994796648622
  view-data: 0.24632570380344987
