times:
  edit-metadata: 1.4797425642609596
  landing: 0.022316817194223404
  view-data: 0.32797182723879814
