times:
  edit-metadata: 1.5215580686926842
  landing: 0.20541676878929138
  view-data: 0.13383683655411005
