times:
  edit-metadata: 1.5818277010694146
  landing: 0.24517123866826296
  view-data: 0.47096859011799097
