times:
  edit-metadata: 2.468820294365287
  landing: 0.19870178028941154
  view-data: 0.34949026443064213
