times:
  edit-metadata: 1.7404533047229052
  landing: 0.01956152729690075
  view-data: 0.35675791651010513
