times:
  edit-metadata: 1.3843721533194184
  landing: 0.15145177859812975
  view-data: 0.24873410444706678
