times:
  edit-metadata: 1.7320953961461782
  landing: 0.1234657783061266
  view-data: 0.17122088372707367
