times:
  edit-metadata: 1.6446470320224762
  landing: 0.32832085713744164
  view-data: 0.37411433458328247
