times:
  edit-metadata: 1.5784350726753473
  landing: 0.01941978558897972
  view-data: 0.3716040477156639
