times:
  edit-metadata: 1.5421004686504602
  landing: 0.019258931279182434
  view-data: 0.0267571359872818
