times:
  edit-metadata: 1.4507935754954815
  landing: 0.020652389153838158
  view-data: 0.36456225998699665
