times:
  edit-metadata: 1.400195512920618
  landing: 0.019730057567358017
  view-data: 0.024682683870196342
