times:
  edit-metadata: 1.5520174745470285
  landing: 0.02534591592848301
  view-data: 0.3766806684434414
