times:
  edit-metadata: 2.4417288452386856
  landing: 0.034606246277689934
  view-data: 0.02387353405356407
