times:
  edit-metadata: 1.4663912486284971
  landing: 0.021924331784248352
  view-data: 0.025338031351566315
