times:
  edit-metadata: 1.5229295082390308
  landing: 0.11856270395219326
  view-data: 0.28162265196442604
