times:
  edit-metadata: 2.085926901549101
  landing: 0.20806376077234745
  view-data: 0.1600971631705761
