times:
  edit-metadata: 0.5740838921628892
  landing: 0.045101548079401255
  view-data: 0.21429796423763037
