times:
  edit-metadata: 1.4765679687261581
  landing: 0.02094278857111931
  view-data: 0.3116896506398916
