times:
  edit-metadata: 1.5819684322923422
  landing: 0.021736323833465576
  view-data: 0.026401784271001816
