times:
  edit-metadata: 0.5629231170751154
  landing: 0.04470275901257992
  view-data: 0.3292782800272107
