times:
  edit-metadata: 1.4603509735316038
  landing: 0.11550785321742296
  view-data: 0.24244710709899664
