times:
  edit-metadata: 1.5348573084920645
  landing: 0.20396143570542336
  view-data: 0.14547470398247242
