times:
  edit-metadata: 1.3758508916944265
  landing: 0.02255498431622982
  view-data: 0.12216963339596987
