times:
  edit-metadata: 1.495565414428711
  landing: 0.34567963890731335
  view-data: 0.1648492682725191
