times:
  edit-metadata: 1.5232556406408548
  landing: 0.019388822838664055
  view-data: 0.02653072401881218
