times:
  edit-metadata: 1.4047839511185884
  landing: 0.020735664293169975
  view-data: 0.12650231271982193
