times:
  edit-metadata: 1.3946830444037914
  landing: 0.20702370535582304
  view-data: 0.02632027119398117
