times:
  edit-metadata: 1.582938775420189
  landing: 0.26595751382410526
  view-data: 0.3619992360472679
