times:
  edit-metadata: 1.4789855908602476
  landing: 0.020024994388222694
  view-data: 0.3020207155495882
