times:
  edit-metadata: 1.4188013784587383
  landing: 0.019674569368362427
  view-data: 0.12294076941907406
