times:
  edit-metadata: 1.4183064065873623
  landing: 0.020145495422184467
  view-data: 0.026699235662817955
