times:
  edit-metadata: 1.5367474872618914
  landing: 0.02187507599592209
  view-data: 0.14911873079836369
