times:
  edit-metadata: 1.4577178731560707
  landing: 0.2372695989906788
  view-data: 0.27455413434654474
