times:
  edit-metadata: 2.207549173384905
  landing: 0.3716902546584606
  view-data: 0.41405424289405346
