times:
  edit-metadata: 2.614231404993916
  landing: 0.31768758699763566
  view-data: 0.49688452400732785
