times:
  edit-metadata: 1.4454322811216116
  landing: 0.13223282434046268
  view-data: 0.03116268292069435
