times:
  edit-metadata: 1.3777971789240837
  landing: 0.19441533647477627
  view-data: 0.30131146125495434
