times:
  edit-metadata: 0.5848332149907947
  landing: 0.04720121109858155
  view-data: 0.21987935481593013
