times:
  edit-metadata: 1.3956536576151848
  landing: 0.020436663180589676
  view-data: 0.023724345490336418
