times:
  edit-metadata: 1.3767745792865753
  landing: 0.02252606488764286
  view-data: 0.10044354945421219
