times:
  edit-metadata: 1.709302119910717
  landing: 0.1374642625451088
  view-data: 0.023736299946904182
