times:
  edit-metadata: 1.4353110557422042
  landing: 0.022497722879052162
  view-data: 0.026740966364741325
