times:
  edit-metadata: 1.4202632866799831
  landing: 0.1946712341159582
  view-data: 0.13956202194094658
