times:
  edit-metadata: 1.6240990906953812
  landing: 0.020123237743973732
  view-data: 0.3572590947151184
