times:
  edit-metadata: 1.6065960749983788
  landing: 0.19234320521354675
  view-data: 0.024531887844204903
