times:
  edit-metadata: 1.4790321793407202
  landing: 0.019990459084510803
  view-data: 0.37020145915448666
