times:
  edit-metadata: 1.474863630719483
  landing: 0.01992941740900278
  view-data: 0.0260515995323658
