times:
  edit-metadata: 1.3963995762169361
  landing: 0.01919577829539776
  view-data: 0.0243680402636528
