times:
  edit-metadata: 1.4286154378205538
  landing: 0.02292989008128643
  view-data: 0.025731146335601807
