times:
  edit-metadata: 0.5625669667497277
  landing: 0.046131704933941364
  view-data: 0.21508507477119565
