times:
  edit-metadata: 1.5478568328544497
  landing: 0.26804449409246445
  view-data: 0.22616911213845015
