times:
  edit-metadata: 0.577637227717787
  landing: 0.04454150376841426
  view-data: 0.21468759793788195
