times:
  edit-metadata: 1.7706866078078747
  landing: 0.22601009719073772
  view-data: 0.34017666056752205
