times:
  edit-metadata: 0.5939083411358297
  landing: 0.05725575610995293
  view-data: 0.2298199930228293
