times:
  edit-metadata: 1.8015362499281764
  landing: 0.18219539988785982
  view-data: 0.023205390200018883
