times:
  edit-metadata: 2.159355703741312
  landing: 0.34501015208661556
  view-data: 0.4237278997898102
