times:
  edit-metadata: 1.7208454739302397
  landing: 0.12634214758872986
  view-data: 0.3502018600702286
