times:
  edit-metadata: 1.5820708349347115
  landing: 0.022641588002443314
  view-data: 0.13476672023534775
