times:
  edit-metadata: 1.436976321041584
  landing: 0.021554766222834587
  view-data: 0.10315538756549358
