times:
  edit-metadata: 1.4575311206281185
  landing: 0.2157778088003397
  view-data: 0.12086699903011322
