times:
  edit-metadata: 1.4190232399851084
  landing: 0.020904425531625748
  view-data: 0.028371158987283707
