times:
  edit-metadata: 1.380937360227108
  landing: 0.018929867073893547
  view-data: 0.02629893086850643
