times:
  edit-metadata: 2.3846253994852304
  landing: 0.30856429040431976
  view-data: 0.044602515175938606
