times:
  edit-metadata: 1.381703371182084
  landing: 0.021895701996982098
  view-data: 0.02463814988732338
