times:
  edit-metadata: 0.7590266331098974
  landing: 0.04257842106744647
  view-data: 0.2772110919468105
