times:
  edit-metadata: 1.4326544310897589
  landing: 0.021005090326070786
  view-data: 0.12466905824840069
