times:
  edit-metadata: 1.4869082383811474
  landing: 0.021141111850738525
  view-data: 0.12840446084737778
