times:
  edit-metadata: 1.419482683762908
  landing: 0.0217417124658823
  view-data: 0.02265792340040207
