times:
  edit-metadata: 0.5614213128574193
  landing: 0.051011038944125175
  view-data: 0.22071827901527286
