times:
  edit-metadata: 1.5556849520653486
  landing: 0.14662252739071846
  view-data: 0.1564446035772562
