times:
  edit-metadata: 1.6468603238463402
  landing: 0.2406517006456852
  view-data: 0.3110452387481928
