times:
  edit-metadata: 1.588075865060091
  landing: 0.3694274313747883
  view-data: 0.14635064266622066
