times:
  edit-metadata: 1.4174757599830627
  landing: 0.02052570879459381
  view-data: 0.024660903960466385
