times:
  edit-metadata: 0.7930857930332422
  landing: 0.07347594480961561
  view-data: 0.33946902211755514
