times:
  edit-metadata: 1.4624365400522947
  landing: 0.14234651438891888
  view-data: 0.02629801258444786
