times:
  edit-metadata: 1.3670931030064821
  landing: 0.02084507793188095
  view-data: 0.12655970640480518
