times:
  edit-metadata: 0.5848540193401277
  landing: 0.04875152092427015
  view-data: 0.2140917698852718
