times:
  edit-metadata: 0.6749592800624669
  landing: 0.06883177161216736
  view-data: 0.25934494379907846
