times:
  edit-metadata: 1.7032864931970835
  landing: 0.23028193227946758
  view-data: 0.1653573252260685
