times:
  edit-metadata: 0.5827726610004902
  landing: 0.05271436367183924
  view-data: 0.22001647297292948
