times:
  edit-metadata: 1.6857405239716172
  landing: 0.019746762700378895
  view-data: 0.026410297490656376
