times:
  edit-metadata: 1.3915505558252335
  landing: 0.17320960946381092
  view-data: 0.13254683651030064
