times:
  edit-metadata: 1.398456059396267
  landing: 0.023862283676862717
  view-data: 0.025035595521330833
