times:
  edit-metadata: 1.5835895035415888
  landing: 0.02467440813779831
  view-data: 0.026270268484950066
