times:
  edit-metadata: 1.6800368390977383
  landing: 0.2722312845289707
  view-data: 0.359841525554657
