times:
  edit-metadata: 1.5477855782955885
  landing: 0.020562028512358665
  view-data: 0.024390649050474167
