times:
  edit-metadata: 0.7322026519104838
  landing: 0.044844665098935366
  view-data: 0.2951768981292844
