times:
  edit-metadata: 1.8359443582594395
  landing: 0.23683693073689938
  view-data: 0.27193180471658707
