times:
  edit-metadata: 1.4649160280823708
  landing: 0.266407473012805
  view-data: 0.13974667713046074
