times:
  edit-metadata: 0.4281213004142046
  landing: 0.045050173066556454
  view-data: 0.20042312052100897
