times:
  edit-metadata: 0.4549297783523798
  landing: 0.05091784242540598
  view-data: 0.19960483256727457
