times:
  edit-metadata: 0.45058999862521887
  landing: 0.04213581094518304
  view-data: 0.22583994921296835
