times:
  edit-metadata: 0.44872596580535173
  landing: 0.05189065169543028
  view-data: 0.4584174072369933
