times:
  edit-metadata: 0.44487378280609846
  landing: 0.0505262091755867
  view-data: 0.19727292377501726
