times:
  edit-metadata: 0.44429672369733453
  landing: 0.046660827938467264
  view-data: 0.21367522096261382
