times:
  edit-metadata: 0.4610455892980099
  landing: 0.040816194377839565
  view-data: 0.47488131932914257
