times:
  edit-metadata: 1.510140361264348
  landing: 0.23033513501286507
  view-data: 0.027176205068826675
