times:
  edit-metadata: 0.786467082798481
  landing: 0.05404372280463576
  view-data: 0.24108895380049944
