times:
  edit-metadata: 0.654213875066489
  landing: 0.050996563863009214
  view-data: 0.2278156760148704
