times:
  edit-metadata: 0.905260045081377
  landing: 0.08961457200348377
  view-data: 0.21764228772372007
