times:
  edit-metadata: 1.503985695540905
  landing: 0.21012088283896446
  view-data: 0.023802753537893295
