times:
  edit-metadata: 0.7216231948696077
  landing: 0.052564616315066814
  view-data: 0.3054770012386143
