times:
  edit-metadata: 1.7837293073534966
  landing: 0.3066387362778187
  view-data: 0.23561347275972366
