times:
  edit-metadata: 1.7216775752604008
  landing: 0.13627745769917965
  view-data: 0.05919621139764786
