times:
  edit-metadata: 2.082299538888037
  landing: 0.27016979176551104
  view-data: 0.4039953863248229
