times:
  edit-metadata: 1.552972311154008
  landing: 0.17166578955948353
  view-data: 0.026411550119519234
