times:
  edit-metadata: 0.8514462979510427
  landing: 0.05475390003994107
  view-data: 0.32880735863000154
