times:
  edit-metadata: 1.6478168712928891
  landing: 0.27371418569236994
  view-data: 0.43832887429744005
