times:
  edit-metadata: 1.6750454977154732
  landing: 0.22262181527912617
  view-data: 0.33366995118558407
