times:
  edit-metadata: 0.7967740446329117
  landing: 0.07692210702225566
  view-data: 0.22680951282382011
