times:
  edit-metadata: 0.8740277620963752
  landing: 0.07378935674205422
  view-data: 0.21898237615823746
