times:
  edit-metadata: 1.4874170012772083
  landing: 0.02142663113772869
  view-data: 0.09828204475343227
