times:
  edit-metadata: 1.5219419430941343
  landing: 0.19254965335130692
  view-data: 0.022988833487033844
