times:
  edit-metadata: 0.6225285697728395
  landing: 0.04361740965396166
  view-data: 0.25092575466260314
