times:
  edit-metadata: 1.5059353075921535
  landing: 0.1294991821050644
  view-data: 0.13997704908251762
