times:
  edit-metadata: 0.623645783867687
  landing: 0.06683457875624299
  view-data: 0.2349527720361948
