times:
  edit-metadata: 1.4509473368525505
  landing: 0.020418060943484306
  view-data: 0.02426605112850666
