times:
  edit-metadata: 1.5020279046148062
  landing: 0.019147956743836403
  view-data: 0.026095863431692123
