times:
  edit-metadata: 1.5433029513806105
  landing: 0.019259067252278328
  view-data: 0.02309509739279747
