times:
  edit-metadata: 3.972453764989041
  landing: 0.64124818900018
  view-data: 0.8233597689832095
