times:
  edit-metadata: 0.6390349608846009
  landing: 0.07300720969215035
  view-data: 0.2090041609480977
