times:
  edit-metadata: 1.5054977629333735
  landing: 0.019863944500684738
  view-data: 0.32735916785895824
