times:
  edit-metadata: 1.4030050737783313
  landing: 0.019533257000148296
  view-data: 0.1162294801324606
