times:
  edit-metadata: 1.467793838120997
  landing: 0.2348400754854083
  view-data: 0.5095897559076548
