times:
  edit-metadata: 0.6527194571681321
  landing: 0.05480219516903162
  view-data: 0.215789589099586
