times:
  edit-metadata: 1.5386245530098677
  landing: 0.019103476777672768
  view-data: 0.3208239357918501
