times:
  edit-metadata: 1.4797424152493477
  landing: 0.11942088790237904
  view-data: 0.025882964953780174
