times:
  edit-metadata: 0.8054263521917164
  landing: 0.08099648775532842
  view-data: 0.34433635603636503
