times:
  edit-metadata: 1.4309950936585665
  landing: 0.019799018278717995
  view-data: 0.14309706538915634
