times:
  edit-metadata: 1.4919644948095083
  landing: 0.13029014691710472
  view-data: 0.1268885638564825
