times:
  edit-metadata: 1.521906927227974
  landing: 0.022297406569123268
  view-data: 0.028491010889410973
