times:
  edit-metadata: 1.7562643736600876
  landing: 0.2723238579928875
  view-data: 0.33102901093661785
