times:
  edit-metadata: 2.0608583595603704
  landing: 0.02068697288632393
  view-data: 0.028657836839556694
