times:
  edit-metadata: 1.9855856653302908
  landing: 0.4150893557816744
  view-data: 0.34821779653429985
