times:
  edit-metadata: 1.5464575942605734
  landing: 0.01969143934547901
  view-data: 0.023454250767827034
