times:
  edit-metadata: 2.0800218880176544
  landing: 0.3780339267104864
  view-data: 0.31320472434163094
