times:
  edit-metadata: 1.5724383480846882
  landing: 0.018323658034205437
  view-data: 0.025635331869125366
