times:
  edit-metadata: 0.8737870482727885
  landing: 0.06719291023910046
  view-data: 0.27127071702852845
