times:
  edit-metadata: 1.518161628395319
  landing: 0.21007736213505268
  view-data: 0.12076120264828205
