times:
  edit-metadata: 1.4918713495135307
  landing: 0.12626212183386087
  view-data: 0.3118288516998291
