times:
  edit-metadata: 1.5286756977438927
  landing: 0.14585339091718197
  view-data: 0.02668607607483864
