times:
  edit-metadata: 1.9678771048784256
  landing: 0.27369204349815845
  view-data: 0.025146866217255592
