times:
  edit-metadata: 1.6878053415566683
  landing: 0.18464605044573545
  view-data: 0.027423075400292873
