times:
  edit-metadata: 1.5522981397807598
  landing: 0.01952962577342987
  view-data: 0.025548331439495087
