times:
  edit-metadata: 0.8969111382029951
  landing: 0.039572436828166246
  view-data: 0.24501676112413406
