times:
  edit-metadata: 3.1894404403865337
  landing: 0.04684055969119072
  view-data: 0.28340085223317146
