times:
  edit-metadata: 1.552138950675726
  landing: 0.197787556797266
  view-data: 0.3329805079847574
