times:
  edit-metadata: 1.5152214728295803
  landing: 0.021639782935380936
  view-data: 0.027170391753315926
