times:
  edit-metadata: 0.6056174500845373
  landing: 0.07588833197951317
  view-data: 0.22817686013877392
