times:
  edit-metadata: 1.6751309046521783
  landing: 0.21931855753064156
  view-data: 0.13589912373572588
