times:
  edit-metadata: 1.86616356857121
  landing: 0.2332188691943884
  view-data: 0.35378827154636383
