times:
  edit-metadata: 1.6895525455474854
  landing: 0.2687143553048372
  view-data: 0.026690615341067314
