times:
  edit-metadata: 1.8083619717508554
  landing: 0.16646087914705276
  view-data: 0.027561964467167854
