times:
  edit-metadata: 1.628780510276556
  landing: 0.02536885067820549
  view-data: 0.025930125266313553
