times:
  edit-metadata: 1.5538744628429413
  landing: 0.023150380700826645
  view-data: 0.027979519218206406
