times:
  edit-metadata: 2.317951673641801
  landing: 0.025386178866028786
  view-data: 0.15058892965316772
