times:
  edit-metadata: 1.4977224534377456
  landing: 0.019756199792027473
  view-data: 0.41184442956000566
