times:
  edit-metadata: 1.641762875020504
  landing: 0.021241791546344757
  view-data: 0.031199518591165543
