times:
  edit-metadata: 1.476390610449016
  landing: 0.047106778249144554
  view-data: 0.022699815221130848
