times:
  edit-metadata: 1.0821693181060255
  landing: 0.04593188688158989
  view-data: 0.20950729213654995
