times:
  edit-metadata: 1.501331178471446
  landing: 0.19395686127245426
  view-data: 0.028709866106510162
