times:
  edit-metadata: 1.5196054633706808
  landing: 0.09978074580430984
  view-data: 0.026681140065193176
