times:
  edit-metadata: 1.4931353367865086
  landing: 0.1989912297576666
  view-data: 0.02376265823841095
