times:
  edit-metadata: 1.6643986161798239
  landing: 0.23420795425772667
  view-data: 0.029172251001000404
