times:
  edit-metadata: 1.5530070150271058
  landing: 0.1254328079521656
  view-data: 0.022593953646719456
