times:
  edit-metadata: 2.2295926632359624
  landing: 0.35965908970683813
  view-data: 0.1806162865832448
