times:
  edit-metadata: 1.570872226729989
  landing: 0.019224031828343868
  view-data: 0.023854350671172142
