times:
  edit-metadata: 1.8847009222954512
  landing: 0.3874291889369488
  view-data: 0.02880946360528469
