times:
  edit-metadata: 1.6413382608443499
  landing: 0.1396783161908388
  view-data: 0.02440829575061798
