times:
  edit-metadata: 2.50966465100646
  landing: 0.20628249700530432
  view-data: 0.5441136930021457
