times:
  edit-metadata: 0.8176083820872009
  landing: 0.05276712914928794
  view-data: 0.27871296321973205
