times:
  edit-metadata: 1.6273856163024902
  landing: 0.020810933783650398
  view-data: 0.02764398232102394
