times:
  edit-metadata: 1.5105227027088404
  landing: 0.13042630441486835
  view-data: 0.027221975848078728
