times:
  edit-metadata: 1.674044705927372
  landing: 0.1940294560045004
  view-data: 0.16966562904417515
