times:
  edit-metadata: 1.5204763989895582
  landing: 0.020268747583031654
  view-data: 0.027886390686035156
