times:
  edit-metadata: 1.5255773160606623
  landing: 0.15043767727911472
  view-data: 0.12474714778363705
