times:
  edit-metadata: 1.9057686161249876
  landing: 0.32508474215865135
  view-data: 0.47081751748919487
