times:
  edit-metadata: 1.7515398431569338
  landing: 0.2555948980152607
  view-data: 0.2708256859332323
