times:
  edit-metadata: 1.6860161684453487
  landing: 0.1548912227153778
  view-data: 0.310007119551301
