times:
  edit-metadata: 1.5695623308420181
  landing: 0.021364660933613777
  view-data: 0.2648700438439846
