times:
  edit-metadata: 1.5751247499138117
  landing: 0.018919844180345535
  view-data: 0.02379985712468624
