times:
  edit-metadata: 1.478813317604363
  landing: 0.0216246098279953
  view-data: 0.2214806703850627
