times:
  edit-metadata: 1.765395849943161
  landing: 0.26519605703651905
  view-data: 0.02439383789896965
