times:
  edit-metadata: 1.5131871029734612
  landing: 0.01924433372914791
  view-data: 0.24840427190065384
