times:
  edit-metadata: 2.1900766994804144
  landing: 0.02353893220424652
  view-data: 0.33877737261354923
