times:
  edit-metadata: 1.6902900580316782
  landing: 0.2911147940903902
  view-data: 0.4188362006098032
