times:
  edit-metadata: 1.5264961421489716
  landing: 0.020531432703137398
  view-data: 0.30981004424393177
