times:
  edit-metadata: 1.7568391505628824
  landing: 0.14399137906730175
  view-data: 0.37349324859678745
