times:
  edit-metadata: 1.5267415195703506
  landing: 0.020225955173373222
  view-data: 0.33094010315835476
