times:
  edit-metadata: 1.9244154505431652
  landing: 0.16895419918000698
  view-data: 0.025258813053369522
