times:
  edit-metadata: 1.7410018369555473
  landing: 0.2657167762517929
  view-data: 0.3827163204550743
