times:
  edit-metadata: 1.5414515864104033
  landing: 0.19402256328612566
  view-data: 0.02431961800903082
