times:
  edit-metadata: 1.8313958197832108
  landing: 0.24895527213811874
  view-data: 0.43955900333821774
