times:
  edit-metadata: 1.5942454868927598
  landing: 0.2419052878394723
  view-data: 0.39525098633021116
