times:
  edit-metadata: 1.5200158916413784
  landing: 0.019319307059049606
  view-data: 0.026387576013803482
