times:
  edit-metadata: 1.592208245769143
  landing: 0.26508181542158127
  view-data: 0.31911457143723965
