times:
  edit-metadata: 0.7352227568626404
  landing: 0.046499391086399555
  view-data: 0.22971541620790958
