times:
  edit-metadata: 1.6576114241033792
  landing: 0.02392817661166191
  view-data: 0.12780361622571945
