times:
  edit-metadata: 1.5042875381186604
  landing: 0.023207121528685093
  view-data: 0.1000783508643508
