times:
  edit-metadata: 0.6692120647057891
  landing: 0.060680003836750984
  view-data: 0.32758020190522075
