times:
  edit-metadata: 1.4903977774083614
  landing: 0.022655559703707695
  view-data: 0.02728165313601494
