times:
  edit-metadata: 1.5477780066430569
  landing: 0.02334083802998066
  view-data: 0.028901053592562675
