times:
  edit-metadata: 1.6389288622885942
  landing: 0.19532439392060041
  view-data: 0.502177438698709
