times:
  edit-metadata: 1.760170392692089
  landing: 0.2268824242055416
  view-data: 0.30208399146795273
