times:
  edit-metadata: 1.59944031201303
  landing: 0.024516180157661438
  view-data: 0.35081664845347404
