times:
  edit-metadata: 1.531659433618188
  landing: 0.12139847688376904
  view-data: 0.026332147419452667
