times:
  edit-metadata: 1.8859194088727236
  landing: 0.10189580172300339
  view-data: 0.2982711624354124
