times:
  edit-metadata: 1.5874474570155144
  landing: 0.22921511717140675
  view-data: 0.02415994182229042
