times:
  edit-metadata: 1.4479128438979387
  landing: 0.021858789958059788
  view-data: 0.47288714814931154
