times:
  edit-metadata: 1.5636389032006264
  landing: 0.12427011877298355
  view-data: 0.3764476776123047
