times:
  edit-metadata: 2.084122823551297
  landing: 0.21183054149150848
  view-data: 0.4699794761836529
