times:
  edit-metadata: 1.4451739508658648
  landing: 0.01991385966539383
  view-data: 0.028054839000105858
