times:
  edit-metadata: 0.6411092230118811
  landing: 0.0714695886708796
  view-data: 0.2277885228395462
