times:
  edit-metadata: 1.695322409272194
  landing: 0.14913569390773773
  view-data: 0.13412409275770187
