times:
  edit-metadata: 1.867144713178277
  landing: 0.02197488211095333
  view-data: 0.35506601072847843
