times:
  edit-metadata: 1.445437464863062
  landing: 0.022496627643704414
  view-data: 0.027182647958397865
