times:
  edit-metadata: 1.6513763405382633
  landing: 0.019633157178759575
  view-data: 0.34037149138748646
