times:
  edit-metadata: 1.5472819209098816
  landing: 0.02316153235733509
  view-data: 0.13326646760106087
