times:
  edit-metadata: 1.5693610217422247
  landing: 0.0217084139585495
  view-data: 0.025605782866477966
