times:
  edit-metadata: 1.4872340383008122
  landing: 0.18724039383232594
  view-data: 0.3238736717030406
