times:
  edit-metadata: 1.7433217763900757
  landing: 0.1660050405189395
  view-data: 0.15481642168015242
