times:
  edit-metadata: 1.5715913688763976
  landing: 0.018981939181685448
  view-data: 0.21440043486654758
