times:
  edit-metadata: 0.7981507531367242
  landing: 0.04793795198202133
  view-data: 0.30868060840293765
