times:
  edit-metadata: 1.4409492947161198
  landing: 0.02176145277917385
  view-data: 0.39711168967187405
