times:
  edit-metadata: 1.661617323756218
  landing: 0.18018734082579613
  view-data: 0.26648078486323357
