times:
  edit-metadata: 1.611248191446066
  landing: 0.1586763635277748
  view-data: 0.025112057104706764
