times:
  edit-metadata: 1.5879823546856642
  landing: 0.01799965463578701
  view-data: 0.27823326643556356
