times:
  edit-metadata: 1.6505077555775642
  landing: 0.023334743455052376
  view-data: 0.41708285361528397
