times:
  edit-metadata: 1.51150191295892
  landing: 0.1299836877733469
  view-data: 0.13535733241587877
