times:
  edit-metadata: 0.6265016500838101
  landing: 0.16282580886036158
  view-data: 0.3264345726929605
