times:
  edit-metadata: 0.6176396892406046
  landing: 0.05998453311622143
  view-data: 0.23725796956568956
