times:
  edit-metadata: 1.4967849552631378
  landing: 0.12733386270701885
  view-data: 0.02779567986726761
