times:
  edit-metadata: 1.5435937475413084
  landing: 0.13159278966486454
  view-data: 0.3055951315909624
