times:
  edit-metadata: 1.4864761549979448
  landing: 0.022788845002651215
  view-data: 0.026317736133933067
