times:
  edit-metadata: 1.7864633444696665
  landing: 0.21894652396440506
  view-data: 0.39931004121899605
