times:
  edit-metadata: 1.9084178181365132
  landing: 0.022363262251019478
  view-data: 0.023842716589570045
