times:
  edit-metadata: 1.8222804870456457
  landing: 0.02254006452858448
  view-data: 0.15324262902140617
