times:
  edit-metadata: 0.7709286296740174
  landing: 0.08332620188593864
  view-data: 0.22677498310804367
