times:
  edit-metadata: 1.4341404866427183
  landing: 0.11249835416674614
  view-data: 0.026558415964245796
