times:
  edit-metadata: 1.802558870986104
  landing: 0.17735184356570244
  view-data: 0.34905840642750263
