times:
  edit-metadata: 0.6350070866756141
  landing: 0.06626367894932628
  view-data: 0.23403152776882052
