times:
  edit-metadata: 1.5157432612031698
  landing: 0.11586005240678787
  view-data: 0.023884886875748634
