times:
  edit-metadata: 0.9977234178222716
  landing: 0.046566293109208345
  view-data: 0.21214037435129285
