times:
  edit-metadata: 1.5728536676615477
  landing: 0.236013513058424
  view-data: 0.3598466459661722
