times:
  edit-metadata: 1.5169654432684183
  landing: 0.020339958369731903
  view-data: 0.023796984925866127
