times:
  edit-metadata: 2.24687285348773
  landing: 0.28063482977449894
  view-data: 0.18261130154132843
