times:
  edit-metadata: 2.2516020387411118
  landing: 0.23193777725100517
  view-data: 0.17094327695667744
