times:
  edit-metadata: 1.4824031116440892
  landing: 0.0210366640239954
  view-data: 0.11669522523880005
