times:
  edit-metadata: 1.5239566769450903
  landing: 0.2523959930986166
  view-data: 0.02348948083817959
