times:
  edit-metadata: 1.5735801067203283
  landing: 0.01899430900812149
  view-data: 0.026991035789251328
