times:
  edit-metadata: 0.6142659988254309
  landing: 0.06399848498404026
  view-data: 0.22904329327866435
