times:
  edit-metadata: 1.4652299787849188
  landing: 0.01926220767199993
  view-data: 0.025020776316523552
