times:
  edit-metadata: 1.5447746682912111
  landing: 0.16707506030797958
  view-data: 0.023239819332957268
