times:
  edit-metadata: 1.647408165037632
  landing: 0.24879514053463936
  view-data: 0.3470590375363827
