times:
  edit-metadata: 1.5247983857989311
  landing: 0.01966680958867073
  view-data: 0.30670554004609585
