times:
  edit-metadata: 1.9653373043984175
  landing: 0.021263116970658302
  view-data: 0.3834903370589018
