times:
  edit-metadata: 1.5578188616782427
  landing: 0.02151602692902088
  view-data: 0.11896026134490967
