times:
  edit-metadata: 1.656275985762477
  landing: 0.021831227466464043
  view-data: 0.025604212656617165
