times:
  edit-metadata: 1.4784279698505998
  landing: 0.021013809368014336
  view-data: 0.024038631469011307
