times:
  edit-metadata: 1.646503197029233
  landing: 0.2712015379220247
  view-data: 0.03392711095511913
