times:
  edit-metadata: 1.5290829595178366
  landing: 0.05103591829538345
  view-data: 0.34251859970390797
