times:
  edit-metadata: 1.5041370950639248
  landing: 0.019970666617155075
  view-data: 0.12102156691253185
