times:
  edit-metadata: 1.50471899099648
  landing: 0.14418011531233788
  view-data: 0.1363979410380125
