times:
  edit-metadata: 1.5273633245378733
  landing: 0.1345210149884224
  view-data: 0.28758040722459555
