times:
  edit-metadata: 1.8216290324926376
  landing: 0.01964743062853813
  view-data: 0.34784201346337795
