times:
  edit-metadata: 1.551730534993112
  landing: 0.018273895606398582
  view-data: 0.02688864152878523
