times:
  edit-metadata: 0.4263923140242696
  landing: 0.06320851854979992
  view-data: 0.3240897851064801
