times:
  edit-metadata: 0.4481804212555289
  landing: 0.04288906417787075
  view-data: 0.19293842744082212
