times:
  edit-metadata: 0.43702594796195626
  landing: 0.051004775799810886
  view-data: 0.46742569701746106
