times:
  edit-metadata: 0.4269180279225111
  landing: 0.03836171608418226
  view-data: 0.22336146095767617
