times:
  edit-metadata: 0.43279481399804354
  landing: 0.04135170113295317
  view-data: 0.3585157133638859
