times:
  edit-metadata: 0.43765947688370943
  landing: 0.0449217576533556
  view-data: 0.3279971107840538
