times:
  edit-metadata: 0.44552292209118605
  landing: 0.045934430323541164
  view-data: 0.4749501603655517
