times:
  edit-metadata: 0.44979595579206944
  landing: 0.048272093292325735
  view-data: 0.2244749441742897
