times:
  edit-metadata: 0.44960214104503393
  landing: 0.04493527906015515
  view-data: 0.3422987530939281
