times:
  edit-metadata: 0.46607243455946445
  landing: 0.042759157717227936
  view-data: 0.2145790196955204
