times:
  edit-metadata: 0.4601615397259593
  landing: 0.052606903947889805
  view-data: 0.21834272518754005
