times:
  edit-metadata: 0.4472943088039756
  landing: 0.04780413303524256
  view-data: 0.3465866297483444
