times:
  edit-metadata: 0.4486835808493197
  landing: 0.043467515148222446
  view-data: 0.33830173686146736
