times:
  edit-metadata: 0.439506096765399
  landing: 0.045090945437550545
  view-data: 0.20345788542181253
