times:
  edit-metadata: 0.44819452427327633
  landing: 0.053910176269710064
  view-data: 0.19347391463816166
