times:
  edit-metadata: 0.4525086050853133
  landing: 0.04977660207077861
  view-data: 0.2188641200773418
