times:
  edit-metadata: 0.4579320605844259
  landing: 0.04371854104101658
  view-data: 0.3325939457863569
