times:
  edit-metadata: 0.4506687759421766
  landing: 0.048096499871462584
  view-data: 0.4467429951764643
