times:
  edit-metadata: 0.4368403507396579
  landing: 0.04850857798010111
  view-data: 0.35505504021421075
