times:
  edit-metadata: 0.4389601261354983
  landing: 0.044029701966792345
  view-data: 0.4666427541524172
