times:
  edit-metadata: 0.43697818741202354
  landing: 0.04229554906487465
  view-data: 0.46433942951261997
