times:
  edit-metadata: 0.46511227544397116
  landing: 0.05354256182909012
  view-data: 0.32957184221595526
