times:
  edit-metadata: 0.4315445488318801
  landing: 0.05614975094795227
  view-data: 0.2493145363405347
