times:
  edit-metadata: 0.8574352012947202
  landing: 0.05662574013695121
  view-data: 0.22024205373600125
