times:
  edit-metadata: 0.5805473239161074
  landing: 0.06012410204857588
  view-data: 0.21779342601075768
