times:
  edit-metadata: 0.6211838903836906
  landing: 0.13375827902927995
  view-data: 0.2385037220083177
