times:
  edit-metadata: 2.289137255982496
  landing: 0.34861536798416637
  view-data: 0.49101711899857037
