times:
  edit-metadata: 0.7578674401156604
  landing: 0.0552331916987896
  view-data: 0.30220491671934724
