times:
  edit-metadata: 0.7975407126359642
  landing: 0.1402426538988948
  view-data: 0.21677625132724643
