times:
  edit-metadata: 0.9597181980498135
  landing: 0.10927599482238293
  view-data: 0.3142393622547388
