times:
  edit-metadata: 3.798538151982939
  landing: 0.43355640600202605
  view-data: 0.638363644015044
