times:
  edit-metadata: 0.561688011046499
  landing: 0.11192181427031755
  view-data: 0.2754743928089738
