times:
  edit-metadata: 0.8335410710424185
  landing: 0.05267673032358289
  view-data: 0.32390854181721807
