times:
  edit-metadata: 0.5745047093369067
  landing: 0.06282585905864835
  view-data: 0.21856083814054728
