times:
  edit-metadata: 0.7190852840431035
  landing: 0.0682781720533967
  view-data: 0.2564409887418151
