times:
  edit-metadata: 0.6973054809495807
  landing: 0.11519436724483967
  view-data: 0.21858459012582898
