times:
  edit-metadata: 0.5950554260052741
  landing: 0.0682351291179657
  view-data: 0.22430467139929533
