times:
  edit-metadata: 0.5783084891736507
  landing: 0.05620996281504631
  view-data: 0.2118798322044313
