times:
  edit-metadata: 0.6549010667949915
  landing: 0.1346401497721672
  view-data: 0.2196634658612311
