times:
  edit-metadata: 0.6636360501870513
  landing: 0.08874212764203548
  view-data: 0.21136691281571984
