times:
  edit-metadata: 0.5917096915654838
  landing: 0.1204960597679019
  view-data: 0.21832088707014918
