times:
  edit-metadata: 0.7543720263056457
  landing: 0.05739975022152066
  view-data: 0.21570800011977553
