times:
  edit-metadata: 0.6156187630258501
  landing: 0.0455462490208447
  view-data: 0.21581010380759835
