times:
  edit-metadata: 0.5945606357418001
  landing: 0.05984306614845991
  view-data: 0.21810253988951445
