times:
  edit-metadata: 0.5663577811792493
  landing: 0.06813204102218151
  view-data: 0.2269247081130743
