times:
  edit-metadata: 0.6045581982471049
  landing: 0.049214748200029135
  view-data: 0.21487368503585458
