times:
  edit-metadata: 0.5917622949928045
  landing: 0.12794309901073575
  view-data: 0.29935199627652764
