times:
  edit-metadata: 0.5845622820779681
  landing: 0.06244573229923844
  view-data: 0.3148105717264116
