times:
  edit-metadata: 0.6838740538805723
  landing: 0.060242805164307356
  view-data: 0.30798675725236535
