times:
  edit-metadata: 0.5780296558514237
  landing: 0.061093064956367016
  view-data: 0.21890119975432754
