times:
  edit-metadata: 0.8762029819190502
  landing: 0.060087003745138645
  view-data: 0.2154638199135661
