times:
  edit-metadata: 0.664556167088449
  landing: 0.11595143564045429
  view-data: 0.33331360667943954
