times:
  edit-metadata: 0.7816573269665241
  landing: 0.06626095483079553
  view-data: 0.31316823698580265
