times:
  edit-metadata: 0.5870016249828041
  landing: 0.06523744994774461
  view-data: 0.22460454609245062
