times:
  edit-metadata: 0.5904472162947059
  landing: 0.05303490720689297
  view-data: 0.21618555905297399
