times:
  edit-metadata: 1.5646613147109747
  landing: 0.28777081333100796
  view-data: 0.41765132546424866
