times:
  edit-metadata: 0.58106191130355
  landing: 0.06715908041223884
  view-data: 0.23753957776352763
