times:
  edit-metadata: 0.7298614722676575
  landing: 0.19479987490922213
  view-data: 0.23717251187190413
