times:
  edit-metadata: 1.6742446273565292
  landing: 0.2481748890131712
  view-data: 0.34851093403995037
