times:
  edit-metadata: 0.8481386746279895
  landing: 0.15565449791029096
  view-data: 0.22402391210198402
