times:
  edit-metadata: 0.6427112030796707
  landing: 0.06088007101789117
  view-data: 0.21628878312185407
