times:
  edit-metadata: 0.5910064508207142
  landing: 0.06403840566053987
  view-data: 0.22253268584609032
