times:
  edit-metadata: 0.7911562682129443
  landing: 0.054571697022765875
  view-data: 0.21463097631931305
