times:
  edit-metadata: 0.5637608491815627
  landing: 0.08216926408931613
  view-data: 0.21226550871506333
