times:
  edit-metadata: 0.5864918590523303
  landing: 0.07018024008721113
  view-data: 0.22736655920743942
