times:
  edit-metadata: 1.6234412752091885
  landing: 0.39337692596018314
  view-data: 0.33432837203145027
