times:
  edit-metadata: 0.5939691187813878
  landing: 0.11984635796397924
  view-data: 0.2226335140876472
