times:
  edit-metadata: 0.6004808959551156
  landing: 0.07215208979323506
  view-data: 0.22007521707564592
