times:
  edit-metadata: 0.8276619138196111
  landing: 0.07098222384229302
  view-data: 0.30855101300403476
