times:
  edit-metadata: 0.6122462386265397
  landing: 0.051720849703997374
  view-data: 0.2250166186131537
