times:
  edit-metadata: 1.7143665738403797
  landing: 0.17113331891596317
  view-data: 0.36389346048235893
