times:
  edit-metadata: 0.5895748799666762
  landing: 0.06866105180233717
  view-data: 0.22751381807029247
