times:
  edit-metadata: 1.9056795481592417
  landing: 0.16690105572342873
  view-data: 0.3863484598696232
