times:
  edit-metadata: 0.7538902629166842
  landing: 0.08333922922611237
  view-data: 0.2180590471252799
