times:
  edit-metadata: 0.5828354679979384
  landing: 0.1510232649743557
  view-data: 0.22074425779283047
