times:
  edit-metadata: 0.5822602258995175
  landing: 0.14329739706590772
  view-data: 0.2316716043278575
