times:
  edit-metadata: 0.741117225959897
  landing: 0.09738409193232656
  view-data: 0.21287760324776173
