times:
  edit-metadata: 0.6338790729641914
  landing: 0.12144018290564418
  view-data: 0.21908795787021518
