times:
  edit-metadata: 0.7498277719132602
  landing: 0.15328039089217782
  view-data: 0.21602713782340288
