times:
  edit-metadata: 0.6296207550913095
  landing: 0.12935851560905576
  view-data: 0.30393633618950844
