times:
  edit-metadata: 0.614665160421282
  landing: 0.055302854627370834
  view-data: 0.23396197520196438
