times:
  edit-metadata: 0.5650390521623194
  landing: 0.06435065297409892
  view-data: 0.3270622701384127
