times:
  edit-metadata: 1.5603616815060377
  landing: 0.2828492149710655
  view-data: 0.16092023439705372
