times:
  edit-metadata: 0.6964942971244454
  landing: 0.11788575490936637
  view-data: 0.21372821228578687
