times:
  edit-metadata: 0.9032157980836928
  landing: 0.05671190517023206
  view-data: 0.2964913551695645
