times:
  edit-metadata: 1.4286030270159245
  landing: 0.022916635498404503
  view-data: 0.02528565563261509
