times:
  edit-metadata: 1.6618029586970806
  landing: 0.3637358099222183
  view-data: 0.16958587802946568
