times:
  edit-metadata: 0.5310300178825855
  landing: 0.14181152218952775
  view-data: 0.2054068841971457
