times:
  edit-metadata: 1.4092002920806408
  landing: 0.0244425181299448
  view-data: 0.026478517800569534
