times:
  edit-metadata: 1.3158564427867532
  landing: 0.020277149975299835
  view-data: 0.11791292577981949
