times:
  edit-metadata: 1.6529698222875595
  landing: 0.02250068262219429
  view-data: 0.10225804150104523
