times:
  edit-metadata: 1.883836219087243
  landing: 0.2764925751835108
  view-data: 0.17166150361299515
