times:
  edit-metadata: 1.4491667058318853
  landing: 0.02188016287982464
  view-data: 0.025073904544115067
