times:
  edit-metadata: 1.4547737259417772
  landing: 0.19471997395157814
  view-data: 0.18370323441922665
