times:
  edit-metadata: 1.3248054068535566
  landing: 0.022060595452785492
  view-data: 0.11218498088419437
