times:
  edit-metadata: 0.5418704710900784
  landing: 0.0658065821044147
  view-data: 0.3317777360789478
