times:
  edit-metadata: 1.2816913798451424
  landing: 0.0197888920083642
  view-data: 0.10234126076102257
