times:
  edit-metadata: 1.360619718208909
  landing: 0.22526156343519688
  view-data: 0.3973628990352154
