times:
  edit-metadata: 1.3428420284762979
  landing: 0.1966741206124425
  view-data: 0.02476976253092289
