times:
  edit-metadata: 1.3373683169484138
  landing: 0.024978667497634888
  view-data: 0.12100907042622566
