times:
  edit-metadata: 1.3064154051244259
  landing: 0.02191146742552519
  view-data: 0.025832555256783962
