times:
  edit-metadata: 1.5171757116913795
  landing: 0.02561769261956215
  view-data: 0.40866006165742874
