times:
  edit-metadata: 1.342981118708849
  landing: 0.019664788618683815
  view-data: 0.022640075534582138
