times:
  edit-metadata: 1.3572842916473746
  landing: 0.2425914229825139
  view-data: 0.11696324776858091
