times:
  edit-metadata: 0.49790477752685547
  landing: 0.042959703132510185
  view-data: 0.34123739693313837
