times:
  edit-metadata: 1.330880843102932
  landing: 0.020860575139522552
  view-data: 0.023783866316080093
