times:
  edit-metadata: 1.841854164376855
  landing: 0.2252002600580454
  view-data: 0.2522048968821764
