times:
  edit-metadata: 1.3517116624861956
  landing: 0.022116100415587425
  view-data: 0.024447595700621605
