times:
  edit-metadata: 0.6880878047086298
  landing: 0.0701752589084208
  view-data: 0.2882111012004316
