times:
  edit-metadata: 1.3912076549604535
  landing: 0.022964797914028168
  view-data: 0.1142951725050807
