times:
  edit-metadata: 0.5073367631994188
  landing: 0.18317115912213922
  view-data: 0.30276362877339125
