times:
  edit-metadata: 1.4965347293764353
  landing: 0.25940690375864506
  view-data: 0.13447609543800354
