times:
  edit-metadata: 1.4462696481496096
  landing: 0.02198004350066185
  view-data: 0.14641814678907394
