times:
  edit-metadata: 1.3774216771125793
  landing: 0.021079272031784058
  view-data: 0.44176600221544504
