times:
  edit-metadata: 1.399631166830659
  landing: 0.11346666514873505
  view-data: 0.02406076341867447
