times:
  edit-metadata: 0.49134917091578245
  landing: 0.04378059785813093
  view-data: 0.1999830212444067
