times:
  edit-metadata: 1.406018864363432
  landing: 0.02493630349636078
  view-data: 0.03144672513008118
