times:
  edit-metadata: 1.3141500493511558
  landing: 0.02286588866263628
  view-data: 0.13122851960361004
