times:
  edit-metadata: 1.292326989583671
  landing: 0.02038367185741663
  view-data: 0.4350607544183731
