times:
  edit-metadata: 1.2935929615050554
  landing: 0.0224946616217494
  view-data: 0.026584094390273094
