times:
  edit-metadata: 0.5082115503028035
  landing: 0.04833298176527023
  view-data: 0.19618496485054493
