times:
  edit-metadata: 1.3624275419861078
  landing: 0.21395169477909803
  view-data: 0.025871084071695805
