times:
  edit-metadata: 0.5344412848353386
  landing: 0.07254043640568852
  view-data: 0.2184258750639856
