times:
  edit-metadata: 0.7595166061073542
  landing: 0.14673075592145324
  view-data: 0.2862635958008468
