times:
  edit-metadata: 1.3005840238183737
  landing: 0.02363111637532711
  view-data: 0.027557113207876682
