times:
  edit-metadata: 1.3099522981792688
  landing: 0.022824661806225777
  view-data: 0.025546892546117306
