times:
  edit-metadata: 1.7549251466989517
  landing: 0.18763210624456406
  view-data: 0.03699737973511219
