times:
  edit-metadata: 1.3149231290444732
  landing: 0.02066152263432741
  view-data: 0.4134140480309725
