times:
  edit-metadata: 1.3226303458213806
  landing: 0.02187485247850418
  view-data: 0.023051481693983078
