times:
  edit-metadata: 1.4322261177003384
  landing: 0.2384231984615326
  view-data: 0.26658760756254196
