times:
  edit-metadata: 1.325328528881073
  landing: 0.023424966260790825
  view-data: 0.11568607948720455
