times:
  edit-metadata: 1.4702528193593025
  landing: 0.27806752920150757
  view-data: 0.16783444210886955
