times:
  edit-metadata: 1.3217616491019726
  landing: 0.020017159171402454
  view-data: 0.13837899174541235
