times:
  edit-metadata: 1.4801794281229377
  landing: 0.020154631696641445
  view-data: 0.13698158133774996
