times:
  edit-metadata: 0.4757098015397787
  landing: 0.05491518508642912
  view-data: 0.2267691045999527
