times:
  edit-metadata: 1.4286860208958387
  landing: 0.022706951946020126
  view-data: 0.25799363665282726
