times:
  edit-metadata: 1.6125689931213856
  landing: 0.30472592636942863
  view-data: 0.575652813538909
