times:
  edit-metadata: 0.48914494598284364
  landing: 0.05398831097409129
  view-data: 0.2042412841692567
