times:
  edit-metadata: 1.4534854609519243
  landing: 0.16648480668663979
  view-data: 0.28253165259957314
