times:
  edit-metadata: 1.2947302786633372
  landing: 0.0237338924780488
  view-data: 0.11760279536247253
