times:
  edit-metadata: 1.7245098389685154
  landing: 0.06074812635779381
  view-data: 0.04735415428876877
