times:
  edit-metadata: 1.369857095181942
  landing: 0.192967027425766
  view-data: 0.2786023151129484
