times:
  edit-metadata: 0.5022847540676594
  landing: 0.04612704552710056
  view-data: 0.3461167002096772
