times:
  edit-metadata: 1.3010159004479647
  landing: 0.02216542884707451
  view-data: 0.026690274477005005
