times:
  edit-metadata: 1.367042399942875
  landing: 0.18665154464542866
  view-data: 0.02838095650076866
