times:
  edit-metadata: 1.3267866866663098
  landing: 0.022008095867931843
  view-data: 0.024633927270770073
