times:
  edit-metadata: 2.032001683488488
  landing: 0.2143516167998314
  view-data: 0.05469759553670883
