times:
  edit-metadata: 1.2924650255590677
  landing: 0.022036287933588028
  view-data: 0.11504135746508837
