times:
  edit-metadata: 0.8465701439417899
  landing: 0.0662840842269361
  view-data: 0.27709568897262216
