times:
  edit-metadata: 2.13537866063416
  landing: 0.34035814367234707
  view-data: 0.2550815623253584
