times:
  edit-metadata: 1.3198474869132042
  landing: 0.02150856703519821
  view-data: 0.09551338851451874
