times:
  edit-metadata: 0.7866247477941215
  landing: 0.07571964338421822
  view-data: 0.2367502423003316
