times:
  edit-metadata: 1.3178818235173821
  landing: 0.021557043306529522
  view-data: 0.038305277936160564
