times:
  edit-metadata: 0.625622192863375
  landing: 0.05069886101409793
  view-data: 0.20689423382282257
