times:
  edit-metadata: 1.3281147219240665
  landing: 0.01991160213947296
  view-data: 0.129439951851964
