times:
  edit-metadata: 1.3776719300076365
  landing: 0.019983901642262936
  view-data: 0.025493074208498
