times:
  edit-metadata: 1.3355272691696882
  landing: 0.021058090031147003
  view-data: 0.027788769453763962
