times:
  edit-metadata: 1.3633265038952231
  landing: 0.18591467291116714
  view-data: 0.02670557051897049
