times:
  edit-metadata: 1.3838163809850812
  landing: 0.1476898854598403
  view-data: 0.13241359777748585
