times:
  edit-metadata: 1.3194716647267342
  landing: 0.023631415329873562
  view-data: 0.35046076588332653
