times:
  edit-metadata: 0.49490100983530283
  landing: 0.051745499949902296
  view-data: 0.46200821502134204
