times:
  edit-metadata: 1.3551430962979794
  landing: 0.12408978212624788
  view-data: 0.12072101142257452
