times:
  edit-metadata: 0.5111892996355891
  landing: 0.05468336492776871
  view-data: 0.47235778253525496
