times:
  edit-metadata: 1.3592374278232455
  landing: 0.023270145058631897
  view-data: 0.02972483914345503
