times:
  edit-metadata: 0.6751497420482337
  landing: 0.06454678671434522
  view-data: 0.34206401789560914
