times:
  edit-metadata: 1.3421149970963597
  landing: 0.020924958400428295
  view-data: 0.026764596812427044
