times:
  edit-metadata: 1.3041053097695112
  landing: 0.023864125832915306
  view-data: 0.23229669034481049
