times:
  edit-metadata: 1.3865384692326188
  landing: 0.19828837644308805
  view-data: 0.21506915800273418
