times:
  edit-metadata: 1.292387230321765
  landing: 0.020774852484464645
  view-data: 0.10365013405680656
