times:
  edit-metadata: 1.3002765737473965
  landing: 0.025235455483198166
  view-data: 0.41228300891816616
