times:
  edit-metadata: 1.3912750612944365
  landing: 0.01921127177774906
  view-data: 0.026893291622400284
