times:
  edit-metadata: 1.2915533687919378
  landing: 0.021017401479184628
  view-data: 0.028878183104097843
