times:
  edit-metadata: 1.386697232723236
  landing: 0.022276729345321655
  view-data: 0.37779698334634304
