times:
  edit-metadata: 1.562207356095314
  landing: 0.1627496611326933
  view-data: 0.3709695003926754
