times:
  edit-metadata: 1.3344532754272223
  landing: 0.019942235201597214
  view-data: 0.12401261553168297
