times:
  edit-metadata: 1.4034873824566603
  landing: 0.1464766077697277
  view-data: 0.34416788443922997
