times:
  edit-metadata: 1.2912189969792962
  landing: 0.02014859113842249
  view-data: 0.02458884846419096
