times:
  edit-metadata: 1.3857664410024881
  landing: 0.14830042142421007
  view-data: 0.13359469454735518
