times:
  edit-metadata: 1.2965316474437714
  landing: 0.19048637431114912
  view-data: 0.10128800291568041
