times:
  edit-metadata: 1.623192809522152
  landing: 0.021560076624155045
  view-data: 0.26497938856482506
