times:
  edit-metadata: 1.3246649522334337
  landing: 0.018707308918237686
  view-data: 0.10162690654397011
