times:
  edit-metadata: 1.442277578637004
  landing: 0.01920059137046337
  view-data: 0.02363199181854725
