times:
  edit-metadata: 1.4248796999454498
  landing: 0.11803810857236385
  view-data: 0.30455836094915867
