times:
  edit-metadata: 1.2880850182846189
  landing: 0.02079479768872261
  view-data: 0.13183801528066397
