times:
  edit-metadata: 1.3626442663371563
  landing: 0.022125069051980972
  view-data: 0.024458076804876328
