times:
  edit-metadata: 1.3601702395826578
  landing: 0.0195064228028059
  view-data: 0.2997138202190399
