times:
  edit-metadata: 1.377327535301447
  landing: 0.14239844121038914
  view-data: 0.02594040520489216
