times:
  edit-metadata: 1.3686240511015058
  landing: 0.021494073793292046
  view-data: 0.12125546112656593
