times:
  edit-metadata: 1.3734031487256289
  landing: 0.021609513089060783
  view-data: 0.02367248758673668
