times:
  edit-metadata: 1.6639851666986942
  landing: 0.019383279606699944
  view-data: 0.02349839359521866
