times:
  edit-metadata: 1.3403953714296222
  landing: 0.02108669374138117
  view-data: 0.02578552532941103
