times:
  edit-metadata: 1.326923517510295
  landing: 0.02059483714401722
  view-data: 0.024423612281680107
