times:
  edit-metadata: 1.6577339228242636
  landing: 0.019671695306897163
  view-data: 0.30504122376441956
