times:
  edit-metadata: 1.4247429436072707
  landing: 0.14068593084812164
  view-data: 0.13321099244058132
