times:
  edit-metadata: 0.47793642058968544
  landing: 0.05146451946347952
  view-data: 0.19871997460722923
