times:
  edit-metadata: 0.4833395080640912
  landing: 0.04216130077838898
  view-data: 0.20907931495457888
