times:
  edit-metadata: 1.3467511646449566
  landing: 0.022007957100868225
  view-data: 0.11941663734614849
