times:
  edit-metadata: 0.49219005182385445
  landing: 0.04626746382564306
  view-data: 0.34234336391091347
