times:
  edit-metadata: 0.4810970164835453
  landing: 0.04306095093488693
  view-data: 0.20112038683146238
