times:
  edit-metadata: 1.326293684542179
  landing: 0.020016968250274658
  view-data: 0.28452309407293797
