times:
  edit-metadata: 1.88053556997329
  landing: 0.020362872630357742
  view-data: 0.02346956357359886
