times:
  edit-metadata: 0.603421516250819
  landing: 0.11866451567038894
  view-data: 0.2480657077394426
