times:
  edit-metadata: 1.3819109108299017
  landing: 0.11543952859938145
  view-data: 0.13392747566103935
