times:
  edit-metadata: 1.342422155663371
  landing: 0.021559715270996094
  view-data: 0.22615310363471508
