times:
  edit-metadata: 0.7989568500779569
  landing: 0.07421826524659991
  view-data: 0.20685811899602413
