times:
  edit-metadata: 0.5222062240354717
  landing: 0.07598564680665731
  view-data: 0.22037181816995144
