times:
  edit-metadata: 0.5010072719305754
  landing: 0.051625318825244904
  view-data: 0.20469207502901554
