times:
  edit-metadata: 1.4339109752327204
  landing: 0.25036541000008583
  view-data: 0.3563855141401291
