times:
  edit-metadata: 1.757915074005723
  landing: 0.02781696245074272
  view-data: 0.02616860345005989
