times:
  edit-metadata: 1.4089807700365782
  landing: 0.020140466280281544
  view-data: 0.026545017026364803
