times:
  edit-metadata: 1.403966849669814
  landing: 0.019977543503046036
  view-data: 0.027350369840860367
