times:
  edit-metadata: 0.6317272093147039
  landing: 0.06846294365823269
  view-data: 0.33045562729239464
