times:
  edit-metadata: 0.500968384090811
  landing: 0.08221682906150818
  view-data: 0.22104873787611723
