times:
  edit-metadata: 1.2875027963891625
  landing: 0.020173102617263794
  view-data: 0.026159667409956455
