times:
  edit-metadata: 1.318214900791645
  landing: 0.02049117721617222
  view-data: 0.1313286703079939
