times:
  edit-metadata: 1.3777349349111319
  landing: 0.1538684144616127
  view-data: 0.02493477240204811
