times:
  edit-metadata: 1.3165973396971822
  landing: 0.022055168636143208
  view-data: 0.4773459490388632
