times:
  edit-metadata: 1.2894188351929188
  landing: 0.02078558225184679
  view-data: 0.10065045766532421
