times:
  edit-metadata: 1.5410020221024752
  landing: 0.22818185575306416
  view-data: 0.2948824353516102
