times:
  edit-metadata: 1.368142994120717
  landing: 0.020734818652272224
  view-data: 0.1343363057821989
