times:
  edit-metadata: 0.5040702456608415
  landing: 0.04751923121511936
  view-data: 0.21381013467907906
