times:
  edit-metadata: 1.3571205576881766
  landing: 0.11645305622369051
  view-data: 0.027505142614245415
