times:
  edit-metadata: 1.602079901844263
  landing: 0.02275773324072361
  view-data: 0.1340699139982462
