times:
  edit-metadata: 1.302530286833644
  landing: 0.21765233296900988
  view-data: 0.22051341738551855
