times:
  edit-metadata: 0.4983841422945261
  landing: 0.046119227074086666
  view-data: 0.2002292787656188
