times:
  edit-metadata: 1.3892602911219
  landing: 0.1805974654853344
  view-data: 0.02458704449236393
