times:
  edit-metadata: 1.7029533982276917
  landing: 0.2616635784506798
  view-data: 0.37284152023494244
