times:
  edit-metadata: 1.296936015598476
  landing: 0.02011454477906227
  view-data: 0.028049364686012268
