times:
  edit-metadata: 1.310653643682599
  landing: 0.024134377017617226
  view-data: 0.30771026387810707
