times:
  edit-metadata: 1.348868764936924
  landing: 0.020604540593922138
  view-data: 0.02368293423205614
