times:
  edit-metadata: 1.7212014980614185
  landing: 0.04501060210168362
  view-data: 0.023906834423542023
