times:
  edit-metadata: 0.5121977967210114
  landing: 0.11956696910783648
  view-data: 0.30448055593296885
