times:
  edit-metadata: 1.337415225803852
  landing: 0.02054048329591751
  view-data: 0.02318383939564228
