times:
  edit-metadata: 2.079773359000683
  landing: 0.36386318877339363
  view-data: 0.21810650825500488
