times:
  edit-metadata: 1.3104852763935924
  landing: 0.2089385073632002
  view-data: 0.025168110616505146
