times:
  edit-metadata: 1.4356740964576602
  landing: 0.1111913863569498
  view-data: 0.4544874681159854
