times:
  edit-metadata: 1.3438200075179338
  landing: 0.021958161145448685
  view-data: 0.025613050907850266
