times:
  edit-metadata: 1.789407922886312
  landing: 0.05450027249753475
  view-data: 0.21737203653901815
