times:
  edit-metadata: 1.3703109882771969
  landing: 0.1931346021592617
  view-data: 0.0259458739310503
