times:
  edit-metadata: 1.2842277893796563
  landing: 0.02146374247968197
  view-data: 0.02653854340314865
