times:
  edit-metadata: 1.3528215428814292
  landing: 0.22419993113726377
  view-data: 0.13289916515350342
