times:
  edit-metadata: 0.5499717476777732
  landing: 0.04833945818245411
  view-data: 0.24649049434810877
