times:
  edit-metadata: 0.4900838900357485
  landing: 0.04773722216486931
  view-data: 0.21828680578619242
