times:
  edit-metadata: 1.435290572233498
  landing: 0.019145866855978966
  view-data: 0.09337421879172325
