times:
  edit-metadata: 1.3474716003984213
  landing: 0.021250728517770767
  view-data: 0.025384915992617607
