times:
  edit-metadata: 1.356816790997982
  landing: 0.021552911959588528
  view-data: 0.43167451582849026
