times:
  edit-metadata: 1.3697972521185875
  landing: 0.1265638843178749
  view-data: 0.023324228823184967
