times:
  edit-metadata: 1.418275622650981
  landing: 0.2180948108434677
  view-data: 0.310037586838007
