times:
  edit-metadata: 1.3600856773555279
  landing: 0.02276116982102394
  view-data: 0.025822581723332405
