times:
  edit-metadata: 0.5125023694708943
  landing: 0.04772202577441931
  view-data: 0.20464614685624838
