times:
  edit-metadata: 1.4943737564608455
  landing: 0.28144815750420094
  view-data: 0.029058048501610756
