times:
  edit-metadata: 0.49580597691237926
  landing: 0.047018093056976795
  view-data: 0.20389362424612045
