times:
  edit-metadata: 1.317989895120263
  landing: 0.021189364604651928
  view-data: 0.025792129337787628
