times:
  edit-metadata: 0.5151809519156814
  landing: 0.06415527360513806
  view-data: 0.21616895077750087
