times:
  edit-metadata: 1.4694361723959446
  landing: 0.02113320119678974
  view-data: 0.22683962248265743
