times:
  edit-metadata: 1.3012649696320295
  landing: 0.020917769521474838
  view-data: 0.027290419675409794
