times:
  edit-metadata: 1.4045345112681389
  landing: 0.1294584758579731
  view-data: 0.028923168778419495
