times:
  edit-metadata: 0.4881399478763342
  landing: 0.048842607997357845
  view-data: 0.32640764210373163
