times:
  edit-metadata: 1.4423990845680237
  landing: 0.02007143385708332
  view-data: 0.3133695274591446
