times:
  edit-metadata: 0.586246884893626
  landing: 0.06210216507315636
  view-data: 0.2152101956307888
