times:
  edit-metadata: 1.4297452541068196
  landing: 0.11469115689396858
  view-data: 0.024925357662141323
