times:
  edit-metadata: 1.4530338374897838
  landing: 0.1436720658093691
  view-data: 0.433659790083766
