times:
  edit-metadata: 0.48042835760861635
  landing: 0.045650143176317215
  view-data: 0.202166136354208
