times:
  edit-metadata: 0.5014901421964169
  landing: 0.050391155295073986
  view-data: 0.20031423680484295
