times:
  edit-metadata: 1.4246526043862104
  landing: 0.01980249211192131
  view-data: 0.02829253114759922
