times:
  edit-metadata: 1.3059762855991721
  landing: 0.09614787995815277
  view-data: 0.027003596536815166
