times:
  edit-metadata: 1.3134872261434793
  landing: 0.01866934821009636
  view-data: 0.026218635961413383
