times:
  edit-metadata: 1.4921185094863176
  landing: 0.22714904695749283
  view-data: 0.024104556068778038
