times:
  edit-metadata: 1.3919924581423402
  landing: 0.020010213367640972
  view-data: 0.3369149947538972
