times:
  edit-metadata: 1.382100461050868
  landing: 0.021921267732977867
  view-data: 0.026700377464294434
