times:
  edit-metadata: 0.5123983463272452
  landing: 0.05564513988792896
  view-data: 0.335120246745646
