times:
  edit-metadata: 1.361830323934555
  landing: 0.02191426232457161
  view-data: 0.02491879276931286
