times:
  edit-metadata: 1.3986758552491665
  landing: 0.027679797261953354
  view-data: 0.026737026870250702
