times:
  edit-metadata: 1.3990412931889296
  landing: 0.020455947145819664
  view-data: 0.02499476633965969
