times:
  edit-metadata: 0.5008200630545616
  landing: 0.053555525839328766
  view-data: 0.34062768146395683
