times:
  edit-metadata: 1.282862757332623
  landing: 0.01978850457817316
  view-data: 0.12465319316834211
