times:
  edit-metadata: 1.299285503104329
  landing: 0.021383168175816536
  view-data: 0.1219851616770029
