times:
  edit-metadata: 1.357582675293088
  landing: 0.02112269215285778
  view-data: 0.025117052718997
