times:
  edit-metadata: 1.3816274190321565
  landing: 0.018625696189701557
  view-data: 0.027006447315216064
