times:
  edit-metadata: 1.4084760583937168
  landing: 0.018381929025053978
  view-data: 0.3210058733820915
