times:
  edit-metadata: 0.566314360126853
  landing: 0.15222694026306272
  view-data: 0.3310918230563402
