times:
  edit-metadata: 1.305057973600924
  landing: 0.02248775213956833
  view-data: 0.026344863697886467
