times:
  edit-metadata: 0.522358356975019
  landing: 0.06330428924411535
  view-data: 0.2167490627616644
