times:
  edit-metadata: 0.5095107313245535
  landing: 0.06682572700083256
  view-data: 0.21132784988731146
