times:
  edit-metadata: 1.4034713059663773
  landing: 0.2003365159034729
  view-data: 0.23127399384975433
