times:
  edit-metadata: 1.3781841872259974
  landing: 0.021827158518135548
  view-data: 0.02678414061665535
