times:
  edit-metadata: 1.4100982416421175
  landing: 0.19662762805819511
  view-data: 0.2788466587662697
