times:
  edit-metadata: 1.3950005676597357
  landing: 0.021709387190639973
  view-data: 0.12214390374720097
