times:
  edit-metadata: 0.5162884779274464
  landing: 0.04419147688895464
  view-data: 0.4568526390939951
