times:
  edit-metadata: 0.49067462142556906
  landing: 0.049238977022469044
  view-data: 0.2030933378264308
