times:
  edit-metadata: 1.5708743538707495
  landing: 0.05967865325510502
  view-data: 0.4169754236936569
