times:
  edit-metadata: 0.48550002090632915
  landing: 0.04744633845984936
  view-data: 0.20281277783215046
