times:
  edit-metadata: 1.2881975453346968
  landing: 0.0243215374648571
  view-data: 0.0995983649045229
