times:
  edit-metadata: 0.4868921469897032
  landing: 0.04330544313415885
  view-data: 0.5930186570622027
