times:
  edit-metadata: 1.357699097134173
  landing: 0.12439135741442442
  view-data: 0.026868500746786594
