times:
  edit-metadata: 1.3509668987244368
  landing: 0.020815333351492882
  view-data: 0.3322904594242573
