times:
  edit-metadata: 0.4936139052733779
  landing: 0.04405407886952162
  view-data: 0.20872213039547205
