times:
  edit-metadata: 1.4463586453348398
  landing: 0.22927474044263363
  view-data: 0.31188051775097847
