times:
  edit-metadata: 0.478693219833076
  landing: 0.0457976283505559
  view-data: 0.3334328178316355
