times:
  edit-metadata: 1.5725276321172714
  landing: 0.22678067348897457
  view-data: 0.33697864785790443
