times:
  edit-metadata: 1.5166401974856853
  landing: 0.1764460690319538
  view-data: 0.02735292725265026
