times:
  edit-metadata: 1.7255388842895627
  landing: 0.021316347643733025
  view-data: 0.476963990367949
