times:
  edit-metadata: 1.2807518672198057
  landing: 0.18716322351247072
  view-data: 0.025948235765099525
