times:
  edit-metadata: 1.3686793223023415
  landing: 0.023728983476758003
  view-data: 0.024041594937443733
