times:
  edit-metadata: 1.36708246730268
  landing: 0.19659932516515255
  view-data: 0.13704726286232471
