times:
  edit-metadata: 1.2992224395275116
  landing: 0.0207426305860281
  view-data: 0.43083781469613314
