times:
  edit-metadata: 1.364842233248055
  landing: 0.14954050723463297
  view-data: 0.22528467886149883
