times:
  edit-metadata: 1.8977834843099117
  landing: 0.1824545506387949
  view-data: 0.06438287906348705
