times:
  edit-metadata: 1.3561588171869516
  landing: 0.020820705220103264
  view-data: 0.022841711528599262
