times:
  edit-metadata: 1.3371161725372076
  landing: 0.2570825517177582
  view-data: 0.12181702442467213
