times:
  edit-metadata: 1.3048307001590729
  landing: 0.02239842526614666
  view-data: 0.029036210849881172
