times:
  edit-metadata: 0.48968871822580695
  landing: 0.05425333511084318
  view-data: 0.33733474696055055
