times:
  edit-metadata: 1.5417377222329378
  landing: 0.019064695574343204
  view-data: 0.02281306777149439
