times:
  edit-metadata: 2.0139761101454496
  landing: 0.03485753759741783
  view-data: 0.0561640840023756
