times:
  edit-metadata: 1.626421868801117
  landing: 0.07220251485705376
  view-data: 0.3934137001633644
