times:
  edit-metadata: 1.4065089374780655
  landing: 0.1421664897352457
  view-data: 0.05405433103442192
