times:
  edit-metadata: 1.3834316255524755
  landing: 0.09368954692035913
  view-data: 0.12121807597577572
