times:
  edit-metadata: 1.2934832591563463
  landing: 0.020765247754752636
  view-data: 0.025520031340420246
