times:
  edit-metadata: 1.4416185561567545
  landing: 0.13849427923560143
  view-data: 0.14060762897133827
