times:
  edit-metadata: 1.4100410528481007
  landing: 0.21839056350290775
  view-data: 0.024808917194604874
