times:
  edit-metadata: 1.4303193539381027
  landing: 0.023322556167840958
  view-data: 0.37574735283851624
