times:
  edit-metadata: 0.5009931302629411
  landing: 0.055701164063066244
  view-data: 0.2213935418985784
