times:
  edit-metadata: 1.3309858832508326
  landing: 0.021369026042521
  view-data: 0.10222162213176489
