times:
  edit-metadata: 1.3021093718707561
  landing: 0.02227721456438303
  view-data: 0.12020734045654535
