times:
  edit-metadata: 1.6965241096913815
  landing: 0.023529507219791412
  view-data: 0.346934637054801
