times:
  edit-metadata: 2.0391280027106404
  landing: 0.19973792042583227
  view-data: 0.49863029923290014
