times:
  edit-metadata: 1.3821095936000347
  landing: 0.021523619070649147
  view-data: 0.026976093649864197
