times:
  edit-metadata: 1.3018409349024296
  landing: 0.02236497960984707
  view-data: 0.026353356428444386
