times:
  edit-metadata: 0.6435875641182065
  landing: 0.0494957510381937
  view-data: 0.22126261610537767
