times:
  edit-metadata: 0.49053776264190674
  landing: 0.045557293109595776
  view-data: 0.2020906563848257
