times:
  edit-metadata: 1.4618119150400162
  landing: 0.02003803662955761
  view-data: 0.12611384131014347
