times:
  edit-metadata: 1.4182982239872217
  landing: 0.14807181991636753
  view-data: 0.3546115756034851
