times:
  edit-metadata: 0.4991743303835392
  landing: 0.04538165684789419
  view-data: 0.3471233816817403
