times:
  edit-metadata: 1.4213546318933368
  landing: 0.11262189876288176
  view-data: 0.02740565873682499
