times:
  edit-metadata: 1.3127946201711893
  landing: 0.02141620311886072
  view-data: 0.4917003670707345
