times:
  edit-metadata: 1.3708795681595802
  landing: 0.019528337754309177
  view-data: 0.02717099618166685
