times:
  edit-metadata: 0.5110804690048099
  landing: 0.04596090596169233
  view-data: 0.19750993698835373
