times:
  edit-metadata: 0.5303051238879561
  landing: 0.07675882242619991
  view-data: 0.2089956351555884
