times:
  edit-metadata: 1.9496620818972588
  landing: 0.11567721702158451
  view-data: 0.32899175584316254
