times:
  edit-metadata: 1.3470237664878368
  landing: 0.02197715826332569
  view-data: 0.026430701836943626
