times:
  edit-metadata: 1.3591562360525131
  landing: 0.01954234577715397
  view-data: 0.024412140250205994
