times:
  edit-metadata: 1.3294533304870129
  landing: 0.02167578786611557
  view-data: 0.10000075493007898
