times:
  edit-metadata: 1.3588672429323196
  landing: 0.17211666330695152
  view-data: 0.39503991045057774
