times:
  edit-metadata: 1.3031069142743945
  landing: 0.020938516594469547
  view-data: 0.02719645109027624
