times:
  edit-metadata: 1.6856530541554093
  landing: 0.15409995894879103
  view-data: 0.40345483738929033
