times:
  edit-metadata: 0.6112541877664626
  landing: 0.08386409701779485
  view-data: 0.22116840723901987
