times:
  edit-metadata: 1.2936923913657665
  landing: 0.02354427333921194
  view-data: 0.4181138351559639
