times:
  edit-metadata: 1.5286331605166197
  landing: 0.2925789449363947
  view-data: 0.34726020880043507
