times:
  edit-metadata: 1.4364658780395985
  landing: 0.2336132749915123
  view-data: 0.3163609802722931
