times:
  edit-metadata: 1.5549099519848824
  landing: 0.22880807518959045
  view-data: 0.05588504858314991
