times:
  edit-metadata: 1.428444504737854
  landing: 0.025547204539179802
  view-data: 0.024484148249030113
