times:
  edit-metadata: 1.2942122677341104
  landing: 0.021385304629802704
  view-data: 0.02664299216121435
