times:
  edit-metadata: 1.353799443691969
  landing: 0.01922361459583044
  view-data: 0.10009346809238195
