times:
  edit-metadata: 1.4601422604173422
  landing: 0.021174047142267227
  view-data: 0.145360691472888
