times:
  edit-metadata: 1.3103458154946566
  landing: 0.024312583729624748
  view-data: 0.023708101361989975
