times:
  edit-metadata: 0.4843703890219331
  landing: 0.04529627226293087
  view-data: 0.2071478683501482
