times:
  edit-metadata: 1.3272956348955631
  landing: 0.12232103757560253
  view-data: 0.026518288999795914
