times:
  edit-metadata: 1.28973373118788
  landing: 0.021988688968122005
  view-data: 0.025715219788253307
