times:
  edit-metadata: 1.2916703103110194
  landing: 0.025150464847683907
  view-data: 0.12241989281028509
