times:
  edit-metadata: 1.4596775472164154
  landing: 0.020942848175764084
  view-data: 0.3597892392426729
