times:
  edit-metadata: 1.4399455152451992
  landing: 0.02002725750207901
  view-data: 0.2550055719912052
