times:
  edit-metadata: 1.3400079812854528
  landing: 0.1283564493060112
  view-data: 0.1452381070703268
