times:
  edit-metadata: 1.301153864711523
  landing: 0.021107562817633152
  view-data: 0.024924996308982372
