times:
  edit-metadata: 1.457718975841999
  landing: 0.2194283902645111
  view-data: 0.032384248450398445
