times:
  edit-metadata: 1.2779909893870354
  landing: 0.22771605849266052
  view-data: 0.09690830949693918
