times:
  edit-metadata: 0.5666654068045318
  landing: 0.16360972309485078
  view-data: 0.27096347603946924
