times:
  edit-metadata: 1.311807895079255
  landing: 0.14216343127191067
  view-data: 0.025712348520755768
