times:
  edit-metadata: 0.4995372984558344
  landing: 0.048218658193945885
  view-data: 0.20438698958605528
