times:
  edit-metadata: 0.4718517418950796
  landing: 0.04873685631901026
  view-data: 0.42033064272254705
