times:
  edit-metadata: 1.3451316514983773
  landing: 0.021842804737389088
  view-data: 0.026056616567075253
