times:
  edit-metadata: 1.322042497806251
  landing: 0.022877082228660583
  view-data: 0.11729667522013187
