times:
  edit-metadata: 0.7396666533313692
  landing: 0.14619007986038923
  view-data: 0.2546388600021601
