times:
  edit-metadata: 1.3511969354003668
  landing: 0.02342853508889675
  view-data: 0.10201199073344469
