times:
  edit-metadata: 1.3398967133834958
  landing: 0.022032062523066998
  view-data: 0.12320002913475037
