times:
  edit-metadata: 1.3932521166279912
  landing: 0.022105205804109573
  view-data: 0.4098819736391306
