times:
  edit-metadata: 1.5139138158410788
  landing: 0.221499627456069
  view-data: 0.024818899109959602
