times:
  edit-metadata: 1.4192035272717476
  landing: 0.018443448469042778
  view-data: 0.026071010157465935
