times:
  edit-metadata: 1.3624904938042164
  landing: 0.1914605926722288
  view-data: 0.023783572018146515
