times:
  edit-metadata: 1.3550439234822989
  landing: 0.02012004889547825
  view-data: 0.026540249586105347
