times:
  edit-metadata: 1.3352712951600552
  landing: 0.018911593593657017
  view-data: 0.030525931157171726
