times:
  edit-metadata: 0.724994411226362
  landing: 0.043533595744520426
  view-data: 0.24960700375959277
