times:
  edit-metadata: 1.3943119794130325
  landing: 0.1288609579205513
  view-data: 0.02583751641213894
