times:
  edit-metadata: 1.3693550396710634
  landing: 0.14492863602936268
  view-data: 0.3366568237543106
