times:
  edit-metadata: 1.52558708563447
  landing: 0.10662407148629427
  view-data: 0.025742514058947563
