times:
  edit-metadata: 1.3787951301783323
  landing: 0.021708384156227112
  view-data: 0.025998925790190697
