times:
  edit-metadata: 1.967652089893818
  landing: 0.3285259874537587
  view-data: 0.46462238393723965
