times:
  edit-metadata: 1.3670975863933563
  landing: 0.023808341473340988
  view-data: 0.3112120274454355
