times:
  edit-metadata: 1.4403376122936606
  landing: 0.019778656773269176
  view-data: 0.02300834469497204
