times:
  edit-metadata: 0.6771181840449572
  landing: 0.04362814128398895
  view-data: 0.20846081292256713
