times:
  edit-metadata: 1.6182585395872593
  landing: 0.053294600918889046
  view-data: 0.40356448851525784
