times:
  edit-metadata: 1.7130187638103962
  landing: 0.17603966780006886
  view-data: 0.13212141953408718
