times:
  edit-metadata: 0.5297965477220714
  landing: 0.04600982693955302
  view-data: 0.1997992880642414
