times:
  edit-metadata: 0.5732316421344876
  landing: 0.04946166602894664
  view-data: 0.20916855707764626
