times:
  edit-metadata: 1.2643171064555645
  landing: 0.022998511791229248
  view-data: 0.027083382941782475
