times:
  edit-metadata: 0.5389488530345261
  landing: 0.048707089852541685
  view-data: 0.19415392307564616
