times:
  edit-metadata: 1.342061696574092
  landing: 0.021535130217671394
  view-data: 0.02639414556324482
