times:
  edit-metadata: 1.390973411500454
  landing: 0.01869509182870388
  view-data: 0.022677548229694366
