times:
  edit-metadata: 1.6083178296685219
  landing: 0.1493649948388338
  view-data: 0.36481545865535736
