times:
  edit-metadata: 1.4823240842670202
  landing: 0.25198263861238956
  view-data: 0.36484964564442635
