times:
  edit-metadata: 2.9180360920145176
  landing: 0.21946366000338458
  view-data: 0.62989588099299
