times:
  edit-metadata: 1.6075598616153002
  landing: 0.33210179954767227
  view-data: 0.39990090020000935
