times:
  edit-metadata: 2.8727018777281046
  landing: 0.27072673849761486
  view-data: 0.1725450288504362
