times:
  edit-metadata: 1.417488731443882
  landing: 0.20278982631862164
  view-data: 0.026061711832880974
