times:
  edit-metadata: 1.4377093892544508
  landing: 0.023853661492466927
  view-data: 0.13431968539953232
