times:
  edit-metadata: 1.4591363575309515
  landing: 0.02213473431766033
  view-data: 0.026137977838516235
