times:
  edit-metadata: 2.316787766001653
  landing: 0.38685142900794744
  view-data: 0.48161666200030595
