times:
  edit-metadata: 1.422285296022892
  landing: 0.2802084032446146
  view-data: 0.0648439209908247
