times:
  edit-metadata: 1.4764448050409555
  landing: 0.02356981486082077
  view-data: 0.3427217472344637
