times:
  edit-metadata: 1.3670816123485565
  landing: 0.24501987174153328
  view-data: 0.02483225427567959
