times:
  edit-metadata: 1.399783143773675
  landing: 0.022506359964609146
  view-data: 0.2341371774673462
