times:
  edit-metadata: 1.5785065814852715
  landing: 0.02048691362142563
  view-data: 0.3628621734678745
