times:
  edit-metadata: 1.5513325948268175
  landing: 0.24211206752806902
  view-data: 0.4635637681931257
