times:
  edit-metadata: 1.4835248980671167
  landing: 0.021383171901106834
  view-data: 0.02726921997964382
