times:
  edit-metadata: 1.8481428399682045
  landing: 0.5289189741015434
  view-data: 0.5433362293988466
