times:
  edit-metadata: 1.5210230015218258
  landing: 0.2491557039320469
  view-data: 0.16314581036567688
