times:
  edit-metadata: 1.3974719205871224
  landing: 0.18202209006994963
  view-data: 0.355030813254416
