times:
  edit-metadata: 1.6085050646215677
  landing: 0.023754501715302467
  view-data: 0.030133889988064766
