times:
  edit-metadata: 1.7278438787907362
  landing: 0.3119561020284891
  view-data: 0.41419309936463833
