times:
  edit-metadata: 1.4668105747550726
  landing: 0.26283164136111736
  view-data: 0.12915183417499065
