times:
  edit-metadata: 1.493400446139276
  landing: 0.02167061809450388
  view-data: 0.41567164193838835
