times:
  edit-metadata: 1.7136163040995598
  landing: 0.14673511497676373
  view-data: 0.28614620864391327
