times:
  edit-metadata: 1.4049048982560635
  landing: 0.02174212783575058
  view-data: 0.027120763435959816
