times:
  edit-metadata: 0.5878710858523846
  landing: 0.07626710878685117
  view-data: 0.2078973362222314
