times:
  edit-metadata: 1.7516011074185371
  landing: 0.2213937919586897
  view-data: 0.45930851995944977
