times:
  edit-metadata: 0.6189970993436873
  landing: 0.07196897361427546
  view-data: 0.2064596014097333
