times:
  edit-metadata: 1.6493815556168556
  landing: 0.3175940793007612
  view-data: 0.42028854228556156
