times:
  edit-metadata: 1.5197280794382095
  landing: 0.02047216333448887
  view-data: 0.3811710476875305
