times:
  edit-metadata: 1.4165680641308427
  landing: 0.020466809161007404
  view-data: 0.29192739352583885
