times:
  edit-metadata: 1.4247066546231508
  landing: 0.020218413323163986
  view-data: 0.28694148175418377
