times:
  edit-metadata: 1.4509234633296728
  landing: 0.1319996388629079
  view-data: 0.12802732549607754
