times:
  edit-metadata: 0.8416384230367839
  landing: 0.047056905925273895
  view-data: 0.26074573304504156
