times:
  edit-metadata: 1.524185017682612
  landing: 0.12866998184472322
  view-data: 0.14335955306887627
