times:
  edit-metadata: 1.3618583381175995
  landing: 0.11699939891695976
  view-data: 0.024996276944875717
