times:
  edit-metadata: 1.3551053777337074
  landing: 0.021699413657188416
  view-data: 0.025152064859867096
