times:
  edit-metadata: 1.4810497853904963
  landing: 0.019540274515748024
  view-data: 0.02305677719414234
