times:
  edit-metadata: 1.57615390047431
  landing: 0.2691953107714653
  view-data: 0.3880265075713396
