times:
  edit-metadata: 1.3810841832309961
  landing: 0.22894238121807575
  view-data: 0.023733573965728283
