times:
  edit-metadata: 1.791820814833045
  landing: 0.25953666493296623
  view-data: 0.15014316327869892
