times:
  edit-metadata: 1.329999410547316
  landing: 0.019788851030170918
  view-data: 0.11997436080127954
