times:
  edit-metadata: 1.3533483520150185
  landing: 0.020484022796154022
  view-data: 0.02626648172736168
