times:
  edit-metadata: 1.3579592444002628
  landing: 0.22526413574814796
  view-data: 0.13604395557194948
