times:
  edit-metadata: 1.671117840334773
  landing: 0.184760432690382
  view-data: 0.3917500954121351
