times:
  edit-metadata: 1.5040874294936657
  landing: 0.019820814952254295
  view-data: 0.02386532723903656
