times:
  edit-metadata: 1.4598170537501574
  landing: 0.24697276391088963
  view-data: 0.02560652606189251
