times:
  edit-metadata: 1.41083181835711
  landing: 0.0205495897680521
  view-data: 0.024240143597126007
