times:
  edit-metadata: 1.4218047689646482
  landing: 0.02115609496831894
  view-data: 0.28718049451708794
