times:
  edit-metadata: 0.578218765091151
  landing: 0.06566038774326444
  view-data: 0.22528645116835833
