times:
  edit-metadata: 1.5321508198976517
  landing: 0.02102314867079258
  view-data: 0.054350254125893116
