times:
  edit-metadata: 1.3994463197886944
  landing: 0.021029958501458168
  view-data: 0.12779367715120316
