times:
  edit-metadata: 1.4506128747016191
  landing: 0.02056768909096718
  view-data: 0.029384946450591087
