times:
  edit-metadata: 1.4687830358743668
  landing: 0.019006241112947464
  view-data: 0.13351770490407944
