times:
  edit-metadata: 1.6420674175024033
  landing: 0.019185712561011314
  view-data: 0.03165982663631439
