times:
  edit-metadata: 0.7540411823429167
  landing: 0.056124381721019745
  view-data: 0.33965422911569476
