times:
  edit-metadata: 0.7138119302690029
  landing: 0.08168637799099088
  view-data: 0.2047582962550223
