times:
  edit-metadata: 0.5908780498430133
  landing: 0.05306965997442603
  view-data: 0.32927208906039596
