times:
  edit-metadata: 1.35495026409626
  landing: 0.02054446004331112
  view-data: 0.02621748112142086
