times:
  edit-metadata: 0.5030530109070241
  landing: 0.09018034301698208
  view-data: 0.20388615503907204
