times:
  edit-metadata: 0.6832318282686174
  landing: 0.05930626206099987
  view-data: 0.21145841386169195
