times:
  edit-metadata: 0.5464535248465836
  landing: 0.07211346598342061
  view-data: 0.2929068608209491
