times:
  edit-metadata: 1.4957111217081547
  landing: 0.2145779598504305
  view-data: 0.33681496419012547
