times:
  edit-metadata: 1.4132439829409122
  landing: 0.01898772083222866
  view-data: 0.29698760993778706
