times:
  edit-metadata: 1.4351954758167267
  landing: 0.020143767818808556
  view-data: 0.1392412818968296
