times:
  edit-metadata: 0.5061279647052288
  landing: 0.06782063283026218
  view-data: 0.29960195906460285
