times:
  edit-metadata: 1.4184025172144175
  landing: 0.021873312070965767
  view-data: 0.31047731079161167
