times:
  edit-metadata: 1.4862750303000212
  landing: 0.1577892005443573
  view-data: 0.28692359663546085
