times:
  edit-metadata: 1.4514014357700944
  landing: 0.14474428165704012
  view-data: 0.1286424407735467
