times:
  edit-metadata: 0.717204618267715
  landing: 0.12224893504753709
  view-data: 0.3103643408976495
