times:
  edit-metadata: 1.359840516000986
  landing: 0.019973313435912132
  view-data: 0.024478193372488022
