times:
  edit-metadata: 1.3833874017000198
  landing: 0.16071705520153046
  view-data: 0.026707885786890984
