times:
  edit-metadata: 1.4973646085709333
  landing: 0.20435344986617565
  view-data: 0.02683207578957081
