times:
  edit-metadata: 1.472373839467764
  landing: 0.210945138707757
  view-data: 0.32205463387072086
