times:
  edit-metadata: 1.4428053833544254
  landing: 0.02049999125301838
  view-data: 0.02707085944712162
