times:
  edit-metadata: 1.3869221154600382
  landing: 0.17235924117267132
  view-data: 0.28772940300405025
