times:
  edit-metadata: 1.479642616584897
  landing: 0.2708857152611017
  view-data: 0.3113109450787306
