times:
  edit-metadata: 1.488064480945468
  landing: 0.23973770160228014
  view-data: 0.13203798327594995
