times:
  edit-metadata: 1.617645127698779
  landing: 0.061088185757398605
  view-data: 0.3565214267000556
