times:
  edit-metadata: 1.8007402122020721
  landing: 0.2577919866889715
  view-data: 0.46128312312066555
