times:
  edit-metadata: 1.6717409882694483
  landing: 0.3299020305275917
  view-data: 0.3315455112606287
