times:
  edit-metadata: 1.3451259694993496
  landing: 0.01951182633638382
  view-data: 0.02322748862206936
