times:
  edit-metadata: 1.4872250314801931
  landing: 0.020865509286522865
  view-data: 0.12766726128757
