times:
  edit-metadata: 1.4986102860420942
  landing: 0.3995866384357214
  view-data: 0.4673653841018677
