times:
  edit-metadata: 0.675291667226702
  landing: 0.07563605206087232
  view-data: 0.2769806799478829
