times:
  edit-metadata: 0.740338962059468
  landing: 0.05883539700880647
  view-data: 0.287973471917212
