times:
  edit-metadata: 1.3677631262689829
  landing: 0.03603249695152044
  view-data: 0.42534234561026096
