times:
  edit-metadata: 1.3548520226031542
  landing: 0.01902873069047928
  view-data: 0.024791093543171883
