times:
  edit-metadata: 1.4172599520534277
  landing: 0.020320571959018707
  view-data: 0.10279455594718456
