times:
  edit-metadata: 1.692563721910119
  landing: 0.021405134350061417
  view-data: 0.023923683911561966
