times:
  edit-metadata: 1.4127718154340982
  landing: 0.019784368574619293
  view-data: 0.028149446472525597
