times:
  edit-metadata: 1.3747607879340649
  landing: 0.13256203942000866
  view-data: 0.027359599247574806
