times:
  edit-metadata: 0.5889373812824488
  landing: 0.0649161427281797
  view-data: 0.20707907574251294
