times:
  edit-metadata: 1.7978837806731462
  landing: 0.2496043760329485
  view-data: 0.16957281343638897
