times:
  edit-metadata: 1.835852338001132
  landing: 0.02397100441157818
  view-data: 0.4355046674609184
