times:
  edit-metadata: 1.3924548290669918
  landing: 0.019652049988508224
  view-data: 0.4589144932106137
