times:
  edit-metadata: 1.4118646066635847
  landing: 0.025445664301514626
  view-data: 0.023679301142692566
