times:
  edit-metadata: 1.6092738136649132
  landing: 0.022430132143199444
  view-data: 0.13328042719513178
