times:
  edit-metadata: 1.6322661116719246
  landing: 0.1610679291188717
  view-data: 0.3443542215973139
