times:
  edit-metadata: 1.4248446878045797
  landing: 0.14208308327943087
  view-data: 0.024231542833149433
