times:
  edit-metadata: 1.5323095582425594
  landing: 0.22862623445689678
  view-data: 0.23627192713320255
