times:
  edit-metadata: 1.4711183905601501
  landing: 0.02150467224419117
  view-data: 0.4069939013570547
