times:
  edit-metadata: 0.5846958621405065
  landing: 0.05580068100243807
  view-data: 0.21633812738582492
