times:
  edit-metadata: 1.4055427769199014
  landing: 0.23166819848120213
  view-data: 0.4906194917857647
