times:
  edit-metadata: 2.7249555736780167
  landing: 0.24262128584086895
  view-data: 0.4216383472084999
