times:
  edit-metadata: 1.6297337543219328
  landing: 0.24445448443293571
  view-data: 0.025275303050875664
