times:
  edit-metadata: 1.508224481716752
  landing: 0.019601140171289444
  view-data: 0.1367180235683918
