times:
  edit-metadata: 1.4066650066524744
  landing: 0.0208192877471447
  view-data: 0.12412349693477154
