times:
  edit-metadata: 0.591535204090178
  landing: 0.10062411893159151
  view-data: 0.21774220513179898
