times:
  edit-metadata: 0.6773023400455713
  landing: 0.08315761527046561
  view-data: 0.20759060559794307
