times:
  edit-metadata: 1.5428475551307201
  landing: 0.07314282469451427
  view-data: 0.027070309966802597
