times:
  edit-metadata: 1.363852359354496
  landing: 0.019504817202687263
  view-data: 0.024488430470228195
