times:
  edit-metadata: 1.5146891437470913
  landing: 0.02210046909749508
  view-data: 0.15516777336597443
