times:
  edit-metadata: 1.7507100161165
  landing: 0.1608530730009079
  view-data: 0.24196281097829342
