times:
  edit-metadata: 1.4534467458724976
  landing: 0.2020924687385559
  view-data: 0.025592468678951263
