times:
  edit-metadata: 0.5534619060344994
  landing: 0.05775233870372176
  view-data: 0.2050743498839438
