times:
  edit-metadata: 1.483770264312625
  landing: 0.05085413157939911
  view-data: 0.3676492962986231
