times:
  edit-metadata: 1.312565558589995
  landing: 0.021831605583429337
  view-data: 0.02472355868667364
