times:
  edit-metadata: 1.4252218268811703
  landing: 0.26199667900800705
  view-data: 0.3158880826085806
