times:
  edit-metadata: 1.353874858468771
  landing: 0.022167431190609932
  view-data: 0.14008250832557678
