times:
  edit-metadata: 1.7933590598404408
  landing: 0.38696158304810524
  view-data: 0.22215322963893414
