times:
  edit-metadata: 1.5054633002728224
  landing: 0.1481407843530178
  view-data: 0.05224465951323509
