times:
  edit-metadata: 1.6968089435249567
  landing: 0.0215944591909647
  view-data: 0.13999601267278194
