times:
  edit-metadata: 1.4646028922870755
  landing: 0.01936917658895254
  view-data: 0.13421127013862133
