times:
  edit-metadata: 1.556760685518384
  landing: 0.021782008931040764
  view-data: 0.023455727845430374
