times:
  edit-metadata: 0.550098123960197
  landing: 0.06494325585663319
  view-data: 0.2526679593138397
