times:
  edit-metadata: 1.438109328970313
  landing: 0.1450776495039463
  view-data: 0.2995563019067049
