times:
  edit-metadata: 1.7380824647843838
  landing: 0.2970354352146387
  view-data: 0.025529462844133377
