times:
  edit-metadata: 1.409783385694027
  landing: 0.20257906429469585
  view-data: 0.026032445020973682
