times:
  edit-metadata: 1.346098380163312
  landing: 0.021602334454655647
  view-data: 0.02451373264193535
