times:
  edit-metadata: 1.3590735401958227
  landing: 0.12634591851383448
  view-data: 0.12149818055331707
