times:
  edit-metadata: 1.4607697818428278
  landing: 0.21789375692605972
  view-data: 0.3072011470794678
