times:
  edit-metadata: 1.3372263964265585
  landing: 0.019904710352420807
  view-data: 0.025785502046346664
