times:
  edit-metadata: 1.431795123964548
  landing: 0.1788228927180171
  view-data: 0.2726540043950081
