times:
  edit-metadata: 1.563106494024396
  landing: 0.018909739330410957
  view-data: 0.31296003982424736
