times:
  edit-metadata: 0.5956202410161495
  landing: 0.06738849636167288
  view-data: 0.203208576887846
