times:
  edit-metadata: 1.360382379963994
  landing: 0.020668568089604378
  view-data: 0.025011086836457253
