times:
  edit-metadata: 1.5067771207541227
  landing: 0.029840003699064255
  view-data: 0.34193031303584576
