times:
  edit-metadata: 1.4100685212761164
  landing: 0.01912267506122589
  view-data: 0.3212307542562485
