times:
  edit-metadata: 1.3994422517716885
  landing: 0.02054995857179165
  view-data: 0.1293604802340269
