times:
  edit-metadata: 1.354906553402543
  landing: 0.020512765273451805
  view-data: 0.33988980017602444
