times:
  edit-metadata: 1.3916314048692584
  landing: 0.021031084470450878
  view-data: 0.18969366047531366
