times:
  edit-metadata: 1.3649962302297354
  landing: 0.26479269191622734
  view-data: 0.031084951013326645
