times:
  edit-metadata: 1.3481040298938751
  landing: 0.021700717508792877
  view-data: 0.02551850862801075
