times:
  edit-metadata: 1.518950185738504
  landing: 0.14168772287666798
  view-data: 0.02644989639520645
