times:
  edit-metadata: 1.382417418062687
  landing: 0.2391890548169613
  view-data: 0.029210327193140984
