times:
  edit-metadata: 1.3747369032353163
  landing: 0.01918432116508484
  view-data: 0.3420538045465946
