times:
  edit-metadata: 0.5368109401315451
  landing: 0.11985010420903563
  view-data: 0.3063092580996454
