times:
  edit-metadata: 3.894663868995849
  landing: 0.3572877249971498
  view-data: 0.794147968001198
