times:
  edit-metadata: 0.7698872471228242
  landing: 0.07310190657153726
  view-data: 0.22323649562895298
