times:
  edit-metadata: 0.7265140269882977
  landing: 0.058132688980549574
  view-data: 0.30752291716635227
