times:
  edit-metadata: 0.5508768130093813
  landing: 0.12025180784985423
  view-data: 0.3312352253124118
