times:
  edit-metadata: 0.5463831340894103
  landing: 0.06841288926079869
  view-data: 0.2174890642054379
