times:
  edit-metadata: 0.6139553566463292
  landing: 0.051141844131052494
  view-data: 0.2065194002352655
