times:
  edit-metadata: 0.7052537770941854
  landing: 0.08555934112519026
  view-data: 0.2100583929568529
