times:
  edit-metadata: 0.5891115488484502
  landing: 0.053077373187988997
  view-data: 0.26034269388765097
