times:
  edit-metadata: 0.6026393207721412
  landing: 0.14945550495758653
  view-data: 0.21086269617080688
