times:
  edit-metadata: 0.8270391360856593
  landing: 0.07711195107549429
  view-data: 0.28126088809221983
