times:
  edit-metadata: 0.6294145733118057
  landing: 0.14437855780124664
  view-data: 0.26828890899196267
