times:
  edit-metadata: 0.6432361099869013
  landing: 0.07428896427154541
  view-data: 0.20720125688239932
