times:
  edit-metadata: 0.7146982103586197
  landing: 0.06041104579344392
  view-data: 0.3257622793316841
