times:
  edit-metadata: 0.5412633870728314
  landing: 0.0657032304443419
  view-data: 0.21960473200306296
