times:
  edit-metadata: 0.537553939037025
  landing: 0.10587572678923607
  view-data: 0.31131914211437106
