times:
  edit-metadata: 0.5391815742477775
  landing: 0.06393684120848775
  view-data: 0.209402565844357
