times:
  edit-metadata: 0.8138312208466232
  landing: 0.15725487330928445
  view-data: 0.3227209900505841
