times:
  edit-metadata: 0.8143292851746082
  landing: 0.07587644085288048
  view-data: 0.2519985786639154
