times:
  edit-metadata: 0.5895539158955216
  landing: 0.07369119161739945
  view-data: 0.32823247695341706
