times:
  edit-metadata: 0.5494389520026743
  landing: 0.06202762573957443
  view-data: 0.21676552295684814
