times:
  edit-metadata: 0.5659655258059502
  landing: 0.06142484117299318
  view-data: 0.21196522284299135
