times:
  edit-metadata: 0.5717771709896624
  landing: 0.07067759614437819
  view-data: 0.21193425497040153
