times:
  edit-metadata: 0.6557890581898391
  landing: 0.0852982341311872
  view-data: 0.2666927180252969
