times:
  edit-metadata: 0.658832595217973
  landing: 0.07002179231494665
  view-data: 0.20797311002388597
