times:
  edit-metadata: 0.6461156369186938
  landing: 0.11294940672814846
  view-data: 0.22494592098519206
