times:
  edit-metadata: 0.6209811070002615
  landing: 0.10497550712898374
  view-data: 0.20757904089987278
