times:
  edit-metadata: 0.5523144472390413
  landing: 0.07572359079495072
  view-data: 0.2257699677720666
