times:
  edit-metadata: 0.44569531502202153
  landing: 0.038516636937856674
  view-data: 0.8069577892310917
