times:
  edit-metadata: 0.4473890960216522
  landing: 0.05007265880703926
  view-data: 0.20269654411822557
