times:
  edit-metadata: 0.43537860782817006
  landing: 0.04134012619033456
  view-data: 0.8444585101678967
