times:
  edit-metadata: 0.5574478087946773
  landing: 0.053399886935949326
  view-data: 0.32926560938358307
