times:
  edit-metadata: 0.436433264054358
  landing: 0.048822869546711445
  view-data: 0.32115019764751196
