times:
  edit-metadata: 0.42634471226483583
  landing: 0.05055825784802437
  view-data: 0.33631818275898695
