times:
  edit-metadata: 0.46354077802971005
  landing: 0.0416780449450016
  view-data: 0.3544680392369628
