times:
  edit-metadata: 0.45414503291249275
  landing: 0.04136420041322708
  view-data: 0.3477949919179082
