times:
  edit-metadata: 0.43846390303224325
  landing: 0.051095359958708286
  view-data: 0.19794564880430698
