times:
  edit-metadata: 0.43631115881726146
  landing: 0.04477751487866044
  view-data: 0.5905426382087171
