times:
  edit-metadata: 0.4528899220749736
  landing: 0.04989997809752822
  view-data: 0.31207775603979826
