times:
  edit-metadata: 0.4284703368321061
  landing: 0.05052372254431248
  view-data: 0.5958675658330321
