times:
  edit-metadata: 0.44197289925068617
  landing: 0.04077888559550047
  view-data: 0.3298046812415123
