times:
  edit-metadata: 0.42537524085491896
  landing: 0.04998072888702154
  view-data: 0.8486713110469282
