times:
  edit-metadata: 0.44367311662063
  landing: 0.042953042313456535
  view-data: 0.3614823268726468
