times:
  edit-metadata: 0.5193922622129321
  landing: 0.05627619940787554
  view-data: 0.22882057819515467
