times:
  edit-metadata: 0.44663600623607635
  landing: 0.04501128010451794
  view-data: 0.2091365922242403
