times:
  edit-metadata: 0.43411262100562453
  landing: 0.05742272734642029
  view-data: 0.37571993516758084
