times:
  edit-metadata: 0.420236645732075
  landing: 0.04298509890213609
  view-data: 0.21638849517330527
