times:
  edit-metadata: 0.41085716988891363
  landing: 0.054211920127272606
  view-data: 0.3358874246478081
