times:
  edit-metadata: 1.52956198528409
  landing: 0.019514717161655426
  view-data: 0.34794289059937
