times:
  edit-metadata: 1.4460002817213535
  landing: 0.15396889485418797
  view-data: 0.4499122593551874
