times:
  edit-metadata: 1.8275245614349842
  landing: 0.33737230114638805
  view-data: 0.20261657051742077
