times:
  edit-metadata: 1.7780834566801786
  landing: 0.15119252167642117
  view-data: 0.13641051575541496
