times:
  edit-metadata: 1.3671075124293566
  landing: 0.022772131487727165
  view-data: 0.1001406330615282
