times:
  edit-metadata: 1.5096106883138418
  landing: 0.09458302892744541
  view-data: 0.02487521432340145
