times:
  edit-metadata: 1.3347249552607536
  landing: 0.018176259472966194
  view-data: 0.0231165811419487
