times:
  edit-metadata: 1.4204618893563747
  landing: 0.019955797120928764
  view-data: 0.02457517944276333
