times:
  edit-metadata: 1.431077005341649
  landing: 0.1500350683927536
  view-data: 0.25632253661751747
