times:
  edit-metadata: 1.4367107786238194
  landing: 0.1415600422769785
  view-data: 0.026516498997807503
