times:
  edit-metadata: 0.565894850064069
  landing: 0.12657950399443507
  view-data: 0.2142254295758903
