times:
  edit-metadata: 0.5513560413382947
  landing: 0.11297818785533309
  view-data: 0.2765685929916799
