times:
  edit-metadata: 1.4001194592565298
  landing: 0.20575598254799843
  view-data: 0.27277757227420807
