times:
  edit-metadata: 1.4417319977656007
  landing: 0.01962557528167963
  view-data: 0.2369737196713686
