times:
  edit-metadata: 1.3864506427198648
  landing: 0.21013229340314865
  view-data: 0.029533203691244125
