times:
  edit-metadata: 1.3837952055037022
  landing: 0.1275743069127202
  view-data: 0.12479521427303553
