times:
  edit-metadata: 1.425884172320366
  landing: 0.021045055240392685
  view-data: 0.21731072664260864
