times:
  edit-metadata: 1.5310119977220893
  landing: 0.22371006850153208
  view-data: 0.13162084762006998
