times:
  edit-metadata: 1.5503409691154957
  landing: 0.024102315306663513
  view-data: 0.329769691452384
