times:
  edit-metadata: 1.4897815883159637
  landing: 0.21042373590171337
  view-data: 0.024102404713630676
