times:
  edit-metadata: 0.6170201911590993
  landing: 0.09351159911602736
  view-data: 0.20725983008742332
