times:
  edit-metadata: 1.3834328530356288
  landing: 0.019162409007549286
  view-data: 0.3658801447600126
