times:
  edit-metadata: 0.5158104761503637
  landing: 0.07578060869127512
  view-data: 0.21043234318494797
