times:
  edit-metadata: 1.3381548766046762
  landing: 0.021068677306175232
  view-data: 0.025579698383808136
