times:
  edit-metadata: 1.4846687838435173
  landing: 0.20477929525077343
  view-data: 0.13003512099385262
