times:
  edit-metadata: 0.68890042277053
  landing: 0.05726514710113406
  view-data: 0.2773530320264399
