times:
  edit-metadata: 1.4702229453250766
  landing: 0.027562566101551056
  view-data: 0.2332628546282649
