times:
  edit-metadata: 1.4289571670815349
  landing: 0.019843459129333496
  view-data: 0.12778187450021505
