times:
  edit-metadata: 1.6283848769962788
  landing: 0.2015114314854145
  view-data: 0.24289319477975368
