times:
  edit-metadata: 1.4701884891837835
  landing: 0.02074560523033142
  view-data: 0.1256975717842579
