times:
  edit-metadata: 1.352364992722869
  landing: 0.1982835829257965
  view-data: 0.31552038714289665
