times:
  edit-metadata: 0.7292947620153427
  landing: 0.05923509830608964
  view-data: 0.2799950330518186
