times:
  edit-metadata: 1.390905026346445
  landing: 0.021704645827412605
  view-data: 0.025002798065543175
