times:
  edit-metadata: 1.4825128260999918
  landing: 0.020586011931300163
  view-data: 0.02912025898694992
