times:
  edit-metadata: 0.8023878852836788
  landing: 0.05776355601847172
  view-data: 0.29615210834890604
