times:
  edit-metadata: 1.3523111902177334
  landing: 0.1968507207930088
  view-data: 0.2913230415433645
