times:
  edit-metadata: 1.3746526949107647
  landing: 0.020267171785235405
  view-data: 0.02486111782491207
