times:
  edit-metadata: 0.6664387811906636
  landing: 0.13330472586676478
  view-data: 0.21778853703290224
