times:
  edit-metadata: 1.3701508678495884
  landing: 0.02364482916891575
  view-data: 0.025156540796160698
