times:
  edit-metadata: 1.4827844481915236
  landing: 0.02095375582575798
  view-data: 0.14675450325012207
