times:
  edit-metadata: 1.6124186553061008
  landing: 0.16067604161798954
  view-data: 0.3592807166278362
