times:
  edit-metadata: 1.3398083169013262
  landing: 0.021956751123070717
  view-data: 0.02637653611600399
