times:
  edit-metadata: 1.554804839193821
  landing: 0.018610740080475807
  view-data: 0.5432077646255493
