times:
  edit-metadata: 1.4020780175924301
  landing: 0.17700732871890068
  view-data: 0.13719260692596436
