times:
  edit-metadata: 0.8073527663946152
  landing: 0.12056049099192023
  view-data: 0.2263067909516394
