times:
  edit-metadata: 1.6223101429641247
  landing: 0.02106597274541855
  view-data: 0.17256012000143528
