times:
  edit-metadata: 1.7862207852303982
  landing: 0.3072886820882559
  view-data: 0.3884753491729498
