times:
  edit-metadata: 0.5191831928677857
  landing: 0.06719648698344827
  view-data: 0.20363445207476616
