times:
  edit-metadata: 1.594190800562501
  landing: 0.01918264850974083
  view-data: 0.3253618273884058
