times:
  edit-metadata: 1.403078825213015
  landing: 0.09859929885715246
  view-data: 0.029436971060931683
