times:
  edit-metadata: 0.7949953051283956
  landing: 0.10163801815360785
  view-data: 0.2983447229489684
