times:
  edit-metadata: 0.5258339876309037
  landing: 0.07319535128772259
  view-data: 0.21757926931604743
