times:
  edit-metadata: 1.3404740635305643
  landing: 0.021942349150776863
  view-data: 0.025272628292441368
