times:
  edit-metadata: 1.6518239341676235
  landing: 0.2199975848197937
  view-data: 0.38910440169274807
