times:
  edit-metadata: 1.4481432801112533
  landing: 0.01963080558925867
  view-data: 0.02572468388825655
