times:
  edit-metadata: 1.7297798451036215
  landing: 0.2662856448441744
  view-data: 0.34470902569592
