times:
  edit-metadata: 1.626307636499405
  landing: 0.11559633910655975
  view-data: 0.3224771302193403
