times:
  edit-metadata: 1.3965331390500069
  landing: 0.1393444985151291
  view-data: 0.3881478477269411
