times:
  edit-metadata: 1.3197898790240288
  landing: 0.021881572902202606
  view-data: 0.439118392765522
