times:
  edit-metadata: 1.4006163068115711
  landing: 0.24361630156636238
  view-data: 0.023094573989510536
