times:
  edit-metadata: 1.49464962631464
  landing: 0.021920781582593918
  view-data: 0.37450578808784485
