times:
  edit-metadata: 1.410557685419917
  landing: 0.2591650225222111
  view-data: 0.21539662405848503
