times:
  edit-metadata: 1.3927536495029926
  landing: 0.021771421656012535
  view-data: 0.3319555427879095
