times:
  edit-metadata: 1.3669051826000214
  landing: 0.01988092251121998
  view-data: 0.41680469643324614
