times:
  edit-metadata: 1.7911124173551798
  landing: 0.03325091674923897
  view-data: 0.15878950618207455
