times:
  edit-metadata: 1.9482134189456701
  landing: 0.30062700249254704
  view-data: 0.3464187979698181
