times:
  edit-metadata: 1.3957904670387506
  landing: 0.11686175968497992
  view-data: 0.1435482632368803
