times:
  edit-metadata: 1.418943140655756
  landing: 0.13206608220934868
  view-data: 0.119315505027771
