times:
  edit-metadata: 1.327048840932548
  landing: 0.021551605314016342
  view-data: 0.02686305996030569
