times:
  edit-metadata: 1.6434405725449324
  landing: 0.25027378462255
  view-data: 0.3810809925198555
