times:
  edit-metadata: 1.4077821858227253
  landing: 0.06519987992942333
  view-data: 0.38609709963202477
