times:
  edit-metadata: 1.3314635045826435
  landing: 0.19817419722676277
  view-data: 0.3463597148656845
