times:
  edit-metadata: 0.7200884539633989
  landing: 0.06007766304537654
  view-data: 0.29057248774915934
