times:
  edit-metadata: 1.6080614235252142
  landing: 0.42202826403081417
  view-data: 0.02465992048382759
