times:
  edit-metadata: 1.5744783990085125
  landing: 0.022684695199131966
  view-data: 0.12221206165850163
