times:
  edit-metadata: 1.3602728564292192
  landing: 0.021674038842320442
  view-data: 0.026840969920158386
