times:
  edit-metadata: 0.5443233717232943
  landing: 0.06399073917418718
  view-data: 0.22162748593837023
