times:
  edit-metadata: 1.354922192171216
  landing: 0.022152284160256386
  view-data: 0.026046376675367355
