times:
  edit-metadata: 0.5262476596981287
  landing: 0.06463034683838487
  view-data: 0.216935230884701
