times:
  edit-metadata: 1.3457998558878899
  landing: 0.019821632653474808
  view-data: 0.025456463918089867
