times:
  edit-metadata: 0.547321277204901
  landing: 0.09237059112638235
  view-data: 0.21480965614318848
