times:
  edit-metadata: 0.5391586869955063
  landing: 0.07269576890394092
  view-data: 0.2039282312616706
