times:
  edit-metadata: 1.4193485751748085
  landing: 0.021542172878980637
  view-data: 0.026218438521027565
