times:
  edit-metadata: 2.019695515744388
  landing: 0.2301134029403329
  view-data: 0.364080966450274
