times:
  edit-metadata: 0.5286545092239976
  landing: 0.07214778987690806
  view-data: 0.22429921105504036
