times:
  edit-metadata: 1.3544472120702267
  landing: 0.294003713876009
  view-data: 0.12330430559813976
