times:
  edit-metadata: 1.4273489024490118
  landing: 0.02429940551519394
  view-data: 0.027144992724061012
