times:
  edit-metadata: 1.3478670958429575
  landing: 0.1347402222454548
  view-data: 0.024394333362579346
