times:
  edit-metadata: 1.422608194872737
  landing: 0.020822947844862938
  view-data: 0.3152588866651058
