times:
  edit-metadata: 0.5212205820716918
  landing: 0.0737300580367446
  view-data: 0.23545207176357508
