times:
  edit-metadata: 1.3714350573718548
  landing: 0.02108900621533394
  view-data: 0.14497939683496952
