times:
  edit-metadata: 1.4456077944487333
  landing: 0.14967444725334644
  view-data: 0.37816112115979195
