times:
  edit-metadata: 1.413164684548974
  landing: 0.2058538757264614
  view-data: 0.13567170314490795
