times:
  edit-metadata: 1.3390639051795006
  landing: 0.11329510807991028
  view-data: 0.025440843775868416
