times:
  edit-metadata: 1.5683122761547565
  landing: 0.2986013926565647
  view-data: 0.4530218318104744
