times:
  edit-metadata: 1.4671561066061258
  landing: 0.019571030512452126
  view-data: 0.1444286871701479
