times:
  edit-metadata: 1.5786276459693909
  landing: 0.21148180961608887
  view-data: 0.1378573700785637
