times:
  edit-metadata: 0.7267780900001526
  landing: 0.11712238006293774
  view-data: 0.2660125410184264
