times:
  edit-metadata: 1.4958208464086056
  landing: 0.24340536817908287
  view-data: 0.14853938668966293
