times:
  edit-metadata: 1.5780595690011978
  landing: 0.24776365235447884
  view-data: 0.14508101157844067
