times:
  edit-metadata: 1.508285317569971
  landing: 0.21827766485512257
  view-data: 0.3755676932632923
