times:
  edit-metadata: 0.5298740561120212
  landing: 0.070280060172081
  view-data: 0.2042798548936844
