times:
  edit-metadata: 1.5294295474886894
  landing: 0.26088688150048256
  view-data: 0.25115152448415756
