times:
  edit-metadata: 1.482541497796774
  landing: 0.1490456759929657
  view-data: 0.3126409873366356
