times:
  edit-metadata: 1.3754590433090925
  landing: 0.018325574696063995
  view-data: 0.12312573287636042
