times:
  edit-metadata: 1.5116433072835207
  landing: 0.14258651621639729
  view-data: 0.101229939609766
