times:
  edit-metadata: 1.4888314567506313
  landing: 0.23102916777133942
  view-data: 0.21345808263868093
