times:
  edit-metadata: 1.4362051021307707
  landing: 0.019249092787504196
  view-data: 0.0235200934112072
