times:
  edit-metadata: 1.3345807641744614
  landing: 0.021740851923823357
  view-data: 0.023419572040438652
