times:
  edit-metadata: 1.3846465293318033
  landing: 0.023399699479341507
  view-data: 0.1039924044162035
