times:
  edit-metadata: 1.464769328944385
  landing: 0.021316456608474255
  view-data: 0.024004969745874405
