times:
  edit-metadata: 1.552831819280982
  landing: 0.15924997627735138
  view-data: 0.3394589740782976
