times:
  edit-metadata: 1.517126016318798
  landing: 0.11751666851341724
  view-data: 0.15056975558400154
