times:
  edit-metadata: 1.3144675297662616
  landing: 0.11743987817317247
  view-data: 0.024134808219969273
