times:
  edit-metadata: 1.4527729507535696
  landing: 0.021988017484545708
  view-data: 0.30604915879666805
