times:
  edit-metadata: 1.4153581010177732
  landing: 0.26245620381087065
  view-data: 0.02366369403898716
