times:
  edit-metadata: 1.4356631264090538
  landing: 0.31214492581784725
  view-data: 0.1529515516012907
