times:
  edit-metadata: 1.4459161162376404
  landing: 0.01928487978875637
  view-data: 0.12335412576794624
