times:
  edit-metadata: 1.6370657412335277
  landing: 0.02589195128530264
  view-data: 0.4052324593067169
