times:
  edit-metadata: 1.4507753876969218
  landing: 0.01918652094900608
  view-data: 0.24137386493384838
