times:
  edit-metadata: 0.5122579829767346
  landing: 0.15295493509620428
  view-data: 0.29996836790814996
