times:
  edit-metadata: 1.4665920734405518
  landing: 0.021036271005868912
  view-data: 0.028234189376235008
