times:
  edit-metadata: 1.4113792600110173
  landing: 0.020329847931861877
  view-data: 0.022530932910740376
