times:
  edit-metadata: 1.5462202709168196
  landing: 0.15532089956104755
  view-data: 0.4342476222664118
