times:
  edit-metadata: 1.3765286430716515
  landing: 0.1374230869114399
  view-data: 0.2997296079993248
