times:
  edit-metadata: 1.452551068738103
  landing: 0.022232506424188614
  view-data: 0.02371293120086193
