times:
  edit-metadata: 0.5360624510794878
  landing: 0.06758059607818723
  view-data: 0.20757276192307472
