times:
  edit-metadata: 1.4921199474483728
  landing: 0.022872833535075188
  view-data: 0.031846530735492706
