times:
  edit-metadata: 1.97293702326715
  landing: 0.40112727880477905
  view-data: 0.5094862319529057
