times:
  edit-metadata: 0.7308297073468566
  landing: 0.09201018000021577
  view-data: 0.21217876905575395
