times:
  edit-metadata: 1.612003156915307
  landing: 0.2716161999851465
  view-data: 0.4147961996495724
