times:
  edit-metadata: 1.5436720754951239
  landing: 0.023805513978004456
  view-data: 0.12625658512115479
