times:
  edit-metadata: 1.3474522344768047
  landing: 0.24341494031250477
  view-data: 0.15594566613435745
