times:
  edit-metadata: 1.3404788989573717
  landing: 0.0192805714905262
  view-data: 0.10246138460934162
