times:
  edit-metadata: 1.6072785090655088
  landing: 0.23054959252476692
  view-data: 0.15957104042172432
