times:
  edit-metadata: 1.4477769937366247
  landing: 0.18430138565599918
  view-data: 0.35134682804346085
