times:
  edit-metadata: 1.4368682000786066
  landing: 0.02298140525817871
  view-data: 0.02641429379582405
