times:
  edit-metadata: 1.5325153470039368
  landing: 0.20268120989203453
  view-data: 0.16977393627166748
