times:
  edit-metadata: 1.4409727435559034
  landing: 0.14032656699419022
  view-data: 0.022807825356721878
