times:
  edit-metadata: 1.5301465494558215
  landing: 0.143850008957088
  view-data: 0.419381276704371
