times:
  edit-metadata: 1.3300025323405862
  landing: 0.02167230937629938
  view-data: 0.029814302921295166
