times:
  edit-metadata: 1.4264501705765724
  landing: 0.01987883262336254
  view-data: 0.023360850289463997
