times:
  edit-metadata: 1.6863899696618319
  landing: 0.019902024418115616
  view-data: 0.024903155863285065
