times:
  edit-metadata: 1.4465643260627985
  landing: 0.20301871560513973
  view-data: 0.1285147052258253
