times:
  edit-metadata: 1.3978568706661463
  landing: 0.020565740764141083
  view-data: 0.13880128972232342
