times:
  edit-metadata: 1.487405203282833
  landing: 0.09868312999606133
  view-data: 0.23532327078282833
