times:
  edit-metadata: 1.68563243560493
  landing: 0.20066862553358078
  view-data: 0.027949322015047073
