times:
  edit-metadata: 1.9129730705171824
  landing: 0.30868734046816826
  view-data: 0.23228605836629868
