times:
  edit-metadata: 1.3826875891536474
  landing: 0.11567576974630356
  view-data: 0.02631996013224125
