times:
  edit-metadata: 1.4123792592436075
  landing: 0.17909831553697586
  view-data: 0.028885312378406525
