times:
  edit-metadata: 2.191729996353388
  landing: 0.23428207635879517
  view-data: 0.38380954414606094
