times:
  edit-metadata: 1.3444610089063644
  landing: 0.02123534493148327
  view-data: 0.02793012373149395
