times:
  edit-metadata: 1.5166697409003973
  landing: 0.17646624892950058
  view-data: 0.02640850469470024
