times:
  edit-metadata: 1.4116099569946527
  landing: 0.020915081724524498
  view-data: 0.34829177148640156
