times:
  edit-metadata: 1.5783443534746766
  landing: 0.230820806697011
  view-data: 0.5184387862682343
