times:
  edit-metadata: 1.5156384967267513
  landing: 0.20533344708383083
  view-data: 0.023618372157216072
