times:
  edit-metadata: 1.4914336893707514
  landing: 0.02218104712665081
  view-data: 0.16509829834103584
