times:
  edit-metadata: 1.3935619313269854
  landing: 0.025861287489533424
  view-data: 0.024041123688220978
