times:
  edit-metadata: 1.3767763283103704
  landing: 0.020068811252713203
  view-data: 0.022723238915205002
