times:
  edit-metadata: 0.8188101276755333
  landing: 0.06234518112614751
  view-data: 0.22091514896601439
