times:
  edit-metadata: 0.5232225391082466
  landing: 0.0746217118576169
  view-data: 0.20344699220731854
