times:
  edit-metadata: 1.4510213546454906
  landing: 0.022058553993701935
  view-data: 0.30375279299914837
