times:
  edit-metadata: 1.6754794521257281
  landing: 0.3462077882140875
  view-data: 0.44221574254333973
