times:
  edit-metadata: 1.372134543955326
  landing: 0.15100443363189697
  view-data: 0.02611376717686653
