times:
  edit-metadata: 0.8431906779296696
  landing: 0.060073914937675
  view-data: 0.20806707115843892
