times:
  edit-metadata: 1.4284425601363182
  landing: 0.01883895881474018
  view-data: 0.02463122271001339
