times:
  edit-metadata: 1.5099494755268097
  landing: 0.1600213572382927
  view-data: 0.028754571452736855
