times:
  edit-metadata: 1.801356267184019
  landing: 0.22625972889363766
  view-data: 0.3432669825851917
