times:
  edit-metadata: 0.4142756755463779
  landing: 0.052854261826723814
  view-data: 0.24284116318449378
