times:
  edit-metadata: 0.4487324869260192
  landing: 0.05559748783707619
  view-data: 0.33404706977307796
