times:
  edit-metadata: 0.4460748601704836
  landing: 0.048280670307576656
  view-data: 0.45939749013632536
