times:
  edit-metadata: 0.4437608541920781
  landing: 0.04426968935877085
  view-data: 0.2186637045815587
