times:
  edit-metadata: 0.4308922663331032
  landing: 0.05182845052331686
  view-data: 0.21863176859915257
