times:
  edit-metadata: 0.46598684042692184
  landing: 0.051174565218389034
  view-data: 0.19312684237957
