times:
  edit-metadata: 0.44185373140498996
  landing: 0.043320792727172375
  view-data: 0.32141410326585174
