times:
  edit-metadata: 0.443292744923383
  landing: 0.04554217308759689
  view-data: 0.5730915609747171
