times:
  edit-metadata: 0.4503557621501386
  landing: 0.052692506927996874
  view-data: 0.7205591280944645
