times:
  edit-metadata: 0.44836579682305455
  landing: 0.05031907185912132
  view-data: 0.21242397371679544
