times:
  edit-metadata: 1.3887282777577639
  landing: 0.020619569346308708
  view-data: 0.02841266244649887
