times:
  edit-metadata: 0.5414105360396206
  landing: 0.07070737797766924
  view-data: 0.2089234539307654
