times:
  edit-metadata: 0.5774114951491356
  landing: 0.0659424178302288
  view-data: 0.21496021887287498
