times:
  edit-metadata: 1.3706177361309528
  landing: 0.15874188020825386
  view-data: 0.026292473077774048
