times:
  edit-metadata: 1.5070187617093325
  landing: 0.16699415631592274
  view-data: 0.3624985497444868
