times:
  edit-metadata: 1.4156637843698263
  landing: 0.02123609185218811
  view-data: 0.027835611253976822
