times:
  edit-metadata: 1.6119029726833105
  landing: 0.026621652767062187
  view-data: 0.3634575977921486
