times:
  edit-metadata: 1.730244504287839
  landing: 0.019724003970623016
  view-data: 0.02569359354674816
