times:
  edit-metadata: 0.6359320175834
  landing: 0.09629797469824553
  view-data: 0.21245964197441936
