times:
  edit-metadata: 1.7375512905418873
  landing: 0.17608454450964928
  view-data: 0.333246324211359
