times:
  edit-metadata: 0.633578912820667
  landing: 0.07635688502341509
  view-data: 0.3235327862203121
