times:
  edit-metadata: 0.5516512640751898
  landing: 0.07066739676520228
  view-data: 0.2085580793209374
