times:
  edit-metadata: 0.7139707673341036
  landing: 0.066502686124295
  view-data: 0.21695710392668843
