times:
  edit-metadata: 1.6214381586760283
  landing: 0.02030540443956852
  view-data: 0.377288319170475
