times:
  edit-metadata: 1.400571521371603
  landing: 0.025395536795258522
  view-data: 0.02323158271610737
