times:
  edit-metadata: 1.3627411182969809
  landing: 0.020366700366139412
  view-data: 0.024624014273285866
