times:
  edit-metadata: 0.5630145319737494
  landing: 0.06002706894651055
  view-data: 0.2712986320257187
