times:
  edit-metadata: 1.8730197865515947
  landing: 0.2125498354434967
  view-data: 0.3295753635466099
