times:
  edit-metadata: 1.3825315088033676
  landing: 0.019224222749471664
  view-data: 0.024634387344121933
