times:
  edit-metadata: 0.7815671521238983
  landing: 0.06400781683623791
  view-data: 0.2743573668412864
