times:
  edit-metadata: 1.6218073833733797
  landing: 0.2745064254850149
  view-data: 0.3974155355244875
