times:
  edit-metadata: 1.4958807285875082
  landing: 0.021238835528492928
  view-data: 0.06897769682109356
