times:
  edit-metadata: 1.604644175618887
  landing: 0.2113977987319231
  view-data: 0.2712632976472378
