times:
  edit-metadata: 1.945415811613202
  landing: 0.25261482410132885
  view-data: 0.4159251842647791
