times:
  edit-metadata: 1.400610901415348
  landing: 0.01939224638044834
  view-data: 0.12222565151751041
