times:
  edit-metadata: 0.7556312698870897
  landing: 0.05868477001786232
  view-data: 0.2848915681242943
