times:
  edit-metadata: 0.5742729217745364
  landing: 0.06275284895673394
  view-data: 0.225610232912004
