times:
  edit-metadata: 1.4418276250362396
  landing: 0.2446739636361599
  view-data: 0.19950398243963718
