times:
  edit-metadata: 1.917678939178586
  landing: 0.020963938906788826
  view-data: 0.0554165355861187
