times:
  edit-metadata: 0.5886650579050183
  landing: 0.043715225998312235
  view-data: 0.2211848902516067
