times:
  edit-metadata: 1.4082861747592688
  landing: 0.11763107776641846
  view-data: 0.025886163115501404
