times:
  edit-metadata: 1.558790972456336
  landing: 0.024885868653655052
  view-data: 0.026155782863497734
