times:
  edit-metadata: 0.5769111211411655
  landing: 0.06645842269062996
  view-data: 0.22255314094945788
