times:
  edit-metadata: 1.4601890072226524
  landing: 0.02123190276324749
  view-data: 0.3174064923077822
