times:
  edit-metadata: 1.8548573087900877
  landing: 0.12995566427707672
  view-data: 0.03194580785930157
