times:
  edit-metadata: 1.636854648590088
  landing: 0.029390467330813408
  view-data: 0.43040976859629154
