times:
  edit-metadata: 1.4644702468067408
  landing: 0.04387257993221283
  view-data: 0.02836301550269127
