times:
  edit-metadata: 1.4652538392692804
  landing: 0.020370161160826683
  view-data: 0.12452151626348495
