times:
  edit-metadata: 1.5865080077201128
  landing: 0.2772829085588455
  view-data: 0.1588666718453169
