times:
  edit-metadata: 0.7610109681263566
  landing: 0.06025986699387431
  view-data: 0.33199687395244837
