times:
  edit-metadata: 1.3759157974272966
  landing: 0.04679649695754051
  view-data: 0.025252245366573334
