times:
  edit-metadata: 1.384364316239953
  landing: 0.02032064087688923
  view-data: 0.10203357972204685
