times:
  edit-metadata: 0.5599041688255966
  landing: 0.10298702027648687
  view-data: 0.29960649413987994
