times:
  edit-metadata: 1.9252776615321636
  landing: 0.16618149541318417
  view-data: 0.14680925756692886
