times:
  edit-metadata: 1.3990039564669132
  landing: 0.12667853757739067
  view-data: 0.026997793465852737
