times:
  edit-metadata: 0.5725506828166544
  landing: 0.07129915989935398
  view-data: 0.21839526994153857
