times:
  edit-metadata: 0.7858353303745389
  landing: 0.05428936704993248
  view-data: 0.2156304819509387
