times:
  edit-metadata: 1.39181724563241
  landing: 0.021691814064979553
  view-data: 0.10536892712116241
