times:
  edit-metadata: 1.450763963162899
  landing: 0.021966340020298958
  view-data: 0.3960449527949095
