times:
  edit-metadata: 1.5464058108627796
  landing: 0.15821523778140545
  view-data: 0.18177179619669914
