times:
  edit-metadata: 0.8019167669117451
  landing: 0.15459609124809504
  view-data: 0.3324451679363847
