times:
  edit-metadata: 0.7435587709769607
  landing: 0.06097525777295232
  view-data: 0.2025046907365322
