times:
  edit-metadata: 1.6077642813324928
  landing: 0.20876595191657543
  view-data: 0.3395841997116804
