times:
  edit-metadata: 0.555739332921803
  landing: 0.06731158634647727
  view-data: 0.2131583788432181
