times:
  edit-metadata: 0.5566379758529365
  landing: 0.05978158675134182
  view-data: 0.20921130012720823
