times:
  edit-metadata: 0.8132296251133084
  landing: 0.13366430858150125
  view-data: 0.31861962797120214
