times:
  edit-metadata: 1.5114588923752308
  landing: 0.25704626739025116
  view-data: 0.30082639306783676
