times:
  edit-metadata: 1.5872549433261156
  landing: 0.018715279176831245
  view-data: 0.02408185601234436
