times:
  edit-metadata: 1.359651880338788
  landing: 0.019729752093553543
  view-data: 0.028772776946425438
