times:
  edit-metadata: 0.5612576338462532
  landing: 0.10863657621666789
  view-data: 0.3028207467868924
