times:
  edit-metadata: 0.5882365168072283
  landing: 0.05884152418002486
  view-data: 0.2403094326145947
