times:
  edit-metadata: 1.3966154307127
  landing: 0.02010100893676281
  view-data: 0.33395374938845634
