times:
  edit-metadata: 0.726590977050364
  landing: 0.06507611507549882
  view-data: 0.25224899780005217
