times:
  edit-metadata: 1.533919932320714
  landing: 0.29050845094025135
  view-data: 0.025742052122950554
