times:
  edit-metadata: 1.6615831684321165
  landing: 0.019549844786524773
  view-data: 0.0310989897698164
