times:
  edit-metadata: 1.7401827070862055
  landing: 0.02511064149439335
  view-data: 0.3032420985400677
