times:
  edit-metadata: 0.593113916926086
  landing: 0.057209618389606476
  view-data: 0.20740373991429806
