times:
  edit-metadata: 0.7527413591742516
  landing: 0.055918727070093155
  view-data: 0.25355749065056443
