times:
  edit-metadata: 1.755463032051921
  landing: 0.029210058972239494
  view-data: 0.3934380318969488
