times:
  edit-metadata: 0.6004929118789732
  landing: 0.14034889684990048
  view-data: 0.2969781239517033
