times:
  edit-metadata: 1.6244621351361275
  landing: 0.021082233637571335
  view-data: 0.025616394355893135
