times:
  edit-metadata: 2.002188727259636
  landing: 0.22413464821875095
  view-data: 0.41543434001505375
