times:
  edit-metadata: 1.6252760253846645
  landing: 0.021970920264720917
  view-data: 0.28205255791544914
