times:
  edit-metadata: 1.6454626470804214
  landing: 0.13757383543998003
  view-data: 0.025394240394234657
