times:
  edit-metadata: 1.8714372795075178
  landing: 0.01951824128627777
  view-data: 0.0261912252753973
