times:
  edit-metadata: 1.623063439503312
  landing: 0.02144419029355049
  view-data: 0.31574959121644497
