times:
  edit-metadata: 1.713266322389245
  landing: 0.2379647083580494
  view-data: 0.13589861616492271
