times:
  edit-metadata: 0.7331989458762109
  landing: 0.0445180400274694
  view-data: 0.23670545499771833
