times:
  edit-metadata: 0.9493470168672502
  landing: 0.13365321466699243
  view-data: 0.3051018747501075
