times:
  edit-metadata: 1.6705512227490544
  landing: 0.2373147513717413
  view-data: 0.12461260333657265
