times:
  edit-metadata: 1.729845579713583
  landing: 0.13052729610353708
  view-data: 0.3657171977683902
