times:
  edit-metadata: 1.7410018891096115
  landing: 0.25135429948568344
  view-data: 0.02567317895591259
