times:
  edit-metadata: 1.6177934519946575
  landing: 0.019797122105956078
  view-data: 0.24547935836017132
