times:
  edit-metadata: 0.8096154569648206
  landing: 0.06797515507787466
  view-data: 0.21813556691631675
