times:
  edit-metadata: 1.869350016117096
  landing: 0.156493267044425
  view-data: 0.32183134742081165
