times:
  edit-metadata: 1.6612463593482971
  landing: 0.018903451040387154
  view-data: 0.11989895440638065
