times:
  edit-metadata: 1.6510555166751146
  landing: 0.1009807288646698
  view-data: 0.29699075780808926
