times:
  edit-metadata: 1.7809113208204508
  landing: 0.024981582537293434
  view-data: 0.2779130060225725
