times:
  edit-metadata: 0.7909152992069721
  landing: 0.09048482310026884
  view-data: 0.2367595392279327
