times:
  edit-metadata: 2.1010783184319735
  landing: 0.26561568677425385
  view-data: 0.4217923693358898
