times:
  edit-metadata: 1.607710768468678
  landing: 0.019257236272096634
  view-data: 0.02504053618758917
