times:
  edit-metadata: 2.221382638439536
  landing: 0.26945388317108154
  view-data: 0.37297600880265236
