times:
  edit-metadata: 2.107920940965414
  landing: 0.2967793457210064
  view-data: 0.027819903567433357
