times:
  edit-metadata: 1.6499633230268955
  landing: 0.11819792911410332
  view-data: 0.027011172845959663
