times:
  edit-metadata: 0.881753602065146
  landing: 0.061681043822318316
  view-data: 0.3442435939796269
