times:
  edit-metadata: 0.9390268102288246
  landing: 0.09423361578956246
  view-data: 0.30596459610387683
