times:
  edit-metadata: 0.7314727101475
  landing: 0.0745907318778336
  view-data: 0.2313037822023034
