times:
  edit-metadata: 0.9306700881570578
  landing: 0.09157580602914095
  view-data: 0.23365191603079438
