times:
  edit-metadata: 1.0039361421950161
  landing: 0.04291070997714996
  view-data: 0.21123564103618264
