times:
  edit-metadata: 0.7287769550457597
  landing: 0.05536341015249491
  view-data: 0.21287176897749305
