times:
  edit-metadata: 1.5800898224115372
  landing: 0.02064174972474575
  view-data: 0.026903696358203888
