times:
  edit-metadata: 1.6274245530366898
  landing: 0.01959996484220028
  view-data: 0.025121143087744713
