times:
  edit-metadata: 1.6504983641207218
  landing: 0.1168411374092102
  view-data: 0.02710063010454178
