times:
  edit-metadata: 1.653630355373025
  landing: 0.19751734472811222
  view-data: 0.14258450828492641
