times:
  edit-metadata: 1.757192444987595
  landing: 0.11661913059651852
  view-data: 0.1427055299282074
