times:
  edit-metadata: 1.6552406251430511
  landing: 0.02260352112352848
  view-data: 0.12507999688386917
