times:
  edit-metadata: 1.7394000254571438
  landing: 0.02082219533622265
  view-data: 0.31961620412766933
