times:
  edit-metadata: 2.1913400404155254
  landing: 0.043529173359274864
  view-data: 0.024632707238197327
