times:
  edit-metadata: 1.6738591231405735
  landing: 0.12698529101908207
  view-data: 0.02412603609263897
