times:
  edit-metadata: 1.7983946083113551
  landing: 0.019607133232057095
  view-data: 0.13411597348749638
