times:
  edit-metadata: 1.9456098545342684
  landing: 0.1801650319248438
  view-data: 0.3479667603969574
