times:
  edit-metadata: 1.63878701813519
  landing: 0.01967050228267908
  view-data: 0.2132775830104947
