times:
  edit-metadata: 1.8409996759146452
  landing: 0.21766044944524765
  view-data: 0.027514316141605377
