times:
  edit-metadata: 1.8432409148663282
  landing: 0.27681730687618256
  view-data: 0.16485880129039288
