times:
  edit-metadata: 1.8506305664777756
  landing: 0.022694529965519905
  view-data: 0.11852673627436161
