times:
  edit-metadata: 0.9137063981033862
  landing: 0.10776246199384332
  view-data: 0.3317019250243902
