times:
  edit-metadata: 1.620066087692976
  landing: 0.24280101619660854
  view-data: 0.10395202413201332
