times:
  edit-metadata: 1.5865029422566295
  landing: 0.21426737774163485
  view-data: 0.48457163758575916
