times:
  edit-metadata: 1.7197176879271865
  landing: 0.1397997923195362
  view-data: 0.7671058252453804
