times:
  edit-metadata: 1.6957723703235388
  landing: 0.24189813248813152
  view-data: 0.02299271896481514
