times:
  edit-metadata: 1.7284712959080935
  landing: 0.26512889564037323
  view-data: 0.3085260335355997
