times:
  edit-metadata: 2.177226135507226
  landing: 0.25369272474199533
  view-data: 0.4921203386038542
