times:
  edit-metadata: 1.583083126693964
  landing: 0.022130943834781647
  view-data: 0.027467850595712662
