times:
  edit-metadata: 2.2141714934259653
  landing: 0.022417927160859108
  view-data: 0.18777925707399845
