times:
  edit-metadata: 0.9042736277915537
  landing: 0.04859935911372304
  view-data: 0.2232459019869566
