times:
  edit-metadata: 0.6904266900382936
  landing: 0.07997583784162998
  view-data: 0.31960027990862727
