times:
  edit-metadata: 1.6080061066895723
  landing: 0.019842136651277542
  view-data: 0.026630520820617676
