times:
  edit-metadata: 1.5911726141348481
  landing: 0.021745205856859684
  view-data: 0.02727920562028885
