times:
  edit-metadata: 0.8577256291173398
  landing: 0.06169425183907151
  view-data: 0.33872718177735806
