times:
  edit-metadata: 0.835122655145824
  landing: 0.042347594164311886
  view-data: 0.29106575110927224
