times:
  edit-metadata: 1.6649072095751762
  landing: 0.12166793458163738
  view-data: 0.04862638935446739
