times:
  edit-metadata: 1.756079463288188
  landing: 0.023630334064364433
  view-data: 0.15110193938016891
