times:
  edit-metadata: 1.6795262899249792
  landing: 0.018994800746440887
  view-data: 0.3272618632763624
