times:
  edit-metadata: 0.749348140321672
  landing: 0.04312747996300459
  view-data: 0.22822923492640257
