times:
  edit-metadata: 1.647266186773777
  landing: 0.14502161741256714
  view-data: 0.025190919637680054
