times:
  edit-metadata: 2.1105116587132215
  landing: 0.15881198644638062
  view-data: 0.167167816311121
