times:
  edit-metadata: 1.573049083352089
  landing: 0.20216405764222145
  view-data: 0.31493616942316294
