times:
  edit-metadata: 1.6950505515560508
  landing: 0.15428477618843317
  view-data: 0.4175543952733278
