times:
  edit-metadata: 1.647788394242525
  landing: 0.020283056423068047
  view-data: 0.02294369414448738
