times:
  edit-metadata: 1.553231569007039
  landing: 0.12005136720836163
  view-data: 0.025253254920244217
