times:
  edit-metadata: 1.8549252916127443
  landing: 0.14568667486310005
  view-data: 0.3841533251106739
