times:
  edit-metadata: 1.6336150728166103
  landing: 0.02235331293195486
  view-data: 0.027119305916130543
