times:
  edit-metadata: 1.8172770608216524
  landing: 0.02140142396092415
  view-data: 0.13413220830261707
