times:
  edit-metadata: 0.9295173166319728
  landing: 0.09754797397181392
  view-data: 0.2209222442470491
