times:
  edit-metadata: 1.6651912592351437
  landing: 0.14780617505311966
  view-data: 0.36170970275998116
