times:
  edit-metadata: 1.7163912393152714
  landing: 0.01834566704928875
  view-data: 0.023829292505979538
