times:
  edit-metadata: 1.6376068908721209
  landing: 0.01948709413409233
  view-data: 0.1375217791646719
