times:
  edit-metadata: 1.727010926231742
  landing: 0.019677143543958664
  view-data: 0.3514454085379839
