times:
  edit-metadata: 1.7532922998070717
  landing: 0.11363464407622814
  view-data: 0.02522210404276848
