times:
  edit-metadata: 2.6369188632816076
  landing: 0.3691911958158016
  view-data: 0.1988748349249363
