times:
  edit-metadata: 1.8324949722737074
  landing: 0.17168309539556503
  view-data: 0.18793515674769878
