times:
  edit-metadata: 1.8321353029459715
  landing: 0.02046983689069748
  view-data: 0.02542692795395851
