times:
  edit-metadata: 1.6375431176275015
  landing: 0.2277026902884245
  view-data: 0.42593435011804104
