times:
  edit-metadata: 1.8165067788213491
  landing: 0.25614873692393303
  view-data: 0.42394835129380226
