times:
  edit-metadata: 1.6508685983717442
  landing: 0.023054243996739388
  view-data: 0.16438431479036808
