times:
  edit-metadata: 1.9858636502176523
  landing: 0.1713080946356058
  view-data: 0.29648531787097454
