times:
  edit-metadata: 1.623609715141356
  landing: 0.12787256762385368
  view-data: 0.10806777235120535
