times:
  edit-metadata: 1.6523261424154043
  landing: 0.1517847590148449
  view-data: 0.024446239694952965
