times:
  edit-metadata: 1.6294238902628422
  landing: 0.048267221078276634
  view-data: 0.026091935113072395
