times:
  edit-metadata: 1.758765066973865
  landing: 0.23167822416871786
  view-data: 0.4684536550194025
