times:
  edit-metadata: 0.9474724917672575
  landing: 0.14670292800292373
  view-data: 0.22456522658467293
