times:
  edit-metadata: 1.847854608669877
  landing: 0.19875079579651356
  view-data: 0.16095326095819473
