times:
  edit-metadata: 2.4075772985816
  landing: 0.3009489281103015
  view-data: 0.3625612985342741
