times:
  edit-metadata: 1.594783455133438
  landing: 0.023411864414811134
  view-data: 0.02479960396885872
