times:
  edit-metadata: 0.7519280728884041
  landing: 0.050650221295654774
  view-data: 0.22616015514358878
