times:
  edit-metadata: 1.5256909038871527
  landing: 0.22243327274918556
  view-data: 0.2846965380012989
