times:
  edit-metadata: 1.7719072196632624
  landing: 0.024648835882544518
  view-data: 0.023940488696098328
