times:
  edit-metadata: 1.6075765024870634
  landing: 0.019681138917803764
  view-data: 0.2968016490340233
