times:
  edit-metadata: 0.7429217109456658
  landing: 0.05042195180431008
  view-data: 0.21957922726869583
