times:
  edit-metadata: 1.6143569964915514
  landing: 0.022802812978625298
  view-data: 0.02899184636771679
