times:
  edit-metadata: 1.979139931499958
  landing: 0.02413775958120823
  view-data: 0.6192619297653437
