times:
  edit-metadata: 1.6121308002620935
  landing: 0.019797982648015022
  view-data: 0.024559462442994118
