times:
  edit-metadata: 1.7394124753773212
  landing: 0.023842735216021538
  view-data: 0.3106389660388231
