times:
  edit-metadata: 1.6354839485138655
  landing: 0.02020522952079773
  view-data: 0.12209426984190941
