times:
  edit-metadata: 2.2962127309292555
  landing: 0.3799533098936081
  view-data: 0.161478778347373
