times:
  edit-metadata: 1.9392375834286213
  landing: 0.14937996491789818
  view-data: 0.3185948897153139
