times:
  edit-metadata: 1.6438989508897066
  landing: 0.17687208764255047
  view-data: 0.42694628331810236
