times:
  edit-metadata: 1.6597403855994344
  landing: 0.020917234010994434
  view-data: 0.28380141500383615
