times:
  edit-metadata: 1.6131771598011255
  landing: 0.17798965610563755
  view-data: 0.02695574052631855
