times:
  edit-metadata: 1.641794539988041
  landing: 0.019928036257624626
  view-data: 0.2243943540379405
