times:
  edit-metadata: 1.6887606792151928
  landing: 0.01973268948495388
  view-data: 0.3609965518116951
