times:
  edit-metadata: 1.645350605249405
  landing: 0.022136079147458076
  view-data: 0.024815499782562256
