times:
  edit-metadata: 1.7545887008309364
  landing: 0.02019815891981125
  view-data: 0.15301994048058987
