times:
  edit-metadata: 1.8211775925010443
  landing: 0.17344892024993896
  view-data: 0.2777900658547878
