times:
  edit-metadata: 1.6498761344701052
  landing: 0.20923209562897682
  view-data: 0.028351647779345512
