times:
  edit-metadata: 1.8101140521466732
  landing: 0.018375856801867485
  view-data: 0.172851936891675
