times:
  edit-metadata: 1.7525268904864788
  landing: 0.02374444156885147
  view-data: 0.17619392089545727
