times:
  edit-metadata: 1.6183761078864336
  landing: 0.0190117284655571
  view-data: 0.14180651679635048
