times:
  edit-metadata: 1.5792318219318986
  landing: 0.02098857518285513
  view-data: 0.4593402864411473
