times:
  edit-metadata: 0.9305193698965013
  landing: 0.09480579197406769
  view-data: 0.2278637569397688
