times:
  edit-metadata: 1.8122418113052845
  landing: 0.1433614231646061
  view-data: 0.03035510703921318
