times:
  edit-metadata: 1.6818915884941816
  landing: 0.02416992001235485
  view-data: 0.025100963190197945
