times:
  edit-metadata: 1.597930546849966
  landing: 0.019556237384676933
  view-data: 0.12284349836409092
