times:
  edit-metadata: 1.6766561083495617
  landing: 0.023544704541563988
  view-data: 0.027664799243211746
