times:
  edit-metadata: 1.8719466179609299
  landing: 0.18137670494616032
  view-data: 0.3676844760775566
