times:
  edit-metadata: 1.5775459948927164
  landing: 0.020807585678994656
  view-data: 0.43439106829464436
