times:
  edit-metadata: 0.8117850539274514
  landing: 0.08147621899843216
  view-data: 0.24035032326355577
