times:
  edit-metadata: 1.6133463680744171
  landing: 0.019915759563446045
  view-data: 0.02630113624036312
