times:
  edit-metadata: 1.9719413071870804
  landing: 0.19172692485153675
  view-data: 0.14698447100818157
