times:
  edit-metadata: 1.7140919361263514
  landing: 0.12308821268379688
  view-data: 0.164815504103899
