times:
  edit-metadata: 1.6706145498901606
  landing: 0.14102724567055702
  view-data: 0.3335463870316744
