times:
  edit-metadata: 0.7461231648921967
  landing: 0.05521854991093278
  view-data: 0.2357397540472448
