times:
  edit-metadata: 1.7161676455289125
  landing: 0.14734643697738647
  view-data: 0.36746218614280224
