times:
  edit-metadata: 2.0173405539244413
  landing: 0.28203062526881695
  view-data: 0.5209075547754765
