times:
  edit-metadata: 1.5981405396014452
  landing: 0.18254328146576881
  view-data: 0.3342744130641222
