times:
  edit-metadata: 1.7428769208490849
  landing: 0.022262128069996834
  view-data: 0.030557163059711456
