times:
  edit-metadata: 1.6011524591594934
  landing: 0.01985069364309311
  view-data: 0.02627856470644474
