times:
  edit-metadata: 1.687774170190096
  landing: 0.025289056822657585
  view-data: 0.02565556950867176
