times:
  edit-metadata: 1.652134709060192
  landing: 0.02109309658408165
  view-data: 0.02627943642437458
