times:
  edit-metadata: 2.230296440422535
  landing: 0.14052340760827065
  view-data: 0.040625618770718575
