times:
  edit-metadata: 1.739977310411632
  landing: 0.13658697344362736
  view-data: 0.4567492241039872
