times:
  edit-metadata: 0.7603197377175093
  landing: 0.048735593911260366
  view-data: 0.2220842530950904
