times:
  edit-metadata: 1.7527628149837255
  landing: 0.1315725203603506
  view-data: 0.04323749803006649
