times:
  edit-metadata: 2.105531917884946
  landing: 0.2557726427912712
  view-data: 0.15981935523450375
