times:
  edit-metadata: 2.135349627584219
  landing: 0.15340403281152248
  view-data: 0.3904353976249695
