times:
  edit-metadata: 1.6490026582032442
  landing: 0.11218667589128017
  view-data: 0.3117742408066988
