times:
  edit-metadata: 1.9312868006527424
  landing: 0.21451948210597038
  view-data: 0.15319292061030865
