times:
  edit-metadata: 1.0220029260963202
  landing: 0.15365896373987198
  view-data: 0.33023067424073815
