times:
  edit-metadata: 1.7758105043321848
  landing: 0.021808451041579247
  view-data: 0.02528933621942997
