times:
  edit-metadata: 1.6836290266364813
  landing: 0.21220808289945126
  view-data: 0.10468409955501556
