times:
  edit-metadata: 1.6536534782499075
  landing: 0.018857266753911972
  view-data: 0.2179323360323906
