times:
  edit-metadata: 0.7465113829821348
  landing: 0.04681976046413183
  view-data: 0.2290277020074427
