times:
  edit-metadata: 1.668656388297677
  landing: 0.14573725312948227
  view-data: 0.031673287972807884
