times:
  edit-metadata: 1.63422757294029
  landing: 0.020369197241961956
  view-data: 0.24899910483509302
