times:
  edit-metadata: 1.601134691387415
  landing: 0.022631051018834114
  view-data: 0.283608416095376
