times:
  edit-metadata: 2.5783305801451206
  landing: 0.17814043536782265
  view-data: 0.21720081940293312
