times:
  edit-metadata: 1.8501371312886477
  landing: 0.022916655987501144
  view-data: 0.03383449465036392
