times:
  edit-metadata: 0.9899030509404838
  landing: 0.053305437322705984
  view-data: 0.33352901274338365
