times:
  edit-metadata: 1.7137470003217459
  landing: 0.10864911787211895
  view-data: 0.27796164713799953
