times:
  edit-metadata: 1.606216232292354
  landing: 0.021266109310090542
  view-data: 0.02394405286759138
