times:
  edit-metadata: 1.682271596044302
  landing: 0.15013714227825403
  view-data: 0.38009724393486977
