times:
  edit-metadata: 1.6626330744475126
  landing: 0.021778900176286697
  view-data: 0.02485473081469536
