times:
  edit-metadata: 1.6885929182171822
  landing: 0.21749678440392017
  view-data: 0.3805505055934191
