times:
  edit-metadata: 1.6180040622130036
  landing: 0.019353415817022324
  view-data: 0.024963727220892906
