times:
  edit-metadata: 1.8565374091267586
  landing: 0.024592123925685883
  view-data: 0.15773388370871544
