times:
  edit-metadata: 1.6843321360647678
  landing: 0.021948428824543953
  view-data: 0.3326346445828676
