times:
  edit-metadata: 2.0168524608016014
  landing: 0.02093534730374813
  view-data: 0.3850104045122862
