times:
  edit-metadata: 0.462324982509017
  landing: 0.04967554844915867
  view-data: 0.35912679228931665
