times:
  edit-metadata: 0.4542031055316329
  landing: 0.04982432723045349
  view-data: 0.3315308475866914
