times:
  edit-metadata: 0.5029832981526852
  landing: 0.051032151095569134
  view-data: 0.23194071557372808
