times:
  edit-metadata: 0.45774155110120773
  landing: 0.04189587710425258
  view-data: 0.2112702541053295
