times:
  edit-metadata: 0.4280573772266507
  landing: 0.04270933009684086
  view-data: 0.2063763765618205
