times:
  edit-metadata: 1.443946862127632
  landing: 0.04435439221560955
  view-data: 0.560693736653775
