times:
  edit-metadata: 0.4550084341317415
  landing: 0.05238965433090925
  view-data: 0.32995296549052
