times:
  edit-metadata: 0.4465851532295346
  landing: 0.0447275610640645
  view-data: 0.23371687810868025
