times:
  edit-metadata: 0.4319917531684041
  landing: 0.05149790458381176
  view-data: 0.35253474954515696
