times:
  edit-metadata: 0.4536355594173074
  landing: 0.05260584503412247
  view-data: 0.24714134354144335
