times:
  edit-metadata: 0.4624751899391413
  landing: 0.04713418893516064
  view-data: 0.2203045254573226
