times:
  edit-metadata: 0.4450605600140989
  landing: 0.047871934715658426
  view-data: 0.45203742291778326
