times:
  edit-metadata: 0.45859658205881715
  landing: 0.04453764529898763
  view-data: 0.5790627240203321
