times:
  edit-metadata: 0.4379840958863497
  landing: 0.05094901565462351
  view-data: 0.2042234791442752
