times:
  edit-metadata: 0.48013688810169697
  landing: 0.040305654518306255
  view-data: 0.35206598695367575
