times:
  edit-metadata: 0.4480243679136038
  landing: 0.05183237046003342
  view-data: 0.33658497501164675
