times:
  edit-metadata: 3.248587931971997
  landing: 0.04844677774235606
  view-data: 0.3526802551932633
