times:
  edit-metadata: 3.554052653722465
  landing: 0.019980385899543762
  view-data: 0.3109859898686409
