times:
  edit-metadata: 3.8717348370701075
  landing: 0.021920323371887207
  view-data: 0.09766324982047081
