times:
  edit-metadata: 3.8148075249046087
  landing: 0.021119974553585052
  view-data: 0.14799198135733604
