times:
  edit-metadata: 4.337484870105982
  landing: 0.02649504505097866
  view-data: 0.027446191757917404
