times:
  edit-metadata: 4.9003830924630165
  landing: 0.28523760847747326
  view-data: 0.3813619166612625
