times:
  edit-metadata: 4.481799390166998
  landing: 0.3960530273616314
  view-data: 0.02679261937737465
