times:
  edit-metadata: 4.110279658809304
  landing: 0.17120862379670143
  view-data: 0.2957958783954382
