times:
  edit-metadata: 3.8561982177197933
  landing: 0.2461028564721346
  view-data: 0.023031320422887802
