times:
  edit-metadata: 4.24688134342432
  landing: 0.4942514654248953
  view-data: 0.18671650625765324
