times:
  edit-metadata: 3.8800387382507324
  landing: 0.0184318870306015
  view-data: 0.21499214507639408
