times:
  edit-metadata: 3.7871103398501873
  landing: 0.018952203914523125
  view-data: 0.025773927569389343
