times:
  edit-metadata: 5.367356138303876
  landing: 0.29733869805932045
  view-data: 0.33346379175782204
