times:
  edit-metadata: 3.7615244798362255
  landing: 0.020587412640452385
  view-data: 0.026257259771227837
