times:
  edit-metadata: 3.925661375746131
  landing: 0.02482268214225769
  view-data: 0.12497370690107346
