times:
  edit-metadata: 2.6616799430921674
  landing: 0.05295627564191818
  view-data: 0.32570827286690474
