times:
  edit-metadata: 3.062096916139126
  landing: 0.05393988126888871
  view-data: 0.4603564557619393
