times:
  edit-metadata: 3.491632357239723
  landing: 0.018374048173427582
  view-data: 0.02525918371975422
