times:
  edit-metadata: 3.8963457588106394
  landing: 0.018910683691501617
  view-data: 0.022996604442596436
