times:
  edit-metadata: 3.901277117431164
  landing: 0.022529195994138718
  view-data: 0.11775379069149494
