times:
  edit-metadata: 3.815944127738476
  landing: 0.2533631604164839
  view-data: 0.02781679853796959
