times:
  edit-metadata: 4.573292342945933
  landing: 0.29231452010571957
  view-data: 0.38690607994794846
