times:
  edit-metadata: 3.870538556948304
  landing: 0.09902269020676613
  view-data: 0.4292535036802292
