times:
  edit-metadata: 3.397000892087817
  landing: 0.11090392433106899
  view-data: 0.025982641614973545
