times:
  edit-metadata: 4.921451140195131
  landing: 0.29913012869656086
  view-data: 0.46017596684396267
