times:
  edit-metadata: 3.9234329164028168
  landing: 0.13627113588154316
  view-data: 0.12589886598289013
