times:
  edit-metadata: 3.09411196783185
  landing: 0.04933642689138651
  view-data: 0.5312113678082824
