times:
  edit-metadata: 3.862404542043805
  landing: 0.02339111641049385
  view-data: 0.2820053733885288
