times:
  edit-metadata: 3.949641039595008
  landing: 0.1388318482786417
  view-data: 0.02389681711792946
