times:
  edit-metadata: 3.5520543791353703
  landing: 0.020235460251569748
  view-data: 0.3850875347852707
