times:
  edit-metadata: 3.4258265858516097
  landing: 0.022122410126030445
  view-data: 0.025089782662689686
