times:
  edit-metadata: 3.751452909782529
  landing: 0.022150084376335144
  view-data: 0.027732500806450844
