times:
  edit-metadata: 3.845245936885476
  landing: 0.019712112843990326
  view-data: 0.026029355823993683
