times:
  edit-metadata: 4.496597275137901
  landing: 0.022061893716454506
  view-data: 0.30804636515676975
