times:
  edit-metadata: 3.584352146834135
  landing: 0.12557830847799778
  view-data: 0.02329292707145214
