times:
  edit-metadata: 3.216708444058895
  landing: 0.06986574083566666
  view-data: 0.5141848949715495
