times:
  edit-metadata: 3.803128143772483
  landing: 0.2424854077398777
  view-data: 0.3044735472649336
