times:
  edit-metadata: 4.125012738630176
  landing: 0.020487092435359955
  view-data: 0.02509509213268757
