times:
  edit-metadata: 3.846593010239303
  landing: 0.15358370915055275
  view-data: 0.23494186904281378
