times:
  edit-metadata: 4.476706624031067
  landing: 0.2732122875750065
  view-data: 0.3771476596593857
