times:
  edit-metadata: 4.007506582885981
  landing: 0.020952867344021797
  view-data: 0.024262206628918648
