times:
  edit-metadata: 3.980745072476566
  landing: 0.01830511074513197
  view-data: 0.02333941962569952
