times:
  edit-metadata: 3.8554416596889496
  landing: 0.1376846246421337
  view-data: 0.1396638471633196
