times:
  edit-metadata: 4.3124071806669235
  landing: 0.0542620737105608
  view-data: 0.1737048290669918
