times:
  edit-metadata: 3.5406024772673845
  landing: 0.14167400728911161
  view-data: 0.22834748681634665
