times:
  edit-metadata: 4.382662465795875
  landing: 0.28559134900569916
  view-data: 0.0662576723843813
