times:
  edit-metadata: 3.4789006039500237
  landing: 0.0203841682523489
  view-data: 0.11967479903250933
