times:
  edit-metadata: 3.8653625641018152
  landing: 0.028065025806427002
  view-data: 0.042938755825161934
