times:
  edit-metadata: 3.4371444499120116
  landing: 0.04359475988894701
  view-data: 0.4341953368857503
