times:
  edit-metadata: 4.462820697575808
  landing: 0.023653315380215645
  view-data: 0.41140148416161537
