times:
  edit-metadata: 4.333015518262982
  landing: 0.2787871342152357
  view-data: 0.32720732875168324
