times:
  edit-metadata: 3.4814242497086525
  landing: 0.020291860215365887
  view-data: 0.02548913937062025
