times:
  edit-metadata: 3.8449819162487984
  landing: 0.1550290696322918
  view-data: 0.025803551077842712
