times:
  edit-metadata: 4.010353958234191
  landing: 0.024778375402092934
  view-data: 0.025795308873057365
