times:
  edit-metadata: 3.8968328274786472
  landing: 0.01977083832025528
  view-data: 0.33611711114645004
