times:
  edit-metadata: 3.8814601209014654
  landing: 0.11788502708077431
  view-data: 0.13726434670388699
