times:
  edit-metadata: 3.5290155727416277
  landing: 0.21909609157592058
  view-data: 0.11633389070630074
