times:
  edit-metadata: 3.794857358559966
  landing: 0.018485194072127342
  view-data: 0.025427700951695442
