times:
  edit-metadata: 3.1141800400801003
  landing: 0.08518050285056233
  view-data: 0.5294066900387406
