times:
  edit-metadata: 4.782824074849486
  landing: 0.30061111599206924
  view-data: 0.4627522360533476
