times:
  edit-metadata: 4.477694297209382
  landing: 0.20621715858578682
  view-data: 0.02488604746758938
