times:
  edit-metadata: 3.987515537068248
  landing: 0.019374027848243713
  view-data: 0.12642708607017994
