times:
  edit-metadata: 2.6291784602217376
  landing: 0.045039718970656395
  view-data: 0.32085910392925143
