times:
  edit-metadata: 3.7656316570937634
  landing: 0.12675351276993752
  view-data: 0.11607532110065222
