times:
  edit-metadata: 4.379417464137077
  landing: 0.019919823855161667
  view-data: 0.056428052484989166
