times:
  edit-metadata: 4.671509401872754
  landing: 0.1484453696757555
  view-data: 0.5605483949184418
