times:
  edit-metadata: 4.323428424075246
  landing: 0.2201668992638588
  view-data: 0.1495841983705759
