times:
  edit-metadata: 4.1912151370197535
  landing: 0.3031769711524248
  view-data: 0.3469454385340214
