times:
  edit-metadata: 4.7486343290656805
  landing: 0.1277489084750414
  view-data: 0.31211667880415916
