times:
  edit-metadata: 3.5507655050605536
  landing: 0.1983868945389986
  view-data: 0.4770305957645178
