times:
  edit-metadata: 5.4815777242183685
  landing: 0.024349255487322807
  view-data: 0.17613020353019238
