times:
  edit-metadata: 3.820286860689521
  landing: 0.01898878440260887
  view-data: 0.32945876009762287
