times:
  edit-metadata: 3.710595838725567
  landing: 0.020714066922664642
  view-data: 0.13151597045361996
