times:
  edit-metadata: 3.0631237397901714
  landing: 0.09030802501365542
  view-data: 0.32354671927168965
