times:
  edit-metadata: 3.9995760917663574
  landing: 0.12346972711384296
  view-data: 0.35898198187351227
