times:
  edit-metadata: 3.55483615770936
  landing: 0.13286825269460678
  view-data: 0.14960436057299376
