times:
  edit-metadata: 3.727736098691821
  landing: 0.02179725095629692
  view-data: 0.028733311221003532
