times:
  edit-metadata: 5.791479244828224
  landing: 0.2868118304759264
  view-data: 0.32652557268738747
