times:
  edit-metadata: 3.540147873573005
  landing: 0.1340417806059122
  view-data: 0.022327041253447533
