times:
  edit-metadata: 3.7302404027432203
  landing: 0.019358813762664795
  view-data: 0.28710561245679855
