times:
  edit-metadata: 3.415865312330425
  landing: 0.13142059464007616
  view-data: 0.024039436131715775
