times:
  edit-metadata: 3.731920744292438
  landing: 0.13603954762220383
  view-data: 0.40410894341766834
