times:
  edit-metadata: 4.03811058588326
  landing: 0.25692547857761383
  view-data: 0.3221466951072216
