times:
  edit-metadata: 3.8026695623993874
  landing: 0.05086709000170231
  view-data: 0.02494298852980137
