times:
  edit-metadata: 5.660449123010039
  landing: 0.33761223405599594
  view-data: 0.5740283820778131
