times:
  edit-metadata: 4.188461605459452
  landing: 0.27108978293836117
  view-data: 0.4145669862627983
