times:
  edit-metadata: 3.83367083594203
  landing: 0.1271074041724205
  view-data: 0.2733338624238968
