times:
  edit-metadata: 3.8486127704381943
  landing: 0.12256922945380211
  view-data: 0.40780843794345856
