times:
  edit-metadata: 3.908931063488126
  landing: 0.02082771621644497
  view-data: 0.12235252000391483
