times:
  edit-metadata: 3.8639523405581713
  landing: 0.1311443131417036
  view-data: 0.025996949523687363
