times:
  edit-metadata: 3.998493455350399
  landing: 0.019864602014422417
  view-data: 0.3091535046696663
