times:
  edit-metadata: 4.11480210069567
  landing: 0.18636219762265682
  view-data: 0.38533756136894226
