times:
  edit-metadata: 3.757981540635228
  landing: 0.020583463832736015
  view-data: 0.025614852085709572
