times:
  edit-metadata: 3.430115884169936
  landing: 0.07687876792624593
  view-data: 0.34676877269521356
