times:
  edit-metadata: 3.7232479974627495
  landing: 0.021172791719436646
  view-data: 0.028313048183918
