times:
  edit-metadata: 3.551566105335951
  landing: 0.01960751973092556
  view-data: 0.02694145031273365
