times:
  edit-metadata: 4.073993863537908
  landing: 0.021826719865202904
  view-data: 0.026797764003276825
