times:
  edit-metadata: 3.5120248906314373
  landing: 0.018842476420104504
  view-data: 0.4459775844588876
