times:
  edit-metadata: 3.6130682537332177
  landing: 0.020074257627129555
  view-data: 0.23129086662083864
