times:
  edit-metadata: 3.506797476205975
  landing: 0.04620587779209018
  view-data: 0.4916371968574822
