times:
  edit-metadata: 3.468410398811102
  landing: 0.23581413831561804
  view-data: 0.4102633101865649
