times:
  edit-metadata: 4.664329873397946
  landing: 0.18434697575867176
  view-data: 0.17748780734837055
