times:
  edit-metadata: 5.400977045297623
  landing: 0.22006977908313274
  view-data: 0.4419780317693949
