times:
  edit-metadata: 4.000867811962962
  landing: 0.02321092039346695
  view-data: 0.3072995524853468
