times:
  edit-metadata: 2.683660387992859
  landing: 0.062031988985836506
  view-data: 0.3447816502302885
