times:
  edit-metadata: 3.930751323699951
  landing: 0.11910140700638294
  view-data: 0.2988486960530281
