times:
  edit-metadata: 3.326910709962249
  landing: 0.08638630760833621
  view-data: 0.49736882792785764
