times:
  edit-metadata: 3.904557265341282
  landing: 0.019943736493587494
  view-data: 0.024565868079662323
