times:
  edit-metadata: 3.865006424486637
  landing: 0.11974241212010384
  view-data: 0.025042111054062843
