times:
  edit-metadata: 3.8518530055880547
  landing: 0.18980376608669758
  view-data: 0.1286975834518671
