times:
  edit-metadata: 4.278579641133547
  landing: 0.19104894809424877
  view-data: 0.3067060746252537
