times:
  edit-metadata: 3.872439805418253
  landing: 0.019586332142353058
  view-data: 0.02394123189151287
