times:
  edit-metadata: 4.478028824552894
  landing: 0.1573625523597002
  view-data: 0.33471890538930893
