times:
  edit-metadata: 4.3565775491297245
  landing: 0.20509063079953194
  view-data: 0.026759536936879158
