times:
  edit-metadata: 3.53215694706887
  landing: 0.21996242925524712
  view-data: 0.43971432000398636
