times:
  edit-metadata: 3.8934525679796934
  landing: 0.020290639251470566
  view-data: 0.029228897765278816
