times:
  edit-metadata: 3.9577076118439436
  landing: 0.023340828716754913
  view-data: 0.29950148798525333
