times:
  edit-metadata: 3.598610244691372
  landing: 0.020370135083794594
  view-data: 0.4170478852465749
