times:
  edit-metadata: 4.141765207052231
  landing: 0.019886741414666176
  view-data: 0.39489912427961826
