times:
  edit-metadata: 3.2341357301920652
  landing: 0.11321412492543459
  view-data: 0.5986674260348082
