times:
  edit-metadata: 2.871112153865397
  landing: 0.06925295293331146
  view-data: 0.4374673720449209
