times:
  edit-metadata: 4.840082528069615
  landing: 0.21509354375302792
  view-data: 0.3961763307452202
