times:
  edit-metadata: 4.010610684752464
  landing: 0.14860639907419682
  view-data: 0.024927707388997078
