times:
  edit-metadata: 2.658441443927586
  landing: 0.04918091278523207
  view-data: 0.32305908435955644
