times:
  edit-metadata: 3.165802068077028
  landing: 0.08715413184836507
  view-data: 0.3781875162385404
