times:
  edit-metadata: 4.851793525740504
  landing: 0.34602659195661545
  view-data: 0.4024171940982342
