times:
  edit-metadata: 4.5598622262477875
  landing: 0.2591999899595976
  view-data: 0.3894428126513958
