times:
  edit-metadata: 3.960513323545456
  landing: 0.217561025172472
  view-data: 0.023295126855373383
