times:
  edit-metadata: 3.8588952235877514
  landing: 0.021162498742341995
  view-data: 0.024673670530319214
