times:
  edit-metadata: 4.2392192129045725
  landing: 0.018511425703763962
  view-data: 0.15351527743041515
