times:
  edit-metadata: 3.062162726186216
  landing: 0.04336958238855004
  view-data: 0.3206009832210839
