times:
  edit-metadata: 4.000207727774978
  landing: 0.025423351675271988
  view-data: 0.12334985285997391
