times:
  edit-metadata: 3.8418626114726067
  landing: 0.019069509580731392
  view-data: 0.023661473765969276
