times:
  edit-metadata: 4.784394355490804
  landing: 0.1391520593315363
  view-data: 0.16203483194112778
