times:
  edit-metadata: 3.751046549528837
  landing: 0.021832983940839767
  view-data: 0.12289931252598763
