times:
  edit-metadata: 3.0769745651632547
  landing: 0.049379460979253054
  view-data: 0.47281866893172264
