times:
  edit-metadata: 3.81454555131495
  landing: 0.019329801201820374
  view-data: 0.1270004492253065
