times:
  edit-metadata: 3.883228258229792
  landing: 0.1464749090373516
  view-data: 0.03306456468999386
