times:
  edit-metadata: 3.4163166927173734
  landing: 0.07907620910555124
  view-data: 0.5619763052091002
