times:
  edit-metadata: 3.32152727432549
  landing: 0.053193514700978994
  view-data: 0.3290877747349441
