times:
  edit-metadata: 3.749266780912876
  landing: 0.1275681983679533
  view-data: 0.025873981416225433
