times:
  edit-metadata: 2.638485959265381
  landing: 0.053967815823853016
  view-data: 0.34085861407220364
