times:
  edit-metadata: 2.675227261148393
  landing: 0.05949854804202914
  view-data: 0.3250273261219263
