times:
  edit-metadata: 3.577340681105852
  landing: 0.020576944574713707
  view-data: 0.13962222263216972
