times:
  edit-metadata: 3.663037152029574
  landing: 0.2507500071078539
  view-data: 0.46568739134818316
