times:
  edit-metadata: 3.767714222893119
  landing: 0.022210117429494858
  view-data: 0.12217286042869091
