times:
  edit-metadata: 3.1748228329233825
  landing: 0.03925495874136686
  view-data: 0.31596765387803316
