times:
  edit-metadata: 4.174783978611231
  landing: 0.26303224451839924
  view-data: 0.3521962370723486
