times:
  edit-metadata: 5.226318631321192
  landing: 0.02752774767577648
  view-data: 0.3752098772674799
