times:
  edit-metadata: 2.9218029961921275
  landing: 0.03975027985870838
  view-data: 0.5403038361109793
