times:
  edit-metadata: 3.2713828030973673
  landing: 0.06689074169844389
  view-data: 0.3805074221454561
