times:
  edit-metadata: 3.817419772967696
  landing: 0.1987280733883381
  view-data: 0.025079496204853058
