times:
  edit-metadata: 8.332982446998358
  landing: 0.3579009950044565
  view-data: 0.550206515006721
