times:
  edit-metadata: 3.8957601860165596
  landing: 0.019751228392124176
  view-data: 0.0276473555713892
