times:
  edit-metadata: 3.844912527129054
  landing: 0.021530289202928543
  view-data: 0.33478730358183384
