times:
  edit-metadata: 4.304884858429432
  landing: 0.05172250233590603
  view-data: 0.15148224122822285
