times:
  edit-metadata: 3.8233143649995327
  landing: 0.021276304498314857
  view-data: 0.3319323640316725
