times:
  edit-metadata: 5.307840948924422
  landing: 0.2584949601441622
  view-data: 0.4597744084894657
