times:
  edit-metadata: 3.7834765762090683
  landing: 0.020252078771591187
  view-data: 0.30757650453597307
