times:
  edit-metadata: 3.9324258156120777
  landing: 0.02169865183532238
  view-data: 0.024502690881490707
