times:
  edit-metadata: 2.733377993106842
  landing: 0.06046336377039552
  view-data: 0.3421650119125843
