times:
  edit-metadata: 5.678195318207145
  landing: 0.024334020912647247
  view-data: 0.1870772037655115
