times:
  edit-metadata: 3.5299117686226964
  landing: 0.019367103464901447
  view-data: 0.24574568402022123
