times:
  edit-metadata: 3.6022703582420945
  landing: 0.018962069414556026
  view-data: 0.022193429060280323
