times:
  edit-metadata: 4.065451845526695
  landing: 0.11893271282315254
  view-data: 0.02473900094628334
