times:
  edit-metadata: 3.4771614307537675
  landing: 0.12581332959234715
  view-data: 0.12982536014169455
