times:
  edit-metadata: 3.630566674284637
  landing: 0.15064916294068098
  view-data: 0.27509337943047285
