times:
  edit-metadata: 3.792760530486703
  landing: 0.019527330994606018
  view-data: 0.024825844913721085
