times:
  edit-metadata: 3.7349148597568274
  landing: 0.15236775018274784
  view-data: 0.34094265662133694
