times:
  edit-metadata: 0.4402760034427047
  landing: 0.05154411308467388
  view-data: 0.32673032581806183
