times:
  edit-metadata: 0.4274941268377006
  landing: 0.040649812668561935
  view-data: 0.3303536060266197
