times:
  edit-metadata: 0.434049379080534
  landing: 0.04070401797071099
  view-data: 0.48047600081190467
