times:
  edit-metadata: 0.4586485819891095
  landing: 0.04361174255609512
  view-data: 0.4644542299211025
