times:
  edit-metadata: 0.4346040589734912
  landing: 0.05406084656715393
  view-data: 0.21823136322200298
