times:
  edit-metadata: 0.44752213126048446
  landing: 0.04746181704103947
  view-data: 0.32943512313067913
