times:
  edit-metadata: 0.4569697021506727
  landing: 0.050397612154483795
  view-data: 0.3538155439309776
