times:
  edit-metadata: 0.4309900077059865
  landing: 0.039589773863554
  view-data: 0.1941358707845211
