times:
  edit-metadata: 0.4333612318150699
  landing: 0.05514488276094198
  view-data: 0.611639451701194
