times:
  edit-metadata: 0.4568969663232565
  landing: 0.056903270073235035
  view-data: 0.35268556978553534
