times:
  edit-metadata: 0.44861599151045084
  landing: 0.051223037764430046
  view-data: 0.21536922361701727
