times:
  edit-metadata: 0.44956725696101785
  landing: 0.042638594284653664
  view-data: 0.3338472042232752
