times:
  edit-metadata: 0.4360989313572645
  landing: 0.04754259902983904
  view-data: 0.20222257263958454
