times:
  edit-metadata: 0.4632805623114109
  landing: 0.054161187261343
  view-data: 0.3458202565088868
