times:
  edit-metadata: 0.4494710713624954
  landing: 0.047540729865431786
  view-data: 0.3552211429923773
