times:
  edit-metadata: 0.4541903641074896
  landing: 0.04372891131788492
  view-data: 0.3314707763493061
