times:
  edit-metadata: 0.46302143996581435
  landing: 0.03993807779625058
  view-data: 0.34185783192515373
