times:
  edit-metadata: 0.44078609300777316
  landing: 0.043276202864944935
  view-data: 0.5653610951267183
