times:
  edit-metadata: 0.42547736084088683
  landing: 0.040309233125299215
  view-data: 0.21052576368674636
