times:
  edit-metadata: 0.4524537706747651
  landing: 0.04710754565894604
  view-data: 0.3519818754866719
