times:
  edit-metadata: 0.6304697380401194
  landing: 0.06936452304944396
  view-data: 0.21472971513867378
