times:
  edit-metadata: 0.9793204101733863
  landing: 0.06540028611198068
  view-data: 0.25734077813103795
