times:
  edit-metadata: 0.6257610316388309
  landing: 0.06146446615457535
  view-data: 0.22255101520568132
