times:
  edit-metadata: 0.6693461160175502
  landing: 0.05638662213459611
  view-data: 0.23782513616606593
