times:
  edit-metadata: 0.7169466246850789
  landing: 0.11787029076367617
  view-data: 0.2570565789937973
