times:
  edit-metadata: 0.763066085986793
  landing: 0.08235297910869122
  view-data: 0.23523058695718646
