times:
  edit-metadata: 0.6976179010234773
  landing: 0.09547851933166385
  view-data: 0.2312929010950029
