times:
  edit-metadata: 0.6181347668170929
  landing: 0.06971373409032822
  view-data: 0.21504256408661604
