times:
  edit-metadata: 0.8499221252277493
  landing: 0.06146441167220473
  view-data: 0.30882006138563156
