times:
  edit-metadata: 0.6349344067275524
  landing: 0.05641098925843835
  view-data: 0.21393391117453575
