times:
  edit-metadata: 0.6330613577738404
  landing: 0.11349882883951068
  view-data: 0.22291036322712898
