times:
  edit-metadata: 0.8246986600570381
  landing: 0.13764013070613146
  view-data: 0.30760509287938476
