times:
  edit-metadata: 0.7191600487567484
  landing: 0.06196021381765604
  view-data: 0.3142964020371437
