times:
  edit-metadata: 0.6334419269114733
  landing: 0.06461802776902914
  view-data: 0.22857996728271246
