times:
  edit-metadata: 0.7069964059628546
  landing: 0.10882325191050768
  view-data: 0.21949127269908786
