times:
  edit-metadata: 0.8193951440043747
  landing: 0.053345325868576765
  view-data: 0.310796027071774
