times:
  edit-metadata: 1.5997243374586105
  landing: 0.22795129753649235
  view-data: 0.16022781655192375
