times:
  edit-metadata: 0.67688142741099
  landing: 0.04514305619522929
  view-data: 0.21655737422406673
