times:
  edit-metadata: 0.7425524899736047
  landing: 0.15572725096717477
  view-data: 0.2362246150150895
