times:
  edit-metadata: 1.965556290000677
  landing: 0.29796647652983665
  view-data: 0.03068593144416809
