times:
  edit-metadata: 0.6580254249274731
  landing: 0.09243448683992028
  view-data: 0.23433859599754214
