times:
  edit-metadata: 0.6350791738368571
  landing: 0.07848703255876899
  view-data: 0.22627174016088247
