times:
  edit-metadata: 0.9966000788845122
  landing: 0.049920082092285156
  view-data: 0.21864059614017606
