times:
  edit-metadata: 1.8346761483699083
  landing: 0.29752239026129246
  view-data: 0.4516687449067831
