times:
  edit-metadata: 1.6858215797692537
  landing: 0.1773157361894846
  view-data: 0.2959448713809252
