times:
  edit-metadata: 0.8223004210740328
  landing: 0.1352221667766571
  view-data: 0.2087264358997345
