times:
  edit-metadata: 0.7291246512904763
  landing: 0.18867473909631371
  view-data: 0.22227441798895597
