times:
  edit-metadata: 0.637276157271117
  landing: 0.06394095160067081
  view-data: 0.21201594220474362
