times:
  edit-metadata: 0.9662289042025805
  landing: 0.07041920907795429
  view-data: 0.2770194378681481
