times:
  edit-metadata: 0.6530248718336225
  landing: 0.1185708399862051
  view-data: 0.3071108050644398
