times:
  edit-metadata: 0.8714692760258913
  landing: 0.06829517288133502
  view-data: 0.2284462610259652
