times:
  edit-metadata: 1.6973554845899343
  landing: 0.19531911984086037
  view-data: 0.420256232842803
