times:
  edit-metadata: 0.9187132539227605
  landing: 0.06420003715902567
  view-data: 0.22851856891065836
