times:
  edit-metadata: 0.5978770130313933
  landing: 0.047615944873541594
  view-data: 0.2130203559063375
