times:
  edit-metadata: 1.7596761602908373
  landing: 0.2417874913662672
  view-data: 0.20296145603060722
