times:
  edit-metadata: 2.0298373457044363
  landing: 0.24945193156599998
  view-data: 0.252590773627162
