times:
  edit-metadata: 0.6629306599497795
  landing: 0.049473730847239494
  view-data: 0.2705655936151743
