times:
  edit-metadata: 1.6113777002319694
  landing: 0.02012402657419443
  view-data: 0.026364407502114773
