times:
  edit-metadata: 0.6050816779024899
  landing: 0.058297979179769754
  view-data: 0.21159085305407643
