times:
  edit-metadata: 1.4590564789250493
  landing: 0.0203720610588789
  view-data: 0.4303705310449004
