times:
  edit-metadata: 0.7620804561302066
  landing: 0.08148587914183736
  view-data: 0.2344695758074522
