times:
  edit-metadata: 1.5789142213761806
  landing: 0.023073894903063774
  view-data: 0.027409344911575317
