times:
  edit-metadata: 1.8590820413082838
  landing: 0.2963287755846977
  view-data: 0.3215666953474283
