times:
  edit-metadata: 1.8587414119392633
  landing: 0.14860417507588863
  view-data: 0.16817866638302803
