times:
  edit-metadata: 1.4961130805313587
  landing: 0.01980382762849331
  view-data: 0.024913059547543526
