times:
  edit-metadata: 1.4900375176221132
  landing: 0.02012851368635893
  view-data: 0.11841470282524824
