times:
  edit-metadata: 1.5328972414135933
  landing: 0.019419141113758087
  view-data: 0.02870744839310646
