times:
  edit-metadata: 1.4875365179032087
  landing: 0.02145405486226082
  view-data: 0.027168313041329384
