times:
  edit-metadata: 0.607578294351697
  landing: 0.04485065769404173
  view-data: 0.2586620398797095
