times:
  edit-metadata: 1.4638268984854221
  landing: 0.022371381521224976
  view-data: 0.025719253346323967
