times:
  edit-metadata: 1.697593867778778
  landing: 0.2873193882405758
  view-data: 0.3413660116493702
