times:
  edit-metadata: 1.513729615136981
  landing: 0.020308218896389008
  view-data: 0.025475407019257545
