times:
  edit-metadata: 1.6866390146315098
  landing: 0.1795883197337389
  view-data: 0.37375851906836033
