times:
  edit-metadata: 0.6129570701159537
  landing: 0.047373935114592314
  view-data: 0.21472779102623463
