times:
  edit-metadata: 1.5838803835213184
  landing: 0.24115868844091892
  view-data: 0.06342673860490322
