times:
  edit-metadata: 1.5037814565002918
  landing: 0.02114785835146904
  view-data: 0.023646073415875435
