times:
  edit-metadata: 1.4692544527351856
  landing: 0.023293061181902885
  view-data: 0.0252368226647377
