times:
  edit-metadata: 1.4964220728725195
  landing: 0.13324305973947048
  view-data: 0.024251647293567657
