times:
  edit-metadata: 1.4334775749593973
  landing: 0.019581831991672516
  view-data: 0.34215845353901386
