times:
  edit-metadata: 1.4359861873090267
  landing: 0.020784219726920128
  view-data: 0.02406519651412964
