times:
  edit-metadata: 1.4411160126328468
  landing: 0.019212303683161736
  view-data: 0.024564485996961594
