times:
  edit-metadata: 1.4808121137320995
  landing: 0.021049683913588524
  view-data: 0.10025777854025364
