times:
  edit-metadata: 0.8875152440741658
  landing: 0.10026483191177249
  view-data: 0.2661509020254016
