times:
  edit-metadata: 1.5546879097819328
  landing: 0.23240289371460676
  view-data: 0.023348137736320496
