times:
  edit-metadata: 1.5804711729288101
  landing: 0.02269871160387993
  view-data: 0.1601471733301878
