times:
  edit-metadata: 0.6195887047797441
  landing: 0.049342652317136526
  view-data: 0.2187839150428772
