times:
  edit-metadata: 1.8461172599345446
  landing: 0.02529933862388134
  view-data: 0.24605421163141727
