times:
  edit-metadata: 1.762925574555993
  landing: 0.022614652290940285
  view-data: 0.1436090376228094
