times:
  edit-metadata: 1.8873014692217112
  landing: 0.14321819692850113
  view-data: 0.42052475921809673
