times:
  edit-metadata: 1.9340390339493752
  landing: 0.1423047687858343
  view-data: 0.16353814490139484
