times:
  edit-metadata: 1.5430118013173342
  landing: 0.12689395435154438
  view-data: 0.026128171011805534
