times:
  edit-metadata: 1.5236201137304306
  landing: 0.1353173777461052
  view-data: 0.12764150463044643
