times:
  edit-metadata: 1.4743998348712921
  landing: 0.021817980334162712
  view-data: 0.12155716121196747
