times:
  edit-metadata: 1.9411420747637749
  landing: 0.021037936210632324
  view-data: 0.02667103335261345
