times:
  edit-metadata: 1.6236289497464895
  landing: 0.23963438719511032
  view-data: 0.4612450208514929
