times:
  edit-metadata: 0.6166094709187746
  landing: 0.049544251058250666
  view-data: 0.2949688141234219
