times:
  edit-metadata: 1.5772662311792374
  landing: 0.02856375090777874
  view-data: 0.13839364796876907
