times:
  edit-metadata: 1.6241635456681252
  landing: 0.020805688574910164
  view-data: 0.13723803870379925
