times:
  edit-metadata: 1.5035024862736464
  landing: 0.01958407089114189
  view-data: 0.3114432245492935
