times:
  edit-metadata: 1.4739521034061909
  landing: 0.11857113800942898
  view-data: 0.12333967164158821
