times:
  edit-metadata: 1.4697110215201974
  landing: 0.11863631568849087
  view-data: 0.37226664181798697
