times:
  edit-metadata: 1.4094722839072347
  landing: 0.022302831523120403
  view-data: 0.31826314609497786
