times:
  edit-metadata: 0.6103385649621487
  landing: 0.04838373605161905
  view-data: 0.21792458975687623
