times:
  edit-metadata: 1.454511595889926
  landing: 0.020103255286812782
  view-data: 0.023934677243232727
