times:
  edit-metadata: 1.6022473145276308
  landing: 0.02084447257220745
  view-data: 0.12122651934623718
