times:
  edit-metadata: 0.7918224199675024
  landing: 0.04716913029551506
  view-data: 0.2801639991812408
