times:
  edit-metadata: 1.4361669607460499
  landing: 0.018245473504066467
  view-data: 0.02488284558057785
