times:
  edit-metadata: 1.5819430854171515
  landing: 0.02067365124821663
  view-data: 0.02712939213961363
