times:
  edit-metadata: 1.5667940601706505
  landing: 0.19817866384983063
  view-data: 0.02478955127298832
