times:
  edit-metadata: 1.7026203945279121
  landing: 0.2734924852848053
  view-data: 0.024472923949360847
