times:
  edit-metadata: 1.4674796089529991
  landing: 0.022295096889138222
  view-data: 0.028874291107058525
