times:
  edit-metadata: 1.6942266579717398
  landing: 0.23569907061755657
  view-data: 0.5589506160467863
