times:
  edit-metadata: 1.5934471990913153
  landing: 0.12060397490859032
  view-data: 0.027065671980381012
