times:
  edit-metadata: 1.8385297041386366
  landing: 0.21464853920042515
  view-data: 0.37803797237575054
