times:
  edit-metadata: 1.6941666416823864
  landing: 0.022430315613746643
  view-data: 0.055986061692237854
