times:
  edit-metadata: 1.478972701355815
  landing: 0.021471673622727394
  view-data: 0.028015287593007088
