times:
  edit-metadata: 1.4548572767525911
  landing: 0.15575461275875568
  view-data: 0.3073896151036024
