times:
  edit-metadata: 1.5427611880004406
  landing: 0.2004074864089489
  view-data: 0.02531006932258606
