times:
  edit-metadata: 1.9621491059660912
  landing: 0.2581236530095339
  view-data: 0.38323195092380047
