times:
  edit-metadata: 1.487419443204999
  landing: 0.01862802915275097
  view-data: 0.024351123720407486
