times:
  edit-metadata: 1.490794725716114
  landing: 0.14413813315331936
  view-data: 0.026737097650766373
