times:
  edit-metadata: 1.4767445512115955
  landing: 0.22649288270622492
  view-data: 0.13320381194353104
