times:
  edit-metadata: 1.5140518210828304
  landing: 0.11015493422746658
  view-data: 0.4568387409672141
