times:
  edit-metadata: 1.463367941789329
  landing: 0.13738917000591755
  view-data: 0.02482575923204422
