times:
  edit-metadata: 1.8206052761524916
  landing: 0.14940146543085575
  view-data: 0.33347349986433983
