times:
  edit-metadata: 0.8760143369436264
  landing: 0.08230066811665893
  view-data: 0.2306648436933756
