times:
  edit-metadata: 0.8095118338242173
  landing: 0.08649048069491982
  view-data: 0.2234299131669104
