times:
  edit-metadata: 1.4619242958724499
  landing: 0.021645478904247284
  view-data: 0.02858065254986286
