times:
  edit-metadata: 1.4571883203461766
  landing: 0.02077124360948801
  view-data: 0.028378846123814583
