times:
  edit-metadata: 1.5191076304763556
  landing: 0.02291831560432911
  view-data: 0.027166787534952164
