times:
  edit-metadata: 1.7548795342445374
  landing: 0.021656973287463188
  view-data: 0.2593759708106518
