times:
  edit-metadata: 1.4845662489533424
  landing: 0.022289950400590897
  view-data: 0.027242306619882584
