times:
  edit-metadata: 0.8422336997464299
  landing: 0.07340796571224928
  view-data: 0.30031766602769494
