times:
  edit-metadata: 1.5035073589533567
  landing: 0.019064148887991905
  view-data: 0.022658195346593857
