times:
  edit-metadata: 1.6730010658502579
  landing: 0.24730772152543068
  view-data: 0.14521030150353909
