times:
  edit-metadata: 0.6073548733256757
  landing: 0.055156392976641655
  view-data: 0.21762974280864
