times:
  edit-metadata: 1.6028829207643867
  landing: 0.022092684172093868
  view-data: 0.29298438411206007
