times:
  edit-metadata: 1.750881003215909
  landing: 0.145896565169096
  view-data: 0.3540513589978218
