times:
  edit-metadata: 1.5111220628023148
  landing: 0.022783709689974785
  view-data: 0.13713734969496727
