times:
  edit-metadata: 1.5152231100946665
  landing: 0.2263705376535654
  view-data: 0.3357176408171654
