times:
  edit-metadata: 1.7632271461188793
  landing: 0.2833227161318064
  view-data: 0.02575838938355446
