times:
  edit-metadata: 1.4788795541971922
  landing: 0.22519597224891186
  view-data: 0.10004116408526897
