times:
  edit-metadata: 1.5067035909742117
  landing: 0.12398901209235191
  view-data: 0.026389900594949722
