times:
  edit-metadata: 1.5820984803140163
  landing: 0.02453804947435856
  view-data: 0.028868479654192924
