times:
  edit-metadata: 1.8485167566686869
  landing: 0.21700540371239185
  view-data: 0.16942525655031204
