times:
  edit-metadata: 1.468912560492754
  landing: 0.019328277558088303
  view-data: 0.022538388147950172
