times:
  edit-metadata: 1.6448589283972979
  landing: 0.15772248059511185
  view-data: 0.13583151903003454
