times:
  edit-metadata: 1.4498116075992584
  landing: 0.0207657553255558
  view-data: 0.11845944635570049
