times:
  edit-metadata: 1.4941579643636942
  landing: 0.1962767280638218
  view-data: 0.3300347626209259
