times:
  edit-metadata: 1.4411326348781586
  landing: 0.13654897268861532
  view-data: 0.026504182256758213
