times:
  edit-metadata: 1.7291442230343819
  landing: 0.022016769275069237
  view-data: 0.1590699814260006
