times:
  edit-metadata: 1.5698009338229895
  landing: 0.3631991147994995
  view-data: 0.1273866705596447
