times:
  edit-metadata: 1.4426848031580448
  landing: 0.021074000746011734
  view-data: 0.025366339832544327
