times:
  edit-metadata: 1.7064835522323847
  landing: 0.023137474432587624
  view-data: 0.365981537848711
