times:
  edit-metadata: 1.4685005731880665
  landing: 0.24752259999513626
  view-data: 0.025244942866265774
