times:
  edit-metadata: 0.9040891220793128
  landing: 0.04472587024793029
  view-data: 0.2180027342401445
