times:
  edit-metadata: 1.635276511311531
  landing: 0.021620823070406914
  view-data: 0.32125927321612835
