times:
  edit-metadata: 1.698871674016118
  landing: 0.15217552334070206
  view-data: 0.3523824103176594
