times:
  edit-metadata: 0.8810901227407157
  landing: 0.09694245597347617
  view-data: 0.21792576229199767
