times:
  edit-metadata: 1.633752916008234
  landing: 0.2825408261269331
  view-data: 0.025233788415789604
