times:
  edit-metadata: 0.5904785878956318
  landing: 0.046056798193603754
  view-data: 0.2597868898883462
