times:
  edit-metadata: 1.5288278190419078
  landing: 0.02003133576363325
  view-data: 0.14718011114746332
