times:
  edit-metadata: 1.4674201514571905
  landing: 0.022138448432087898
  view-data: 0.026431437581777573
