times:
  edit-metadata: 1.560399318113923
  landing: 0.01942543499171734
  view-data: 0.13365688733756542
