times:
  edit-metadata: 1.4449145616963506
  landing: 0.12755172699689865
  view-data: 0.2705175615847111
