times:
  edit-metadata: 1.4271771367639303
  landing: 0.021318061277270317
  view-data: 0.1309005431830883
