times:
  edit-metadata: 1.4919714331626892
  landing: 0.02147407829761505
  view-data: 0.028485283255577087
