times:
  edit-metadata: 1.5459219925105572
  landing: 0.020145224407315254
  view-data: 0.028581788763403893
