times:
  edit-metadata: 0.804692851845175
  landing: 0.051150161772966385
  view-data: 0.27283542789518833
