times:
  edit-metadata: 1.4275398096069694
  landing: 0.18889413215219975
  view-data: 0.4553817519918084
