times:
  edit-metadata: 1.792063657194376
  landing: 0.2825237363576889
  view-data: 0.023979749530553818
