times:
  edit-metadata: 1.4503909405320883
  landing: 0.09744992479681969
  view-data: 0.025253184139728546
