times:
  edit-metadata: 1.5344464275985956
  landing: 0.02241474762558937
  view-data: 0.35828126035630703
