times:
  edit-metadata: 1.9236110784113407
  landing: 0.021249210461974144
  view-data: 0.4955712594091892
