times:
  edit-metadata: 1.433522935025394
  landing: 0.2028974210843444
  view-data: 0.2512640794739127
