times:
  edit-metadata: 1.579971930012107
  landing: 0.4315236108377576
  view-data: 0.3255326459184289
