times:
  edit-metadata: 2.1704875137656927
  landing: 0.29012786597013474
  view-data: 0.4052709937095642
