times:
  edit-metadata: 1.475703762844205
  landing: 0.022045161575078964
  view-data: 0.026789143681526184
