times:
  edit-metadata: 0.6036183019168675
  landing: 0.05159016512334347
  view-data: 0.2156506939791143
