times:
  edit-metadata: 2.2297377809882164
  landing: 0.20453294552862644
  view-data: 0.4488910362124443
