times:
  edit-metadata: 0.6997338752262294
  landing: 0.09422584576532245
  view-data: 0.21877888683229685
