times:
  edit-metadata: 2.0294806491583586
  landing: 0.23488728515803814
  view-data: 0.5256880652159452
