times:
  edit-metadata: 1.5173351224511862
  landing: 0.1362134963274002
  view-data: 0.023295775055885315
