times:
  edit-metadata: 1.501868098974228
  landing: 0.021579071879386902
  view-data: 0.028120622038841248
