times:
  edit-metadata: 1.4795787651091814
  landing: 0.020038191229104996
  view-data: 0.2899074200540781
