times:
  edit-metadata: 1.5927309151738882
  landing: 0.19849141500890255
  view-data: 0.027596766129136086
