times:
  edit-metadata: 1.4489761963486671
  landing: 0.020267268642783165
  view-data: 0.026631755754351616
