times:
  edit-metadata: 0.6608329438604414
  landing: 0.16663298103958368
  view-data: 0.21113337902352214
