times:
  edit-metadata: 0.7349136262200773
  landing: 0.07004266371950507
  view-data: 0.3097269628196955
