times:
  edit-metadata: 1.775391461327672
  landing: 0.021833647042512894
  view-data: 0.3772071599960327
