times:
  edit-metadata: 1.4737539030611515
  landing: 0.11902484484016895
  view-data: 0.022759409621357918
