times:
  edit-metadata: 1.482328100129962
  landing: 0.020099373534321785
  view-data: 0.3061089850962162
