times:
  edit-metadata: 1.5693170875310898
  landing: 0.14028815366327763
  view-data: 0.13055858295410872
