times:
  edit-metadata: 1.4918632367625833
  landing: 0.13968083914369345
  view-data: 0.023490682244300842
