times:
  edit-metadata: 0.7227166770026088
  landing: 0.04184868326410651
  view-data: 0.31004922930151224
