times:
  edit-metadata: 1.5169458277523518
  landing: 0.02138795331120491
  view-data: 0.38942691683769226
