times:
  edit-metadata: 1.460445980541408
  landing: 0.13284142035990953
  view-data: 0.4086515884846449
