times:
  edit-metadata: 1.689661791548133
  landing: 0.023152261972427368
  view-data: 0.026920652016997337
