times:
  edit-metadata: 1.5028918199241161
  landing: 0.020478729158639908
  view-data: 0.1417166404426098
