times:
  edit-metadata: 1.8037222856655717
  landing: 0.01857065036892891
  view-data: 0.025226029567420483
