times:
  edit-metadata: 1.4287881311029196
  landing: 0.018407955765724182
  view-data: 0.027527641505002975
