times:
  edit-metadata: 1.7882164288312197
  landing: 0.226407490670681
  view-data: 0.3128069508820772
