times:
  edit-metadata: 1.4975249040871859
  landing: 0.020648293197155
  view-data: 0.02803264930844307
