times:
  edit-metadata: 1.4970756210386753
  landing: 0.1252032369375229
  view-data: 0.022738110274076462
