times:
  edit-metadata: 1.936373244971037
  landing: 0.2878909669816494
  view-data: 0.38216815143823624
