times:
  edit-metadata: 1.4470000099390745
  landing: 0.17857691179960966
  view-data: 0.3739855783060193
