times:
  edit-metadata: 1.5419339090585709
  landing: 0.1948847882449627
  view-data: 0.3545346353203058
