times:
  edit-metadata: 1.7474337555468082
  landing: 0.21769499219954014
  view-data: 0.3415095452219248
