times:
  edit-metadata: 1.4709152299910784
  landing: 0.019293522462248802
  view-data: 0.3466483410447836
