times:
  edit-metadata: 1.5251257047057152
  landing: 0.022795118391513824
  view-data: 0.02545563504099846
