times:
  edit-metadata: 1.415832495316863
  landing: 0.022360701113939285
  view-data: 0.3379230760037899
