times:
  edit-metadata: 0.8094315328635275
  landing: 0.12143532931804657
  view-data: 0.2949527781456709
