times:
  edit-metadata: 1.5588831547647715
  landing: 0.0209827721118927
  view-data: 0.30463048815727234
