times:
  edit-metadata: 1.5493940087035298
  landing: 0.21860124543309212
  view-data: 0.23222758993506432
