times:
  edit-metadata: 1.411317067220807
  landing: 0.2303222231566906
  view-data: 0.11996498890221119
