times:
  edit-metadata: 1.7781382761895657
  landing: 0.17803865671157837
  view-data: 0.18258249014616013
