times:
  edit-metadata: 1.4554587276652455
  landing: 0.021172325126826763
  view-data: 0.09557297639548779
