times:
  edit-metadata: 1.4906731825321913
  landing: 0.02549857273697853
  view-data: 0.11840408854186535
