times:
  edit-metadata: 2.3911959417164326
  landing: 0.1547986064106226
  view-data: 0.38280086405575275
