times:
  edit-metadata: 2.138145881704986
  landing: 0.2164300149306655
  view-data: 0.11825125012546778
