times:
  edit-metadata: 1.2319866251200438
  landing: 0.06086571514606476
  view-data: 0.25531947892159224
