times:
  edit-metadata: 2.31566215865314
  landing: 0.022833848372101784
  view-data: 0.03108992800116539
