times:
  edit-metadata: 2.8441492151468992
  landing: 0.20788190327584743
  view-data: 0.16097000427544117
