times:
  edit-metadata: 2.3193631283938885
  landing: 0.05263957008719444
  view-data: 0.7027441123500466
