times:
  edit-metadata: 2.673531673848629
  landing: 0.24540535546839237
  view-data: 0.317657183855772
