times:
  edit-metadata: 2.2206120062619448
  landing: 0.18560801446437836
  view-data: 0.024291323497891426
