times:
  edit-metadata: 2.3449741434305906
  landing: 0.020430807024240494
  view-data: 0.25197697803378105
