times:
  edit-metadata: 2.266578186303377
  landing: 0.1886550933122635
  view-data: 0.024689551442861557
