times:
  edit-metadata: 2.5502543561160564
  landing: 0.1696432288736105
  view-data: 0.3434700444340706
