times:
  edit-metadata: 2.3285334203392267
  landing: 0.14617634750902653
  view-data: 0.33174980618059635
