times:
  edit-metadata: 2.4676430877298117
  landing: 0.024844184517860413
  view-data: 0.32788032852113247
