times:
  edit-metadata: 2.4158407375216484
  landing: 0.02285648137331009
  view-data: 0.025133777409791946
