times:
  edit-metadata: 2.9443885646760464
  landing: 0.14692659676074982
  view-data: 0.5105405002832413
