times:
  edit-metadata: 2.257748121395707
  landing: 0.13838352635502815
  view-data: 0.18832046166062355
