times:
  edit-metadata: 2.2200201749801636
  landing: 0.021575063467025757
  view-data: 0.024806959554553032
