times:
  edit-metadata: 2.8012696392834187
  landing: 0.14240306429564953
  view-data: 0.4429766330868006
