times:
  edit-metadata: 2.5207907278090715
  landing: 0.2607291042804718
  view-data: 0.43705575354397297
