times:
  edit-metadata: 2.057898435741663
  landing: 0.021067660301923752
  view-data: 0.02838090341538191
