times:
  edit-metadata: 1.4299666108563542
  landing: 0.0725692268460989
  view-data: 0.25864976085722446
