times:
  edit-metadata: 2.6299738865345716
  landing: 0.22737828083336353
  view-data: 0.14830892346799374
