times:
  edit-metadata: 2.4964454285800457
  landing: 0.02374269999563694
  view-data: 0.14317975379526615
