times:
  edit-metadata: 2.1769209653139114
  landing: 0.11150498501956463
  view-data: 0.3997103553265333
