times:
  edit-metadata: 2.3025423865765333
  landing: 0.12353316135704517
  view-data: 0.1456165499985218
