times:
  edit-metadata: 3.792916400358081
  landing: 0.1660594865679741
  view-data: 0.6247246135026217
