times:
  edit-metadata: 2.891057947650552
  landing: 0.14347608480602503
  view-data: 0.40048153698444366
