times:
  edit-metadata: 2.5388662815093994
  landing: 0.020689262077212334
  view-data: 0.3178555089980364
