times:
  edit-metadata: 1.742421262897551
  landing: 0.14738255832344294
  view-data: 0.433309649117291
