times:
  edit-metadata: 1.6774032381363213
  landing: 0.04652285110205412
  view-data: 0.25369988195598125
