times:
  edit-metadata: 3.4097856283187866
  landing: 0.17342717573046684
  view-data: 0.1748254168778658
