times:
  edit-metadata: 2.596414927393198
  landing: 0.19112622551620007
  view-data: 0.46476364880800247
