times:
  edit-metadata: 1.9037225311622024
  landing: 0.06561875622719526
  view-data: 0.4165110900066793
