times:
  edit-metadata: 2.3597297333180904
  landing: 0.12345810793340206
  view-data: 0.024469513446092606
