times:
  edit-metadata: 2.312295213341713
  landing: 0.030258869752287865
  view-data: 0.0327069740742445
