times:
  edit-metadata: 2.2628884445875883
  landing: 0.020225247368216515
  view-data: 0.3109572231769562
