times:
  edit-metadata: 2.170062960125506
  landing: 0.19232197012752295
  view-data: 0.40679015032947063
