times:
  edit-metadata: 2.333444643765688
  landing: 0.024917926639318466
  view-data: 0.02728090062737465
