times:
  edit-metadata: 2.252146750688553
  landing: 0.022558946162462234
  view-data: 0.32921450957655907
