times:
  edit-metadata: 2.6102015171200037
  landing: 0.210554588586092
  view-data: 0.34307336807250977
