times:
  edit-metadata: 2.0466185165569186
  landing: 0.02352425642311573
  view-data: 0.024818049743771553
