times:
  edit-metadata: 1.5560004469007254
  landing: 0.11914952797815204
  view-data: 0.3881906671449542
