times:
  edit-metadata: 2.2684644870460033
  landing: 0.020994383841753006
  view-data: 0.1407875120639801
