times:
  edit-metadata: 2.522152604535222
  landing: 0.025585215538740158
  view-data: 0.2906751520931721
