times:
  edit-metadata: 1.2581247282214463
  landing: 0.06463236920535564
  view-data: 0.2518276032060385
