times:
  edit-metadata: 1.2646876499056816
  landing: 0.07233996596187353
  view-data: 0.2586696268990636
