times:
  edit-metadata: 3.569372598081827
  landing: 0.19020698964595795
  view-data: 0.4207574836909771
