times:
  edit-metadata: 2.098747123964131
  landing: 0.019266062416136265
  view-data: 0.024170718155801296
