times:
  edit-metadata: 2.353092208504677
  landing: 0.1165770161896944
  view-data: 0.026942892000079155
