times:
  edit-metadata: 2.543800078332424
  landing: 0.021949641406536102
  view-data: 0.13728927075862885
