times:
  edit-metadata: 2.276244642212987
  landing: 0.019488703459501266
  view-data: 0.15122029185295105
