times:
  edit-metadata: 2.205985503271222
  landing: 0.019740454852581024
  view-data: 0.3145855162292719
