times:
  edit-metadata: 2.687860796228051
  landing: 0.2568329218775034
  view-data: 0.3218226507306099
