times:
  edit-metadata: 2.2559945695102215
  landing: 0.01774623617529869
  view-data: 0.02527894265949726
