times:
  edit-metadata: 2.570614667609334
  landing: 0.35373857617378235
  view-data: 0.24525065161287785
