times:
  edit-metadata: 1.4827204518951476
  landing: 0.07236180081963539
  view-data: 0.40311933029443026
