times:
  edit-metadata: 2.8366595916450024
  landing: 0.14423246309161186
  view-data: 0.37073942460119724
