times:
  edit-metadata: 2.261448696255684
  landing: 0.019098401069641113
  view-data: 0.0289069265127182
