times:
  edit-metadata: 2.2313044853508472
  landing: 0.02257024310529232
  view-data: 0.026409102603793144
