times:
  edit-metadata: 2.2830101437866688
  landing: 0.02019232138991356
  view-data: 0.11836309172213078
