times:
  edit-metadata: 2.254452792927623
  landing: 0.018559085205197334
  view-data: 0.316293865442276
