times:
  edit-metadata: 2.270951509475708
  landing: 0.20380921848118305
  view-data: 0.1350595708936453
