times:
  edit-metadata: 2.682435918599367
  landing: 0.020872727036476135
  view-data: 0.3610184323042631
