times:
  edit-metadata: 2.4818680249154568
  landing: 0.25809541530907154
  view-data: 0.2552429009228945
