times:
  edit-metadata: 2.2213693652302027
  landing: 0.02142825350165367
  view-data: 0.29033651389181614
