times:
  edit-metadata: 1.488906177226454
  landing: 0.08948089322075248
  view-data: 0.2669703676365316
