times:
  edit-metadata: 2.242898128926754
  landing: 0.020556755363941193
  view-data: 0.12480730377137661
