times:
  edit-metadata: 2.6477707363665104
  landing: 0.2905608769506216
  view-data: 0.5034608133137226
