times:
  edit-metadata: 2.27839039452374
  landing: 0.018954500555992126
  view-data: 0.022233568131923676
