times:
  edit-metadata: 1.4852350079454482
  landing: 0.0717390482313931
  view-data: 0.25788419460877776
