times:
  edit-metadata: 2.171819830313325
  landing: 0.01984274946153164
  view-data: 0.026787331327795982
