times:
  edit-metadata: 2.2641513124108315
  landing: 0.019118404015898705
  view-data: 0.022501423954963684
