times:
  edit-metadata: 1.994524926878512
  landing: 0.19954955857247114
  view-data: 0.1162503706291318
