times:
  edit-metadata: 2.765169993042946
  landing: 0.12002471461892128
  view-data: 0.5871918629854918
