times:
  edit-metadata: 2.2238269485533237
  landing: 0.022539595142006874
  view-data: 0.025568604469299316
