times:
  edit-metadata: 2.3180939313024282
  landing: 0.022955022752285004
  view-data: 0.025136038661003113
