times:
  edit-metadata: 1.548919843044132
  landing: 0.06212141225114465
  view-data: 0.2502452228218317
