times:
  edit-metadata: 1.2539942739531398
  landing: 0.06024218210950494
  view-data: 0.2683536880649626
