times:
  edit-metadata: 2.2652418091893196
  landing: 0.23707514628767967
  view-data: 0.3074276354163885
