times:
  edit-metadata: 1.5254660001955926
  landing: 0.04820065898820758
  view-data: 0.2558822212740779
