times:
  edit-metadata: 3.7576516903936863
  landing: 0.19548549689352512
  view-data: 0.18312153220176697
