times:
  edit-metadata: 2.082958805374801
  landing: 0.2130963234230876
  view-data: 0.02795021515339613
