times:
  edit-metadata: 2.3099802378565073
  landing: 0.14157756976783276
  view-data: 0.14214357919991016
