times:
  edit-metadata: 2.2196476832032204
  landing: 0.019876635633409023
  view-data: 0.2125157518312335
