times:
  edit-metadata: 2.174290670081973
  landing: 0.023266999050974846
  view-data: 0.027035348117351532
