times:
  edit-metadata: 2.719354083761573
  landing: 0.3229302316904068
  view-data: 0.16406079567968845
