times:
  edit-metadata: 2.68116326443851
  landing: 0.12810576893389225
  view-data: 0.29725074768066406
