times:
  edit-metadata: 2.809575391933322
  landing: 0.15143593214452267
  view-data: 0.17604031413793564
