times:
  edit-metadata: 2.5167777221649885
  landing: 0.23310796357691288
  view-data: 0.14713271334767342
