times:
  edit-metadata: 2.1844441667199135
  landing: 0.02156628482043743
  view-data: 0.031087839975953102
