times:
  edit-metadata: 2.31825515255332
  landing: 0.23129603266716003
  view-data: 0.31473144702613354
