times:
  edit-metadata: 3.042105494067073
  landing: 0.25765230506658554
  view-data: 0.054865894839167595
