times:
  edit-metadata: 2.093167854472995
  landing: 0.15020202845335007
  view-data: 0.12932782247662544
