times:
  edit-metadata: 2.46414508856833
  landing: 0.14252015389502048
  view-data: 0.13742194138467312
