times:
  edit-metadata: 2.2689978312700987
  landing: 0.019549546763300896
  view-data: 0.023162243887782097
