times:
  edit-metadata: 2.1492413133382797
  landing: 0.1935604941099882
  view-data: 0.13218134175986052
