times:
  edit-metadata: 2.3504946380853653
  landing: 0.019307052716612816
  view-data: 0.023829231038689613
