times:
  edit-metadata: 2.4408685714006424
  landing: 0.13602631352841854
  view-data: 0.2734506279230118
