times:
  edit-metadata: 2.3575780130922794
  landing: 0.019374318420886993
  view-data: 0.14052113704383373
