times:
  edit-metadata: 1.3980362489819527
  landing: 0.10233385488390923
  view-data: 0.29378655599430203
