times:
  edit-metadata: 1.397549055982381
  landing: 0.06526225013658404
  view-data: 0.268612471409142
