times:
  edit-metadata: 2.283157505095005
  landing: 0.021315529942512512
  view-data: 0.023327212780714035
