times:
  edit-metadata: 2.6500502564013004
  landing: 0.2632274851202965
  view-data: 0.19021670706570148
