times:
  edit-metadata: 2.459329705685377
  landing: 0.019015656784176826
  view-data: 0.026092180982232094
