times:
  edit-metadata: 2.3204557560384274
  landing: 0.10308011248707771
  view-data: 0.02660267986357212
