times:
  edit-metadata: 2.398427776992321
  landing: 0.13946794159710407
  view-data: 0.30266082659363747
