times:
  edit-metadata: 2.464652568101883
  landing: 0.024668684229254723
  view-data: 0.3505738861858845
