times:
  edit-metadata: 2.2457756474614143
  landing: 0.021425209939479828
  view-data: 0.3143007718026638
