times:
  edit-metadata: 2.5819071885198355
  landing: 0.21940626949071884
  view-data: 0.027337696403265
