times:
  edit-metadata: 2.2452798951417208
  landing: 0.02066108025610447
  view-data: 0.024258822202682495
