times:
  edit-metadata: 2.2550709135830402
  landing: 0.12834550440311432
  view-data: 0.026867136359214783
