times:
  edit-metadata: 2.450017873197794
  landing: 0.13933170028030872
  view-data: 0.027403488755226135
