times:
  edit-metadata: 1.5202556219883263
  landing: 0.06537143979221582
  view-data: 0.2471196069382131
