times:
  edit-metadata: 1.509339848998934
  landing: 0.18070546863600612
  view-data: 0.2595024947077036
