times:
  edit-metadata: 2.1294765658676624
  landing: 0.11206474620848894
  view-data: 0.23881448805332184
