times:
  edit-metadata: 2.406946139410138
  landing: 0.021947793662548065
  view-data: 0.4090455695986748
