times:
  edit-metadata: 2.82333542779088
  landing: 0.02408437617123127
  view-data: 0.30290815234184265
