times:
  edit-metadata: 1.552281090989709
  landing: 0.048350376076996326
  view-data: 0.26582768140360713
