times:
  edit-metadata: 2.2917383071035147
  landing: 0.02269965037703514
  view-data: 0.30427762493491173
