times:
  edit-metadata: 2.465314354747534
  landing: 0.024878164753317833
  view-data: 0.327815156430006
