times:
  edit-metadata: 2.2644836008548737
  landing: 0.14270006399601698
  view-data: 0.487544615752995
