times:
  edit-metadata: 1.5973231978714466
  landing: 0.07131381100043654
  view-data: 0.2649546260945499
