times:
  edit-metadata: 2.615484720095992
  landing: 0.018684014678001404
  view-data: 0.022552959620952606
