times:
  edit-metadata: 2.965349208563566
  landing: 0.2690323032438755
  view-data: 0.185310710221529
