times:
  edit-metadata: 2.412875436246395
  landing: 0.24042571522295475
  view-data: 0.457639642059803
