times:
  edit-metadata: 2.2687889765948057
  landing: 0.1320587769150734
  view-data: 0.12494914419949055
