times:
  edit-metadata: 2.354404868558049
  landing: 0.1398207489401102
  view-data: 0.022154102101922035
