times:
  edit-metadata: 2.1410428946837783
  landing: 0.2312394268810749
  view-data: 0.6054916465654969
