times:
  edit-metadata: 2.1611463762819767
  landing: 0.19438933674246073
  view-data: 0.3480892227962613
