times:
  edit-metadata: 2.5874069444835186
  landing: 0.02199621219187975
  view-data: 0.5525807244703174
