times:
  edit-metadata: 2.2507025580853224
  landing: 0.1494213007390499
  view-data: 0.3198872245848179
