times:
  edit-metadata: 2.1544424314051867
  landing: 0.022519798949360847
  view-data: 0.02291390299797058
