times:
  edit-metadata: 2.853040363639593
  landing: 0.31052559055387974
  view-data: 0.16291296109557152
