times:
  edit-metadata: 2.1942866779863834
  landing: 0.020430319011211395
  view-data: 0.025130899623036385
