times:
  edit-metadata: 2.233402047306299
  landing: 0.1968980822712183
  view-data: 0.13481759745627642
