times:
  edit-metadata: 2.253823809325695
  landing: 0.14454078674316406
  view-data: 0.42027814872562885
