times:
  edit-metadata: 1.9916941486299038
  landing: 0.018478563986718655
  view-data: 0.1002363720908761
