times:
  edit-metadata: 1.2705913037061691
  landing: 0.047077196184545755
  view-data: 0.24723843997344375
