times:
  edit-metadata: 2.3094729147851467
  landing: 0.25070265121757984
  view-data: 0.027859291061758995
