times:
  edit-metadata: 2.309985687956214
  landing: 0.02024497464299202
  view-data: 0.023058248683810234
