times:
  edit-metadata: 2.5843939315527678
  landing: 0.01858068723231554
  view-data: 0.04806656576693058
