times:
  edit-metadata: 2.25344249419868
  landing: 0.142227528616786
  view-data: 0.1335537414997816
