times:
  edit-metadata: 2.569552205502987
  landing: 0.020592620596289635
  view-data: 0.41217455826699734
