times:
  edit-metadata: 1.6252232119441032
  landing: 0.08030435210093856
  view-data: 0.3900634003803134
