times:
  edit-metadata: 2.503615749999881
  landing: 0.022791212424635887
  view-data: 0.10023281909525394
