times:
  edit-metadata: 2.2430846635252237
  landing: 0.13652103394269943
  view-data: 0.36589042842388153
