times:
  edit-metadata: 2.36171892285347
  landing: 0.01996740698814392
  view-data: 0.13742988370358944
