times:
  edit-metadata: 2.198410887271166
  landing: 0.12471095100045204
  view-data: 0.027086440473794937
