times:
  edit-metadata: 2.1611962225288153
  landing: 0.1275855228304863
  view-data: 0.12012554425746202
