times:
  edit-metadata: 2.1363638509064913
  landing: 0.15456930082291365
  view-data: 0.4178216829895973
