times:
  edit-metadata: 2.6667466275393963
  landing: 0.1581428498029709
  view-data: 0.37903837859630585
