times:
  edit-metadata: 2.1624671686440706
  landing: 0.020379655063152313
  view-data: 0.026139115914702415
