times:
  edit-metadata: 2.168247662484646
  landing: 0.02236778289079666
  view-data: 0.30820348858833313
