times:
  edit-metadata: 2.9936593119055033
  landing: 0.02515408955514431
  view-data: 0.5257192756980658
