times:
  edit-metadata: 1.5421051559969783
  landing: 0.08946739789098501
  view-data: 0.24902163911610842
