times:
  edit-metadata: 2.461992399767041
  landing: 0.1362579995766282
  view-data: 0.023074209690093994
