times:
  edit-metadata: 1.2954646609723568
  landing: 0.05511741619557142
  view-data: 0.2434142823331058
