times:
  edit-metadata: 2.1877186838537455
  landing: 0.02255571074783802
  view-data: 0.02383285202085972
