times:
  edit-metadata: 2.2876517716795206
  landing: 0.021011676639318466
  view-data: 0.025816740468144417
