times:
  edit-metadata: 2.294309752061963
  landing: 0.02267122082412243
  view-data: 0.028257736936211586
