times:
  edit-metadata: 2.0434625623747706
  landing: 0.023578849621117115
  view-data: 0.1191466823220253
