times:
  edit-metadata: 1.2568707359023392
  landing: 0.05879624793305993
  view-data: 0.2607177048921585
