times:
  edit-metadata: 2.635508831590414
  landing: 0.1935556884855032
  view-data: 0.4226694256067276
