times:
  edit-metadata: 2.0518686613067985
  landing: 0.024701992981135845
  view-data: 0.023704133927822113
