times:
  edit-metadata: 2.1537862606346607
  landing: 0.2023672442883253
  view-data: 0.023021170869469643
