times:
  edit-metadata: 2.11458093021065
  landing: 0.019968959502875805
  view-data: 0.023542232811450958
