times:
  edit-metadata: 1.5339679601602256
  landing: 0.06020299391821027
  view-data: 0.2597748190164566
