times:
  edit-metadata: 1.6016349666751921
  landing: 0.07477969024330378
  view-data: 0.2508084229193628
