times:
  edit-metadata: 2.137014653533697
  landing: 0.020513134077191353
  view-data: 0.3454009583219886
