times:
  edit-metadata: 0.4584425128996372
  landing: 0.05379725806415081
  view-data: 0.22912784479558468
