times:
  edit-metadata: 0.456710871309042
  landing: 0.04820222035050392
  view-data: 0.2449550023302436
