times:
  edit-metadata: 0.4518364332616329
  landing: 0.04605695977807045
  view-data: 0.24430672451853752
