times:
  edit-metadata: 0.46821056120097637
  landing: 0.042950842063874006
  view-data: 0.3310134634375572
