times:
  edit-metadata: 0.45347400894388556
  landing: 0.04995647398754954
  view-data: 0.35859769489616156
