times:
  edit-metadata: 0.43332667788490653
  landing: 0.04950818605720997
  view-data: 0.19681780878454447
