times:
  edit-metadata: 0.43357581133022904
  landing: 0.04164424119517207
  view-data: 0.462042888160795
