times:
  edit-metadata: 0.4562289332970977
  landing: 0.04831413831561804
  view-data: 0.326849733479321
