times:
  edit-metadata: 0.43484878400340676
  landing: 0.04577090824022889
  view-data: 0.22047423431649804
