times:
  edit-metadata: 0.45007249992340803
  landing: 0.050604439340531826
  view-data: 0.4520903555676341
