times:
  edit-metadata: 0.6014401777647436
  landing: 0.06621249578893185
  view-data: 0.3069901173003018
