times:
  edit-metadata: 1.4250712720677257
  landing: 0.02094499208033085
  view-data: 0.12086555454879999
