times:
  edit-metadata: 1.6138517800718546
  landing: 0.14559566602110863
  view-data: 0.024728048592805862
