times:
  edit-metadata: 1.3922267844900489
  landing: 0.020425944589078426
  view-data: 0.09782418143004179
