times:
  edit-metadata: 1.460308212786913
  landing: 0.020727071911096573
  view-data: 0.023486435413360596
