times:
  edit-metadata: 1.6170602329075336
  landing: 0.2393235508352518
  view-data: 0.1359034664928913
