times:
  edit-metadata: 1.3901027282699943
  landing: 0.1376048196107149
  view-data: 0.025713015347719193
