times:
  edit-metadata: 0.5365900699980557
  landing: 0.05014767171815038
  view-data: 0.34159847535192966
