times:
  edit-metadata: 1.4615113288164139
  landing: 0.019129750318825245
  view-data: 0.4537871712818742
