times:
  edit-metadata: 1.360384332947433
  landing: 0.18149788677692413
  view-data: 0.4036386823281646
