times:
  edit-metadata: 0.6873074457980692
  landing: 0.08546563889831305
  view-data: 0.21520260581746697
