times:
  edit-metadata: 0.5387679068371654
  landing: 0.05116333905607462
  view-data: 0.34012979734689
