times:
  edit-metadata: 1.8852308113127947
  landing: 0.03077632002532482
  view-data: 0.3659029193222523
