times:
  edit-metadata: 1.5337075591087341
  landing: 0.021482136100530624
  view-data: 0.04498866759240627
