times:
  edit-metadata: 1.3830366842448711
  landing: 0.022435113787651062
  view-data: 0.4629394728690386
