times:
  edit-metadata: 0.5354583892039955
  landing: 0.04479613807052374
  view-data: 0.5892499848268926
