times:
  edit-metadata: 1.400135018862784
  landing: 0.01946050301194191
  view-data: 0.4101032158359885
