times:
  edit-metadata: 1.3805368430912495
  landing: 0.019959346391260624
  view-data: 0.12444456480443478
