times:
  edit-metadata: 1.62818350084126
  landing: 0.18619840033352375
  view-data: 0.02714422345161438
