times:
  edit-metadata: 1.7829020582139492
  landing: 0.3069010376930237
  view-data: 0.02453954517841339
