times:
  edit-metadata: 1.3887690594419837
  landing: 0.0235501853749156
  view-data: 0.10039550997316837
