times:
  edit-metadata: 1.3952553998678923
  landing: 0.12342195026576519
  view-data: 0.13609507866203785
