times:
  edit-metadata: 1.3751964336261153
  landing: 0.02299452666193247
  view-data: 0.025800989009439945
