times:
  edit-metadata: 1.4069357365369797
  landing: 0.12920556403696537
  view-data: 0.32353091798722744
