times:
  edit-metadata: 1.395620052702725
  landing: 0.13129729311913252
  view-data: 0.023408585228025913
