times:
  edit-metadata: 1.8464096430689096
  landing: 0.16749636363238096
  view-data: 0.14420744497328997
