times:
  edit-metadata: 1.3899562805891037
  landing: 0.12674334086477757
  view-data: 0.13707016594707966
