times:
  edit-metadata: 0.5814656065776944
  landing: 0.0498500382527709
  view-data: 0.20089678652584553
