times:
  edit-metadata: 1.4013669434934855
  landing: 0.020142510533332825
  view-data: 0.2833793442696333
