times:
  edit-metadata: 1.3726358646526933
  landing: 0.022137696854770184
  view-data: 0.10106788668781519
