times:
  edit-metadata: 1.3952161520719528
  landing: 0.022548948414623737
  view-data: 0.12695933133363724
