times:
  edit-metadata: 0.5533249340951443
  landing: 0.04851280339062214
  view-data: 0.34410943277180195
