times:
  edit-metadata: 1.8013085070997477
  landing: 0.3156033530831337
  view-data: 0.4066747222095728
