times:
  edit-metadata: 1.5847923941910267
  landing: 0.26701140217483044
  view-data: 0.41337766870856285
