times:
  edit-metadata: 1.4173383638262749
  landing: 0.02125183865427971
  view-data: 0.02667921409010887
