times:
  edit-metadata: 1.3907799376174808
  landing: 0.021594451740384102
  view-data: 0.12393652740865946
