times:
  edit-metadata: 1.4517266917973757
  landing: 0.18527320586144924
  view-data: 0.31980335898697376
