times:
  edit-metadata: 1.458263972774148
  landing: 0.1284163175150752
  view-data: 0.027282523922622204
