times:
  edit-metadata: 0.5324243353679776
  landing: 0.04844223614782095
  view-data: 0.21021941304206848
