times:
  edit-metadata: 1.3670302592217922
  landing: 0.019298367202281952
  view-data: 0.025835052132606506
