times:
  edit-metadata: 1.4515524078160524
  landing: 0.020187757909297943
  view-data: 0.023024069145321846
