times:
  edit-metadata: 1.3908974397927523
  landing: 0.17214650847017765
  view-data: 0.025099556893110275
