times:
  edit-metadata: 1.4375608721747994
  landing: 0.023123239167034626
  view-data: 0.10042290855199099
