times:
  edit-metadata: 1.555330116301775
  landing: 0.21384138613939285
  view-data: 0.36821088567376137
