times:
  edit-metadata: 1.3889066334813833
  landing: 0.02083725295960903
  view-data: 0.12832160666584969
