times:
  edit-metadata: 1.5015670573338866
  landing: 0.04576676990836859
  view-data: 0.02542410045862198
