times:
  edit-metadata: 1.5280716847628355
  landing: 0.14136330131441355
  view-data: 0.024976123124361038
