times:
  edit-metadata: 1.4631726257503033
  landing: 0.018692970275878906
  view-data: 0.022452082484960556
