times:
  edit-metadata: 0.5499018500559032
  landing: 0.08030392695218325
  view-data: 0.2167952237650752
