times:
  edit-metadata: 1.804394843056798
  landing: 0.05115700326859951
  view-data: 0.029359979555010796
