times:
  edit-metadata: 1.375383590348065
  landing: 0.020461135543882847
  view-data: 0.4703804859891534
