times:
  edit-metadata: 1.3925186740234494
  landing: 0.022691606543958187
  view-data: 0.026862735860049725
