times:
  edit-metadata: 0.5189362205564976
  landing: 0.04797633830457926
  view-data: 0.20003702025860548
