times:
  edit-metadata: 0.7058968083001673
  landing: 0.09877424221485853
  view-data: 0.22611037595197558
