times:
  edit-metadata: 1.338894627057016
  landing: 0.021829823032021523
  view-data: 0.10010740347206593
