times:
  edit-metadata: 1.6170172356069088
  landing: 0.3474996443837881
  view-data: 0.45164850167930126
