times:
  edit-metadata: 0.8371419301256537
  landing: 0.07091341586783528
  view-data: 0.29890324315056205
