times:
  edit-metadata: 0.5660676867701113
  landing: 0.06886324007064104
  view-data: 0.22250253893435
