times:
  edit-metadata: 1.3524463018402457
  landing: 0.22191150672733784
  view-data: 0.12126587238162756
