times:
  edit-metadata: 1.396398475393653
  landing: 0.023567878641188145
  view-data: 0.11708164401352406
