times:
  edit-metadata: 1.3707377426326275
  landing: 0.13641333300620317
  view-data: 0.11890034098178148
