times:
  edit-metadata: 1.392302862368524
  landing: 0.023785462602972984
  view-data: 0.026980404742062092
