times:
  edit-metadata: 1.3964825458824635
  landing: 0.021658328361809254
  view-data: 0.025452518835663795
