times:
  edit-metadata: 0.6054308959282935
  landing: 0.13977507129311562
  view-data: 0.22160689998418093
