times:
  edit-metadata: 1.4739743117243052
  landing: 0.020816020667552948
  view-data: 0.025288160890340805
