times:
  edit-metadata: 1.4266308639198542
  landing: 0.018524298444390297
  view-data: 0.025827327743172646
