times:
  edit-metadata: 1.388324161991477
  landing: 0.019858602434396744
  view-data: 0.023941583931446075
