times:
  edit-metadata: 1.3742710519582033
  landing: 0.02263805642724037
  view-data: 0.40512630343437195
