times:
  edit-metadata: 1.4271733853965998
  landing: 0.027289684861898422
  view-data: 0.025092778727412224
