times:
  edit-metadata: 1.3807999100536108
  landing: 0.0207310002297163
  view-data: 0.1389449955895543
