times:
  edit-metadata: 1.4826781312003732
  landing: 0.021265747025609016
  view-data: 0.02730125840753317
