times:
  edit-metadata: 0.5578875318169594
  landing: 0.03505186457186937
  view-data: 0.5442089810967445
