times:
  edit-metadata: 0.6137264217250049
  landing: 0.06633952725678682
  view-data: 0.205844908952713
