times:
  edit-metadata: 1.5597517266869545
  landing: 0.1397138200700283
  view-data: 0.368315476924181
