times:
  edit-metadata: 2.0384506061673164
  landing: 0.1659811418503523
  view-data: 0.056411925703287125
