times:
  edit-metadata: 1.7928570993244648
  landing: 0.2502022869884968
  view-data: 0.3480725809931755
