times:
  edit-metadata: 1.4845751579850912
  landing: 0.020763128995895386
  view-data: 0.025635864585638046
