times:
  edit-metadata: 0.6205218071117997
  landing: 0.04825253691524267
  view-data: 0.21610316121950746
