times:
  edit-metadata: 1.5194188635796309
  landing: 0.13090968132019043
  view-data: 0.025276342406868935
