times:
  edit-metadata: 1.392435816116631
  landing: 0.01993855182081461
  view-data: 0.027032186277210712
