times:
  edit-metadata: 1.3748852526769042
  landing: 0.020572122186422348
  view-data: 0.21419464703649282
