times:
  edit-metadata: 1.8734602080658078
  landing: 0.025406078435480595
  view-data: 0.02382198628038168
