times:
  edit-metadata: 1.3911495758220553
  landing: 0.01885077729821205
  view-data: 0.026464289985597134
