times:
  edit-metadata: 1.4609515480697155
  landing: 0.020871825516223907
  view-data: 0.022731042467057705
