times:
  edit-metadata: 0.757185738068074
  landing: 0.12218713015317917
  view-data: 0.20991157134994864
