times:
  edit-metadata: 0.5233670109882951
  landing: 0.04703895002603531
  view-data: 0.4890391193330288
