times:
  edit-metadata: 1.4116609962657094
  landing: 0.021860189735889435
  view-data: 0.027553685940802097
