times:
  edit-metadata: 1.3631093287840486
  landing: 0.020991966128349304
  view-data: 0.12122050300240517
