times:
  edit-metadata: 1.362021654844284
  landing: 0.02289585955440998
  view-data: 0.026604464277625084
