times:
  edit-metadata: 0.5295817758888006
  landing: 0.035708505660295486
  view-data: 0.2060121912509203
