times:
  edit-metadata: 1.445369590073824
  landing: 0.021420884877443314
  view-data: 0.2740706820040941
