times:
  edit-metadata: 1.3683203989639878
  landing: 0.022631638683378696
  view-data: 0.023802222684025764
