times:
  edit-metadata: 0.5657107001170516
  landing: 0.047202167101204395
  view-data: 0.2321782335639
