times:
  edit-metadata: 1.7224395973607898
  landing: 0.01978336740285158
  view-data: 0.02866620197892189
