times:
  edit-metadata: 0.6600729273632169
  landing: 0.1099143298342824
  view-data: 0.30064683500677347
