times:
  edit-metadata: 0.5239887908101082
  landing: 0.05259878560900688
  view-data: 0.3455420844256878
