times:
  edit-metadata: 1.369989345781505
  landing: 0.020485201850533485
  view-data: 0.025982368737459183
