times:
  edit-metadata: 1.4213013052940369
  landing: 0.02065560221672058
  view-data: 0.02735039498656988
