times:
  edit-metadata: 0.5195971699431539
  landing: 0.047617511823773384
  view-data: 0.7195071261376143
