times:
  edit-metadata: 1.3669796753674746
  landing: 0.1447644643485546
  view-data: 0.028864478692412376
