times:
  edit-metadata: 0.5351389665156603
  landing: 0.05058496445417404
  view-data: 0.19928742479532957
