times:
  edit-metadata: 0.7540833749808371
  landing: 0.06327714724466205
  view-data: 0.2944599469192326
