times:
  edit-metadata: 1.4266365114599466
  landing: 0.017714418470859528
  view-data: 0.026882697828114033
