times:
  edit-metadata: 1.7134504783898592
  landing: 0.22557618096470833
  view-data: 0.3215275313705206
