times:
  edit-metadata: 1.4405846260488033
  landing: 0.01954997144639492
  view-data: 0.023386962711811066
