times:
  edit-metadata: 1.376885175704956
  landing: 0.019600357860326767
  view-data: 0.023854726925492287
