times:
  edit-metadata: 1.3867186643183231
  landing: 0.020173320546746254
  view-data: 0.028459012508392334
