times:
  edit-metadata: 0.7385579622350633
  landing: 0.07696633972227573
  view-data: 0.2197430245578289
