times:
  edit-metadata: 0.5302034104242921
  landing: 0.041394906118512154
  view-data: 0.20683230832219124
