times:
  edit-metadata: 1.4143220065161586
  landing: 0.019345534034073353
  view-data: 0.02499596495181322
