times:
  edit-metadata: 1.444988427683711
  landing: 0.2355707986280322
  view-data: 0.49029115587472916
