times:
  edit-metadata: 1.3673392906785011
  landing: 0.019245868548750877
  view-data: 0.02572012133896351
