times:
  edit-metadata: 0.5551144946366549
  landing: 0.04435956943780184
  view-data: 0.1996168177574873
