times:
  edit-metadata: 1.3912464929744601
  landing: 0.020427046343684196
  view-data: 0.12240358907729387
