times:
  edit-metadata: 0.5155341709032655
  landing: 0.04706464987248182
  view-data: 0.20607450418174267
