times:
  edit-metadata: 1.3630039738491178
  landing: 0.12238387949764729
  view-data: 0.11930795852094889
