times:
  edit-metadata: 1.402721367776394
  landing: 0.022166987881064415
  view-data: 0.023251918144524097
