times:
  edit-metadata: 0.7353406548500061
  landing: 0.059239231050014496
  view-data: 0.32028162898495793
