times:
  edit-metadata: 1.4242963828146458
  landing: 0.01839700061827898
  view-data: 0.028116432949900627
