times:
  edit-metadata: 1.3642743602395058
  landing: 0.09815763030201197
  view-data: 0.1186404014006257
