times:
  edit-metadata: 1.544202795252204
  landing: 0.17101749032735825
  view-data: 0.15948016196489334
