times:
  edit-metadata: 1.5043785702437162
  landing: 0.144600591622293
  view-data: 0.2899100873619318
