times:
  edit-metadata: 1.4344312455505133
  landing: 0.11512567847967148
  view-data: 0.024580249562859535
