times:
  edit-metadata: 1.4057600274682045
  landing: 0.02151483204215765
  view-data: 0.11129072215408087
