times:
  edit-metadata: 1.3860925463959575
  landing: 0.023018447682261467
  view-data: 0.026976714842021465
