times:
  edit-metadata: 1.600520147010684
  landing: 0.019885335117578506
  view-data: 0.03294834494590759
