times:
  edit-metadata: 1.4442379586398602
  landing: 0.022435104474425316
  view-data: 0.12746641412377357
