times:
  edit-metadata: 1.431636813096702
  landing: 0.20221374928951263
  view-data: 0.02784539293497801
