times:
  edit-metadata: 1.4225999116897583
  landing: 0.023796163499355316
  view-data: 0.023140965029597282
