times:
  edit-metadata: 1.3767487341538072
  landing: 0.02101143728941679
  view-data: 0.026931007392704487
