times:
  edit-metadata: 1.417978435754776
  landing: 0.14558675326406956
  view-data: 0.024481168016791344
