times:
  edit-metadata: 1.3917258204892278
  landing: 0.021227745339274406
  view-data: 0.028526793234050274
