times:
  edit-metadata: 1.3762890985235572
  landing: 0.023042325861752033
  view-data: 0.025740772485733032
