times:
  edit-metadata: 1.4046711940318346
  landing: 0.020737575367093086
  view-data: 0.12249215599149466
