times:
  edit-metadata: 1.4043643902987242
  landing: 0.019165916368365288
  view-data: 0.02221943810582161
