times:
  edit-metadata: 1.4559718240052462
  landing: 0.12717707082629204
  view-data: 0.027407875284552574
