times:
  edit-metadata: 1.483469090424478
  landing: 0.18821491207927465
  view-data: 0.46244262252002954
