times:
  edit-metadata: 0.5260780276730657
  landing: 0.0426114397123456
  view-data: 0.20387045945972204
