times:
  edit-metadata: 1.4429867770522833
  landing: 0.028217995539307594
  view-data: 0.02629013918340206
