times:
  edit-metadata: 0.529580338858068
  landing: 0.043988728895783424
  view-data: 0.19805479608476162
