times:
  edit-metadata: 1.3896616324782372
  landing: 0.02162313275039196
  view-data: 0.41157054901123047
