times:
  edit-metadata: 0.5457310723140836
  landing: 0.05583979841321707
  view-data: 0.33770222775638103
