times:
  edit-metadata: 1.3697012886404991
  landing: 0.021375201642513275
  view-data: 0.02489868365228176
