times:
  edit-metadata: 1.3801316022872925
  landing: 0.02040860615670681
  view-data: 0.028585804626345634
