times:
  edit-metadata: 1.383445286192
  landing: 0.021989980712532997
  view-data: 0.024541272781789303
