times:
  edit-metadata: 0.6304599442519248
  landing: 0.0482116499915719
  view-data: 0.21965787187218666
