times:
  edit-metadata: 0.522824281360954
  landing: 0.043707023840397596
  view-data: 0.3260166822001338
