times:
  edit-metadata: 0.5427703186869621
  landing: 0.03756955545395613
  view-data: 0.36070187855511904
