times:
  edit-metadata: 0.5651729977689683
  landing: 0.07547578820958734
  view-data: 0.2345141158439219
