times:
  edit-metadata: 1.4490319285541773
  landing: 0.11679104901850224
  view-data: 0.02419319748878479
