times:
  edit-metadata: 0.5386813767254353
  landing: 0.06361288717016578
  view-data: 0.23623458622023463
