times:
  edit-metadata: 0.5459878938272595
  landing: 0.04744416568428278
  view-data: 0.20536382216960192
