times:
  edit-metadata: 1.9305303674191236
  landing: 0.2846338599920273
  view-data: 0.026632672175765038
