times:
  edit-metadata: 1.4011749979108572
  landing: 0.29003945738077164
  view-data: 0.025708956643939018
