times:
  edit-metadata: 1.5339540345594287
  landing: 0.02134788129478693
  view-data: 0.4613886922597885
