times:
  edit-metadata: 1.431208074092865
  landing: 0.023412635549902916
  view-data: 0.32673255167901516
