times:
  edit-metadata: 1.5640356689691544
  landing: 0.24411127343773842
  view-data: 0.43351766280829906
