times:
  edit-metadata: 1.4078436475247145
  landing: 0.019436251372098923
  view-data: 0.16438387148082256
