times:
  edit-metadata: 1.3844450619071722
  landing: 0.01993652805685997
  view-data: 0.023718740791082382
