times:
  edit-metadata: 1.421917530708015
  landing: 0.019873526878654957
  view-data: 0.12634513340890408
