times:
  edit-metadata: 1.5948098432272673
  landing: 0.20995978079736233
  view-data: 0.1567972656339407
