times:
  edit-metadata: 1.3963008811697364
  landing: 0.1117606358602643
  view-data: 0.2361467620357871
