times:
  edit-metadata: 1.9169467445462942
  landing: 0.04991063289344311
  view-data: 0.06408766284584999
