times:
  edit-metadata: 0.6183935767039657
  landing: 0.08121186727657914
  view-data: 0.2896616510115564
