times:
  edit-metadata: 1.343629576265812
  landing: 0.020128820091485977
  view-data: 0.026373088359832764
