times:
  edit-metadata: 0.747311748098582
  landing: 0.09076046012341976
  view-data: 0.22474030405282974
