times:
  edit-metadata: 1.4594223210588098
  landing: 0.16976739186793566
  view-data: 0.026664072647690773
