times:
  edit-metadata: 1.4154155906289816
  landing: 0.022113005630671978
  view-data: 0.027195055969059467
