times:
  edit-metadata: 1.3656365601345897
  landing: 0.022366409189999104
  view-data: 0.11549412086606026
