times:
  edit-metadata: 1.516607666388154
  landing: 0.020475330762565136
  view-data: 0.12500555533915758
