times:
  edit-metadata: 1.3649048376828432
  landing: 0.11999833397567272
  view-data: 0.02454463019967079
