times:
  edit-metadata: 1.4233921617269516
  landing: 0.02429042011499405
  view-data: 0.34757840633392334
