times:
  edit-metadata: 1.7734203580766916
  landing: 0.022282995283603668
  view-data: 0.027622060850262642
