times:
  edit-metadata: 1.756525607779622
  landing: 0.17635696474462748
  view-data: 0.28773644659668207
