times:
  edit-metadata: 1.3185387002304196
  landing: 0.02042196597903967
  view-data: 0.026932280510663986
