times:
  edit-metadata: 1.4663739781826735
  landing: 0.15178103931248188
  view-data: 0.4152055103331804
