times:
  edit-metadata: 1.382517358288169
  landing: 0.022913994267582893
  view-data: 0.13981829211115837
