times:
  edit-metadata: 1.7807317040860653
  landing: 0.05849574878811836
  view-data: 0.06922104395925999
