times:
  edit-metadata: 1.3659775089472532
  landing: 0.021944290027022362
  view-data: 0.026588087901473045
