times:
  edit-metadata: 1.5161359421908855
  landing: 0.021703215315937996
  view-data: 0.030195990577340126
