times:
  edit-metadata: 1.4136425545439124
  landing: 0.21037735510617495
  view-data: 0.1288596885278821
