times:
  edit-metadata: 1.3883965257555246
  landing: 0.24417807534337044
  view-data: 0.026019806042313576
