times:
  edit-metadata: 1.3492326522246003
  landing: 0.02229260839521885
  view-data: 0.46936542820185423
