times:
  edit-metadata: 1.3679683580994606
  landing: 0.023435985669493675
  view-data: 0.026799045503139496
