times:
  edit-metadata: 0.5233898009173572
  landing: 0.05428773909807205
  view-data: 0.3417829838581383
