times:
  edit-metadata: 1.8024492543190718
  landing: 0.20104968175292015
  view-data: 0.3953890111297369
