times:
  edit-metadata: 1.5985750127583742
  landing: 0.01947508193552494
  view-data: 0.3377942144870758
