times:
  edit-metadata: 1.3400426786392927
  landing: 0.021635867655277252
  view-data: 0.41479276213794947
