times:
  edit-metadata: 2.762083848938346
  landing: 0.3184800874441862
  view-data: 0.4939441792666912
