times:
  edit-metadata: 1.3971860455349088
  landing: 0.02013347577303648
  view-data: 0.025896121747791767
