times:
  edit-metadata: 1.5079613532871008
  landing: 0.022652965039014816
  view-data: 0.024516507983207703
