times:
  edit-metadata: 1.3979484271258116
  landing: 0.021351629868149757
  view-data: 0.11527460906654596
