times:
  edit-metadata: 1.391708598472178
  landing: 0.021252290345728397
  view-data: 0.027449939399957657
