times:
  edit-metadata: 1.4475016854703426
  landing: 0.21788540855050087
  view-data: 0.30607481487095356
