times:
  edit-metadata: 0.5394253209233284
  landing: 0.047647638246417046
  view-data: 0.20759581960737705
