times:
  edit-metadata: 1.5407812520861626
  landing: 0.02155217155814171
  view-data: 0.028022518381476402
