times:
  edit-metadata: 1.3811038630083203
  landing: 0.020287059247493744
  view-data: 0.4259481094777584
