times:
  edit-metadata: 1.859543276950717
  landing: 0.021150803193449974
  view-data: 0.3745142389088869
