times:
  edit-metadata: 1.5827205069363117
  landing: 0.14529032446444035
  view-data: 0.33562823198735714
