times:
  edit-metadata: 1.5014096209779382
  landing: 0.020043342374265194
  view-data: 0.12405456509441137
