times:
  edit-metadata: 1.999060144647956
  landing: 0.40955602936446667
  view-data: 0.6100364569574594
