times:
  edit-metadata: 1.815841019153595
  landing: 0.15128116868436337
  view-data: 0.5379891917109489
