times:
  edit-metadata: 0.5662364750169218
  landing: 0.06540262466296554
  view-data: 0.22053056117147207
