times:
  edit-metadata: 1.3561755195260048
  landing: 0.01944393292069435
  view-data: 0.02284117415547371
