times:
  edit-metadata: 1.4350960170850158
  landing: 0.019714356400072575
  view-data: 0.11800690088421106
