times:
  edit-metadata: 1.8020613081753254
  landing: 0.2412211038172245
  view-data: 0.3856219220906496
