times:
  edit-metadata: 0.5184843204915524
  landing: 0.04373696260154247
  view-data: 0.43691975995898247
