times:
  edit-metadata: 1.4259701240807772
  landing: 0.021564653143286705
  view-data: 0.03021880052983761
