times:
  edit-metadata: 1.4103667009621859
  landing: 0.022017009556293488
  view-data: 0.3446810655295849
