times:
  edit-metadata: 1.4016037974506617
  landing: 0.020686808973550797
  view-data: 0.10785259585827589
