times:
  edit-metadata: 1.368652586825192
  landing: 0.13322079181671143
  view-data: 0.155561164021492
