times:
  edit-metadata: 1.772498456761241
  landing: 0.023009206168353558
  view-data: 0.02547923568636179
