times:
  edit-metadata: 3.1141907973214984
  landing: 0.3356407694518566
  view-data: 0.5491504222154617
