times:
  edit-metadata: 0.5481972461566329
  landing: 0.052237214520573616
  view-data: 0.3420521169900894
