times:
  edit-metadata: 1.357420896179974
  landing: 0.030962558463215828
  view-data: 0.027882631868124008
