times:
  edit-metadata: 1.4139799671247602
  landing: 0.01849708240479231
  view-data: 0.02653706818819046
