times:
  edit-metadata: 1.454532040283084
  landing: 0.13048670254647732
  view-data: 0.415836188942194
