times:
  edit-metadata: 1.4841365031898022
  landing: 0.020537124946713448
  view-data: 0.02408481016755104
