times:
  edit-metadata: 2.6947289053350687
  landing: 0.2650942597538233
  view-data: 0.18726528994739056
