times:
  edit-metadata: 1.3793887766078115
  landing: 0.024154472164809704
  view-data: 0.02496951539069414
