times:
  edit-metadata: 0.5719609810039401
  landing: 0.04638294503092766
  view-data: 0.29320452688261867
