times:
  edit-metadata: 1.3883830048143864
  landing: 0.023239679634571075
  view-data: 0.20250308141112328
