times:
  edit-metadata: 0.5341901127249002
  landing: 0.04702709801495075
  view-data: 0.35420835111290216
