times:
  edit-metadata: 1.4104959201067686
  landing: 0.020462214946746826
  view-data: 0.027156425639986992
