times:
  edit-metadata: 1.519449019804597
  landing: 0.16947787255048752
  view-data: 0.1673959344625473
