times:
  edit-metadata: 1.4323182897642255
  landing: 0.13354199286550283
  view-data: 0.02584675420075655
