times:
  edit-metadata: 0.5761207290925086
  landing: 0.04646094189956784
  view-data: 0.21662001218646765
