times:
  edit-metadata: 0.8309557209722698
  landing: 0.050226603634655476
  view-data: 0.2158627500757575
