times:
  edit-metadata: 1.384251774288714
  landing: 0.020100382156670094
  view-data: 0.12109875120222569
