times:
  edit-metadata: 1.666797799989581
  landing: 0.2236720249056816
  view-data: 0.3711782358586788
