times:
  edit-metadata: 0.5555946286767721
  landing: 0.04305366240441799
  view-data: 0.2125613186508417
