times:
  edit-metadata: 1.4186915811151266
  landing: 0.09022519364953041
  view-data: 0.13160174898803234
