times:
  edit-metadata: 1.482631771825254
  landing: 0.13018282502889633
  view-data: 0.13708950206637383
