times:
  edit-metadata: 0.5187922068871558
  landing: 0.04309220192953944
  view-data: 0.47068938706070185
