times:
  edit-metadata: 1.3466045493260026
  landing: 0.021289076656103134
  view-data: 0.09929642733186483
