times:
  edit-metadata: 1.8719681659713387
  landing: 0.02209688164293766
  view-data: 0.12675533443689346
