times:
  edit-metadata: 1.5654051713645458
  landing: 0.019900279119610786
  view-data: 0.3443235568702221
