times:
  edit-metadata: 1.3937214631587267
  landing: 0.022476064041256905
  view-data: 0.15284112468361855
