times:
  edit-metadata: 1.4151608739048243
  landing: 0.019489798694849014
  view-data: 0.12454899866133928
