times:
  edit-metadata: 1.4188974909484386
  landing: 0.022674075327813625
  view-data: 0.09817085787653923
