times:
  edit-metadata: 0.7940690461546183
  landing: 0.07736449176445603
  view-data: 0.3217670409940183
