times:
  edit-metadata: 1.4260854870080948
  landing: 0.18599542416632175
  view-data: 0.02677537500858307
