times:
  edit-metadata: 0.7318749069236219
  landing: 0.04204468987882137
  view-data: 0.32272301241755486
