times:
  edit-metadata: 0.5194856589660048
  landing: 0.05287967808544636
  view-data: 0.3555452283471823
