times:
  edit-metadata: 1.7712961062788963
  landing: 0.22939173877239227
  view-data: 0.4124924764037132
