times:
  edit-metadata: 1.3757407246157527
  landing: 0.13216556701809168
  view-data: 0.025412198156118393
