times:
  edit-metadata: 1.3775562141090631
  landing: 0.01998766604810953
  view-data: 0.027711911126971245
