times:
  edit-metadata: 1.3187315054237843
  landing: 0.020705592818558216
  view-data: 0.12962370365858078
