times:
  edit-metadata: 0.5432359203696251
  landing: 0.05283655598759651
  view-data: 0.2094333814457059
