times:
  edit-metadata: 1.3741470649838448
  landing: 0.021550586447119713
  view-data: 0.024533767253160477
