times:
  edit-metadata: 1.421668534167111
  landing: 0.020868162624537945
  view-data: 0.026171913370490074
