times:
  edit-metadata: 1.420566277578473
  landing: 0.12459129747003317
  view-data: 0.1201674984768033
