times:
  edit-metadata: 1.6439584773033857
  landing: 0.22692005150020123
  view-data: 0.14503569900989532
