times:
  edit-metadata: 1.3950444888323545
  landing: 0.019525565207004547
  view-data: 0.023613808676600456
