times:
  edit-metadata: 1.3888083472847939
  landing: 0.021647857502102852
  view-data: 0.11609900929033756
