times:
  edit-metadata: 1.3796068178489804
  landing: 0.1113251019269228
  view-data: 0.23232339043170214
