times:
  edit-metadata: 1.3702331092208624
  landing: 0.02037951722741127
  view-data: 0.026567233726382256
