times:
  edit-metadata: 1.4860961809754372
  landing: 0.01885126158595085
  view-data: 0.026381269097328186
