times:
  edit-metadata: 1.3905949909240007
  landing: 0.1319052278995514
  view-data: 0.024765389040112495
