times:
  edit-metadata: 1.3848782358691096
  landing: 0.023059027269482613
  view-data: 0.3936921786516905
