times:
  edit-metadata: 1.485938798636198
  landing: 0.21229463443160057
  view-data: 0.14957929216325283
