times:
  edit-metadata: 1.8016647230833769
  landing: 0.023280832916498184
  view-data: 0.027712702751159668
