times:
  edit-metadata: 1.3889549914747477
  landing: 0.12501378264278173
  view-data: 0.02518812846392393
