times:
  edit-metadata: 1.3854757212102413
  landing: 0.021120356395840645
  view-data: 0.29109130427241325
