times:
  edit-metadata: 0.5559650799259543
  landing: 0.07463619019836187
  view-data: 0.21159944217652082
