times:
  edit-metadata: 1.3265419472008944
  landing: 0.020947640761733055
  view-data: 0.13746623136103153
