times:
  edit-metadata: 1.3661158923059702
  landing: 0.021520165726542473
  view-data: 0.025044051930308342
