times:
  edit-metadata: 0.5459328219294548
  landing: 0.04075497854501009
  view-data: 0.20714881271123886
