times:
  edit-metadata: 0.5280665699392557
  landing: 0.052336142398416996
  view-data: 0.20397835038602352
