times:
  edit-metadata: 1.3645624369382858
  landing: 0.020659024827182293
  view-data: 0.02668861858546734
