times:
  edit-metadata: 0.5483114807866514
  landing: 0.0674508479423821
  view-data: 0.24482329282909632
