times:
  edit-metadata: 1.6222854163497686
  landing: 0.020744144916534424
  view-data: 0.18016111478209496
