times:
  edit-metadata: 1.4172865115106106
  landing: 0.021767654456198215
  view-data: 0.028912967070937157
