times:
  edit-metadata: 1.5382433496415615
  landing: 0.02248249389231205
  view-data: 0.024909472092986107
