times:
  edit-metadata: 1.582216288894415
  landing: 0.27903481014072895
  view-data: 0.37656273879110813
