times:
  edit-metadata: 1.3744881423190236
  landing: 0.12858888134360313
  view-data: 0.12511432729661465
