times:
  edit-metadata: 0.5354480538517237
  landing: 0.037832533940672874
  view-data: 0.22056981455534697
