times:
  edit-metadata: 1.4292032700031996
  landing: 0.020616939291357994
  view-data: 0.02366703934967518
