times:
  edit-metadata: 1.9998914618045092
  landing: 0.027106598019599915
  view-data: 0.024794919416308403
