times:
  edit-metadata: 1.4267921298742294
  landing: 0.025432921014726162
  view-data: 0.8299901187419891
