times:
  edit-metadata: 0.5484696896746755
  landing: 0.043180590495467186
  view-data: 0.20152578316628933
