times:
  edit-metadata: 1.3815115336328745
  landing: 0.01900362502783537
  view-data: 0.12167341262102127
