times:
  edit-metadata: 1.5555634051561356
  landing: 0.019712891429662704
  view-data: 0.025415677577257156
