times:
  edit-metadata: 1.415081299841404
  landing: 0.022123660892248154
  view-data: 0.026064136996865273
