times:
  edit-metadata: 1.42184008192271
  landing: 0.02286286000162363
  view-data: 0.026202253066003323
