times:
  edit-metadata: 1.9651274289935827
  landing: 0.22091885656118393
  view-data: 0.3347634617239237
