times:
  edit-metadata: 1.3831195924431086
  landing: 0.022600838914513588
  view-data: 0.02372942864894867
