times:
  edit-metadata: 0.5460594641044736
  landing: 0.052932766266167164
  view-data: 0.2181726796552539
