times:
  edit-metadata: 1.3913367539644241
  landing: 0.01902778074145317
  view-data: 0.023246491327881813
