times:
  edit-metadata: 1.3767110519111156
  landing: 0.020628959871828556
  view-data: 0.02734946273267269
