times:
  edit-metadata: 1.4366292171180248
  landing: 0.12969598174095154
  view-data: 0.14452647976577282
