times:
  edit-metadata: 1.7183529119938612
  landing: 0.3149645011872053
  view-data: 0.208164531737566
