times:
  edit-metadata: 1.3716596849262714
  landing: 0.02026981022208929
  view-data: 0.024134780280292034
