times:
  edit-metadata: 1.6155111975967884
  landing: 0.021584603935480118
  view-data: 0.3543475940823555
