times:
  edit-metadata: 2.558903248005663
  landing: 0.25443592500232626
  view-data: 0.5395825900050113
