times:
  edit-metadata: 1.345176812261343
  landing: 0.11529257707297802
  view-data: 0.12631997093558311
