times:
  edit-metadata: 1.5444570574909449
  landing: 0.02013290859758854
  view-data: 0.39295932091772556
