times:
  edit-metadata: 0.5148666491732001
  landing: 0.10705591412261128
  view-data: 0.2677913401275873
