times:
  edit-metadata: 0.5508052660152316
  landing: 0.07247467199340463
  view-data: 0.2088436409831047
