times:
  edit-metadata: 1.4611022304743528
  landing: 0.25560101494193077
  view-data: 0.32941342517733574
