times:
  edit-metadata: 0.7477937899529934
  landing: 0.06251164199784398
  view-data: 0.26245003286749125
