times:
  edit-metadata: 1.5931166466325521
  landing: 0.27687543258070946
  view-data: 0.15456172823905945
