times:
  edit-metadata: 0.829703024122864
  landing: 0.0655736280605197
  view-data: 0.23086090199649334
