times:
  edit-metadata: 1.3437081556767225
  landing: 0.04355992563068867
  view-data: 0.3236537519842386
