times:
  edit-metadata: 0.5565329822711647
  landing: 0.12298788828775287
  view-data: 0.2068717610090971
