times:
  edit-metadata: 1.6407159510999918
  landing: 0.0216275192797184
  view-data: 0.3720995169132948
