times:
  edit-metadata: 1.5530216544866562
  landing: 0.21654328517615795
  view-data: 0.36060298420488834
