times:
  edit-metadata: 1.5872356705367565
  landing: 0.25573110207915306
  view-data: 0.028797872364521027
