times:
  edit-metadata: 1.611134935170412
  landing: 0.030107948929071426
  view-data: 0.03249514102935791
