times:
  edit-metadata: 0.555232907179743
  landing: 0.06396767497062683
  view-data: 0.21215082192793489
