times:
  edit-metadata: 0.5626071076840162
  landing: 0.057741738855838776
  view-data: 0.21666135685518384
