times:
  edit-metadata: 0.5108253541402519
  landing: 0.10209527378901839
  view-data: 0.3048035092651844
