times:
  edit-metadata: 0.8778995689935982
  landing: 0.14547294983640313
  view-data: 0.2607511980459094
