times:
  edit-metadata: 0.5774950617924333
  landing: 0.10757340211421251
  view-data: 0.21205470664426684
