times:
  edit-metadata: 1.3923893347382545
  landing: 0.020214974880218506
  view-data: 0.0246490016579628
