times:
  edit-metadata: 0.6057296060025692
  landing: 0.07954314071685076
  view-data: 0.20048950193449855
