times:
  edit-metadata: 1.4134145714342594
  landing: 0.020282570272684097
  view-data: 0.025192057713866234
