times:
  edit-metadata: 0.619752362370491
  landing: 0.1184209631755948
  view-data: 0.21411826694384217
