times:
  edit-metadata: 1.3729964103549719
  landing: 0.02065308205783367
  view-data: 0.2754351608455181
