times:
  edit-metadata: 0.5412788572721183
  landing: 0.11994729284197092
  view-data: 0.30766605166718364
