times:
  edit-metadata: 1.6385515090078115
  landing: 0.20334289595484734
  view-data: 0.3359421696513891
