times:
  edit-metadata: 0.5526459063403308
  landing: 0.04859067127108574
  view-data: 0.2140033026225865
