times:
  edit-metadata: 0.6547052250243723
  landing: 0.15094578778371215
  view-data: 0.21256139082834125
