times:
  edit-metadata: 1.5482200309634209
  landing: 0.19215743988752365
  view-data: 0.05289961211383343
