times:
  edit-metadata: 0.5520073268562555
  landing: 0.17562188114970922
  view-data: 0.3216126263141632
