times:
  edit-metadata: 0.5304544977843761
  landing: 0.07227227790281177
  view-data: 0.22293246164917946
