times:
  edit-metadata: 1.6790888234972954
  landing: 0.24819785356521606
  view-data: 0.34573015943169594
