times:
  edit-metadata: 1.326916716992855
  landing: 0.02222343534231186
  view-data: 0.028020309284329414
