times:
  edit-metadata: 1.4585628230124712
  landing: 0.11302887089550495
  view-data: 0.12526972964406013
