times:
  edit-metadata: 0.7297105491161346
  landing: 0.06768843997269869
  view-data: 0.21289661526679993
