times:
  edit-metadata: 1.537111746147275
  landing: 0.26302667148411274
  view-data: 0.24779358506202698
