times:
  edit-metadata: 0.5251273280009627
  landing: 0.06692503206431866
  view-data: 0.20804773829877377
