times:
  edit-metadata: 1.9984398651868105
  landing: 0.151492390781641
  view-data: 0.034320956096053123
