times:
  edit-metadata: 1.3830503560602665
  landing: 0.022104332223534584
  view-data: 0.027278924360871315
