times:
  edit-metadata: 0.5360289071686566
  landing: 0.17061538016423583
  view-data: 0.22042153915390372
