times:
  edit-metadata: 1.3919120710343122
  landing: 0.02259242720901966
  view-data: 0.02597717195749283
