times:
  edit-metadata: 0.6466997358947992
  landing: 0.13088678428903222
  view-data: 0.22582609206438065
