times:
  edit-metadata: 1.5734431575983763
  landing: 0.297379894182086
  view-data: 0.14639902859926224
