times:
  edit-metadata: 0.5169816906563938
  landing: 0.07154073799028993
  view-data: 0.22235908964648843
