times:
  edit-metadata: 1.4091943204402924
  landing: 0.02484351210296154
  view-data: 0.1547960713505745
