times:
  edit-metadata: 0.7070765122771263
  landing: 0.1462286808528006
  view-data: 0.33477970818057656
