times:
  edit-metadata: 1.4600816816091537
  landing: 0.021033350378274918
  view-data: 0.0307023786008358
