times:
  edit-metadata: 0.5842582159675658
  landing: 0.05782563518732786
  view-data: 0.22803594777360559
