times:
  edit-metadata: 1.80280945263803
  landing: 0.11417408846318722
  view-data: 0.1571833025664091
