times:
  edit-metadata: 0.845189644023776
  landing: 0.12756917672231793
  view-data: 0.2976279817521572
