times:
  edit-metadata: 0.5413428409956396
  landing: 0.07159299775958061
  view-data: 0.21088619017973542
