times:
  edit-metadata: 0.5338003281503916
  landing: 0.057805949822068214
  view-data: 0.31782636838033795
