times:
  edit-metadata: 0.5502004083245993
  landing: 0.041457212530076504
  view-data: 0.19775730650871992
