times:
  edit-metadata: 0.582924872636795
  landing: 0.04184113536030054
  view-data: 0.2230050629004836
