times:
  edit-metadata: 1.362239696085453
  landing: 0.020915575325489044
  view-data: 0.12952407635748386
