times:
  edit-metadata: 1.739334475249052
  landing: 0.14119285158813
  view-data: 0.14355137199163437
