times:
  edit-metadata: 1.4644637489691377
  landing: 0.23097709380090237
  view-data: 0.023252280429005623
