times:
  edit-metadata: 0.6021884041838348
  landing: 0.07855325192213058
  view-data: 0.2336927936412394
