times:
  edit-metadata: 0.5526305930688977
  landing: 0.04276970308274031
  view-data: 0.2074668351560831
