times:
  edit-metadata: 1.3997384384274483
  landing: 0.02071169950067997
  view-data: 0.1241973303258419
