times:
  edit-metadata: 1.3550302451476455
  landing: 0.02063458226621151
  view-data: 0.029331793077290058
