times:
  edit-metadata: 1.3882106728851795
  landing: 0.19925361312925816
  view-data: 0.3134316597133875
