times:
  edit-metadata: 1.4092751750722528
  landing: 0.18945094477385283
  view-data: 0.0262396652251482
