times:
  edit-metadata: 1.3473488884046674
  landing: 0.02334480080753565
  view-data: 0.026474357582628727
