times:
  edit-metadata: 1.3524212576448917
  landing: 0.02045542001724243
  view-data: 0.4097030842676759
