times:
  edit-metadata: 0.7826376929879189
  landing: 0.0751047576777637
  view-data: 0.22331279423087835
