times:
  edit-metadata: 0.5892088674008846
  landing: 0.03686590399593115
  view-data: 0.2170327315106988
