times:
  edit-metadata: 1.4255602089688182
  landing: 0.12726897280663252
  view-data: 0.13190365955233574
