times:
  edit-metadata: 1.3953187223523855
  landing: 0.01888075191527605
  view-data: 0.10133059788495302
