times:
  edit-metadata: 1.381905839778483
  landing: 0.019549420103430748
  view-data: 0.023271088488399982
