times:
  edit-metadata: 1.479652239009738
  landing: 0.20268610306084156
  view-data: 0.18621087819337845
