times:
  edit-metadata: 0.84659439092502
  landing: 0.05567125789821148
  view-data: 0.35136632714420557
