times:
  edit-metadata: 1.3715762570500374
  landing: 0.02278778702020645
  view-data: 0.0262596532702446
