times:
  edit-metadata: 1.3568312721326947
  landing: 0.12767569534480572
  view-data: 0.131620766595006
