times:
  edit-metadata: 0.6657540141604841
  landing: 0.12046813499182463
  view-data: 0.3561935289762914
