times:
  edit-metadata: 1.5334324073046446
  landing: 0.17411658726632595
  view-data: 0.3988266848027706
