times:
  edit-metadata: 2.515688550658524
  landing: 0.24700202886015177
  view-data: 0.40169386751949787
