times:
  edit-metadata: 1.3627364011481404
  landing: 0.019748677499592304
  view-data: 0.19016798585653305
