times:
  edit-metadata: 0.8297243332490325
  landing: 0.08120780531316996
  view-data: 0.25298002175986767
