times:
  edit-metadata: 1.3990634474903345
  landing: 0.020100677385926247
  view-data: 0.100730886682868
