times:
  edit-metadata: 1.4615418426692486
  landing: 0.021576843224465847
  view-data: 0.325988850556314
