times:
  edit-metadata: 1.3354482790455222
  landing: 0.12450506910681725
  view-data: 0.13207899406552315
