times:
  edit-metadata: 1.4084637258201838
  landing: 0.020145172253251076
  view-data: 0.21398680191487074
