times:
  edit-metadata: 1.405494162812829
  landing: 0.15783934947103262
  view-data: 0.12205289769917727
