times:
  edit-metadata: 1.4205707162618637
  landing: 0.022426560521125793
  view-data: 0.363431453704834
