times:
  edit-metadata: 1.385527870617807
  landing: 0.018958795815706253
  view-data: 0.027337382547557354
