times:
  edit-metadata: 0.5689362771809101
  landing: 0.05166892800480127
  view-data: 0.23396392352879047
