times:
  edit-metadata: 1.655787669122219
  landing: 0.2639336381107569
  view-data: 0.3359554335474968
