times:
  edit-metadata: 0.5793525818735361
  landing: 0.0477243228815496
  view-data: 0.3183459839783609
