times:
  edit-metadata: 0.5484489044174552
  landing: 0.04402885492891073
  view-data: 0.4724694062024355
