times:
  edit-metadata: 1.3202809998765588
  landing: 0.15351768303662539
  view-data: 0.11760377697646618
