times:
  edit-metadata: 0.694406152702868
  landing: 0.10590696707367897
  view-data: 0.3255872200243175
