times:
  edit-metadata: 1.4743780866265297
  landing: 0.15964599139988422
  view-data: 0.14337893947958946
