times:
  edit-metadata: 1.4458586554974318
  landing: 0.018823014572262764
  view-data: 0.12930807657539845
