times:
  edit-metadata: 1.3781913192942739
  landing: 0.02117575891315937
  view-data: 0.22383636981248856
