times:
  edit-metadata: 0.546549002174288
  landing: 0.04913662699982524
  view-data: 0.21140576107427478
