times:
  edit-metadata: 1.3418225310742855
  landing: 0.24207245744764805
  view-data: 0.3172165099531412
