times:
  edit-metadata: 1.3666927218437195
  landing: 0.2161248791962862
  view-data: 0.1414749138057232
