times:
  edit-metadata: 1.4128995407372713
  landing: 0.02185901626944542
  view-data: 0.4054672699421644
