times:
  edit-metadata: 1.3585317889228463
  landing: 0.022031080909073353
  view-data: 0.02547213714569807
