times:
  edit-metadata: 1.8295764159411192
  landing: 0.027761828154325485
  view-data: 0.1663398277014494
