times:
  edit-metadata: 1.394616193138063
  landing: 0.019199245609343052
  view-data: 0.12549522332847118
