times:
  edit-metadata: 0.8801540047861636
  landing: 0.13960929913446307
  view-data: 0.21892223227769136
