times:
  edit-metadata: 1.4240054693073034
  landing: 0.019214065745472908
  view-data: 0.025857293978333473
