times:
  edit-metadata: 1.843316301703453
  landing: 0.025914790108799934
  view-data: 0.1616006027907133
