times:
  edit-metadata: 1.5219531431794167
  landing: 0.2954250331968069
  view-data: 0.02781778760254383
