times:
  edit-metadata: 1.4474892504513264
  landing: 0.13374611362814903
  view-data: 0.13163138553500175
