times:
  edit-metadata: 0.5120205264538527
  landing: 0.03962033614516258
  view-data: 0.2018879633396864
