times:
  edit-metadata: 1.3444922305643559
  landing: 0.020812136121094227
  view-data: 0.12038076668977737
