times:
  edit-metadata: 1.3630614392459393
  landing: 0.2152043003588915
  view-data: 0.0984261492267251
