times:
  edit-metadata: 1.362279779277742
  landing: 0.020104307681322098
  view-data: 0.09978617448359728
