times:
  edit-metadata: 0.5682699223980308
  landing: 0.05205016117542982
  view-data: 0.25577040668576956
