times:
  edit-metadata: 1.4114875011146069
  landing: 0.020141897723078728
  view-data: 0.02550123818218708
