times:
  edit-metadata: 1.4061513133347034
  landing: 0.02107015624642372
  view-data: 0.12563066370785236
