times:
  edit-metadata: 1.4284525848925114
  landing: 0.019903755746781826
  view-data: 0.027927775867283344
