times:
  edit-metadata: 1.412106815725565
  landing: 0.02216757833957672
  view-data: 0.026133287698030472
