times:
  edit-metadata: 1.4236403619870543
  landing: 0.02055332437157631
  view-data: 0.024561273865401745
