times:
  edit-metadata: 1.402685659006238
  landing: 0.20762399770319462
  view-data: 0.3330243695527315
