times:
  edit-metadata: 1.3170315958559513
  landing: 0.1321092303842306
  view-data: 0.10574590507894754
