times:
  edit-metadata: 1.3279249155893922
  landing: 0.018144652247428894
  view-data: 0.12373472657054663
