times:
  edit-metadata: 1.3678018171340227
  landing: 0.13894952088594437
  view-data: 0.12981157191097736
