times:
  edit-metadata: 1.5318755488842726
  landing: 0.025685036554932594
  view-data: 0.38189904764294624
