times:
  edit-metadata: 0.6374975848011672
  landing: 0.16954120201990008
  view-data: 0.22549229208379984
