times:
  edit-metadata: 1.4108439618721604
  landing: 0.020384731702506542
  view-data: 0.4653309369459748
