times:
  edit-metadata: 1.3672869289293885
  landing: 0.13570176158100367
  view-data: 0.09752068109810352
