times:
  edit-metadata: 1.6822247048839927
  landing: 0.2276987126097083
  view-data: 0.15494886692613363
