times:
  edit-metadata: 0.5523635051213205
  landing: 0.05459845997393131
  view-data: 0.4620003057643771
