times:
  edit-metadata: 1.4003492156043649
  landing: 0.02121176663786173
  view-data: 0.1186904152855277
