times:
  edit-metadata: 0.8867842378094792
  landing: 0.18142023915424943
  view-data: 0.3085198262706399
