times:
  edit-metadata: 1.4011007454246283
  landing: 0.021308409981429577
  view-data: 0.026069100946187973
