times:
  edit-metadata: 1.4121048357337713
  landing: 0.020778018981218338
  view-data: 0.12218240927904844
