times:
  edit-metadata: 1.4076490476727486
  landing: 0.020085657015442848
  view-data: 0.36851111985743046
