times:
  edit-metadata: 1.3508935356512666
  landing: 0.02044759038835764
  view-data: 0.43735142704099417
