times:
  edit-metadata: 1.3581422958523035
  landing: 0.02097820583730936
  view-data: 0.026194113306701183
