times:
  edit-metadata: 1.5331028997898102
  landing: 0.018896514549851418
  view-data: 0.023914983496069908
