times:
  edit-metadata: 1.3815624359995127
  landing: 0.020570527762174606
  view-data: 0.02430332824587822
