times:
  edit-metadata: 1.5970514174550772
  landing: 0.1454931553453207
  view-data: 0.1882118508219719
