times:
  edit-metadata: 0.5880427309311926
  landing: 0.10561966802924871
  view-data: 0.23384486185386777
