times:
  edit-metadata: 0.5727248173207045
  landing: 0.051253482699394226
  view-data: 0.3232391057536006
