times:
  edit-metadata: 0.5664983363822103
  landing: 0.05117409490048885
  view-data: 0.20746187958866358
