times:
  edit-metadata: 1.3830024249909911
  landing: 0.02637310599675402
  view-data: 0.02516608299629297
