times:
  edit-metadata: 1.4054834051057696
  landing: 0.13380531780421734
  view-data: 0.025876288302242756
