times:
  edit-metadata: 0.5379529427736998
  landing: 0.04138421639800072
  view-data: 0.4423736371099949
