times:
  edit-metadata: 1.4660536833107471
  landing: 0.02206754218786955
  view-data: 0.02893288154155016
