times:
  edit-metadata: 1.3531206026673317
  landing: 0.022854024544358253
  view-data: 0.02649719826877117
