times:
  edit-metadata: 1.3922363594174385
  landing: 0.22777252458035946
  view-data: 0.1170246060937643
