times:
  edit-metadata: 1.4269849099218845
  landing: 0.1909231599420309
  view-data: 0.14604859612882137
