times:
  edit-metadata: 1.6400517877191305
  landing: 0.2616035807877779
  view-data: 0.4100390877574682
