times:
  edit-metadata: 1.3736119102686644
  landing: 0.019714467227458954
  view-data: 0.11881485395133495
