times:
  edit-metadata: 1.494150711223483
  landing: 0.021275905892252922
  view-data: 0.1293882243335247
