times:
  edit-metadata: 1.4025152772665024
  landing: 0.01971275545656681
  view-data: 0.029023747891187668
