times:
  edit-metadata: 1.3813924584537745
  landing: 0.0212818942964077
  view-data: 0.2895007114857435
