times:
  edit-metadata: 1.733863152563572
  landing: 0.01906492840498686
  view-data: 0.02247071359306574
