times:
  edit-metadata: 1.385548903606832
  landing: 0.019172935746610165
  view-data: 0.027347421273589134
