times:
  edit-metadata: 1.4097342640161514
  landing: 0.0188407264649868
  view-data: 0.02358487993478775
