times:
  edit-metadata: 0.6004122355952859
  landing: 0.16972763231024146
  view-data: 0.30745336599648
