times:
  edit-metadata: 1.3498329017311335
  landing: 0.020161926746368408
  view-data: 0.027986828237771988
