times:
  edit-metadata: 1.3571376269683242
  landing: 0.20180082228034735
  view-data: 0.029815323650836945
