times:
  edit-metadata: 0.5792897450737655
  landing: 0.08549589989706874
  view-data: 0.23986202757805586
