times:
  edit-metadata: 0.5668610539287329
  landing: 0.04638242069631815
  view-data: 0.2102875830605626
