times:
  edit-metadata: 1.342426711693406
  landing: 0.019553454592823982
  view-data: 0.02692762389779091
