times:
  edit-metadata: 0.5550091601908207
  landing: 0.04973910003900528
  view-data: 0.21206014789640903
