times:
  edit-metadata: 1.435714304447174
  landing: 0.02148539014160633
  view-data: 0.12383108958601952
