times:
  edit-metadata: 1.493006489239633
  landing: 0.2090589962899685
  view-data: 0.2129037342965603
