times:
  edit-metadata: 1.5596506632864475
  landing: 0.24549849331378937
  view-data: 0.3933847025036812
