times:
  edit-metadata: 1.4119971580803394
  landing: 0.19372334610670805
  view-data: 0.09712821245193481
