times:
  edit-metadata: 1.4405504427850246
  landing: 0.019011348485946655
  view-data: 0.4169454528018832
