times:
  edit-metadata: 0.5452727349475026
  landing: 0.05003022029995918
  view-data: 0.21447858959436417
