times:
  edit-metadata: 0.5757745248265564
  landing: 0.09680239204317331
  view-data: 0.24324808595702052
