times:
  edit-metadata: 0.8390623568557203
  landing: 0.09063878515735269
  view-data: 0.27633348433300853
