times:
  edit-metadata: 0.5282875504344702
  landing: 0.049531287513673306
  view-data: 0.46533457562327385
