times:
  edit-metadata: 0.532446188852191
  landing: 0.052555590867996216
  view-data: 0.21721863374114037
