times:
  edit-metadata: 1.3881206130608916
  landing: 0.020204829052090645
  view-data: 0.09997409768402576
