times:
  edit-metadata: 1.6899713166058064
  landing: 0.15815117955207825
  view-data: 0.034691374748945236
