times:
  edit-metadata: 1.54119479842484
  landing: 0.18558205291628838
  view-data: 0.42661465890705585
