times:
  edit-metadata: 0.5516770100221038
  landing: 0.05194130586460233
  view-data: 0.7303349729627371
