times:
  edit-metadata: 1.3759229350835085
  landing: 0.01904177851974964
  view-data: 0.026259083300828934
