times:
  edit-metadata: 1.377048783004284
  landing: 0.12923715263605118
  view-data: 0.4720399919897318
