times:
  edit-metadata: 1.3477395288646221
  landing: 0.018573478795588017
  view-data: 0.13143459055572748
