times:
  edit-metadata: 1.420616714283824
  landing: 0.20545213855803013
  view-data: 0.12621785886585712
