times:
  edit-metadata: 0.5453025335446
  landing: 0.04309095162898302
  view-data: 0.33619404025375843
