times:
  edit-metadata: 1.3546229200437665
  landing: 0.2015497237443924
  view-data: 0.12035381980240345
