times:
  edit-metadata: 1.675586648285389
  landing: 0.18197375908493996
  view-data: 0.49663253501057625
