times:
  edit-metadata: 1.3748361328616738
  landing: 0.01826558541506529
  view-data: 0.028268391266465187
