times:
  edit-metadata: 1.4535363744944334
  landing: 0.021431000903248787
  view-data: 0.02688645478338003
