times:
  edit-metadata: 1.574316669255495
  landing: 0.036996783688664436
  view-data: 0.15252328477799892
