times:
  edit-metadata: 1.3761546984314919
  landing: 0.019628114998340607
  view-data: 0.12056129705160856
