times:
  edit-metadata: 1.3926251791417599
  landing: 0.02615258563309908
  view-data: 0.13283316884189844
