times:
  edit-metadata: 1.507932273671031
  landing: 0.022856445983052254
  view-data: 0.02850617654621601
