times:
  edit-metadata: 1.429227840155363
  landing: 0.019478430040180683
  view-data: 0.024373249150812626
