times:
  edit-metadata: 0.55330656375736
  landing: 0.04929714370518923
  view-data: 0.4404227305203676
