times:
  edit-metadata: 1.360500250943005
  landing: 0.02022628765553236
  view-data: 0.11713091656565666
