times:
  edit-metadata: 1.362708630040288
  landing: 0.018613520078361034
  view-data: 0.11630961392074823
