times:
  edit-metadata: 1.6074146665632725
  landing: 0.13663563318550587
  view-data: 0.16934088990092278
