times:
  edit-metadata: 1.7946882583200932
  landing: 0.1534512061625719
  view-data: 0.5009839097037911
