times:
  edit-metadata: 1.368399452418089
  landing: 0.018689469434320927
  view-data: 0.024139603599905968
