times:
  edit-metadata: 1.3705078670755029
  landing: 0.1313774436712265
  view-data: 0.024229295551776886
