times:
  edit-metadata: 0.5613518059253693
  landing: 0.04079629946500063
  view-data: 0.22071687690913677
