times:
  edit-metadata: 0.8317100279964507
  landing: 0.05537579767405987
  view-data: 0.32598349917680025
