times:
  edit-metadata: 1.354178886860609
  landing: 0.23310683015733957
  view-data: 0.10218744073063135
