times:
  edit-metadata: 1.4221693370491266
  landing: 0.023001152090728283
  view-data: 0.0280987611040473
