times:
  edit-metadata: 1.4746370166540146
  landing: 0.1835256963968277
  view-data: 0.027001868933439255
