times:
  edit-metadata: 1.5250676684081554
  landing: 0.12272192351520061
  view-data: 0.024560753256082535
