times:
  edit-metadata: 0.8686401648446918
  landing: 0.10084007913246751
  view-data: 0.32161537697538733
