times:
  edit-metadata: 1.5805128142237663
  landing: 0.23189719952642918
  view-data: 0.34966334886848927
