times:
  edit-metadata: 1.4827088080346584
  landing: 0.04379013739526272
  view-data: 0.12881834618747234
