times:
  edit-metadata: 1.3998978156596422
  landing: 0.018953579477965832
  view-data: 0.02458308171480894
