times:
  edit-metadata: 1.3543514152988791
  landing: 0.19259493052959442
  view-data: 0.025581439957022667
