times:
  edit-metadata: 0.6510672480799258
  landing: 0.1045723739080131
  view-data: 0.29632742889225483
