times:
  edit-metadata: 0.657751384191215
  landing: 0.13681542687118053
  view-data: 0.29444804694503546
