times:
  edit-metadata: 0.5735349738970399
  landing: 0.04858274944126606
  view-data: 0.4629525998607278
