times:
  edit-metadata: 1.440935667604208
  landing: 0.12545224651694298
  view-data: 0.02638755552470684
