times:
  edit-metadata: 1.3879688391461968
  landing: 0.02108248881995678
  view-data: 0.02473069727420807
