times:
  edit-metadata: 1.9091873448342085
  landing: 0.05388940870761871
  view-data: 0.0294558834284544
