times:
  edit-metadata: 1.3745956746861339
  landing: 0.19859205093234777
  view-data: 0.39586879312992096
