times:
  edit-metadata: 1.415313946083188
  landing: 0.02070859633386135
  view-data: 0.14280484803020954
