times:
  edit-metadata: 1.4990750178694725
  landing: 0.14509040024131536
  view-data: 0.02631333749741316
