times:
  edit-metadata: 1.4061834765598178
  landing: 0.17781280167400837
  view-data: 0.026388431899249554
