times:
  edit-metadata: 1.368345683440566
  landing: 0.01892976090312004
  view-data: 0.02489672414958477
