times:
  edit-metadata: 1.5438112206757069
  landing: 0.0217701718211174
  view-data: 0.35769266076385975
