times:
  edit-metadata: 0.6033507590182126
  landing: 0.05399162694811821
  view-data: 0.24386747227981687
