times:
  edit-metadata: 1.377753997221589
  landing: 0.20653855986893177
  view-data: 0.022505447268486023
