times:
  edit-metadata: 1.368594378232956
  landing: 0.18571581318974495
  view-data: 0.1347464006394148
