times:
  edit-metadata: 0.5752982259728014
  landing: 0.0804500007070601
  view-data: 0.2140967701561749
