times:
  edit-metadata: 1.3434119140729308
  landing: 0.022320768795907497
  view-data: 0.02723952755331993
