times:
  edit-metadata: 1.367663354612887
  landing: 0.12731317523866892
  view-data: 0.028056198731064796
