times:
  edit-metadata: 0.5365975825116038
  landing: 0.0560527415946126
  view-data: 0.20635645184665918
