times:
  edit-metadata: 1.4092316441237926
  landing: 0.02230534702539444
  view-data: 0.031642502173781395
