times:
  edit-metadata: 1.487835912965238
  landing: 0.019300260581076145
  view-data: 0.027106433175504208
