times:
  edit-metadata: 1.4084959896281362
  landing: 0.021609915420413017
  view-data: 0.4300641715526581
