times:
  edit-metadata: 1.4143066480755806
  landing: 0.01895214058458805
  view-data: 0.09842215292155743
