times:
  edit-metadata: 1.4858146011829376
  landing: 0.021508734673261642
  view-data: 0.02657509408891201
