times:
  edit-metadata: 0.5556230274960399
  landing: 0.0411785701289773
  view-data: 0.20920256152749062
