times:
  edit-metadata: 1.8190470188856125
  landing: 0.018766761757433414
  view-data: 0.025172962807118893
