times:
  edit-metadata: 1.3594824150204659
  landing: 0.019532429054379463
  view-data: 0.025836773216724396
