times:
  edit-metadata: 1.4450870621949434
  landing: 0.020787959918379784
  view-data: 0.025384800508618355
