times:
  edit-metadata: 2.0532469376921654
  landing: 0.26109858602285385
  view-data: 0.13354052416980267
