times:
  edit-metadata: 1.4159956127405167
  landing: 0.13203712366521358
  view-data: 0.1276951152831316
