times:
  edit-metadata: 1.3403248460963368
  landing: 0.2005727468058467
  view-data: 0.025523643009364605
