times:
  edit-metadata: 0.7777468017302454
  landing: 0.06743488879874349
  view-data: 0.30475655291229486
