times:
  edit-metadata: 0.7862517377361655
  landing: 0.11065833084285259
  view-data: 0.3397836880758405
