times:
  edit-metadata: 1.3900157986208797
  landing: 0.12889369390904903
  view-data: 0.12152152229100466
