times:
  edit-metadata: 1.422263358719647
  landing: 0.11530875787138939
  view-data: 0.025822924450039864
