times:
  edit-metadata: 1.3969034720212221
  landing: 0.02025582641363144
  view-data: 0.024247504770755768
