times:
  edit-metadata: 1.3828615015372634
  landing: 0.019482633098959923
  view-data: 0.0253106402233243
