times:
  edit-metadata: 1.3468665555119514
  landing: 0.01967170089483261
  view-data: 0.026782304048538208
