times:
  edit-metadata: 0.59593924600631
  landing: 0.091942448168993
  view-data: 0.2315068868920207
