times:
  edit-metadata: 1.8778302427381277
  landing: 0.2414961326867342
  view-data: 0.32905679009854794
