times:
  edit-metadata: 1.3579376004636288
  landing: 0.02329802606254816
  view-data: 0.02577325329184532
