times:
  edit-metadata: 1.5354445548728108
  landing: 0.1172220753505826
  view-data: 0.1577595891430974
