times:
  edit-metadata: 1.522259071469307
  landing: 0.025410056114196777
  view-data: 0.40512833185493946
