times:
  edit-metadata: 1.3686038190498948
  landing: 0.0182440634816885
  view-data: 0.024912559427320957
