times:
  edit-metadata: 2.0586128551512957
  landing: 0.4187595285475254
  view-data: 0.3907592222094536
