times:
  edit-metadata: 1.9699788969010115
  landing: 0.3014454320073128
  view-data: 0.31379468739032745
