times:
  edit-metadata: 1.3603922184556723
  landing: 0.01894555240869522
  view-data: 0.30910901725292206
