times:
  edit-metadata: 1.5414634235203266
  landing: 0.2166313212364912
  view-data: 0.27712743170559406
