times:
  edit-metadata: 1.5430091992020607
  landing: 0.17142154276371002
  view-data: 0.2729980181902647
