times:
  edit-metadata: 1.4413376711308956
  landing: 0.021329224109649658
  view-data: 0.12073060870170593
