times:
  edit-metadata: 1.4685896979644895
  landing: 0.020184719003736973
  view-data: 0.10281813330948353
