times:
  edit-metadata: 1.782201074063778
  landing: 0.21246912330389023
  view-data: 0.38297881186008453
