times:
  edit-metadata: 1.3640249129384756
  landing: 0.021916829980909824
  view-data: 0.1002340754494071
