times:
  edit-metadata: 0.5214447062462568
  landing: 0.045772239565849304
  view-data: 0.22243838757276535
