times:
  edit-metadata: 1.3842318952083588
  landing: 0.022167809307575226
  view-data: 0.027247752994298935
