times:
  edit-metadata: 1.4089989308267832
  landing: 0.02037755586206913
  view-data: 0.023392094299197197
