times:
  edit-metadata: 1.3809789828956127
  landing: 0.11713385209441185
  view-data: 0.02904214709997177
