times:
  edit-metadata: 1.916081117466092
  landing: 0.2681919764727354
  view-data: 0.4355632998049259
