times:
  edit-metadata: 1.422798266634345
  landing: 0.019404297694563866
  view-data: 0.14476285874843597
