times:
  edit-metadata: 1.402179374359548
  landing: 0.1360384887084365
  view-data: 0.5336429150775075
