times:
  edit-metadata: 1.6342904828488827
  landing: 0.12865581549704075
  view-data: 0.33734855987131596
