times:
  edit-metadata: 1.4090983951464295
  landing: 0.020281897857785225
  view-data: 0.02798085194081068
