times:
  edit-metadata: 1.4119382817298174
  landing: 0.19189447909593582
  view-data: 0.024614298716187477
