times:
  edit-metadata: 1.4921243898570538
  landing: 0.0269536217674613
  view-data: 0.028458381071686745
