times:
  edit-metadata: 1.5618756748735905
  landing: 0.1740870140492916
  view-data: 0.3501723539084196
