times:
  edit-metadata: 1.356649107299745
  landing: 0.021417127922177315
  view-data: 0.12440211325883865
