times:
  edit-metadata: 1.3430359456688166
  landing: 0.019329044967889786
  view-data: 0.02316354401409626
