times:
  edit-metadata: 1.4058394115418196
  landing: 0.12315227091312408
  view-data: 0.13131138868629932
