times:
  edit-metadata: 0.5608155131340027
  landing: 0.054597885347902775
  view-data: 0.20037142001092434
