times:
  edit-metadata: 1.3922671638429165
  landing: 0.1322343572974205
  view-data: 0.024291962385177612
