times:
  edit-metadata: 2.1194027587771416
  landing: 0.3208918422460556
  view-data: 0.30367482267320156
