times:
  edit-metadata: 1.4876950345933437
  landing: 0.1353065762668848
  view-data: 0.5211916547268629
