times:
  edit-metadata: 1.3990764888003469
  landing: 0.11686266399919987
  view-data: 0.02385103516280651
