times:
  edit-metadata: 1.5585370920598507
  landing: 0.1486669648438692
  view-data: 0.027320081368088722
