times:
  edit-metadata: 1.3998105973005295
  landing: 0.021820547990500927
  view-data: 0.025174545124173164
