times:
  edit-metadata: 1.3438304169103503
  landing: 0.0199862252920866
  view-data: 0.02560327108949423
