times:
  edit-metadata: 0.5576838264241815
  landing: 0.0456961402669549
  view-data: 0.20460811350494623
