times:
  edit-metadata: 1.6874074004590511
  landing: 0.14993365108966827
  view-data: 0.38749722950160503
