times:
  edit-metadata: 1.400831620208919
  landing: 0.020541459321975708
  view-data: 0.025011206977069378
