times:
  edit-metadata: 1.382636796683073
  landing: 0.14124280214309692
  view-data: 0.027974151074886322
