times:
  edit-metadata: 1.3863802375271916
  landing: 0.18810634594410658
  view-data: 0.4082090361043811
