times:
  edit-metadata: 1.427869327366352
  landing: 0.21233995165675879
  view-data: 0.1947161629796028
