times:
  edit-metadata: 1.3997282274067402
  landing: 0.21947394404560328
  view-data: 0.022779015824198723
