times:
  edit-metadata: 1.337020075879991
  landing: 0.2279806174337864
  view-data: 0.12029063981026411
