times:
  edit-metadata: 0.5564506473019719
  landing: 0.04532386362552643
  view-data: 0.23514588922262192
