times:
  edit-metadata: 1.4845905611291528
  landing: 0.22940688487142324
  view-data: 0.12106639705598354
