times:
  edit-metadata: 0.5818500192835927
  landing: 0.04216075222939253
  view-data: 0.22110452502965927
