times:
  edit-metadata: 0.7540044747292995
  landing: 0.07528774300590158
  view-data: 0.35414208890870214
