times:
  edit-metadata: 1.492196660488844
  landing: 0.24812934175133705
  view-data: 0.16816615499556065
