times:
  edit-metadata: 1.5086947390809655
  landing: 0.021395589224994183
  view-data: 0.027616163715720177
