times:
  edit-metadata: 1.4458707608282566
  landing: 0.048585984855890274
  view-data: 0.10156506672501564
