times:
  edit-metadata: 2.435213206335902
  landing: 0.1550064142793417
  view-data: 0.47187050618231297
