times:
  edit-metadata: 1.9041134100407362
  landing: 0.168686980381608
  view-data: 0.047962894663214684
