times:
  edit-metadata: 1.4551333375275135
  landing: 0.022599466145038605
  view-data: 0.028591735288500786
