times:
  edit-metadata: 1.572302971035242
  landing: 0.26107271015644073
  view-data: 0.35923331789672375
