times:
  edit-metadata: 1.5866204760968685
  landing: 0.02728591300547123
  view-data: 0.053045932203531265
