times:
  edit-metadata: 1.4270731499418616
  landing: 0.21545670833438635
  view-data: 0.02504513133317232
