times:
  edit-metadata: 1.4230076521635056
  landing: 0.19762465730309486
  view-data: 0.094944192096591
