times:
  edit-metadata: 1.3448300929740071
  landing: 0.020172511227428913
  view-data: 0.12436807062476873
