times:
  edit-metadata: 1.3444601260125637
  landing: 0.020069113932549953
  view-data: 0.11914086062461138
