times:
  edit-metadata: 1.3895179042592645
  landing: 0.03167189285159111
  view-data: 0.025196701288223267
