times:
  edit-metadata: 1.4433833956718445
  landing: 0.020648738369345665
  view-data: 0.026853403076529503
