times:
  edit-metadata: 1.3814553590491414
  landing: 0.021835043095052242
  view-data: 0.024860454723238945
