times:
  edit-metadata: 1.3526227287948132
  landing: 0.028480269014835358
  view-data: 0.026011262089014053
