times:
  edit-metadata: 0.5685803554952145
  landing: 0.04537659510970116
  view-data: 0.21608359552919865
