times:
  edit-metadata: 1.4144337754696608
  landing: 0.01896953582763672
  view-data: 0.023481065407395363
