times:
  edit-metadata: 1.4724084194749594
  landing: 0.14480439014732838
  view-data: 0.3201929945498705
