times:
  edit-metadata: 1.3918209066614509
  landing: 0.0214963611215353
  view-data: 0.09850403293967247
