times:
  edit-metadata: 1.3955571288242936
  landing: 0.0239969864487648
  view-data: 0.024976474232971668
