times:
  edit-metadata: 1.378940174356103
  landing: 0.02134699374437332
  view-data: 0.11860251054167747
