times:
  edit-metadata: 0.8556212661787868
  landing: 0.18334756419062614
  view-data: 0.3476073951460421
