times:
  edit-metadata: 1.3393649142235518
  landing: 0.02006798330694437
  view-data: 0.1272742822766304
