times:
  edit-metadata: 0.6175013678148389
  landing: 0.07430638186633587
  view-data: 0.22468570992350578
