times:
  edit-metadata: 0.5556246722117066
  landing: 0.04668000340461731
  view-data: 0.23245570715516806
