times:
  edit-metadata: 1.322180099785328
  landing: 0.15952946245670319
  view-data: 0.022410983219742775
