times:
  edit-metadata: 1.543401775881648
  landing: 0.021959809586405754
  view-data: 0.025831108912825584
