times:
  edit-metadata: 1.3618380036205053
  landing: 0.019968973472714424
  view-data: 0.3266051411628723
