times:
  edit-metadata: 0.8695207871496677
  landing: 0.05789558682590723
  view-data: 0.2720213970169425
