times:
  edit-metadata: 0.5851898845285177
  landing: 0.049159856513142586
  view-data: 0.3268934851512313
