times:
  edit-metadata: 1.3744541937485337
  landing: 0.019261877983808517
  view-data: 0.12050417345017195
