times:
  edit-metadata: 1.341898525133729
  landing: 0.021551035344600677
  view-data: 0.13412431813776493
