times:
  edit-metadata: 1.3479890022426844
  landing: 0.021215174347162247
  view-data: 0.028554512187838554
