times:
  edit-metadata: 1.7495147846639156
  landing: 0.3175127077847719
  view-data: 0.14276479184627533
