times:
  edit-metadata: 0.5088778985664248
  landing: 0.05249650590121746
  view-data: 0.2304097581654787
