times:
  edit-metadata: 1.529598657041788
  landing: 0.022987784817814827
  view-data: 0.3121978882700205
