times:
  edit-metadata: 1.3933129822835326
  landing: 0.020876373164355755
  view-data: 0.024584336206316948
