times:
  edit-metadata: 1.9406783450394869
  landing: 0.02835802733898163
  view-data: 0.050748310983181
