times:
  edit-metadata: 0.5520602148026228
  landing: 0.050521510653197765
  view-data: 0.20246953889727592
