times:
  edit-metadata: 0.5353646138682961
  landing: 0.04426330514252186
  view-data: 0.32182469591498375
