times:
  edit-metadata: 1.9830256663262844
  landing: 0.3171756621450186
  view-data: 0.3554877173155546
