times:
  edit-metadata: 1.4440355766564608
  landing: 0.12978108413517475
  view-data: 0.02392365224659443
