times:
  edit-metadata: 1.3482909761369228
  landing: 0.01961277797818184
  view-data: 0.02644248027354479
