times:
  edit-metadata: 1.4613718166947365
  landing: 0.02037653885781765
  view-data: 0.1029987744987011
