times:
  edit-metadata: 1.3508915919810534
  landing: 0.13870258629322052
  view-data: 0.02310193609446287
