times:
  edit-metadata: 1.4948758697137237
  landing: 0.11286507360637188
  view-data: 0.027017476968467236
