times:
  edit-metadata: 1.3555698785930872
  landing: 0.126700883731246
  view-data: 0.0257938951253891
