times:
  edit-metadata: 1.5282540060579777
  landing: 0.22979341261088848
  view-data: 0.13322339206933975
