times:
  edit-metadata: 0.637901518959552
  landing: 0.04769584024325013
  view-data: 0.3304886668920517
