times:
  edit-metadata: 0.8048927471973002
  landing: 0.07128731766715646
  view-data: 0.2860994292423129
