times:
  edit-metadata: 0.9948634887114167
  landing: 0.07661878084763885
  view-data: 0.21644938504323363
