times:
  edit-metadata: 2.0269920799910324
  landing: 0.29227231901313644
  view-data: 0.4994115440058522
