times:
  edit-metadata: 1.6002254653722048
  landing: 0.021542955189943314
  view-data: 0.3382524959743023
