times:
  edit-metadata: 1.0420709941536188
  landing: 0.07389318337664008
  view-data: 0.2870723269879818
