times:
  edit-metadata: 0.7277674837969244
  landing: 0.08154781488701701
  view-data: 0.22472503781318665
