times:
  edit-metadata: 0.974681313149631
  landing: 0.08496246905997396
  view-data: 0.2186019802466035
