times:
  edit-metadata: 4.075919074006379
  landing: 0.5095543659990653
  view-data: 0.5116396640078165
