times:
  edit-metadata: 0.615847404114902
  landing: 0.07667723204940557
  view-data: 0.21596902702003717
