times:
  edit-metadata: 0.8336212038993835
  landing: 0.11740905698388815
  view-data: 0.22171169985085726
