times:
  edit-metadata: 0.7123610633425415
  landing: 0.05676372302696109
  view-data: 0.29044792195782065
