times:
  edit-metadata: 0.6250218646600842
  landing: 0.17033662972971797
  view-data: 0.35090522188693285
