times:
  edit-metadata: 0.9369129589758813
  landing: 0.06907361606135964
  view-data: 0.30776570504531264
