times:
  edit-metadata: 0.8742721732705832
  landing: 0.08161754300817847
  view-data: 0.3071364420466125
