times:
  edit-metadata: 0.8873743736185133
  landing: 0.13950746227055788
  view-data: 0.35793946497142315
