times:
  edit-metadata: 0.6306706257164478
  landing: 0.04757846100255847
  view-data: 0.21285741636529565
