times:
  edit-metadata: 0.7459541489370167
  landing: 0.08981423499062657
  view-data: 0.2143057412467897
