times:
  edit-metadata: 0.6562545131891966
  landing: 0.07808676175773144
  view-data: 0.22679572505876422
