times:
  edit-metadata: 0.6334932781755924
  landing: 0.08578671794384718
  view-data: 0.22932505095377564
