times:
  edit-metadata: 0.8334127850830555
  landing: 0.07262545917183161
  view-data: 0.22908641071990132
