times:
  edit-metadata: 1.6948635652661324
  landing: 0.206078190356493
  view-data: 0.15779111720621586
