times:
  edit-metadata: 0.730457847006619
  landing: 0.06044878391548991
  view-data: 0.2188932215794921
