times:
  edit-metadata: 0.8361402242444456
  landing: 0.043260859325528145
  view-data: 0.3053024229593575
