times:
  edit-metadata: 0.6939255543984473
  landing: 0.0505214030854404
  view-data: 0.21074698586016893
