times:
  edit-metadata: 1.7681484930217266
  landing: 0.23089081794023514
  view-data: 0.32080085203051567
