times:
  edit-metadata: 0.6008349591866136
  landing: 0.08529267506673932
  view-data: 0.22695322707295418
