times:
  edit-metadata: 0.6272409819066525
  landing: 0.1065561636351049
  view-data: 0.22010354604572058
