times:
  edit-metadata: 0.6219579563476145
  landing: 0.18015410704538226
  view-data: 0.314105945173651
