times:
  edit-metadata: 1.6420269403606653
  landing: 0.2388952150940895
  view-data: 0.3330935165286064
