times:
  edit-metadata: 0.6461690217256546
  landing: 0.11664847191423178
  view-data: 0.2541671311482787
