times:
  edit-metadata: 0.8436508448794484
  landing: 0.06267323717474937
  view-data: 0.3143122191540897
