times:
  edit-metadata: 0.6215132758952677
  landing: 0.08955253660678864
  view-data: 0.2211183188483119
