times:
  edit-metadata: 0.45063044782727957
  landing: 0.04678949201479554
  view-data: 0.3231178121641278
