times:
  edit-metadata: 0.45412068348377943
  landing: 0.04643526114523411
  view-data: 0.21336068119853735
