times:
  edit-metadata: 0.4545401940122247
  landing: 0.05394695419818163
  view-data: 0.32490681670606136
