times:
  edit-metadata: 0.493978938087821
  landing: 0.040661503560841084
  view-data: 0.20797042548656464
