times:
  edit-metadata: 0.4259859570302069
  landing: 0.04841308202594519
  view-data: 0.3367910389788449
