times:
  edit-metadata: 0.45859338715672493
  landing: 0.044810689985752106
  view-data: 0.22998151183128357
