times:
  edit-metadata: 0.4612208195030689
  landing: 0.049882614985108376
  view-data: 0.23670732602477074
