times:
  edit-metadata: 0.442592887673527
  landing: 0.04648279910907149
  view-data: 0.46151146572083235
