times:
  edit-metadata: 0.44829073175787926
  landing: 0.05437858495861292
  view-data: 0.36653822800144553
