times:
  edit-metadata: 0.42743080109357834
  landing: 0.04437756724655628
  view-data: 0.2329085636883974
