times:
  edit-metadata: 0.4528681477531791
  landing: 0.04295541997998953
  view-data: 0.20077264960855246
