times:
  edit-metadata: 0.431183104403317
  landing: 0.04779796488583088
  view-data: 0.2187830377370119
