times:
  edit-metadata: 0.4343175352551043
  landing: 0.056779433973133564
  view-data: 0.2090361169539392
