times:
  edit-metadata: 0.43650167621672153
  landing: 0.04298264253884554
  view-data: 0.3288617264479399
