times:
  edit-metadata: 0.4573118803091347
  landing: 0.051805454306304455
  view-data: 0.21998628973960876
