times:
  edit-metadata: 0.4279393469914794
  landing: 0.048676544800400734
  view-data: 0.19949021562933922
