times:
  edit-metadata: 0.4493723432533443
  landing: 0.04893414722755551
  view-data: 0.4767722790129483
