times:
  edit-metadata: 0.446943212300539
  landing: 0.046289111487567425
  view-data: 0.33015046920627356
