times:
  edit-metadata: 0.4482239126227796
  landing: 0.04319774406030774
  view-data: 0.4377824473194778
