times:
  edit-metadata: 0.4685469130054116
  landing: 0.047932425048202276
  view-data: 0.36469427635893226
