times:
  edit-metadata: 2.786395188421011
  landing: 0.2997970897704363
  view-data: 0.3956636395305395
