times:
  edit-metadata: 1.9921385888010263
  landing: 0.019618943333625793
  view-data: 0.025472605600953102
