times:
  edit-metadata: 1.980068577453494
  landing: 0.12364784255623817
  view-data: 0.13562964089214802
