times:
  edit-metadata: 2.6025938410311937
  landing: 0.187518198043108
  view-data: 0.027047786861658096
