times:
  edit-metadata: 1.9729092931374907
  landing: 0.1527625462040305
  view-data: 0.4263471644371748
