times:
  edit-metadata: 2.136149827390909
  landing: 0.021229062229394913
  view-data: 0.12421788834035397
