times:
  edit-metadata: 1.681098380126059
  landing: 0.021717761643230915
  view-data: 0.026250699535012245
