times:
  edit-metadata: 1.9096031300723553
  landing: 0.018563328310847282
  view-data: 0.02394767850637436
