times:
  edit-metadata: 1.8404460810124874
  landing: 0.02023959532380104
  view-data: 0.1358292568475008
