times:
  edit-metadata: 2.383911484852433
  landing: 0.027369415387511253
  view-data: 0.0305902399122715
