times:
  edit-metadata: 1.9543010219931602
  landing: 0.022997476160526276
  view-data: 0.025627320632338524
