times:
  edit-metadata: 1.684934239834547
  landing: 0.02019466459751129
  view-data: 0.02620002906769514
