times:
  edit-metadata: 1.8883054219186306
  landing: 0.10852658562362194
  view-data: 0.025542180985212326
