times:
  edit-metadata: 1.8802657574415207
  landing: 0.02079129032790661
  view-data: 0.02322302758693695
