times:
  edit-metadata: 1.295216912869364
  landing: 0.06732486514374614
  view-data: 0.24654596205800772
