times:
  edit-metadata: 2.577013649046421
  landing: 0.2701732199639082
  view-data: 0.36157988384366035
