times:
  edit-metadata: 1.9110100772231817
  landing: 0.018953092396259308
  view-data: 0.023547686636447906
