times:
  edit-metadata: 2.144188104197383
  landing: 0.023387115448713303
  view-data: 0.3980150744318962
