times:
  edit-metadata: 2.2199487993493676
  landing: 0.018248346634209156
  view-data: 0.02310938760638237
