times:
  edit-metadata: 1.9427003916352987
  landing: 0.02304932288825512
  view-data: 0.2845963966101408
