times:
  edit-metadata: 2.327116711065173
  landing: 0.2943639326840639
  view-data: 0.3568739350885153
