times:
  edit-metadata: 2.5793218724429607
  landing: 0.21550757624208927
  view-data: 1.020547864958644
