times:
  edit-metadata: 2.6171210184693336
  landing: 0.28193651884794235
  view-data: 0.1772146038711071
