times:
  edit-metadata: 1.974815245717764
  landing: 0.12682271376252174
  view-data: 0.45499885734170675
