times:
  edit-metadata: 1.242871668189764
  landing: 0.045851420145481825
  view-data: 0.3740281709469855
