times:
  edit-metadata: 1.977778379805386
  landing: 0.022150353528559208
  view-data: 0.4065291592851281
