times:
  edit-metadata: 2.0064756348729134
  landing: 0.02069791965186596
  view-data: 0.023004138842225075
