times:
  edit-metadata: 1.9822978395968676
  landing: 0.019845129922032356
  view-data: 0.02295302227139473
