times:
  edit-metadata: 1.9914380088448524
  landing: 0.24992629699409008
  view-data: 0.1429423876106739
