times:
  edit-metadata: 1.1918742759153247
  landing: 0.1199156898073852
  view-data: 0.3558789938688278
