times:
  edit-metadata: 1.8731087800115347
  landing: 0.1349429488182068
  view-data: 0.12784909084439278
