times:
  edit-metadata: 2.205818608403206
  landing: 0.20236687175929546
  view-data: 0.20762989670038223
