times:
  edit-metadata: 2.5301465690135956
  landing: 0.28378776460886
  view-data: 0.029857957735657692
