times:
  edit-metadata: 2.3440479394048452
  landing: 0.204228974878788
  view-data: 0.12837247736752033
