times:
  edit-metadata: 2.073501281440258
  landing: 0.19883753918111324
  view-data: 0.34171066619455814
