times:
  edit-metadata: 2.039017140865326
  landing: 0.01966366358101368
  view-data: 0.023537520319223404
