times:
  edit-metadata: 1.1684445780701935
  landing: 0.059886557050049305
  view-data: 0.23845999035984278
