times:
  edit-metadata: 1.865527662448585
  landing: 0.021076655015349388
  view-data: 0.026593541726469994
