times:
  edit-metadata: 1.123421047348529
  landing: 0.06608662381768227
  view-data: 0.23230750067159534
