times:
  edit-metadata: 2.1770849023014307
  landing: 0.12409484013915062
  view-data: 0.3203429374843836
