times:
  edit-metadata: 2.044503081589937
  landing: 0.138547470793128
  view-data: 0.4294247142970562
