times:
  edit-metadata: 1.3447431661188602
  landing: 0.0665132193826139
  view-data: 0.35435993410646915
