times:
  edit-metadata: 1.9604821428656578
  landing: 0.02144048921763897
  view-data: 0.02534613385796547
