times:
  edit-metadata: 1.2870098347775638
  landing: 0.04824263695627451
  view-data: 0.23780167289078236
