times:
  edit-metadata: 1.746063118800521
  landing: 0.02211330272257328
  view-data: 0.02493935078382492
