times:
  edit-metadata: 2.136006433516741
  landing: 0.24431860633194447
  view-data: 0.3961094245314598
