times:
  edit-metadata: 1.9160440564155579
  landing: 0.19847460091114044
  view-data: 0.24473611265420914
