times:
  edit-metadata: 1.826503380201757
  landing: 0.2030567852780223
  view-data: 0.1282850718125701
