times:
  edit-metadata: 2.162988256663084
  landing: 0.13255545869469643
  view-data: 0.3424706906080246
