times:
  edit-metadata: 2.013193476945162
  landing: 0.22631967812776566
  view-data: 0.32164626754820347
