times:
  edit-metadata: 2.0796962939202785
  landing: 0.20710906758904457
  view-data: 0.35563032887876034
