times:
  edit-metadata: 2.8526359871029854
  landing: 0.16999674774706364
  view-data: 0.3891069330275059
