times:
  edit-metadata: 2.103022860363126
  landing: 0.020377781242132187
  view-data: 0.02523350901901722
