times:
  edit-metadata: 2.0778722669929266
  landing: 0.022355062887072563
  view-data: 0.026579756289720535
