times:
  edit-metadata: 1.9670429602265358
  landing: 0.018870729953050613
  view-data: 0.3449128791689873
