times:
  edit-metadata: 2.3654059264808893
  landing: 0.021153397858142853
  view-data: 0.2537013329565525
