times:
  edit-metadata: 1.8740132553502917
  landing: 0.1392636401578784
  view-data: 0.39333168789744377
