times:
  edit-metadata: 1.2083019628189504
  landing: 0.1685354607179761
  view-data: 0.2507741549052298
