times:
  edit-metadata: 2.055148834362626
  landing: 0.12451837211847305
  view-data: 0.024238720536231995
