times:
  edit-metadata: 1.833728427067399
  landing: 0.0191847775131464
  view-data: 0.10318268463015556
