times:
  edit-metadata: 3.217347264289856
  landing: 0.21834937669336796
  view-data: 0.593548409640789
