times:
  edit-metadata: 2.6238105669617653
  landing: 0.2169068492949009
  view-data: 0.30156828835606575
