times:
  edit-metadata: 2.0265208426862955
  landing: 0.14188848063349724
  view-data: 0.0267995186150074
