times:
  edit-metadata: 1.95304393209517
  landing: 0.019702984020113945
  view-data: 0.24310093093663454
