times:
  edit-metadata: 1.964904909953475
  landing: 0.021086180582642555
  view-data: 0.02660108543932438
