times:
  edit-metadata: 1.8492131251841784
  landing: 0.021092962473630905
  view-data: 0.32723280787467957
