times:
  edit-metadata: 1.0009044180624187
  landing: 0.06268924521282315
  view-data: 0.23956005601212382
