times:
  edit-metadata: 1.891858210787177
  landing: 0.022942081093788147
  view-data: 0.025976091623306274
