times:
  edit-metadata: 2.162110285833478
  landing: 0.15192800387740135
  view-data: 0.1608955767005682
