times:
  edit-metadata: 2.623043772764504
  landing: 0.311387007124722
  view-data: 0.39015687722712755
