times:
  edit-metadata: 1.222431262023747
  landing: 0.05851395521312952
  view-data: 0.27655201219022274
