times:
  edit-metadata: 2.768654964864254
  landing: 0.2886621169745922
  view-data: 0.05332019925117493
