times:
  edit-metadata: 1.0221845959313214
  landing: 0.07130945799872279
  view-data: 0.24747788300737739
