times:
  edit-metadata: 1.9467916805297136
  landing: 0.21418502926826477
  view-data: 0.02312437817454338
