times:
  edit-metadata: 2.6168296225368977
  landing: 0.37383472733199596
  view-data: 0.22470620088279247
