times:
  edit-metadata: 1.2529146801680326
  landing: 0.12045651208609343
  view-data: 0.2785488241352141
