times:
  edit-metadata: 1.3625356890261173
  landing: 0.05858923401683569
  view-data: 0.33440329506993294
