times:
  edit-metadata: 1.8757782336324453
  landing: 0.020343488082289696
  view-data: 0.025546694174408913
