times:
  edit-metadata: 1.8896745182573795
  landing: 0.021419744938611984
  view-data: 0.02630835771560669
