times:
  edit-metadata: 1.3976444490253925
  landing: 0.04831767501309514
  view-data: 0.35296199657022953
