times:
  edit-metadata: 2.3200684431940317
  landing: 0.2715769559144974
  view-data: 0.0279851071536541
