times:
  edit-metadata: 1.9202222600579262
  landing: 0.02272643707692623
  view-data: 0.02645781822502613
