times:
  edit-metadata: 1.9831834305077791
  landing: 0.01903198566287756
  view-data: 0.13044909294694662
