times:
  edit-metadata: 1.9746325388550758
  landing: 0.020542241632938385
  view-data: 0.024025555700063705
