times:
  edit-metadata: 1.7471511978656054
  landing: 0.019243692979216576
  view-data: 0.41318553034216166
