times:
  edit-metadata: 1.2425472200848162
  landing: 0.10344605799764395
  view-data: 0.24980708910152316
