times:
  edit-metadata: 1.8584784986451268
  landing: 0.1899883197620511
  view-data: 0.13192745111882687
