times:
  edit-metadata: 2.354604423046112
  landing: 0.23542402684688568
  view-data: 0.33565873093903065
