times:
  edit-metadata: 1.8807218642905354
  landing: 0.1799283353611827
  view-data: 0.5155989285558462
