times:
  edit-metadata: 1.3076850580982864
  landing: 0.06359052238985896
  view-data: 0.33192151598632336
