times:
  edit-metadata: 1.8419895898550749
  landing: 0.020542321726679802
  view-data: 0.029643060639500618
