times:
  edit-metadata: 2.0062938556075096
  landing: 0.14935091324150562
  view-data: 0.027151886373758316
