times:
  edit-metadata: 1.9932978246361017
  landing: 0.02125273086130619
  view-data: 0.025543201714754105
