times:
  edit-metadata: 1.9786491394042969
  landing: 0.02718850038945675
  view-data: 0.025750691071152687
