times:
  edit-metadata: 1.949172168970108
  landing: 0.021311739459633827
  view-data: 0.14045928232371807
