times:
  edit-metadata: 1.9964532814919949
  landing: 0.13512087799608707
  view-data: 0.02674419991672039
