times:
  edit-metadata: 2.1785316932946444
  landing: 0.02081492356956005
  view-data: 0.17049111053347588
