times:
  edit-metadata: 1.2744946391321719
  landing: 0.1525191031396389
  view-data: 0.28731032693758607
