times:
  edit-metadata: 2.3676557037979364
  landing: 0.026247546076774597
  view-data: 0.15318158082664013
