times:
  edit-metadata: 1.927380358800292
  landing: 0.021298591047525406
  view-data: 0.026583373546600342
