times:
  edit-metadata: 1.9188465140759945
  landing: 0.020081738010048866
  view-data: 0.3873976841568947
