times:
  edit-metadata: 2.033980505540967
  landing: 0.019113870337605476
  view-data: 0.026952872052788734
