times:
  edit-metadata: 1.9031171509996057
  landing: 0.019774165004491806
  view-data: 0.12606920022517443
