times:
  edit-metadata: 1.9108651112765074
  landing: 0.13900482840836048
  view-data: 0.027757558971643448
