times:
  edit-metadata: 2.2271368745714426
  landing: 0.14043769240379333
  view-data: 0.14805431105196476
