times:
  edit-metadata: 2.3016987340524793
  landing: 0.04888349957764149
  view-data: 0.12607941683381796
