times:
  edit-metadata: 1.8755018282681704
  landing: 0.11738463491201401
  view-data: 0.027067935094237328
