times:
  edit-metadata: 1.8416541833430529
  landing: 0.02327154017984867
  view-data: 0.027276350185275078
