times:
  edit-metadata: 1.0736887878738344
  landing: 0.06923001492395997
  view-data: 0.24062062008306384
