times:
  edit-metadata: 1.2469297107309103
  landing: 0.11938241682946682
  view-data: 0.24643468018621206
