times:
  edit-metadata: 2.280625395476818
  landing: 0.02149800769984722
  view-data: 0.12395833432674408
