times:
  edit-metadata: 2.1552146077156067
  landing: 0.5639514271169901
  view-data: 0.16434135101735592
