times:
  edit-metadata: 1.9992771446704865
  landing: 0.1393207684159279
  view-data: 0.39381019957363605
