times:
  edit-metadata: 1.2233721041120589
  landing: 0.08491270802915096
  view-data: 0.35518804378807545
