times:
  edit-metadata: 1.902587864547968
  landing: 0.2046237401664257
  view-data: 0.2320023663341999
