times:
  edit-metadata: 2.2275849115103483
  landing: 0.12569788098335266
  view-data: 0.32238625548779964
