times:
  edit-metadata: 1.8738852497190237
  landing: 0.02253696322441101
  view-data: 0.02503654547035694
