times:
  edit-metadata: 2.18364186398685
  landing: 0.0991705134510994
  view-data: 0.3085396680980921
