times:
  edit-metadata: 2.0936363078653812
  landing: 0.20988971926271915
  view-data: 0.345820777118206
