times:
  edit-metadata: 1.929548074491322
  landing: 0.12884803675115108
  view-data: 0.032470245845615864
