times:
  edit-metadata: 1.9194088447839022
  landing: 0.024434685707092285
  view-data: 0.025336705148220062
