times:
  edit-metadata: 1.7064111093059182
  landing: 0.01778643112629652
  view-data: 0.11395257152616978
