times:
  edit-metadata: 2.0036814752966166
  landing: 0.19315066747367382
  view-data: 0.13110020011663437
