times:
  edit-metadata: 2.172744520008564
  landing: 0.21717354841530323
  view-data: 0.33480518124997616
