times:
  edit-metadata: 0.9931821809150279
  landing: 0.0682794819585979
  view-data: 0.23161712009459734
