times:
  edit-metadata: 1.8770047910511494
  landing: 0.020799735561013222
  view-data: 0.1359476251527667
