times:
  edit-metadata: 0.9511000611819327
  landing: 0.07005782518535852
  view-data: 0.23659164225682616
