times:
  edit-metadata: 1.8309321999549866
  landing: 0.11594122089445591
  view-data: 0.027939902618527412
