times:
  edit-metadata: 1.017330015078187
  landing: 0.04765425808727741
  view-data: 0.24195741210132837
