times:
  edit-metadata: 2.168693073093891
  landing: 0.020486528053879738
  view-data: 0.16014744900166988
