times:
  edit-metadata: 1.884691121056676
  landing: 0.021488076075911522
  view-data: 0.026599451899528503
