times:
  edit-metadata: 1.1766034378670156
  landing: 0.07371787633746862
  view-data: 0.34380815643817186
