times:
  edit-metadata: 1.9943086802959442
  landing: 0.18240632861852646
  view-data: 0.34831977635622025
