times:
  edit-metadata: 1.9449977595359087
  landing: 0.01913602091372013
  view-data: 0.13694779574871063
