times:
  edit-metadata: 1.9495090525597334
  landing: 0.14002327620983124
  view-data: 0.027633460238575935
