times:
  edit-metadata: 1.93512496445328
  landing: 0.24585203360766172
  view-data: 0.11387016344815493
