times:
  edit-metadata: 1.9056204240769148
  landing: 0.02033310756087303
  view-data: 0.0253720972687006
