times:
  edit-metadata: 1.989388375543058
  landing: 0.18062441144138575
  view-data: 0.023848085664212704
