times:
  edit-metadata: 1.970486432313919
  landing: 0.02241288498044014
  view-data: 0.024125196039676666
