times:
  edit-metadata: 0.953366877976805
  landing: 0.07144662691280246
  view-data: 0.23585314815863967
