times:
  edit-metadata: 1.0118082230910659
  landing: 0.05720454268157482
  view-data: 0.2445466169156134
