times:
  edit-metadata: 2.3400376569479704
  landing: 0.11558680236339569
  view-data: 0.02295371238142252
