times:
  edit-metadata: 2.0159623473882675
  landing: 0.024938561022281647
  view-data: 0.02574419416487217
