times:
  edit-metadata: 1.9991791807115078
  landing: 0.14715372398495674
  view-data: 0.15006739646196365
