times:
  edit-metadata: 1.9692945294082165
  landing: 0.20854492392390966
  view-data: 0.1332835117354989
