times:
  edit-metadata: 2.2657635570212733
  landing: 0.18793842601007782
  view-data: 0.6001663540082518
