times:
  edit-metadata: 2.193652618676424
  landing: 0.249469842761755
  view-data: 0.12964155338704586
