times:
  edit-metadata: 2.3699880242347717
  landing: 0.020087897777557373
  view-data: 0.4296080283820629
