times:
  edit-metadata: 1.9901285041123629
  landing: 0.14611205272376537
  view-data: 0.028702283278107643
