times:
  edit-metadata: 1.9981719925999641
  landing: 0.13916518352925777
  view-data: 0.023654647171497345
