times:
  edit-metadata: 2.40555808134377
  landing: 0.16338669881224632
  view-data: 0.17432270757853985
