times:
  edit-metadata: 2.087942274287343
  landing: 0.24643947929143906
  view-data: 0.03051941469311714
