times:
  edit-metadata: 2.0318744694814086
  landing: 0.19542190711945295
  view-data: 0.418172987177968
