times:
  edit-metadata: 2.250738900154829
  landing: 0.2667609276250005
  view-data: 0.15264618303626776
