times:
  edit-metadata: 2.3030172269791365
  landing: 0.2871326804161072
  view-data: 0.1370779387652874
