times:
  edit-metadata: 1.94198552146554
  landing: 0.018995624035596848
  view-data: 0.023817427456378937
