times:
  edit-metadata: 2.2542098835110664
  landing: 0.28279560059309006
  view-data: 0.41444095224142075
