times:
  edit-metadata: 1.9366498403251171
  landing: 0.25733516551554203
  view-data: 0.33791145868599415
