times:
  edit-metadata: 1.182449899148196
  landing: 0.13914235075935721
  view-data: 0.33565405337139964
