times:
  edit-metadata: 2.674769915640354
  landing: 0.019598236307501793
  view-data: 0.35421246476471424
