times:
  edit-metadata: 1.889629801735282
  landing: 0.022051673382520676
  view-data: 0.031372977420687675
