times:
  edit-metadata: 2.310158848762512
  landing: 0.15436292998492718
  view-data: 0.4197613727301359
