times:
  edit-metadata: 1.912454780191183
  landing: 0.019754251465201378
  view-data: 0.0273335762321949
