times:
  edit-metadata: 1.7272635381668806
  landing: 0.019037149846553802
  view-data: 0.1154522830620408
