times:
  edit-metadata: 1.692408176138997
  landing: 0.1987732108682394
  view-data: 0.025485224090516567
