times:
  edit-metadata: 2.0022500548511744
  landing: 0.02147921919822693
  view-data: 0.025171909481287003
