times:
  edit-metadata: 1.918684285134077
  landing: 0.019971633329987526
  view-data: 0.024355633184313774
