times:
  edit-metadata: 2.0964963734149933
  landing: 0.37250344455242157
  view-data: 0.30804817751049995
