times:
  edit-metadata: 2.470353441312909
  landing: 0.04549759067595005
  view-data: 0.4628307484090328
