times:
  edit-metadata: 2.2879117485135794
  landing: 0.3470889311283827
  view-data: 0.36358049139380455
