times:
  edit-metadata: 2.24794252589345
  landing: 0.16880607418715954
  view-data: 0.3173814006149769
