times:
  edit-metadata: 1.0676218960434198
  landing: 0.05970143107697368
  view-data: 0.24712846893817186
