times:
  edit-metadata: 1.8340303488075733
  landing: 0.14931412693113089
  view-data: 0.13390974514186382
