times:
  edit-metadata: 1.857220722362399
  landing: 0.023351814597845078
  view-data: 0.02826499752700329
