times:
  edit-metadata: 2.345739748328924
  landing: 0.15200856886804104
  view-data: 0.029431195929646492
