times:
  edit-metadata: 1.9300865847617388
  landing: 0.019631609320640564
  view-data: 0.02603496052324772
