times:
  edit-metadata: 1.7896082838997245
  landing: 0.047612471505999565
  view-data: 0.05421107169240713
