times:
  edit-metadata: 2.4630113188177347
  landing: 0.419936154037714
  view-data: 0.05986199527978897
