times:
  edit-metadata: 2.4924546852707863
  landing: 0.15248654037714005
  view-data: 0.3886444456875324
