times:
  edit-metadata: 1.8676306791603565
  landing: 0.13854998536407948
  view-data: 0.224286038428545
