times:
  edit-metadata: 1.8792608994990587
  landing: 0.020706498995423317
  view-data: 0.024850944057106972
