times:
  edit-metadata: 1.9231783654540777
  landing: 0.018604310229420662
  view-data: 0.3407662771642208
