times:
  edit-metadata: 1.876745332032442
  landing: 0.021575942635536194
  view-data: 0.025833483785390854
