times:
  edit-metadata: 1.0808073687367141
  landing: 0.05461532808840275
  view-data: 0.2731064986437559
