times:
  edit-metadata: 2.392150141298771
  landing: 0.208293491974473
  view-data: 0.3699518460780382
