times:
  edit-metadata: 2.2463067900389433
  landing: 0.048460425809025764
  view-data: 0.053526146337389946
