times:
  edit-metadata: 2.0977942366153
  landing: 0.02122216857969761
  view-data: 0.0277028176933527
