times:
  edit-metadata: 2.307414337992668
  landing: 0.018029136583209038
  view-data: 0.3668602788820863
