times:
  edit-metadata: 1.9278213903307915
  landing: 0.02407176047563553
  view-data: 0.13205380365252495
