times:
  edit-metadata: 1.1040382669307292
  landing: 0.09318660385906696
  view-data: 0.3239603890106082
