times:
  edit-metadata: 2.3389580864459276
  landing: 0.2502390332520008
  view-data: 0.35811231657862663
