times:
  edit-metadata: 1.8032544692978263
  landing: 0.14476982410997152
  view-data: 0.13517642300575972
