times:
  edit-metadata: 1.930896706879139
  landing: 0.02267296425998211
  view-data: 0.023914040997624397
