times:
  edit-metadata: 1.8079186622053385
  landing: 0.020605774596333504
  view-data: 0.02453412301838398
