times:
  edit-metadata: 1.736804653890431
  landing: 0.21178057976067066
  view-data: 0.40612106397747993
