times:
  edit-metadata: 2.517451871186495
  landing: 0.326541880145669
  view-data: 0.4933728203177452
