times:
  edit-metadata: 1.1241340767592192
  landing: 0.05393317295238376
  view-data: 0.3552586738951504
