times:
  edit-metadata: 1.8765024617314339
  landing: 0.11803087219595909
  view-data: 0.126564409583807
