times:
  edit-metadata: 1.0652391002513468
  landing: 0.08639903273433447
  view-data: 0.24177073780447245
