times:
  edit-metadata: 2.0977577958256006
  landing: 0.26437933929264545
  view-data: 0.27843971736729145
