times:
  edit-metadata: 1.8929521534591913
  landing: 0.020660124719142914
  view-data: 0.027626292780041695
