times:
  edit-metadata: 2.1277726646512747
  landing: 0.16439514607191086
  view-data: 0.02365615777671337
