times:
  edit-metadata: 0.9022131748497486
  landing: 0.09558874601498246
  view-data: 0.2846633023582399
