times:
  edit-metadata: 1.9387986864894629
  landing: 0.02123861387372017
  view-data: 0.02412031963467598
