times:
  edit-metadata: 0.9089396316558123
  landing: 0.0710673788562417
  view-data: 0.2319769449532032
