times:
  edit-metadata: 1.7675501378253102
  landing: 0.11306914314627647
  view-data: 0.2264800202101469
