times:
  edit-metadata: 1.853971242904663
  landing: 0.12184539996087551
  view-data: 0.024257028475403786
