times:
  edit-metadata: 1.8713106159120798
  landing: 0.126094127073884
  view-data: 0.024124881252646446
