times:
  edit-metadata: 2.7649284433573484
  landing: 0.29230164363980293
  view-data: 0.3200245965272188
