times:
  edit-metadata: 1.929567588493228
  landing: 0.02024468220770359
  view-data: 0.02403699792921543
