times:
  edit-metadata: 1.8992180544883013
  landing: 0.16427766345441341
  view-data: 0.0240782517939806
