times:
  edit-metadata: 0.9469579271972179
  landing: 0.052424026653170586
  view-data: 0.22297502681612968
