times:
  edit-metadata: 1.8521996475756168
  landing: 0.021173814311623573
  view-data: 0.025328155606985092
