times:
  edit-metadata: 1.8608852233737707
  landing: 0.12014185823500156
  view-data: 0.12130100093781948
