times:
  edit-metadata: 1.925481142476201
  landing: 0.18267723079770803
  view-data: 0.41200468596071005
