times:
  edit-metadata: 1.9071792755275965
  landing: 0.18381115049123764
  view-data: 0.027159862220287323
