times:
  edit-metadata: 0.9576328857801855
  landing: 0.046285237185657024
  view-data: 0.23917796602472663
