times:
  edit-metadata: 2.0772013291716576
  landing: 0.23689889907836914
  view-data: 0.15960033237934113
