times:
  edit-metadata: 1.1093978439457715
  landing: 0.07693314971402287
  view-data: 0.23525648517534137
