times:
  edit-metadata: 1.9117893315851688
  landing: 0.13690244406461716
  view-data: 0.02316816709935665
