times:
  edit-metadata: 1.8029535366222262
  landing: 0.20568884257227182
  view-data: 0.296997525729239
