times:
  edit-metadata: 2.5813349466770887
  landing: 0.3887103833258152
  view-data: 0.02446250058710575
