times:
  edit-metadata: 2.146859696134925
  landing: 0.02996039390563965
  view-data: 0.36648711934685707
