times:
  edit-metadata: 1.798983633518219
  landing: 0.019300071522593498
  view-data: 0.18119699321687222
