times:
  edit-metadata: 0.8737785452976823
  landing: 0.0624098121188581
  view-data: 0.2283468171954155
