times:
  edit-metadata: 1.7791839838027954
  landing: 0.113540543243289
  view-data: 0.28724615182727575
