times:
  edit-metadata: 1.2605092832818627
  landing: 0.043175286147743464
  view-data: 0.2669957811012864
