times:
  edit-metadata: 2.548940774053335
  landing: 0.3469958007335663
  view-data: 0.4388207569718361
