times:
  edit-metadata: 1.8061102675274014
  landing: 0.01943257264792919
  view-data: 0.026781545020639896
