times:
  edit-metadata: 1.8923075832426548
  landing: 0.018919343128800392
  view-data: 0.2533549088984728
