times:
  edit-metadata: 1.1099815159104764
  landing: 0.11119266785681248
  view-data: 0.23525528516620398
