times:
  edit-metadata: 1.7927945870906115
  landing: 0.11524255201220512
  view-data: 0.2642704453319311
