times:
  edit-metadata: 1.7898310190066695
  landing: 0.1264103790745139
  view-data: 0.24137728288769722
