times:
  edit-metadata: 1.879962744191289
  landing: 0.14862366952002048
  view-data: 0.02593040093779564
