times:
  edit-metadata: 1.1958384430035949
  landing: 0.057473157066851854
  view-data: 0.24590641167014837
