times:
  edit-metadata: 1.7918304037302732
  landing: 0.020397448912262917
  view-data: 0.024815771728754044
