times:
  edit-metadata: 1.8455677721649408
  landing: 0.16368712857365608
  view-data: 0.024007566273212433
