times:
  edit-metadata: 1.0278522819280624
  landing: 0.04832793399691582
  view-data: 0.3495415742509067
