times:
  edit-metadata: 2.3552985172718763
  landing: 0.20385495200753212
  view-data: 0.6624567769467831
