times:
  edit-metadata: 2.040268475189805
  landing: 0.022526424378156662
  view-data: 0.026097146794199944
