times:
  edit-metadata: 1.984119663015008
  landing: 0.22014569118618965
  view-data: 0.3089536428451538
