times:
  edit-metadata: 2.051647052168846
  landing: 0.1277849990874529
  view-data: 0.1679412927478552
