times:
  edit-metadata: 3.222265936434269
  landing: 0.2191899809986353
  view-data: 0.024330880492925644
