times:
  edit-metadata: 1.8945287326350808
  landing: 0.01832646783441305
  view-data: 0.16058575175702572
