times:
  edit-metadata: 2.223933055996895
  landing: 0.13498874381184578
  view-data: 0.14521006681025028
