times:
  edit-metadata: 0.9820427591912448
  landing: 0.0580262909643352
  view-data: 0.2676901211962104
