times:
  edit-metadata: 1.8626814372837543
  landing: 0.02150391973555088
  view-data: 0.30498254857957363
