times:
  edit-metadata: 1.7890598643571138
  landing: 0.019845904782414436
  view-data: 0.02860483154654503
