times:
  edit-metadata: 1.921200747601688
  landing: 0.13855186756700277
  view-data: 0.341679279692471
