times:
  edit-metadata: 2.0025172624737024
  landing: 0.1535600759088993
  view-data: 0.2737485095858574
