times:
  edit-metadata: 2.296011220663786
  landing: 0.13903583213686943
  view-data: 0.1960983108729124
