times:
  edit-metadata: 1.9156234320253134
  landing: 0.12599438056349754
  view-data: 0.026242969557642937
