times:
  edit-metadata: 2.3035420645028353
  landing: 0.20524954237043858
  view-data: 0.39895159751176834
