times:
  edit-metadata: 1.9039693772792816
  landing: 0.02029045857489109
  view-data: 0.02955111488699913
