times:
  edit-metadata: 1.8743722084909678
  landing: 0.018981026485562325
  view-data: 0.3162915240973234
