times:
  edit-metadata: 2.25881776958704
  landing: 0.020337693393230438
  view-data: 0.35409839637577534
