times:
  edit-metadata: 1.703610884025693
  landing: 0.21985772252082825
  view-data: 0.14055769052356482
