times:
  edit-metadata: 0.9902217769995332
  landing: 0.10726346401497722
  view-data: 0.2749823797494173
