times:
  edit-metadata: 1.9498090101405978
  landing: 0.1597611764445901
  view-data: 0.43583156261593103
