times:
  edit-metadata: 1.7462404137477279
  landing: 0.12460533995181322
  view-data: 0.18241246044635773
