times:
  edit-metadata: 1.8176147770136595
  landing: 0.01863122172653675
  view-data: 0.12567662075161934
