times:
  edit-metadata: 2.2390603590756655
  landing: 0.025637837126851082
  view-data: 0.15983941592276096
