times:
  edit-metadata: 2.0585904996842146
  landing: 0.2757636345922947
  view-data: 0.16313261725008488
