times:
  edit-metadata: 1.867500178515911
  landing: 0.02226443402469158
  view-data: 0.22859346866607666
