times:
  edit-metadata: 1.9698104187846184
  landing: 0.021087337285280228
  view-data: 0.31510770693421364
