times:
  edit-metadata: 0.8886350141838193
  landing: 0.06410965509712696
  view-data: 0.2338278996758163
