times:
  edit-metadata: 2.065659001469612
  landing: 0.046467551961541176
  view-data: 0.34313698671758175
