times:
  edit-metadata: 2.2870615627616644
  landing: 0.1624422762542963
  view-data: 0.3780682049691677
