times:
  edit-metadata: 1.789357223547995
  landing: 0.020763165317475796
  view-data: 0.025225556455552578
