times:
  edit-metadata: 1.9281573072075844
  landing: 0.1617829818278551
  view-data: 0.10129228979349136
