times:
  edit-metadata: 2.054118450731039
  landing: 0.02225486934185028
  view-data: 0.13408458419144154
