times:
  edit-metadata: 1.8483613356947899
  landing: 0.020108843222260475
  view-data: 0.09191097505390644
