times:
  edit-metadata: 1.8444319367408752
  landing: 0.022269515320658684
  view-data: 0.029768630862236023
