times:
  edit-metadata: 1.7814092626795173
  landing: 0.02170015685260296
  view-data: 0.026616080664098263
