times:
  edit-metadata: 1.8914458081126213
  landing: 0.019460752606391907
  view-data: 0.025033241137862206
