times:
  edit-metadata: 1.8494930043816566
  landing: 0.019468102604150772
  view-data: 0.30032181553542614
