times:
  edit-metadata: 2.0317756850272417
  landing: 0.0199920404702425
  view-data: 0.023595713078975677
