times:
  edit-metadata: 2.1911756321787834
  landing: 0.2993416599929333
  view-data: 0.21131531894207
