times:
  edit-metadata: 1.8409408945590258
  landing: 0.022774148732423782
  view-data: 0.025201275944709778
