times:
  edit-metadata: 0.9929219898767769
  landing: 0.07109163096174598
  view-data: 0.284038086887449
