times:
  edit-metadata: 1.8622593209147453
  landing: 0.20579953491687775
  view-data: 0.15156189538538456
