times:
  edit-metadata: 1.7839670376852155
  landing: 0.13974930252879858
  view-data: 0.48239893931895494
