times:
  edit-metadata: 1.832713758572936
  landing: 0.019531991332769394
  view-data: 0.1235311459749937
