times:
  edit-metadata: 1.9631201606243849
  landing: 0.12252882868051529
  view-data: 0.28929533809423447
