times:
  edit-metadata: 1.7674822797998786
  landing: 0.2110827313736081
  view-data: 0.028938728384673595
