times:
  edit-metadata: 1.2806836939416826
  landing: 0.15799089381471276
  view-data: 0.23558774683624506
