times:
  edit-metadata: 2.02143207937479
  landing: 0.04132423363626003
  view-data: 0.023542209528386593
