times:
  edit-metadata: 2.0560736376792192
  landing: 0.050218621268868446
  view-data: 0.024123601615428925
