times:
  edit-metadata: 1.8644296396523714
  landing: 0.047443680465221405
  view-data: 0.02285901829600334
