times:
  edit-metadata: 1.853070518001914
  landing: 0.019790049642324448
  view-data: 0.11896506883203983
