times:
  edit-metadata: 1.824907723814249
  landing: 0.022188558243215084
  view-data: 0.31434712186455727
