times:
  edit-metadata: 1.9019545670598745
  landing: 0.019573446363210678
  view-data: 0.023102089762687683
