times:
  edit-metadata: 1.9247287809848785
  landing: 0.0954576637595892
  view-data: 0.294951643794775
