times:
  edit-metadata: 1.88512909039855
  landing: 0.11970153078436852
  view-data: 0.13760137930512428
