times:
  edit-metadata: 1.8270270004868507
  landing: 0.021221300587058067
  view-data: 0.02326628565788269
