times:
  edit-metadata: 1.707772744819522
  landing: 0.11754016391932964
  view-data: 0.11874264664947987
