times:
  edit-metadata: 1.8004532847553492
  landing: 0.09559105522930622
  view-data: 0.02316722273826599
