times:
  edit-metadata: 1.7977185295894742
  landing: 0.1174160074442625
  view-data: 0.023301461711525917
