times:
  edit-metadata: 1.8225860260426998
  landing: 0.019597837701439857
  view-data: 0.024576490744948387
