times:
  edit-metadata: 2.360614189878106
  landing: 0.022952688857913017
  view-data: 0.39401622489094734
