times:
  edit-metadata: 1.8890058659017086
  landing: 0.1603106828406453
  view-data: 0.4675532625988126
