times:
  edit-metadata: 1.8588421028107405
  landing: 0.11731114611029625
  view-data: 0.027660291641950607
