times:
  edit-metadata: 1.8890135772526264
  landing: 0.02184435725212097
  view-data: 0.026951145380735397
