times:
  edit-metadata: 1.8992726169526577
  landing: 0.024861127138137817
  view-data: 0.32293333299458027
