times:
  edit-metadata: 2.0277908705174923
  landing: 0.31468635611236095
  view-data: 0.13953817263245583
