times:
  edit-metadata: 1.8672052752226591
  landing: 0.01838379167020321
  view-data: 0.02639097161591053
