times:
  edit-metadata: 1.8597029373049736
  landing: 0.02030610665678978
  view-data: 0.3255853746086359
