times:
  edit-metadata: 1.0269274692982435
  landing: 0.06106617720797658
  view-data: 0.24228019593283534
