times:
  edit-metadata: 2.092034751549363
  landing: 0.17416721023619175
  view-data: 0.5211139936000109
