times:
  edit-metadata: 1.8644445966929197
  landing: 0.019603993743658066
  view-data: 0.022959228605031967
