times:
  edit-metadata: 1.8484380915760994
  landing: 0.01959470845758915
  view-data: 0.023240627720952034
