times:
  edit-metadata: 1.7863942626863718
  landing: 0.028147965669631958
  view-data: 0.026937074959278107
