times:
  edit-metadata: 1.8213302213698626
  landing: 0.020715326070785522
  view-data: 0.024314364418387413
