times:
  edit-metadata: 2.166091265156865
  landing: 0.16590455919504166
  view-data: 0.3106126133352518
