times:
  edit-metadata: 1.8549373652786016
  landing: 0.14505976252257824
  view-data: 0.02319992706179619
