times:
  edit-metadata: 2.1927559319883585
  landing: 0.19144241884350777
  view-data: 0.26148067601025105
