times:
  edit-metadata: 1.8960275761783123
  landing: 0.13633760437369347
  view-data: 0.02517208270728588
