times:
  edit-metadata: 2.610029762610793
  landing: 0.31175198778510094
  view-data: 0.5897708181291819
