times:
  edit-metadata: 1.914370927028358
  landing: 0.25066766142845154
  view-data: 0.11585203930735588
