times:
  edit-metadata: 2.522796355187893
  landing: 0.022361764684319496
  view-data: 0.3682148326188326
