times:
  edit-metadata: 2.1555966436862946
  landing: 0.2932075038552284
  view-data: 0.02414572425186634
