times:
  edit-metadata: 2.775448008440435
  landing: 0.22942277509719133
  view-data: 0.15738280396908522
