times:
  edit-metadata: 1.9228075854480267
  landing: 0.3323738593608141
  view-data: 0.04671076871454716
