times:
  edit-metadata: 0.9280194416642189
  landing: 0.05407060915604234
  view-data: 0.22960554715245962
