times:
  edit-metadata: 1.136451967060566
  landing: 0.0893398649059236
  view-data: 0.3406020631082356
