times:
  edit-metadata: 0.9623725283890963
  landing: 0.1110620847903192
  view-data: 0.43622995913028717
