times:
  edit-metadata: 2.02542638592422
  landing: 0.22412995249032974
  view-data: 0.4362015277147293
