times:
  edit-metadata: 1.9279257226735353
  landing: 0.019646424800157547
  view-data: 0.022934623062610626
