times:
  edit-metadata: 0.9231682978570461
  landing: 0.041113991755992174
  view-data: 0.22780528478324413
