times:
  edit-metadata: 1.0296915681101382
  landing: 0.07990574603900313
  view-data: 0.2651677578687668
