times:
  edit-metadata: 2.0768317356705666
  landing: 0.20481142029166222
  view-data: 0.026720531284809113
