times:
  edit-metadata: 1.8095122072845697
  landing: 0.021749353036284447
  view-data: 0.027272092178463936
