times:
  edit-metadata: 1.854161499068141
  landing: 0.020673753693699837
  view-data: 0.02318570390343666
