times:
  edit-metadata: 2.3351715803146362
  landing: 0.3012817744165659
  view-data: 0.37419889867305756
