times:
  edit-metadata: 1.9269721135497093
  landing: 0.4412632901221514
  view-data: 0.18325303867459297
