times:
  edit-metadata: 1.2398361330851912
  landing: 0.09090684726834297
  view-data: 0.26060889195650816
