times:
  edit-metadata: 1.8447539955377579
  landing: 0.019229130819439888
  view-data: 0.026807351037859917
