times:
  edit-metadata: 1.7797170039266348
  landing: 0.021525678224861622
  view-data: 0.02611970342695713
