times:
  edit-metadata: 1.9032382126897573
  landing: 0.01992782950401306
  view-data: 0.13405372202396393
