times:
  edit-metadata: 0.6756688011810184
  landing: 0.06773266475647688
  view-data: 0.34585403883829713
