times:
  edit-metadata: 0.5544899548403919
  landing: 0.057871460914611816
  view-data: 0.3128487318754196
