times:
  edit-metadata: 1.3908853400498629
  landing: 0.21489019319415092
  view-data: 0.4109271429479122
