times:
  edit-metadata: 1.4877088237553835
  landing: 0.027775706723332405
  view-data: 0.025076039135456085
