times:
  edit-metadata: 1.579675916582346
  landing: 0.31256809271872044
  view-data: 0.26785092055797577
