times:
  edit-metadata: 1.5048206318169832
  landing: 0.2541154380887747
  view-data: 0.1395592037588358
