times:
  edit-metadata: 1.3224692326039076
  landing: 0.02002093940973282
  view-data: 0.028484264388680458
