times:
  edit-metadata: 1.4456308241933584
  landing: 0.021961072459816933
  view-data: 0.027338607236742973
