times:
  edit-metadata: 1.4041886162012815
  landing: 0.02803049609065056
  view-data: 0.4130949843674898
