times:
  edit-metadata: 1.3410832826048136
  landing: 0.020978983491659164
  view-data: 0.025536920875310898
