times:
  edit-metadata: 1.2698754630982876
  landing: 0.021961042657494545
  view-data: 0.10714185237884521
