times:
  edit-metadata: 1.4043588023632765
  landing: 0.2612304128706455
  view-data: 0.4556321520358324
