times:
  edit-metadata: 1.3505197586491704
  landing: 0.021099576726555824
  view-data: 0.0252072811126709
