times:
  edit-metadata: 1.2833759635686874
  landing: 0.021047900430858135
  view-data: 0.11804204527288675
