times:
  edit-metadata: 0.4348205951973796
  landing: 0.058425295166671276
  view-data: 0.20648748241364956
