times:
  edit-metadata: 1.3559883758425713
  landing: 0.12376420758664608
  view-data: 0.35035216249525547
