times:
  edit-metadata: 0.4442906389012933
  landing: 0.04808247974142432
  view-data: 0.3363381871022284
