times:
  edit-metadata: 0.5232415837235749
  landing: 0.06367567693814635
  view-data: 0.3890973003581166
