times:
  edit-metadata: 1.2745576230809093
  landing: 0.022447440773248672
  view-data: 0.12127397023141384
