times:
  edit-metadata: 1.4971279241144657
  landing: 0.12002307549118996
  view-data: 0.1669338420033455
