times:
  edit-metadata: 0.5116260526701808
  landing: 0.047945247031748295
  view-data: 0.223279164172709
