times:
  edit-metadata: 1.3846436236053705
  landing: 0.2881216313689947
  view-data: 0.8006884846836329
