times:
  edit-metadata: 0.4575877767056227
  landing: 0.04464309103786945
  view-data: 0.24287571012973785
