times:
  edit-metadata: 1.396726950071752
  landing: 0.020421057008206844
  view-data: 0.02551660966128111
