times:
  edit-metadata: 1.343972908332944
  landing: 0.021042779088020325
  view-data: 0.14496366865932941
