times:
  edit-metadata: 1.2929507456719875
  landing: 0.0203385092318058
  view-data: 0.11777625977993011
