times:
  edit-metadata: 1.2985204979777336
  landing: 0.14008108526468277
  view-data: 0.02314650733023882
