times:
  edit-metadata: 1.2929053800180554
  landing: 0.11915818974375725
  view-data: 0.4184565609320998
