times:
  edit-metadata: 0.6280318391509354
  landing: 0.06251006340608001
  view-data: 0.3577698701992631
