times:
  edit-metadata: 1.3115074466913939
  landing: 0.020993352867662907
  view-data: 0.026752542704343796
