times:
  edit-metadata: 1.340188299305737
  landing: 0.020433158613741398
  view-data: 0.025123299099504948
