times:
  edit-metadata: 1.4964584037661552
  landing: 0.02074453979730606
  view-data: 0.10709473304450512
