times:
  edit-metadata: 1.3230309151113033
  landing: 0.021495673805475235
  view-data: 0.11833685636520386
