times:
  edit-metadata: 0.4530113535001874
  landing: 0.043077606707811356
  view-data: 0.36465759482234716
