times:
  edit-metadata: 1.3675445169210434
  landing: 0.2012984286993742
  view-data: 0.13789133541285992
