times:
  edit-metadata: 1.3346524201333523
  landing: 0.11782841198146343
  view-data: 0.0287191029638052
