times:
  edit-metadata: 1.2891722498461604
  landing: 0.12618365790694952
  view-data: 0.03034926112741232
