times:
  edit-metadata: 0.4326348900794983
  landing: 0.045453377068042755
  view-data: 0.3430432816967368
