times:
  edit-metadata: 1.4448308199644089
  landing: 0.022531623020768166
  view-data: 0.13047444261610508
