times:
  edit-metadata: 1.3148356229066849
  landing: 0.02172992378473282
  view-data: 0.12102238740772009
