times:
  edit-metadata: 1.3665034547448158
  landing: 0.12459798529744148
  view-data: 0.026141097769141197
