times:
  edit-metadata: 1.2724594632163644
  landing: 0.01931058242917061
  view-data: 0.027584909461438656
