times:
  edit-metadata: 0.5275984518229961
  landing: 0.04646922880783677
  view-data: 0.2134719891473651
