times:
  edit-metadata: 1.2726354729384184
  landing: 0.02100319880992174
  view-data: 0.02569575421512127
