times:
  edit-metadata: 1.6385075524449348
  landing: 0.22553746961057186
  view-data: 0.14114724099636078
