times:
  edit-metadata: 0.5507441852241755
  landing: 0.04474432906135917
  view-data: 0.33790359320119023
