times:
  edit-metadata: 1.4439044585451484
  landing: 0.02391413412988186
  view-data: 0.023251313716173172
