times:
  edit-metadata: 1.3045427091419697
  landing: 0.023357409052550793
  view-data: 0.12174161430448294
