times:
  edit-metadata: 0.4560231827199459
  landing: 0.04822323936969042
  view-data: 0.21834616269916296
