times:
  edit-metadata: 1.285324988886714
  landing: 0.02345181256532669
  view-data: 0.0242678290233016
