times:
  edit-metadata: 1.319772052578628
  landing: 0.1193088861182332
  view-data: 0.42931066174060106
