times:
  edit-metadata: 0.4232071740552783
  landing: 0.03930749371647835
  view-data: 0.32151468470692635
