times:
  edit-metadata: 1.3026676373556256
  landing: 0.018572164699435234
  view-data: 0.026016484946012497
