times:
  edit-metadata: 1.3638922199606895
  landing: 0.186055488884449
  view-data: 0.1539154388010502
