times:
  edit-metadata: 1.456243708729744
  landing: 0.2916719317436218
  view-data: 0.16703727655112743
