times:
  edit-metadata: 1.4679830726236105
  landing: 0.018780486658215523
  view-data: 0.023601626977324486
