times:
  edit-metadata: 1.2924339091405272
  landing: 0.022283081896603107
  view-data: 0.027187407948076725
