times:
  edit-metadata: 1.2714593820273876
  landing: 0.12498855404555798
  view-data: 0.028403904289007187
