times:
  edit-metadata: 1.445573329925537
  landing: 0.13001746870577335
  view-data: 0.5042032208293676
