times:
  edit-metadata: 1.2887657135725021
  landing: 0.11992106027901173
  view-data: 0.12135354336351156
