times:
  edit-metadata: 0.8277909308671951
  landing: 0.07779022911563516
  view-data: 0.3348221527412534
