times:
  edit-metadata: 0.4515823693946004
  landing: 0.046085555106401443
  view-data: 0.32818369939923286
