times:
  edit-metadata: 1.2426420599222183
  landing: 0.018974543549120426
  view-data: 0.4243268510326743
