times:
  edit-metadata: 1.275919751264155
  landing: 0.2241008598357439
  view-data: 0.023980746045708656
