times:
  edit-metadata: 1.303067920729518
  landing: 0.020444216206669807
  view-data: 0.02434627339243889
