times:
  edit-metadata: 1.338515605777502
  landing: 0.2452318649739027
  view-data: 0.12960707861930132
