times:
  edit-metadata: 0.4365167310461402
  landing: 0.05403545033186674
  view-data: 0.22996463812887669
