times:
  edit-metadata: 1.4014357198029757
  landing: 0.14602942019701004
  view-data: 0.38890619669109583
