times:
  edit-metadata: 1.4590970519930124
  landing: 0.20804836228489876
  view-data: 0.024492526426911354
