times:
  edit-metadata: 1.5213552508503199
  landing: 0.25756481289863586
  view-data: 0.17576929740607738
