times:
  edit-metadata: 1.2987654088065028
  landing: 0.12133875209838152
  view-data: 0.02756147924810648
