times:
  edit-metadata: 0.4176465393975377
  landing: 0.04394770320504904
  view-data: 0.8458680706098676
