times:
  edit-metadata: 1.535024644806981
  landing: 0.1523487102240324
  view-data: 0.0652029924094677
