times:
  edit-metadata: 1.3319496922194958
  landing: 0.13789690099656582
  view-data: 0.027576863765716553
