times:
  edit-metadata: 1.8184704650193453
  landing: 0.2025723997503519
  view-data: 0.48320859484374523
