times:
  edit-metadata: 1.2782203508540988
  landing: 0.02173707541078329
  view-data: 0.4134257696568966
