times:
  edit-metadata: 1.3368205912411213
  landing: 0.1297235395759344
  view-data: 0.02428707852959633
