times:
  edit-metadata: 1.37374416179955
  landing: 0.019576632417738438
  view-data: 0.02459991630166769
