times:
  edit-metadata: 1.2743172701448202
  landing: 0.021670657210052013
  view-data: 0.11782132368534803
