times:
  edit-metadata: 1.3159328047186136
  landing: 0.022057965397834778
  view-data: 0.027098214253783226
