times:
  edit-metadata: 0.428489176556468
  landing: 0.044974121265113354
  view-data: 0.24018059484660625
