times:
  edit-metadata: 0.5554586010985076
  landing: 0.059384921099990606
  view-data: 0.19977334886789322
