times:
  edit-metadata: 1.2894241716712713
  landing: 0.2007314283400774
  view-data: 0.02736058458685875
