times:
  edit-metadata: 1.5801359713077545
  landing: 0.05577060580253601
  view-data: 0.2892234157770872
