times:
  edit-metadata: 1.5427233055233955
  landing: 0.2088548168540001
  view-data: 0.5740322191268206
