times:
  edit-metadata: 0.45202309638261795
  landing: 0.046633641235530376
  view-data: 0.2316253874450922
