times:
  edit-metadata: 1.3717057798057795
  landing: 0.020716181956231594
  view-data: 0.02531537413597107
