times:
  edit-metadata: 1.3033515941351652
  landing: 0.023471621796488762
  view-data: 0.0261722132563591
