times:
  edit-metadata: 1.3144355937838554
  landing: 0.10236781928688288
  view-data: 0.4991478035226464
