times:
  edit-metadata: 0.44227709621191025
  landing: 0.04124562069773674
  view-data: 0.36079471930861473
