times:
  edit-metadata: 1.4650022136047482
  landing: 0.019156367518007755
  view-data: 0.025591605342924595
