times:
  edit-metadata: 1.3052238747477531
  landing: 0.020737716928124428
  view-data: 0.023199306800961494
