times:
  edit-metadata: 0.5150667717680335
  landing: 0.044650417286902666
  view-data: 0.20560341514647007
