times:
  edit-metadata: 0.42848702520132065
  landing: 0.048180402256548405
  view-data: 0.3278900207951665
