times:
  edit-metadata: 1.4025318715721369
  landing: 0.020821590907871723
  view-data: 0.5559674501419067
