times:
  edit-metadata: 1.3153795059770346
  landing: 0.15924381278455257
  view-data: 0.02400120720267296
