times:
  edit-metadata: 0.7445550030097365
  landing: 0.07544417772442102
  view-data: 0.22372229723259807
