times:
  edit-metadata: 1.2872271724045277
  landing: 0.020523606799542904
  view-data: 0.12232873402535915
