times:
  edit-metadata: 1.4260145500302315
  landing: 0.14571023732423782
  view-data: 0.14297731779515743
