times:
  edit-metadata: 1.273973130621016
  landing: 0.02125833835452795
  view-data: 0.4434548821300268
