times:
  edit-metadata: 1.3434725804254413
  landing: 0.24121768586337566
  view-data: 0.4917273782193661
