times:
  edit-metadata: 1.4419792024418712
  landing: 0.019021647050976753
  view-data: 0.029411219991743565
