times:
  edit-metadata: 0.6654287511482835
  landing: 0.061428333166986704
  view-data: 0.2908947067335248
