times:
  edit-metadata: 1.9832703601568937
  landing: 0.05520678870379925
  view-data: 0.029272347688674927
