times:
  edit-metadata: 0.48818751983344555
  landing: 0.1356460372917354
  view-data: 0.3477877089753747
