times:
  edit-metadata: 1.4152100514620543
  landing: 0.12787903100252151
  view-data: 0.3799187634140253
