times:
  edit-metadata: 1.2740652151405811
  landing: 0.019919492304325104
  view-data: 0.36502043902873993
