times:
  edit-metadata: 2.0874248202890158
  landing: 0.2202698066830635
  view-data: 0.5330383032560349
