times:
  edit-metadata: 1.3409571778029203
  landing: 0.2342864777892828
  view-data: 0.12183765694499016
