times:
  edit-metadata: 1.2828315300866961
  landing: 0.020284187979996204
  view-data: 0.11797380540519953
