times:
  edit-metadata: 1.4443871583789587
  landing: 0.26821587421000004
  view-data: 0.4505520351231098
