times:
  edit-metadata: 1.445203011855483
  landing: 0.024728043004870415
  view-data: 0.37587554566562176
