times:
  edit-metadata: 1.2710331156849861
  landing: 0.021563820540905
  view-data: 0.025006113573908806
