times:
  edit-metadata: 1.3101826906204224
  landing: 0.09927138686180115
  view-data: 0.15514226257801056
