times:
  edit-metadata: 1.2676416225731373
  landing: 0.022720440290868282
  view-data: 0.12061456311494112
