times:
  edit-metadata: 1.2589935511350632
  landing: 0.1128879589959979
  view-data: 0.022027475759387016
