times:
  edit-metadata: 1.292830042541027
  landing: 0.021244339644908905
  view-data: 0.1179080093279481
