times:
  edit-metadata: 1.293526622466743
  landing: 0.020944492891430855
  view-data: 0.09891212917864323
