times:
  edit-metadata: 0.4104934558272362
  landing: 0.042591254226863384
  view-data: 0.2286081202328205
