times:
  edit-metadata: 1.6797339003533125
  landing: 0.20004050992429256
  view-data: 0.4855254013091326
