times:
  edit-metadata: 1.321060536429286
  landing: 0.022305664606392384
  view-data: 0.12519071158021688
