times:
  edit-metadata: 1.3045028150081635
  landing: 0.01951860636472702
  view-data: 0.34249868616461754
