times:
  edit-metadata: 1.5936374329030514
  landing: 0.20295287668704987
  view-data: 0.5995133761316538
