times:
  edit-metadata: 1.4184929300099611
  landing: 0.14739003963768482
  view-data: 0.03142944350838661
