times:
  edit-metadata: 0.45116294734179974
  landing: 0.04969426617026329
  view-data: 0.3519330555573106
