times:
  edit-metadata: 1.5160512821748853
  landing: 0.13846684526652098
  view-data: 0.022836128249764442
