times:
  edit-metadata: 1.6152380630373955
  landing: 0.021689483895897865
  view-data: 0.4984561949968338
