times:
  edit-metadata: 1.4383903816342354
  landing: 0.021392347291111946
  view-data: 0.12899209558963776
