times:
  edit-metadata: 1.2986852563917637
  landing: 0.13101735338568687
  view-data: 0.025136934593319893
