times:
  edit-metadata: 0.7003077501431108
  landing: 0.06657697027549148
  view-data: 0.21336890384554863
