times:
  edit-metadata: 1.2954020788893104
  landing: 0.020892578177154064
  view-data: 0.12884796876460314
