times:
  edit-metadata: 1.3075753562152386
  landing: 0.020016190595924854
  view-data: 0.12508188840001822
