times:
  edit-metadata: 1.3735726661980152
  landing: 0.20065180025994778
  view-data: 0.12526221573352814
