times:
  edit-metadata: 1.5171218160539865
  landing: 0.020816193893551826
  view-data: 0.3972348999232054
