times:
  edit-metadata: 1.2991062374785542
  landing: 0.02150420844554901
  view-data: 0.1280013443902135
