times:
  edit-metadata: 1.444817578420043
  landing: 0.15630714036524296
  view-data: 0.025790775194764137
