times:
  edit-metadata: 0.7260577790439129
  landing: 0.04997730161994696
  view-data: 0.22170339804142714
