times:
  edit-metadata: 0.4218428684398532
  landing: 0.052894214168190956
  view-data: 0.25524511467665434
