times:
  edit-metadata: 1.2685156762599945
  landing: 0.022096717730164528
  view-data: 0.20078031811863184
