times:
  edit-metadata: 0.44695957843214273
  landing: 0.042006438598036766
  view-data: 0.2315880749374628
