times:
  edit-metadata: 1.3082435950636864
  landing: 0.01999628823250532
  view-data: 0.41707121953368187
