times:
  edit-metadata: 1.685828736051917
  landing: 0.023320825770497322
  view-data: 0.02477913349866867
