times:
  edit-metadata: 1.3080767691135406
  landing: 0.019347207620739937
  view-data: 0.025190236046910286
