times:
  edit-metadata: 1.2940309885889292
  landing: 0.021008769050240517
  view-data: 0.024361861869692802
