times:
  edit-metadata: 1.3940318077802658
  landing: 0.12895007524639368
  view-data: 0.02317323163151741
