times:
  edit-metadata: 1.4397192597389221
  landing: 0.21562040224671364
  view-data: 0.1500916089862585
