times:
  edit-metadata: 1.4719311594963074
  landing: 0.0200485996901989
  view-data: 0.029746752232313156
