times:
  edit-metadata: 1.3598551135510206
  landing: 0.021269612945616245
  view-data: 0.12005394697189331
