times:
  edit-metadata: 1.3435169262811542
  landing: 0.02204982005059719
  view-data: 0.02680283971130848
