times:
  edit-metadata: 1.3155301939696074
  landing: 0.11186291091144085
  view-data: 0.1353383781388402
