times:
  edit-metadata: 1.6229202412068844
  landing: 0.20948678813874722
  view-data: 0.21998632326722145
