times:
  edit-metadata: 1.4052596483379602
  landing: 0.02198354061692953
  view-data: 0.02743283472955227
