times:
  edit-metadata: 1.2761993668973446
  landing: 0.019340619444847107
  view-data: 0.02690533921122551
