times:
  edit-metadata: 1.4970588684082031
  landing: 0.018560903146862984
  view-data: 0.05402056220918894
