times:
  edit-metadata: 1.4837051909416914
  landing: 0.026901423931121826
  view-data: 0.48505659587681293
