times:
  edit-metadata: 1.552023259922862
  landing: 0.020868070423603058
  view-data: 0.17021427862346172
