times:
  edit-metadata: 1.2747762650251389
  landing: 0.1956421360373497
  view-data: 0.13082461524754763
