times:
  edit-metadata: 1.370821320451796
  landing: 0.021303200162947178
  view-data: 0.12413325905799866
