times:
  edit-metadata: 1.306700425222516
  landing: 0.020907863974571228
  view-data: 0.02889833226799965
