times:
  edit-metadata: 1.3973189406096935
  landing: 0.1390772145241499
  view-data: 0.024217676371335983
