times:
  edit-metadata: 1.3058094810694456
  landing: 0.022373048588633537
  view-data: 0.023578709922730923
