times:
  edit-metadata: 0.4308304600417614
  landing: 0.04988101916387677
  view-data: 0.4824618259444833
