times:
  edit-metadata: 1.2923244470730424
  landing: 0.02108283806592226
  view-data: 0.10695833992213011
