times:
  edit-metadata: 1.309985052794218
  landing: 0.023405637592077255
  view-data: 0.02501034550368786
