times:
  edit-metadata: 1.3209569565951824
  landing: 0.021371932700276375
  view-data: 0.023259321227669716
