times:
  edit-metadata: 1.563690785318613
  landing: 0.024046318605542183
  view-data: 0.40175123885273933
