times:
  edit-metadata: 1.3711456432938576
  landing: 0.24581768736243248
  view-data: 0.32930061034858227
