times:
  edit-metadata: 1.2738600140437484
  landing: 0.01951972208917141
  view-data: 0.4224623888731003
