times:
  edit-metadata: 1.346188866533339
  landing: 0.021695188246667385
  view-data: 0.027069115079939365
