times:
  edit-metadata: 1.3591381516307592
  landing: 0.023764433339238167
  view-data: 0.44589359126985073
