times:
  edit-metadata: 1.2927694376558065
  landing: 0.023196637630462646
  view-data: 0.024830402806401253
