times:
  edit-metadata: 0.44289178494364023
  landing: 0.04738397989422083
  view-data: 0.3810634668916464
