times:
  edit-metadata: 0.45452955923974514
  landing: 0.04889834113419056
  view-data: 0.5555603289976716
