times:
  edit-metadata: 1.3315463308244944
  landing: 0.19762891717255116
  view-data: 0.1205027773976326
