times:
  edit-metadata: 1.5398771073669195
  landing: 0.15426122955977917
  view-data: 0.5047615002840757
