times:
  edit-metadata: 1.3082762314006686
  landing: 0.02188616618514061
  view-data: 0.024935374967753887
