times:
  edit-metadata: 1.2972079385071993
  landing: 0.02056747116148472
  view-data: 0.09785176813602448
