times:
  edit-metadata: 1.9975414033979177
  landing: 0.27030657418072224
  view-data: 0.5029706452041864
