times:
  edit-metadata: 1.4264069274067879
  landing: 0.02130582369863987
  view-data: 0.025347156450152397
