times:
  edit-metadata: 1.3238512929528952
  landing: 0.019538570195436478
  view-data: 0.024024898186326027
