times:
  edit-metadata: 1.267581757158041
  landing: 0.1759548205882311
  view-data: 0.4451600955799222
