times:
  edit-metadata: 1.2962981220334768
  landing: 0.020061617717146873
  view-data: 0.026803473941981792
