times:
  edit-metadata: 1.2879195539280772
  landing: 0.1779934698715806
  view-data: 0.42579786106944084
