times:
  edit-metadata: 1.3371890299022198
  landing: 0.02021169662475586
  view-data: 0.02446966990828514
