times:
  edit-metadata: 1.2992830146104097
  landing: 0.02010112814605236
  view-data: 0.025900471955537796
