times:
  edit-metadata: 1.3200150225311518
  landing: 0.02073262631893158
  view-data: 0.027135814540088177
