times:
  edit-metadata: 0.5209583691321313
  landing: 0.04582941299304366
  view-data: 0.20621738489717245
