times:
  edit-metadata: 1.6775384452193975
  landing: 0.20407934300601482
  view-data: 0.02405991591513157
