times:
  edit-metadata: 0.42874000407755375
  landing: 0.04820344690233469
  view-data: 0.3795934598892927
