times:
  edit-metadata: 0.5116337696090341
  landing: 0.056135382037609816
  view-data: 0.25776382302865386
