times:
  edit-metadata: 1.2803686074912548
  landing: 0.19400898832827806
  view-data: 0.4086453141644597
