times:
  edit-metadata: 1.3085526209324598
  landing: 0.02314106561243534
  view-data: 0.026950407773256302
