times:
  edit-metadata: 1.3219460397958755
  landing: 0.02033633552491665
  view-data: 0.02690182439982891
