times:
  edit-metadata: 1.4472762662917376
  landing: 0.2715630419552326
  view-data: 0.18119436874985695
