times:
  edit-metadata: 0.500735133420676
  landing: 0.05712454579770565
  view-data: 0.2099809218198061
