times:
  edit-metadata: 1.3761486718431115
  landing: 0.02214078139513731
  view-data: 0.025258189998567104
