times:
  edit-metadata: 1.2562646139413118
  landing: 0.02030741237103939
  view-data: 0.0227759201079607
