times:
  edit-metadata: 1.318540109321475
  landing: 0.12038109079003334
  view-data: 0.13126566912978888
