times:
  edit-metadata: 0.431239761877805
  landing: 0.05159619590267539
  view-data: 0.5907686380669475
