times:
  edit-metadata: 1.5211179312318563
  landing: 0.1852069292217493
  view-data: 0.14859495870769024
