times:
  edit-metadata: 1.3331689927726984
  landing: 0.018805082887411118
  view-data: 0.027730634436011314
