times:
  edit-metadata: 1.404475886374712
  landing: 0.1368432603776455
  view-data: 0.4707166310399771
