times:
  edit-metadata: 1.2981217037886381
  landing: 0.023652438074350357
  view-data: 0.2442780826240778
