times:
  edit-metadata: 0.5421749209053814
  landing: 0.05418813694268465
  view-data: 0.26927321683615446
