times:
  edit-metadata: 1.3210288435220718
  landing: 0.019821414723992348
  view-data: 0.027457996271550655
