times:
  edit-metadata: 0.5184014858677983
  landing: 0.05574458884075284
  view-data: 0.21154499193653464
