times:
  edit-metadata: 0.5164790418930352
  landing: 0.053825522772967815
  view-data: 0.21274415776133537
