times:
  edit-metadata: 0.4451157860457897
  landing: 0.04026168119162321
  view-data: 0.3779150294139981
