times:
  edit-metadata: 1.273118119686842
  landing: 0.022557877004146576
  view-data: 0.027344096451997757
