times:
  edit-metadata: 1.3129248395562172
  landing: 0.019743559882044792
  view-data: 0.024774571880698204
