times:
  edit-metadata: 1.362785330042243
  landing: 0.0219751363620162
  view-data: 0.02678746823221445
