times:
  edit-metadata: 1.4483453538268805
  landing: 0.1865725088864565
  view-data: 0.1617631260305643
