times:
  edit-metadata: 1.266414494253695
  landing: 0.1267316285520792
  view-data: 0.027304689399898052
