times:
  edit-metadata: 0.5066157993860543
  landing: 0.0895893033593893
  view-data: 0.21922594588249922
