times:
  edit-metadata: 1.313139796257019
  landing: 0.02439165487885475
  view-data: 0.4329590853303671
