times:
  edit-metadata: 1.6046164892613888
  landing: 0.020310712978243828
  view-data: 0.3595418054610491
