times:
  edit-metadata: 1.3619859889149666
  landing: 0.023673053830862045
  view-data: 0.027921725064516068
