times:
  edit-metadata: 1.3342634588479996
  landing: 0.18671460635960102
  view-data: 0.13530182000249624
