times:
  edit-metadata: 1.3232254646718502
  landing: 0.019837509840726852
  view-data: 0.1296319141983986
