times:
  edit-metadata: 1.5900159515440464
  landing: 0.14439930394291878
  view-data: 0.025041278451681137
