times:
  edit-metadata: 0.4429437769576907
  landing: 0.04780738987028599
  view-data: 0.3330545276403427
