times:
  edit-metadata: 0.5512958508916199
  landing: 0.043615218717604876
  view-data: 0.25683426298201084
