times:
  edit-metadata: 1.3099129684269428
  landing: 0.02120518684387207
  view-data: 0.12547431141138077
