times:
  edit-metadata: 1.3801824487745762
  landing: 0.020717911422252655
  view-data: 0.373039236292243
