times:
  edit-metadata: 1.2748330561444163
  landing: 0.022597428411245346
  view-data: 0.12405952624976635
