times:
  edit-metadata: 1.3093800190836191
  landing: 0.02154991403222084
  view-data: 0.025317050516605377
