times:
  edit-metadata: 1.2773341238498688
  landing: 0.019283216446638107
  view-data: 0.05510879494249821
