times:
  edit-metadata: 0.44632732681930065
  landing: 0.046850478276610374
  view-data: 0.2092747176066041
