times:
  edit-metadata: 1.306551336310804
  landing: 0.021212167106568813
  view-data: 0.12710185814648867
