times:
  edit-metadata: 0.4491893071681261
  landing: 0.05070825107395649
  view-data: 0.2233764175325632
