times:
  edit-metadata: 1.2736932067200541
  landing: 0.021735547110438347
  view-data: 0.027288807556033134
