times:
  edit-metadata: 1.3476437851786613
  landing: 0.019762452691793442
  view-data: 0.41822264716029167
