times:
  edit-metadata: 0.43512917030602694
  landing: 0.05071512050926685
  view-data: 0.23865047842264175
