times:
  edit-metadata: 1.2850249214097857
  landing: 0.02127901930361986
  view-data: 0.09962697420269251
