times:
  edit-metadata: 0.7656805668957531
  landing: 0.07278383616358042
  view-data: 0.2494294848293066
