times:
  edit-metadata: 1.344642762094736
  landing: 0.12553360685706139
  view-data: 0.02656911499798298
