times:
  edit-metadata: 1.3000289415940642
  landing: 0.021123137325048447
  view-data: 0.11485814396291971
