times:
  edit-metadata: 0.4452246492728591
  landing: 0.039652145467698574
  view-data: 0.21545254345983267
