times:
  edit-metadata: 1.298350396566093
  landing: 0.020876672118902206
  view-data: 0.025019900873303413
