times:
  edit-metadata: 1.2894634902477264
  landing: 0.021400947123765945
  view-data: 0.024824531748890877
