times:
  edit-metadata: 0.43185244174674153
  landing: 0.047853332944214344
  view-data: 0.3365377369336784
