times:
  edit-metadata: 1.2842253427952528
  landing: 0.09492006059736013
  view-data: 0.024941266514360905
