times:
  edit-metadata: 0.4304967001080513
  landing: 0.043106977827847004
  view-data: 0.36795652098953724
