times:
  edit-metadata: 1.3421544469892979
  landing: 0.2147662565112114
  view-data: 0.11813997477293015
