times:
  edit-metadata: 1.4561934992671013
  landing: 0.019749194383621216
  view-data: 0.6770168393850327
