times:
  edit-metadata: 1.7420927975326777
  landing: 0.12635944224894047
  view-data: 0.17062639631330967
