times:
  edit-metadata: 1.5588822849094868
  landing: 0.09872572869062424
  view-data: 0.1324317455291748
