times:
  edit-metadata: 1.3045703805983067
  landing: 0.019340118393301964
  view-data: 0.02688444033265114
