times:
  edit-metadata: 1.306094246916473
  landing: 0.02203062642365694
  view-data: 0.02690479625016451
