times:
  edit-metadata: 1.3818730283528566
  landing: 0.022141220048069954
  view-data: 0.026053335517644882
