times:
  edit-metadata: 0.4439185578376055
  landing: 0.0536862313747406
  view-data: 0.3341390024870634
