times:
  edit-metadata: 0.45992651022970676
  landing: 0.043765840120613575
  view-data: 0.257401323877275
