times:
  edit-metadata: 1.300188509747386
  landing: 0.02053917571902275
  view-data: 0.1384935025125742
