times:
  edit-metadata: 1.3191567733883858
  landing: 0.022070374339818954
  view-data: 0.025551187805831432
