times:
  edit-metadata: 1.3189612394198775
  landing: 0.02006855048239231
  view-data: 0.028696537017822266
