times:
  edit-metadata: 1.3030108427628875
  landing: 0.021317831240594387
  view-data: 0.025095127522945404
