times:
  edit-metadata: 0.42861394956707954
  landing: 0.048857856541872025
  view-data: 0.4850352592766285
