times:
  edit-metadata: 1.2953727534040809
  landing: 0.020269044674932957
  view-data: 0.4162169536575675
