times:
  edit-metadata: 0.6014740811660886
  landing: 0.10007038107141852
  view-data: 0.20900994818657637
