times:
  edit-metadata: 1.3319903463125229
  landing: 0.14353965409100056
  view-data: 0.15080987848341465
