times:
  edit-metadata: 1.398858143016696
  landing: 0.018553080037236214
  view-data: 0.35455194115638733
