times:
  edit-metadata: 1.3134432639926672
  landing: 0.02136191911995411
  view-data: 0.4085732074454427
