times:
  edit-metadata: 1.373037975281477
  landing: 0.019667282700538635
  view-data: 0.024032045155763626
