times:
  edit-metadata: 1.5151116643100977
  landing: 0.20062725618481636
  view-data: 0.02966180257499218
