times:
  edit-metadata: 0.47335008066147566
  landing: 0.060526289977133274
  view-data: 0.2471837247721851
