times:
  edit-metadata: 1.4068669890984893
  landing: 0.0208231620490551
  view-data: 0.024451461620628834
