times:
  edit-metadata: 1.3269263068214059
  landing: 0.021435202099382877
  view-data: 0.02527467254549265
