times:
  edit-metadata: 1.3907345654442906
  landing: 0.10621804744005203
  view-data: 0.02620316855609417
