times:
  edit-metadata: 1.2994694635272026
  landing: 0.14058116264641285
  view-data: 0.13520201109349728
