times:
  edit-metadata: 1.4858009200543165
  landing: 0.13450833223760128
  view-data: 0.15742420963943005
