times:
  edit-metadata: 1.3162244400009513
  landing: 0.022619456984102726
  view-data: 0.028379269875586033
