times:
  edit-metadata: 1.364526193588972
  landing: 0.0206335773691535
  view-data: 0.11651112604886293
