times:
  edit-metadata: 0.4425523281097412
  landing: 0.057045469991862774
  view-data: 0.3683044034987688
