times:
  edit-metadata: 1.266341001726687
  landing: 0.022594441659748554
  view-data: 0.12391385342925787
