times:
  edit-metadata: 1.5662335706874728
  landing: 0.17577129509299994
  view-data: 0.3524819537997246
