times:
  edit-metadata: 1.301560364663601
  landing: 0.019052984192967415
  view-data: 0.023005934432148933
