times:
  edit-metadata: 1.3018553229048848
  landing: 0.11417128331959248
  view-data: 0.028050731867551804
