times:
  edit-metadata: 0.43395019974559546
  landing: 0.039554569870233536
  view-data: 0.2261202810332179
