times:
  edit-metadata: 0.44364378973841667
  landing: 0.039421048015356064
  view-data: 0.33474267087876797
