times:
  edit-metadata: 1.2789739724248648
  landing: 0.021887104026973248
  view-data: 0.0302972923964262
