times:
  edit-metadata: 1.3503415770828724
  landing: 0.12441591545939445
  view-data: 0.42136485129594803
