times:
  edit-metadata: 1.2936765868216753
  landing: 0.13126155640929937
  view-data: 0.12009807862341404
