times:
  edit-metadata: 1.3097877688705921
  landing: 0.020260827615857124
  view-data: 0.12293495517224073
