times:
  edit-metadata: 1.342870008200407
  landing: 0.020693732425570488
  view-data: 0.12214028276503086
