times:
  edit-metadata: 1.3606989849358797
  landing: 0.2090565823018551
  view-data: 0.026166247203946114
