times:
  edit-metadata: 1.5712105631828308
  landing: 0.024052515625953674
  view-data: 0.5028187725692987
