times:
  edit-metadata: 1.3226170763373375
  landing: 0.02238815650343895
  view-data: 0.026078982278704643
