times:
  edit-metadata: 1.358295040205121
  landing: 0.14773628301918507
  view-data: 0.026175199076533318
