times:
  edit-metadata: 0.5684808120131493
  landing: 0.052324195858091116
  view-data: 0.28113227104768157
