times:
  edit-metadata: 1.3957162573933601
  landing: 0.025498580187559128
  view-data: 0.02724582701921463
