times:
  edit-metadata: 1.318926664069295
  landing: 0.01885826513171196
  view-data: 0.024100326001644135
