times:
  edit-metadata: 1.2588281771168113
  landing: 0.018924950622022152
  view-data: 0.024495000950992107
