times:
  edit-metadata: 1.358430977910757
  landing: 0.14722422510385513
  view-data: 0.372420996427536
