times:
  edit-metadata: 1.4774729795753956
  landing: 0.13655490800738335
  view-data: 0.5204783137887716
