times:
  edit-metadata: 1.4590563559904695
  landing: 0.1358983777463436
  view-data: 0.023949800990521908
