times:
  edit-metadata: 1.3872564733028412
  landing: 0.19123922288417816
  view-data: 0.1262426506727934
