times:
  edit-metadata: 1.5064798630774021
  landing: 0.03239000402390957
  view-data: 0.1570383980870247
