times:
  edit-metadata: 1.372213827446103
  landing: 0.02093026414513588
  view-data: 0.03072180040180683
