times:
  edit-metadata: 1.5115493945777416
  landing: 0.24683800339698792
  view-data: 0.42314748279750347
