times:
  edit-metadata: 1.4950545281171799
  landing: 0.020566433668136597
  view-data: 0.02539271116256714
