times:
  edit-metadata: 1.463365375995636
  landing: 0.023201361298561096
  view-data: 0.16176317259669304
