times:
  edit-metadata: 1.3551204968243837
  landing: 0.019835663959383965
  view-data: 0.023344893008470535
