times:
  edit-metadata: 1.3466893080621958
  landing: 0.021457724273204803
  view-data: 0.02797604352235794
