times:
  edit-metadata: 1.593561664223671
  landing: 0.21184159629046917
  view-data: 0.17217489145696163
