times:
  edit-metadata: 1.4681334923952818
  landing: 0.24346287548542023
  view-data: 0.12595178931951523
