times:
  edit-metadata: 1.373876167461276
  landing: 0.019777054898440838
  view-data: 0.42721874453127384
