times:
  edit-metadata: 0.7728349231183529
  landing: 0.1159118041396141
  view-data: 0.28388179605826735
