times:
  edit-metadata: 1.4243998769670725
  landing: 0.17311601527035236
  view-data: 0.20472969859838486
