times:
  edit-metadata: 0.6161952167749405
  landing: 0.13426764821633697
  view-data: 0.2384715098887682
