times:
  edit-metadata: 1.3529801350086927
  landing: 0.11853954941034317
  view-data: 0.023248815909028053
