times:
  edit-metadata: 1.33216149546206
  landing: 0.019264576956629753
  view-data: 0.15897979214787483
