times:
  edit-metadata: 1.3882957929745317
  landing: 0.01869688555598259
  view-data: 0.023452439345419407
