times:
  edit-metadata: 1.379446828737855
  landing: 0.023508336395025253
  view-data: 0.02735506184399128
