times:
  edit-metadata: 1.3717666054144502
  landing: 0.13758305553346872
  view-data: 0.022978564724326134
