times:
  edit-metadata: 1.4623773721978068
  landing: 0.1424484709277749
  view-data: 0.4221350960433483
