times:
  edit-metadata: 1.4322469122707844
  landing: 0.024144252762198448
  view-data: 0.3787824921309948
