times:
  edit-metadata: 1.4332923404872417
  landing: 0.2239228580147028
  view-data: 0.34614939987659454
