times:
  edit-metadata: 1.4884420428425074
  landing: 0.022724080830812454
  view-data: 0.13313503004610538
