times:
  edit-metadata: 2.0519647542387247
  landing: 0.023594535887241364
  view-data: 0.7930173147469759
