times:
  edit-metadata: 1.352347631007433
  landing: 0.020750820636749268
  view-data: 0.02402433566749096
