times:
  edit-metadata: 1.436953455209732
  landing: 0.021998560056090355
  view-data: 0.36322255805134773
