times:
  edit-metadata: 1.3448244389146566
  landing: 0.018992922268807888
  view-data: 0.02493934240192175
