times:
  edit-metadata: 1.8068842440843582
  landing: 0.3370044194161892
  view-data: 0.13581852428615093
