times:
  edit-metadata: 1.7874626386910677
  landing: 0.27777237445116043
  view-data: 0.3531773742288351
