times:
  edit-metadata: 1.389659147709608
  landing: 0.021408723667263985
  view-data: 0.023591334000229836
