times:
  edit-metadata: 1.4152837209403515
  landing: 0.02135724015533924
  view-data: 0.3815163727849722
