times:
  edit-metadata: 1.36708302795887
  landing: 0.15526392683386803
  view-data: 0.12705739215016365
