times:
  edit-metadata: 1.7476989198476076
  landing: 0.197389492765069
  view-data: 0.3608045894652605
