times:
  edit-metadata: 1.4241372887045145
  landing: 0.022001728415489197
  view-data: 0.025693723931908607
