times:
  edit-metadata: 1.3769403882324696
  landing: 0.021945109590888023
  view-data: 0.3216994106769562
