times:
  edit-metadata: 1.86257753521204
  landing: 0.02561625838279724
  view-data: 0.15812447667121887
