times:
  edit-metadata: 1.6132356896996498
  landing: 0.26215510442852974
  view-data: 0.3439996372908354
