times:
  edit-metadata: 1.4666348081082106
  landing: 0.2748531624674797
  view-data: 0.02829011157155037
