times:
  edit-metadata: 1.5040598940104246
  landing: 0.01976728066802025
  view-data: 0.024115528911352158
