times:
  edit-metadata: 0.6828481936827302
  landing: 0.06698264088481665
  view-data: 0.29223607014864683
