times:
  edit-metadata: 1.3376036388799548
  landing: 0.018950731493532658
  view-data: 0.11678850091993809
