times:
  edit-metadata: 2.0199449583888054
  landing: 0.05309979058802128
  view-data: 0.3854915704578161
