times:
  edit-metadata: 0.7082463009282947
  landing: 0.14070420898497105
  view-data: 0.2903310637921095
