times:
  edit-metadata: 1.400650104507804
  landing: 0.2181571889668703
  view-data: 0.022647077217698097
