times:
  edit-metadata: 1.3572436617687345
  landing: 0.02121064532548189
  view-data: 0.02987685799598694
