times:
  edit-metadata: 1.5261836349964142
  landing: 0.019136428833007812
  view-data: 0.023662641644477844
