times:
  edit-metadata: 1.5905037932097912
  landing: 0.26238347962498665
  view-data: 0.40797820687294006
