times:
  edit-metadata: 0.7823578217066824
  landing: 0.22342311218380928
  view-data: 0.2879899647086859
