times:
  edit-metadata: 1.4255976527929306
  landing: 0.021764114499092102
  view-data: 0.024849876761436462
