times:
  edit-metadata: 1.4314706325531006
  landing: 0.24534212704747915
  view-data: 0.5138622913509607
