times:
  edit-metadata: 0.5247556627728045
  landing: 0.0511399214155972
  view-data: 0.21679364424198866
