times:
  edit-metadata: 1.4308698885142803
  landing: 0.13325715251266956
  view-data: 0.028371013700962067
