times:
  edit-metadata: 0.521807808894664
  landing: 0.06095017399638891
  view-data: 0.20438434416428208
