times:
  edit-metadata: 1.35248738899827
  landing: 0.020630551502108574
  view-data: 0.21058251336216927
