times:
  edit-metadata: 1.4561759270727634
  landing: 0.19095646496862173
  view-data: 0.14134966023266315
