times:
  edit-metadata: 1.333122176118195
  landing: 0.11396587919443846
  view-data: 0.12183691561222076
