times:
  edit-metadata: 1.5792025122791529
  landing: 0.2614662256091833
  view-data: 0.4563261605799198
