times:
  edit-metadata: 0.5114657846279442
  landing: 0.10969574516639113
  view-data: 0.3235067669302225
