times:
  edit-metadata: 1.5852313544601202
  landing: 0.16508256271481514
  view-data: 0.260437348857522
