times:
  edit-metadata: 1.40499556530267
  landing: 0.23266281187534332
  view-data: 0.49088051822036505
