times:
  edit-metadata: 0.5841282471083105
  landing: 0.08054629806429148
  view-data: 0.21091877901926637
