times:
  edit-metadata: 1.5883641550317407
  landing: 0.04871212225407362
  view-data: 0.04603618290275335
