times:
  edit-metadata: 0.5158787351101637
  landing: 0.06890508392825723
  view-data: 0.292319742962718
