times:
  edit-metadata: 1.3434408959001303
  landing: 0.021151965484023094
  view-data: 0.12371503002941608
