times:
  edit-metadata: 1.505095463246107
  landing: 0.020348919555544853
  view-data: 0.10155732557177544
