times:
  edit-metadata: 0.5372284441255033
  landing: 0.07653284817934036
  view-data: 0.2024859320372343
