times:
  edit-metadata: 1.5457119401544333
  landing: 0.018596913665533066
  view-data: 0.31733888015151024
