times:
  edit-metadata: 1.4700721642002463
  landing: 0.12783536035567522
  view-data: 0.13174930401146412
