times:
  edit-metadata: 1.3636876959353685
  landing: 0.020549774169921875
  view-data: 0.1254401970654726
