times:
  edit-metadata: 1.3884269427508116
  landing: 0.24784191697835922
  view-data: 0.024641714990139008
