times:
  edit-metadata: 0.5695921829901636
  landing: 0.04257232928648591
  view-data: 0.20895757898688316
