times:
  edit-metadata: 1.6369065456092358
  landing: 0.23539996519684792
  view-data: 0.3928601201623678
