times:
  edit-metadata: 0.7602016502059996
  landing: 0.039859365206211805
  view-data: 0.2627680809237063
