times:
  edit-metadata: 0.5235759927891195
  landing: 0.07186410576105118
  view-data: 0.20376513479277492
