times:
  edit-metadata: 1.388999404385686
  landing: 0.020605802536010742
  view-data: 0.024148164317011833
