times:
  edit-metadata: 0.69811503123492
  landing: 0.049775335006415844
  view-data: 0.2553940829820931
