times:
  edit-metadata: 0.7699412694200873
  landing: 0.06774073699489236
  view-data: 0.21368043590337038
