times:
  edit-metadata: 1.3304487438872457
  landing: 0.01842551678419113
  view-data: 0.023877877742052078
