times:
  edit-metadata: 1.3719448558986187
  landing: 0.020530100911855698
  view-data: 0.13464571721851826
