times:
  edit-metadata: 0.5259146266616881
  landing: 0.05255319457501173
  view-data: 0.20518961688503623
