times:
  edit-metadata: 1.355197798460722
  landing: 0.1324863824993372
  view-data: 0.02467314712703228
