times:
  edit-metadata: 1.4176180735230446
  landing: 0.021582018584012985
  view-data: 0.026846032589673996
