times:
  edit-metadata: 1.614551505073905
  landing: 0.18498538434505463
  view-data: 0.4279879294335842
