times:
  edit-metadata: 1.5276546757668257
  landing: 0.023393800482153893
  view-data: 0.3079836219549179
