times:
  edit-metadata: 1.3478862289339304
  landing: 0.11426306702196598
  view-data: 0.02580420672893524
