times:
  edit-metadata: 1.5376076754182577
  landing: 0.02655082382261753
  view-data: 0.31933198124170303
