times:
  edit-metadata: 1.6001217886805534
  landing: 0.16540468111634254
  view-data: 0.4124856349080801
