times:
  edit-metadata: 1.4670139197260141
  landing: 0.023265788331627846
  view-data: 0.02852020040154457
