times:
  edit-metadata: 1.3585269208997488
  landing: 0.19235738925635815
  view-data: 0.1270462591201067
