times:
  edit-metadata: 0.7564661190845072
  landing: 0.0687074912711978
  view-data: 0.2127730962820351
