times:
  edit-metadata: 1.591910781338811
  landing: 0.3181799687445164
  view-data: 0.18365886807441711
