times:
  edit-metadata: 1.4413419244810939
  landing: 0.020364911295473576
  view-data: 0.026942809112370014
