times:
  edit-metadata: 1.335586697794497
  landing: 0.022100139409303665
  view-data: 0.02502259984612465
