times:
  edit-metadata: 1.4177732998505235
  landing: 0.12649730313569307
  view-data: 0.31170535646378994
