times:
  edit-metadata: 2.4483166709542274
  landing: 0.023242995142936707
  view-data: 0.026364680379629135
