times:
  edit-metadata: 1.4465229772031307
  landing: 0.020917383953928947
  view-data: 0.29261848516762257
