times:
  edit-metadata: 1.3419452030211687
  landing: 0.140021787956357
  view-data: 0.026063036173582077
