times:
  edit-metadata: 1.777704588137567
  landing: 0.18337473552674055
  view-data: 0.3229494383558631
