times:
  edit-metadata: 0.6168107050471008
  landing: 0.07228416902944446
  view-data: 0.21252601966261864
