times:
  edit-metadata: 1.3389321565628052
  landing: 0.127877838909626
  view-data: 0.28479200415313244
