times:
  edit-metadata: 1.3568428494036198
  landing: 0.11335774324834347
  view-data: 0.02673465572297573
