times:
  edit-metadata: 1.5544534623622894
  landing: 0.024430235847830772
  view-data: 0.17198504693806171
