times:
  edit-metadata: 1.525784419849515
  landing: 0.1549999862909317
  view-data: 0.347494225949049
