times:
  edit-metadata: 1.485559107735753
  landing: 0.1523061841726303
  view-data: 0.023858692497015
