times:
  edit-metadata: 1.3575205523520708
  landing: 0.02156134694814682
  view-data: 0.026675870642066002
