times:
  edit-metadata: 1.4007454346865416
  landing: 0.019415851682424545
  view-data: 0.3372911047190428
