times:
  edit-metadata: 1.627076668664813
  landing: 0.15657725930213928
  view-data: 0.37563431449234486
