times:
  edit-metadata: 1.357242412865162
  landing: 0.09641254507005215
  view-data: 0.026915840804576874
