times:
  edit-metadata: 1.4653849843889475
  landing: 0.02437654882669449
  view-data: 0.28192611783742905
