times:
  edit-metadata: 1.6076982729136944
  landing: 0.15424412488937378
  view-data: 0.42674087546765804
