times:
  edit-metadata: 1.3757271133363247
  landing: 0.21225789561867714
  view-data: 0.13988575339317322
