times:
  edit-metadata: 2.1036661341786385
  landing: 0.23351255990564823
  view-data: 0.17515001818537712
