times:
  edit-metadata: 1.368352996185422
  landing: 0.021092096343636513
  view-data: 0.026831818744540215
