times:
  edit-metadata: 0.5864125159569085
  landing: 0.056971204932779074
  view-data: 0.21227825805544853
