times:
  edit-metadata: 1.4394335895776749
  landing: 0.24039752036333084
  view-data: 0.2623968720436096
