times:
  edit-metadata: 1.3911707727238536
  landing: 0.02001215610653162
  view-data: 0.45237253699451685
