times:
  edit-metadata: 1.552137790247798
  landing: 0.15702552534639835
  view-data: 0.2687438353896141
