times:
  edit-metadata: 1.5339016877114773
  landing: 0.39299375005066395
  view-data: 0.18920103274285793
