times:
  edit-metadata: 1.4665288161486387
  landing: 0.11826097406446934
  view-data: 0.31547175347805023
