times:
  edit-metadata: 0.5882588569074869
  landing: 0.057574271224439144
  view-data: 0.23799236677587032
