times:
  edit-metadata: 1.3674631845206022
  landing: 0.020023101940751076
  view-data: 0.025549380108714104
