times:
  edit-metadata: 1.685076868161559
  landing: 0.02086564153432846
  view-data: 0.14284903183579445
