times:
  edit-metadata: 0.5462099649012089
  landing: 0.05397862708196044
  view-data: 0.20403675409033895
