times:
  edit-metadata: 0.607985916081816
  landing: 0.14738024910911918
  view-data: 0.25141608575358987
