times:
  edit-metadata: 1.4764675460755825
  landing: 0.0242248447611928
  view-data: 0.4123989809304476
