times:
  edit-metadata: 1.5571955628693104
  landing: 0.12291322462260723
  view-data: 0.027227258309721947
