times:
  edit-metadata: 1.4515676898881793
  landing: 0.11765029467642307
  view-data: 0.12760744336992502
