times:
  edit-metadata: 1.4814387951046228
  landing: 0.019559264183044434
  view-data: 0.13416777178645134
