times:
  edit-metadata: 1.739768985658884
  landing: 0.2567083574831486
  view-data: 0.36232677660882473
