times:
  edit-metadata: 1.702987626194954
  landing: 0.18559562787413597
  view-data: 0.20510741882026196
