times:
  edit-metadata: 1.341804776340723
  landing: 0.021005045622587204
  view-data: 0.13560011610388756
