times:
  edit-metadata: 1.316604063846171
  landing: 0.020944932475686073
  view-data: 0.028247681446373463
