times:
  edit-metadata: 1.6231074519455433
  landing: 0.2589870058000088
  view-data: 0.31793988309800625
