times:
  edit-metadata: 1.570186048746109
  landing: 0.3021013345569372
  view-data: 0.15216407179832458
