times:
  edit-metadata: 0.6268782340921462
  landing: 0.06282752426341176
  view-data: 0.28789225593209267
