times:
  edit-metadata: 1.464674325659871
  landing: 0.02425498701632023
  view-data: 0.13637918420135975
