times:
  edit-metadata: 1.3909494001418352
  landing: 0.019068051129579544
  view-data: 0.022455954924225807
