times:
  edit-metadata: 1.868997996672988
  landing: 0.1623186580836773
  view-data: 0.45125795900821686
