times:
  edit-metadata: 1.5943150613456964
  landing: 0.02001965418457985
  view-data: 0.02584412693977356
