times:
  edit-metadata: 1.428045766428113
  landing: 0.01849065162241459
  view-data: 0.22717788070440292
