times:
  edit-metadata: 1.7846410749480128
  landing: 0.274196308106184
  view-data: 0.35635324381291866
