times:
  edit-metadata: 1.3672228548675776
  landing: 0.11854235455393791
  view-data: 0.04852639324963093
