times:
  edit-metadata: 1.353812106885016
  landing: 0.019190936349332333
  view-data: 0.31043470837175846
