times:
  edit-metadata: 1.4064810713753104
  landing: 0.022959993220865726
  view-data: 0.11855020560324192
