times:
  edit-metadata: 1.4046581964939833
  landing: 0.027770783752202988
  view-data: 0.09941672906279564
