times:
  edit-metadata: 1.4660714603960514
  landing: 0.022148655727505684
  view-data: 0.12714805081486702
