times:
  edit-metadata: 1.3336733188480139
  landing: 0.20427569560706615
  view-data: 0.13686644285917282
