times:
  edit-metadata: 0.5457337712869048
  landing: 0.05108770402148366
  view-data: 0.20979422982782125
