times:
  edit-metadata: 1.3623701203614473
  landing: 0.2155976165086031
  view-data: 0.0226873978972435
