times:
  edit-metadata: 1.631840879097581
  landing: 0.21655123867094517
  view-data: 0.12915028259158134
