times:
  edit-metadata: 1.4957752618938684
  landing: 0.019655607640743256
  view-data: 0.37383611872792244
