times:
  edit-metadata: 1.3424252178519964
  landing: 0.020863188430666924
  view-data: 0.02576148323714733
