times:
  edit-metadata: 1.4869373589754105
  landing: 0.2523543946444988
  view-data: 0.41156975366175175
