times:
  edit-metadata: 0.5660095983184874
  landing: 0.05642040632665157
  view-data: 0.20741489483043551
