times:
  edit-metadata: 1.4320478197187185
  landing: 0.19988487102091312
  view-data: 0.3643737491220236
