times:
  edit-metadata: 1.340853925794363
  landing: 0.12499628402292728
  view-data: 0.12713532894849777
