times:
  edit-metadata: 1.4699839875102043
  landing: 0.02353329211473465
  view-data: 0.38093795254826546
