times:
  edit-metadata: 1.3725663162767887
  landing: 0.13716870360076427
  view-data: 0.024312814697623253
