times:
  edit-metadata: 1.6530987285077572
  landing: 0.31836037151515484
  view-data: 0.1630829032510519
