times:
  edit-metadata: 1.3405243959277868
  landing: 0.19650610722601414
  view-data: 0.3019132297486067
