times:
  edit-metadata: 1.3520706593990326
  landing: 0.021481232717633247
  view-data: 0.02466794103384018
