times:
  edit-metadata: 1.3967132437974215
  landing: 0.020815474912524223
  view-data: 0.024587806314229965
