times:
  edit-metadata: 0.6334393410943449
  landing: 0.05603289185091853
  view-data: 0.2743424051441252
