times:
  edit-metadata: 1.4863547813147306
  landing: 0.2584754191339016
  view-data: 0.022785836830735207
