times:
  edit-metadata: 1.6218702122569084
  landing: 0.31686883233487606
  view-data: 0.1287957038730383
