times:
  edit-metadata: 1.754749720916152
  landing: 0.023301847279071808
  view-data: 0.14490512385964394
