times:
  edit-metadata: 1.5728935087099671
  landing: 0.025723072700202465
  view-data: 0.024790321476757526
