times:
  edit-metadata: 1.6126906927675009
  landing: 0.020157648250460625
  view-data: 0.14946807734668255
