times:
  edit-metadata: 1.6839474281296134
  landing: 0.018912418745458126
  view-data: 0.22907860111445189
