times:
  edit-metadata: 1.8691712822765112
  landing: 0.36442995071411133
  view-data: 0.3821246363222599
