times:
  edit-metadata: 1.651455944404006
  landing: 0.18472333997488022
  view-data: 0.025118611752986908
