times:
  edit-metadata: 1.6653632503002882
  landing: 0.18576946668326855
  view-data: 0.12719619646668434
