times:
  edit-metadata: 2.361664120107889
  landing: 0.022342374548316002
  view-data: 0.4495471194386482
