times:
  edit-metadata: 1.645247400738299
  landing: 0.18792547471821308
  view-data: 0.21225549839437008
