times:
  edit-metadata: 1.625462556257844
  landing: 0.02235974557697773
  view-data: 0.027061207219958305
