times:
  edit-metadata: 2.1339348182082176
  landing: 0.050050497986376286
  view-data: 0.43621097318828106
