times:
  edit-metadata: 0.789815966039896
  landing: 0.04880125727504492
  view-data: 0.29041085997596383
