times:
  edit-metadata: 1.65125628747046
  landing: 0.022842468693852425
  view-data: 0.027614746242761612
