times:
  edit-metadata: 0.8385913339443505
  landing: 0.0760541781783104
  view-data: 0.3021667408756912
