times:
  edit-metadata: 1.6664860434830189
  landing: 0.13778235018253326
  view-data: 0.363954970613122
