times:
  edit-metadata: 1.6689885072410107
  landing: 0.02027789317071438
  view-data: 0.026567243039608
