times:
  edit-metadata: 1.5651480555534363
  landing: 0.2570143975317478
  view-data: 0.024071894586086273
