times:
  edit-metadata: 2.5582761242985725
  landing: 0.22203432396054268
  view-data: 0.5398793257772923
