times:
  edit-metadata: 1.880350273102522
  landing: 0.1662440039217472
  view-data: 0.28557664528489113
