times:
  edit-metadata: 1.8529193717986345
  landing: 0.1967084351927042
  view-data: 0.3410505820065737
