times:
  edit-metadata: 1.6126742660999298
  landing: 0.019727664068341255
  view-data: 0.02423899993300438
