times:
  edit-metadata: 1.9023835994303226
  landing: 0.24327757582068443
  view-data: 0.1540623214095831
