times:
  edit-metadata: 0.7195802028290927
  landing: 0.045954294968396425
  view-data: 0.2181763150729239
