times:
  edit-metadata: 0.713559849653393
  landing: 0.04085237206891179
  view-data: 0.3324984018690884
