times:
  edit-metadata: 2.051163900643587
  landing: 0.15496952272951603
  view-data: 0.15502412989735603
