times:
  edit-metadata: 1.6418815376237035
  landing: 0.021941209211945534
  view-data: 0.025191555730998516
