times:
  edit-metadata: 1.8220651485025883
  landing: 0.16611161082983017
  view-data: 0.35406077466905117
