times:
  edit-metadata: 1.5502013601362705
  landing: 0.02040586806833744
  view-data: 0.23607384972274303
