times:
  edit-metadata: 1.6250666324049234
  landing: 0.1375484112650156
  view-data: 0.13695140182971954
