times:
  edit-metadata: 1.6169157018885016
  landing: 0.018566823564469814
  view-data: 0.024823380634188652
