times:
  edit-metadata: 1.6719295587390661
  landing: 0.01946193166077137
  view-data: 0.3436210323125124
