times:
  edit-metadata: 1.6027543833479285
  landing: 0.19655074831098318
  view-data: 0.44657459761947393
