times:
  edit-metadata: 1.778187833726406
  landing: 0.2850801832973957
  view-data: 0.36225841753184795
