times:
  edit-metadata: 1.6160008031874895
  landing: 0.02189970389008522
  view-data: 0.2929860595613718
