times:
  edit-metadata: 0.7164052561856806
  landing: 0.052900850772857666
  view-data: 0.21811500890180469
