times:
  edit-metadata: 1.524863500148058
  landing: 0.14157906360924244
  view-data: 0.2804161999374628
