times:
  edit-metadata: 1.6868355637416244
  landing: 0.12993428763002157
  view-data: 0.2365809539332986
