times:
  edit-metadata: 2.0136695858091116
  landing: 0.018930576741695404
  view-data: 0.497379869222641
