times:
  edit-metadata: 1.5734937936067581
  landing: 0.019404765218496323
  view-data: 0.028436075896024704
