times:
  edit-metadata: 1.7910847272723913
  landing: 0.2612773943692446
  view-data: 0.2286324594169855
