times:
  edit-metadata: 1.6718509886413813
  landing: 0.11732621677219868
  view-data: 0.022750621661543846
