times:
  edit-metadata: 1.8907462153583765
  landing: 0.1508886832743883
  view-data: 0.40126753970980644
