times:
  edit-metadata: 0.8829724239185452
  landing: 0.061802783980965614
  view-data: 0.22221732698380947
