times:
  edit-metadata: 1.6560204271227121
  landing: 0.23071604035794735
  view-data: 0.47360232938081026
