times:
  edit-metadata: 1.5730901509523392
  landing: 0.020504729822278023
  view-data: 0.023629028350114822
