times:
  edit-metadata: 1.6330514289438725
  landing: 0.022037256509065628
  view-data: 0.12520750984549522
