times:
  edit-metadata: 1.5267343074083328
  landing: 0.02300117537379265
  view-data: 0.029120711609721184
