times:
  edit-metadata: 1.624575411900878
  landing: 0.02248430997133255
  view-data: 0.1345647219568491
