times:
  edit-metadata: 0.7009145417250693
  landing: 0.06873167539015412
  view-data: 0.22216901415959
