times:
  edit-metadata: 1.6257242448627949
  landing: 0.1374404188245535
  view-data: 0.1406467305496335
