times:
  edit-metadata: 1.5722645223140717
  landing: 0.022708643227815628
  view-data: 0.14141697995364666
