times:
  edit-metadata: 1.8237154427915812
  landing: 0.1782841458916664
  view-data: 0.3862808085978031
