times:
  edit-metadata: 1.7249285243451595
  landing: 0.024732569232583046
  view-data: 0.12960400711745024
