times:
  edit-metadata: 1.5361640397459269
  landing: 0.020695991814136505
  view-data: 0.024616185575723648
