times:
  edit-metadata: 1.9529780112206936
  landing: 0.2603590749204159
  view-data: 0.19290212728083134
