times:
  edit-metadata: 1.641558961942792
  landing: 0.2137746987864375
  view-data: 0.32042280212044716
