times:
  edit-metadata: 1.027784357778728
  landing: 0.09712641686201096
  view-data: 0.23220127169042826
