times:
  edit-metadata: 1.8681854978203773
  landing: 0.04211338050663471
  view-data: 0.02394286822527647
