times:
  edit-metadata: 0.8494012700393796
  landing: 0.044826497323811054
  view-data: 0.30804126616567373
