times:
  edit-metadata: 1.5908855274319649
  landing: 0.019814318045973778
  view-data: 0.3013258073478937
