times:
  edit-metadata: 1.556005897000432
  landing: 0.019969146698713303
  view-data: 0.028019215911626816
