times:
  edit-metadata: 1.6094674281775951
  landing: 0.020554663613438606
  view-data: 0.024802884086966515
