times:
  edit-metadata: 1.5662127397954464
  landing: 0.021641742438077927
  view-data: 0.10523433610796928
