times:
  edit-metadata: 0.9341628081165254
  landing: 0.0491139218211174
  view-data: 0.2251799488440156
