times:
  edit-metadata: 1.6078944560140371
  landing: 0.020450707525014877
  view-data: 0.024276558309793472
