times:
  edit-metadata: 1.6040508467704058
  landing: 0.02093702182173729
  view-data: 0.3288646284490824
