times:
  edit-metadata: 0.7241812399588525
  landing: 0.052238455042243004
  view-data: 0.21572898421436548
