times:
  edit-metadata: 1.0020482437685132
  landing: 0.12037880718708038
  view-data: 0.2906810170970857
