times:
  edit-metadata: 1.6209856141358614
  landing: 0.02020718716084957
  view-data: 0.02526181936264038
