times:
  edit-metadata: 0.7376703335903585
  landing: 0.0394321377389133
  view-data: 0.21622304990887642
