times:
  edit-metadata: 1.805830187164247
  landing: 0.05099633056670427
  view-data: 0.02365636359900236
