times:
  edit-metadata: 1.5978712439537048
  landing: 0.02145276591181755
  view-data: 0.1406488362699747
