times:
  edit-metadata: 1.7298795524984598
  landing: 0.1583275143057108
  view-data: 0.34475385770201683
