times:
  edit-metadata: 1.5948886014521122
  landing: 0.021757960319519043
  view-data: 0.026712406426668167
