times:
  edit-metadata: 1.5932451970875263
  landing: 0.02277480438351631
  view-data: 0.025456858798861504
