times:
  edit-metadata: 1.6645383723080158
  landing: 0.1690355595201254
  view-data: 0.02691824361681938
