times:
  edit-metadata: 1.619110006839037
  landing: 0.022656604647636414
  view-data: 0.024356132373213768
