times:
  edit-metadata: 0.8762817070819438
  landing: 0.06529798498377204
  view-data: 0.31888315780088305
