times:
  edit-metadata: 1.7526128590106964
  landing: 0.023033222183585167
  view-data: 0.31240643560886383
