times:
  edit-metadata: 1.899472277611494
  landing: 0.20276570692658424
  view-data: 0.13824797607958317
