times:
  edit-metadata: 1.686281606554985
  landing: 0.02172500267624855
  view-data: 0.024528080597519875
