times:
  edit-metadata: 0.7249515568837523
  landing: 0.060770765878260136
  view-data: 0.21429962990805507
