times:
  edit-metadata: 1.5273482836782932
  landing: 0.021037960425019264
  view-data: 0.026232903823256493
