times:
  edit-metadata: 1.802471386268735
  landing: 0.16730202734470367
  view-data: 0.38656155951321125
