times:
  edit-metadata: 1.7207388393580914
  landing: 0.14563146606087685
  view-data: 0.3134423531591892
