times:
  edit-metadata: 1.549215853214264
  landing: 0.020572111010551453
  view-data: 0.026357736438512802
