times:
  edit-metadata: 1.6058748718351126
  landing: 0.1131869275122881
  view-data: 0.027360649779438972
