times:
  edit-metadata: 1.8014439716935158
  landing: 0.349257655441761
  view-data: 0.3735375143587589
