times:
  edit-metadata: 0.8107798178680241
  landing: 0.08791724313050508
  view-data: 0.30365486117079854
