times:
  edit-metadata: 0.9407216128893197
  landing: 0.07507314579561353
  view-data: 0.2644299082458019
