times:
  edit-metadata: 1.7433286169543862
  landing: 0.04961441736668348
  view-data: 0.025554179213941097
