times:
  edit-metadata: 0.6973518431186676
  landing: 0.06503899907693267
  view-data: 0.2199495742097497
