times:
  edit-metadata: 2.4060832131654024
  landing: 0.47967786714434624
  view-data: 0.40841906890273094
