times:
  edit-metadata: 1.6297694016247988
  landing: 0.12933823093771935
  view-data: 0.2847168855369091
