times:
  edit-metadata: 1.708836829289794
  landing: 0.023300420492887497
  view-data: 0.02625010535120964
