times:
  edit-metadata: 1.8898786939680576
  landing: 0.21376877836883068
  view-data: 0.4172204528003931
