times:
  edit-metadata: 1.5935696959495544
  landing: 0.29285953007638454
  view-data: 0.3319613914936781
