times:
  edit-metadata: 1.6562470514327288
  landing: 0.19869707711040974
  view-data: 0.12839057762175798
