times:
  edit-metadata: 1.7109625274315476
  landing: 0.20757768116891384
  view-data: 0.13259862270206213
