times:
  edit-metadata: 1.635374360717833
  landing: 0.13280074205249548
  view-data: 0.1315704844892025
