times:
  edit-metadata: 1.6087133269757032
  landing: 0.01992926187813282
  view-data: 0.026397747918963432
