times:
  edit-metadata: 0.8568234681151807
  landing: 0.07135822903364897
  view-data: 0.22045695688575506
