times:
  edit-metadata: 1.6357220523059368
  landing: 0.028320880606770515
  view-data: 0.02708306722342968
