times:
  edit-metadata: 2.106125796213746
  landing: 0.15926986932754517
  view-data: 0.35800642892718315
