times:
  edit-metadata: 2.1830406449735165
  landing: 0.16024691052734852
  view-data: 0.386316679418087
