times:
  edit-metadata: 1.6113996300846338
  landing: 0.021129494532942772
  view-data: 0.026575464755296707
