times:
  edit-metadata: 0.7596415970474482
  landing: 0.10499794222414494
  view-data: 0.22322613280266523
