times:
  edit-metadata: 1.5939109902828932
  landing: 0.020816324278712273
  view-data: 0.02415323629975319
