times:
  edit-metadata: 1.7408038917928934
  landing: 0.2143894750624895
  view-data: 0.025494161993265152
