times:
  edit-metadata: 1.694411277770996
  landing: 0.023211641237139702
  view-data: 0.31791958771646023
