times:
  edit-metadata: 1.6495519168674946
  landing: 0.11786473542451859
  view-data: 0.14593344926834106
