times:
  edit-metadata: 0.7402602941729128
  landing: 0.053929348941892385
  view-data: 0.2196682090871036
