times:
  edit-metadata: 1.903598552569747
  landing: 0.021633446216583252
  view-data: 0.4572086036205292
