times:
  edit-metadata: 1.64640655182302
  landing: 0.022509044036269188
  view-data: 0.025582099333405495
