times:
  edit-metadata: 1.550803723745048
  landing: 0.021899761632084846
  view-data: 0.13495641015470028
