times:
  edit-metadata: 1.9823846239596605
  landing: 0.39410638250410557
  view-data: 0.36718335933983326
