times:
  edit-metadata: 1.6759734079241753
  landing: 0.023058095946907997
  view-data: 0.40204982459545135
