times:
  edit-metadata: 1.802942493930459
  landing: 0.13308637589216232
  view-data: 0.2964786496013403
