times:
  edit-metadata: 1.973839659243822
  landing: 0.3049564491957426
  view-data: 0.4838576503098011
