times:
  edit-metadata: 1.7510494366288185
  landing: 0.022359905764460564
  view-data: 0.030159860849380493
