times:
  edit-metadata: 1.5767136681824923
  landing: 0.12033485807478428
  view-data: 0.024709602817893028
