times:
  edit-metadata: 1.572983494028449
  landing: 0.1153019992634654
  view-data: 0.02476632036268711
