times:
  edit-metadata: 1.6914665382355452
  landing: 0.02136077918112278
  view-data: 0.024726727977395058
