times:
  edit-metadata: 1.63686696998775
  landing: 0.14071359485387802
  view-data: 0.5546647887676954
