times:
  edit-metadata: 1.5599458869546652
  landing: 0.020105436444282532
  view-data: 0.02461756020784378
