times:
  edit-metadata: 1.812604134902358
  landing: 0.4134452994912863
  view-data: 0.16056208312511444
