times:
  edit-metadata: 1.5523193180561066
  landing: 0.20343632902950048
  view-data: 0.0610772930085659
