times:
  edit-metadata: 1.762920893728733
  landing: 0.27726845256984234
  view-data: 0.15298181027173996
