times:
  edit-metadata: 1.6518105808645487
  landing: 0.16600435599684715
  view-data: 0.13813072443008423
