times:
  edit-metadata: 1.6231743153184652
  landing: 0.020808396860957146
  view-data: 0.024740219116210938
