times:
  edit-metadata: 1.6313207726925611
  landing: 0.10334084928035736
  view-data: 0.329596359282732
