times:
  edit-metadata: 0.8749073082581162
  landing: 0.043481999076902866
  view-data: 0.21642788173630834
