times:
  edit-metadata: 1.5438053905963898
  landing: 0.02065313793718815
  view-data: 0.025778695940971375
