times:
  edit-metadata: 1.5322964061051607
  landing: 0.019277844578027725
  view-data: 0.02953997254371643
