times:
  edit-metadata: 1.7734489440917969
  landing: 0.18231569603085518
  view-data: 0.400893148034811
