times:
  edit-metadata: 1.87847650796175
  landing: 0.020745886489748955
  view-data: 0.1491046752780676
