times:
  edit-metadata: 1.7660635560750961
  landing: 0.02079010382294655
  view-data: 0.3906038384884596
