times:
  edit-metadata: 1.6127026230096817
  landing: 0.22604772076010704
  view-data: 0.30538164265453815
