times:
  edit-metadata: 1.5376126868650317
  landing: 0.1304988106712699
  view-data: 0.3652120856568217
