times:
  edit-metadata: 1.5566150918602943
  landing: 0.019951123744249344
  view-data: 0.025686629116535187
