times:
  edit-metadata: 1.6435365416109562
  landing: 0.022061621770262718
  view-data: 0.027192994952201843
