times:
  edit-metadata: 1.605073444545269
  landing: 0.019982002675533295
  view-data: 0.02263806201517582
