times:
  edit-metadata: 1.8952491581439972
  landing: 0.15235862508416176
  view-data: 0.37328463420271873
