times:
  edit-metadata: 1.956796271726489
  landing: 0.33042245730757713
  view-data: 0.02651767060160637
