times:
  edit-metadata: 1.9204397294670343
  landing: 0.023110685870051384
  view-data: 0.31960439309477806
