times:
  edit-metadata: 1.6131649678573012
  landing: 0.022040211595594883
  view-data: 0.02536941599100828
