times:
  edit-metadata: 1.836039351299405
  landing: 0.17053784243762493
  view-data: 0.1329395566135645
