times:
  edit-metadata: 1.6120360996574163
  landing: 0.020756779238581657
  view-data: 0.12598218023777008
