times:
  edit-metadata: 1.598468123935163
  landing: 0.01918181125074625
  view-data: 0.02472964394837618
