times:
  edit-metadata: 1.6404866073280573
  landing: 0.17932583764195442
  view-data: 0.023561233654618263
