times:
  edit-metadata: 1.7071767579764128
  landing: 0.25577654875814915
  view-data: 0.1714033428579569
