times:
  edit-metadata: 1.6103695761412382
  landing: 0.023780059069395065
  view-data: 0.026472603902220726
