times:
  edit-metadata: 1.6122149154543877
  landing: 0.2069407794624567
  view-data: 0.28556917421519756
