times:
  edit-metadata: 1.8743918184190989
  landing: 0.023202117532491684
  view-data: 0.3336730655282736
