times:
  edit-metadata: 0.8296532346867025
  landing: 0.07015083404257894
  view-data: 0.26549980184063315
