times:
  edit-metadata: 0.8630162198096514
  landing: 0.05107130482792854
  view-data: 0.2153798290528357
