times:
  edit-metadata: 1.5896675381809473
  landing: 0.01897320616990328
  view-data: 0.33733904268592596
