times:
  edit-metadata: 0.7927826759405434
  landing: 0.0824664500541985
  view-data: 0.3024261072278023
