times:
  edit-metadata: 1.6322339046746492
  landing: 0.13233311660587788
  view-data: 0.12291899509727955
