times:
  edit-metadata: 0.708078979048878
  landing: 0.0645016897469759
  view-data: 0.2143991249613464
