times:
  edit-metadata: 0.7309265057556331
  landing: 0.15924017177894711
  view-data: 0.22321166191250086
