times:
  edit-metadata: 2.217719515785575
  landing: 0.2129486370831728
  view-data: 0.366148266941309
