times:
  edit-metadata: 1.5749370632693172
  landing: 0.12521073687821627
  view-data: 0.14346075523644686
