times:
  edit-metadata: 1.618981832638383
  landing: 0.15031314175575972
  view-data: 0.4382696123793721
