times:
  edit-metadata: 1.6721401046961546
  landing: 0.0201483853161335
  view-data: 0.14628971740603447
