times:
  edit-metadata: 1.5931579004973173
  landing: 0.021907711401581764
  view-data: 0.13545135222375393
