times:
  edit-metadata: 1.606256308965385
  landing: 0.02254769764840603
  view-data: 0.35197408497333527
