times:
  edit-metadata: 1.6601433167234063
  landing: 0.22991319373250008
  view-data: 0.41940544452518225
