times:
  edit-metadata: 1.5183761650696397
  landing: 0.023442822508513927
  view-data: 0.12233349587768316
