times:
  edit-metadata: 0.5248509524390101
  landing: 0.04399762209504843
  view-data: 0.45968765392899513
