times:
  edit-metadata: 1.4186691334471107
  landing: 0.019306602887809277
  view-data: 0.02575092762708664
