times:
  edit-metadata: 1.600533902645111
  landing: 0.019034257158637047
  view-data: 0.3438141494989395
