times:
  edit-metadata: 1.3885932248085737
  landing: 0.020511552691459656
  view-data: 0.025219986215233803
