times:
  edit-metadata: 1.4036006052047014
  landing: 0.020341040566563606
  view-data: 0.022780820727348328
