times:
  edit-metadata: 0.5506377639248967
  landing: 0.046155793126672506
  view-data: 0.4649062408134341
