times:
  edit-metadata: 0.5314875524491072
  landing: 0.04474542569369078
  view-data: 0.19896208308637142
