times:
  edit-metadata: 1.4297367669641972
  landing: 0.1615812424570322
  view-data: 0.027528103440999985
