times:
  edit-metadata: 1.453387686982751
  landing: 0.02159399911761284
  view-data: 0.4068050719797611
