times:
  edit-metadata: 0.6774505483917892
  landing: 0.10044147493317723
  view-data: 0.21866914071142673
