times:
  edit-metadata: 0.5889741987921298
  landing: 0.15723374020308256
  view-data: 0.2950826110318303
