times:
  edit-metadata: 1.4240781720727682
  landing: 0.022475466132164
  view-data: 0.13452293165028095
