times:
  edit-metadata: 1.8232488110661507
  landing: 0.05089410953223705
  view-data: 0.0585394985973835
