times:
  edit-metadata: 1.8214591518044472
  landing: 0.01988460123538971
  view-data: 0.023327739909291267
