times:
  edit-metadata: 1.8939286172389984
  landing: 0.2867305316030979
  view-data: 0.19821517542004585
