times:
  edit-metadata: 1.4361450569704175
  landing: 0.17791037634015083
  view-data: 0.4259314779192209
