times:
  edit-metadata: 1.9583309032022953
  landing: 0.22843821719288826
  view-data: 0.14671333879232407
