times:
  edit-metadata: 1.4738510977476835
  landing: 0.019558416679501534
  view-data: 0.025210795924067497
