times:
  edit-metadata: 0.7875928250141442
  landing: 0.16440933384001255
  view-data: 0.2104448201134801
