times:
  edit-metadata: 1.3912737257778645
  landing: 0.11665249429643154
  view-data: 0.024012727662920952
