times:
  edit-metadata: 1.4025070536881685
  landing: 0.021374481730163097
  view-data: 0.1220900546759367
