times:
  edit-metadata: 1.4267659951001406
  landing: 0.02072754316031933
  view-data: 0.023740144446492195
