times:
  edit-metadata: 1.4062655791640282
  landing: 0.020772062242031097
  view-data: 0.027384505607187748
