times:
  edit-metadata: 1.936724305152893
  landing: 0.028275063261389732
  view-data: 0.06237114034593105
