times:
  edit-metadata: 1.4159800941124558
  landing: 0.020763322710990906
  view-data: 0.4184534475207329
