times:
  edit-metadata: 2.9635978860023897
  landing: 0.171018995999475
  view-data: 0.49963729600131046
