times:
  edit-metadata: 1.433000210672617
  landing: 0.1274161534383893
  view-data: 0.20493098255246878
