times:
  edit-metadata: 1.4322808319702744
  landing: 0.13460613042116165
  view-data: 0.45775304082781076
