times:
  edit-metadata: 0.5322314631193876
  landing: 0.044886318035423756
  view-data: 0.19884239975363016
