times:
  edit-metadata: 1.617235042154789
  landing: 0.16072358563542366
  view-data: 0.025065504014492035
