times:
  edit-metadata: 1.385314093902707
  landing: 0.020955120213329792
  view-data: 0.02840509545058012
