times:
  edit-metadata: 2.4899263326078653
  landing: 0.024929294362664223
  view-data: 0.1604781411588192
