times:
  edit-metadata: 0.6530965971760452
  landing: 0.13345184409990907
  view-data: 0.22401820728555322
