times:
  edit-metadata: 1.4223242178559303
  landing: 0.021614868193864822
  view-data: 0.36386031471192837
