times:
  edit-metadata: 1.8559588752686977
  landing: 0.02305283211171627
  view-data: 0.3393644355237484
