times:
  edit-metadata: 1.4152033049613237
  landing: 0.019330431707203388
  view-data: 0.117418029345572
