times:
  edit-metadata: 1.431775980629027
  landing: 0.023339655250310898
  view-data: 0.12562805134803057
