times:
  edit-metadata: 0.535654398612678
  landing: 0.04493249300867319
  view-data: 0.20471534971147776
