times:
  edit-metadata: 1.6820558365434408
  landing: 0.023937508463859558
  view-data: 0.1458802092820406
