times:
  edit-metadata: 0.6171018220484257
  landing: 0.1531088319607079
  view-data: 0.2156004924327135
