times:
  edit-metadata: 1.391188584268093
  landing: 0.020892590284347534
  view-data: 0.024915028363466263
