times:
  edit-metadata: 2.20493620634079
  landing: 0.25746934302151203
  view-data: 0.6660616286098957
