times:
  edit-metadata: 1.4206408597528934
  landing: 0.024858915247023106
  view-data: 0.02425642404705286
