times:
  edit-metadata: 1.3940266333520412
  landing: 0.02209225483238697
  view-data: 0.02918875589966774
