times:
  edit-metadata: 1.363647524267435
  landing: 0.1950889816507697
  view-data: 0.44698405358940363
