times:
  edit-metadata: 1.391900071874261
  landing: 0.02106458693742752
  view-data: 0.1374743953347206
