times:
  edit-metadata: 1.378412775695324
  landing: 0.020420104265213013
  view-data: 0.30249398574233055
