times:
  edit-metadata: 1.4937103632837534
  landing: 0.01977813709527254
  view-data: 0.0262753926217556
