times:
  edit-metadata: 0.6719446578063071
  landing: 0.1577783292159438
  view-data: 0.34250993793830276
