times:
  edit-metadata: 1.8043161053210497
  landing: 0.25307633355259895
  view-data: 0.42082091234624386
