times:
  edit-metadata: 1.3879871163517237
  landing: 0.1776212751865387
  view-data: 0.02481562551110983
