times:
  edit-metadata: 1.418373971246183
  landing: 0.020940208807587624
  view-data: 0.4387988205999136
