times:
  edit-metadata: 1.4608264192938805
  landing: 0.24529823288321495
  view-data: 0.025287428870797157
