times:
  edit-metadata: 0.6650063977576792
  landing: 0.07175236335024238
  view-data: 0.3227063352242112
