times:
  edit-metadata: 0.5432118736207485
  landing: 0.04126098193228245
  view-data: 0.22346763499081135
