times:
  edit-metadata: 0.5705717718228698
  landing: 0.040592475794255733
  view-data: 0.2125068735331297
