times:
  edit-metadata: 1.568198960274458
  landing: 0.3066161647439003
  view-data: 0.49327374063432217
