times:
  edit-metadata: 1.448968137614429
  landing: 0.01943613588809967
  view-data: 0.13591205794364214
