times:
  edit-metadata: 1.445718145929277
  landing: 0.020320268347859383
  view-data: 0.4463573507964611
