times:
  edit-metadata: 1.3847491033375263
  landing: 0.01925240084528923
  view-data: 0.03147420287132263
