times:
  edit-metadata: 1.9011188074946404
  landing: 0.02320769615471363
  view-data: 0.6296786647289991
