times:
  edit-metadata: 0.5523970453068614
  landing: 0.04543760325759649
  view-data: 0.201947377063334
