times:
  edit-metadata: 1.314923875965178
  landing: 0.1187492124736309
  view-data: 0.33785869274288416
