times:
  edit-metadata: 0.539574715308845
  landing: 0.04580895975232124
  view-data: 0.45573632698506117
