times:
  edit-metadata: 1.403268768452108
  landing: 0.019916879944503307
  view-data: 0.027678764425218105
