times:
  edit-metadata: 1.7015333846211433
  landing: 0.22928950004279613
  view-data: 0.03802724368870258
