times:
  edit-metadata: 1.4251608178019524
  landing: 0.01796910911798477
  view-data: 0.023209109902381897
