times:
  edit-metadata: 1.4961353801190853
  landing: 0.14862032420933247
  view-data: 0.3653812278062105
