times:
  edit-metadata: 0.5557700768113136
  landing: 0.045757681131362915
  view-data: 0.20438696257770061
