times:
  edit-metadata: 0.5402167681604624
  landing: 0.044279059395194054
  view-data: 0.21480048168450594
