times:
  edit-metadata: 1.6346238926053047
  landing: 0.13089847192168236
  view-data: 0.15869636088609695
