times:
  edit-metadata: 0.545791232958436
  landing: 0.053478010930120945
  view-data: 0.21076528634876013
