times:
  edit-metadata: 1.5560938213020563
  landing: 0.04464895837008953
  view-data: 0.1423291703686118
