times:
  edit-metadata: 0.5599073129706085
  landing: 0.09208227088674903
  view-data: 0.20756132109090686
