times:
  edit-metadata: 1.3952406337484717
  landing: 0.022802012041211128
  view-data: 0.11939820740371943
