times:
  edit-metadata: 1.4644261067733169
  landing: 0.019791400991380215
  view-data: 0.11775504425168037
