times:
  edit-metadata: 1.7806233502924442
  landing: 0.21339180879294872
  view-data: 0.5006393063813448
