times:
  edit-metadata: 1.377761890180409
  landing: 0.025036889128386974
  view-data: 0.12947149761021137
