times:
  edit-metadata: 0.5365742444992065
  landing: 0.04567679576575756
  view-data: 0.19987404346466064
