times:
  edit-metadata: 0.7415329022333026
  landing: 0.043021508026868105
  view-data: 0.2964394330047071
