times:
  edit-metadata: 1.3808184210211039
  landing: 0.23149134404957294
  view-data: 0.024594321846961975
