times:
  edit-metadata: 1.800238085910678
  landing: 0.024374956265091896
  view-data: 0.4485051818192005
