times:
  edit-metadata: 1.412458036094904
  landing: 0.02226996887475252
  view-data: 0.026647177524864674
