times:
  edit-metadata: 1.6197868753224611
  landing: 0.01819887664169073
  view-data: 0.022582328878343105
