times:
  edit-metadata: 1.3942241733893752
  landing: 0.02101602777838707
  view-data: 0.02622515894472599
