times:
  edit-metadata: 1.6175004448741674
  landing: 0.3325068838894367
  view-data: 0.2847859039902687
