times:
  edit-metadata: 1.3929290119558573
  landing: 0.02041527070105076
  view-data: 0.026490503922104836
