times:
  edit-metadata: 1.4122394789010286
  landing: 0.019367417320609093
  view-data: 0.0230016577988863
