times:
  edit-metadata: 0.546036234125495
  landing: 0.04556209500879049
  view-data: 0.20154860895127058
