times:
  edit-metadata: 1.7946275677531958
  landing: 0.022634144872426987
  view-data: 0.05573798529803753
