times:
  edit-metadata: 1.365091917105019
  landing: 0.02196505106985569
  view-data: 0.026025917381048203
