times:
  edit-metadata: 1.4297552984207869
  landing: 0.1314790230244398
  view-data: 0.024364033713936806
