times:
  edit-metadata: 1.502466419711709
  landing: 0.01927896775305271
  view-data: 0.028584202751517296
