times:
  edit-metadata: 1.5785873904824257
  landing: 0.3583964668214321
  view-data: 0.3641854114830494
