times:
  edit-metadata: 0.5699638067744672
  landing: 0.07024456420913339
  view-data: 0.22618556581437588
