times:
  edit-metadata: 1.440622603520751
  landing: 0.01953980326652527
  view-data: 0.02386189065873623
