times:
  edit-metadata: 1.538750445470214
  landing: 0.019620862789452076
  view-data: 0.026632044464349747
