times:
  edit-metadata: 1.6277555413544178
  landing: 0.039692915976047516
  view-data: 0.18688054755330086
