times:
  edit-metadata: 1.3297045975923538
  landing: 0.11646236106753349
  view-data: 0.21040310431271791
