times:
  edit-metadata: 1.4125913549214602
  landing: 0.018773872405290604
  view-data: 0.33314491994678974
