times:
  edit-metadata: 1.3595240712165833
  landing: 0.018936438485980034
  view-data: 0.3123971689492464
