times:
  edit-metadata: 0.5285349525511265
  landing: 0.043701235204935074
  view-data: 0.20300078857690096
