times:
  edit-metadata: 1.4299053438007832
  landing: 0.020961486734449863
  view-data: 0.42104429565370083
