times:
  edit-metadata: 1.3504316108301282
  landing: 0.19663199875503778
  view-data: 0.33867602702230215
