times:
  edit-metadata: 0.545326117426157
  landing: 0.05077443830668926
  view-data: 0.19596595503389835
