times:
  edit-metadata: 1.655771603807807
  landing: 0.1913725808262825
  view-data: 0.532882260158658
