times:
  edit-metadata: 0.5594189343973994
  landing: 0.04844638705253601
  view-data: 0.2013581208884716
