times:
  edit-metadata: 1.3966030832380056
  landing: 0.019636617973446846
  view-data: 0.023681921884417534
