times:
  edit-metadata: 1.744966596364975
  landing: 0.16244496405124664
  view-data: 0.3055800646543503
