times:
  edit-metadata: 1.4117877297103405
  landing: 0.021439079195261
  view-data: 0.023474330082535744
