times:
  edit-metadata: 1.8510258495807648
  landing: 0.30398716405034065
  view-data: 0.2114732228219509
