times:
  edit-metadata: 1.4156547915190458
  landing: 0.11862136423587799
  view-data: 0.02418593131005764
