times:
  edit-metadata: 0.5415991023182869
  landing: 0.049312788993120193
  view-data: 0.23174562118947506
