times:
  edit-metadata: 0.5336704598739743
  landing: 0.04478642391040921
  view-data: 0.46381180034950376
