times:
  edit-metadata: 1.3896739538758993
  landing: 0.1289015980437398
  view-data: 0.025408253073692322
