times:
  edit-metadata: 0.5400416869670153
  landing: 0.04271151404827833
  view-data: 0.20548240654170513
