times:
  edit-metadata: 1.4661261439323425
  landing: 0.02008883748203516
  view-data: 0.026298181153833866
