times:
  edit-metadata: 0.5650173085741699
  landing: 0.13603551592677832
  view-data: 0.33386190701276064
