times:
  edit-metadata: 1.466549581848085
  landing: 0.1410315716639161
  view-data: 0.027255563996732235
