times:
  edit-metadata: 1.4209732990711927
  landing: 0.11690949462354183
  view-data: 0.022047691978514194
