times:
  edit-metadata: 1.63009824603796
  landing: 0.27077872678637505
  view-data: 0.3731524981558323
