times:
  edit-metadata: 0.5599701022729278
  landing: 0.04835583548992872
  view-data: 0.3279416346922517
