times:
  edit-metadata: 1.403874373063445
  landing: 0.021717144176363945
  view-data: 0.02632104977965355
