times:
  edit-metadata: 0.5960158668458462
  landing: 0.11544702993705869
  view-data: 0.22263351688161492
