times:
  edit-metadata: 1.777016601525247
  landing: 0.16137315053492785
  view-data: 0.17173549346625805
