times:
  edit-metadata: 1.3834083266556263
  landing: 0.022549720481038094
  view-data: 0.02376884315162897
