times:
  edit-metadata: 1.914389006793499
  landing: 0.36708279699087143
  view-data: 0.05032475106418133
