times:
  edit-metadata: 1.3841293333098292
  landing: 0.02082209289073944
  view-data: 0.026371652260422707
