times:
  edit-metadata: 1.9056180082261562
  landing: 0.02017339877784252
  view-data: 0.4050291460007429
