times:
  edit-metadata: 1.393689607270062
  landing: 0.0220693526789546
  view-data: 0.38912946451455355
