times:
  edit-metadata: 1.5125862760469317
  landing: 0.019543452188372612
  view-data: 0.4473316855728626
