times:
  edit-metadata: 1.3838826408609748
  landing: 0.024772342294454575
  view-data: 0.02585272304713726
