times:
  edit-metadata: 0.8247911757789552
  landing: 0.12107877712696791
  view-data: 0.31520073395222425
