times:
  edit-metadata: 0.5377100789919496
  landing: 0.05532979965209961
  view-data: 0.22500981204211712
