times:
  edit-metadata: 1.384998733177781
  landing: 0.018466386012732983
  view-data: 0.025856557302176952
