times:
  edit-metadata: 1.4027889538556337
  landing: 0.019320204854011536
  view-data: 0.45570164266973734
