times:
  edit-metadata: 1.3831333853304386
  landing: 0.01984590571373701
  view-data: 0.09811958484351635
