times:
  edit-metadata: 1.3816954428330064
  landing: 0.1317305751144886
  view-data: 0.5143733061850071
