times:
  edit-metadata: 1.4836846962571144
  landing: 0.020018773153424263
  view-data: 0.6410155147314072
