times:
  edit-metadata: 1.406885340809822
  landing: 0.020332906395196915
  view-data: 0.023236088454723358
