times:
  edit-metadata: 0.7754536122083664
  landing: 0.06847035186365247
  view-data: 0.3059508567675948
