times:
  edit-metadata: 0.5493363663554192
  landing: 0.0463930806145072
  view-data: 0.20812471024692059
