times:
  edit-metadata: 1.4083008943125606
  landing: 0.020793921314179897
  view-data: 0.027626659721136093
