times:
  edit-metadata: 1.453049087896943
  landing: 0.16126004606485367
  view-data: 0.1531861014664173
