times:
  edit-metadata: 0.5858431262895465
  landing: 0.0873657800257206
  view-data: 0.2265808922238648
