times:
  edit-metadata: 1.3749925587326288
  landing: 0.021020986139774323
  view-data: 0.12508466374129057
