times:
  edit-metadata: 1.406427456997335
  landing: 0.02194640412926674
  view-data: 0.027622432447969913
