times:
  edit-metadata: 1.6601477041840553
  landing: 0.20976095274090767
  view-data: 0.28832750394940376
