times:
  edit-metadata: 1.4470382574945688
  landing: 0.2115247379988432
  view-data: 0.4232045989483595
