times:
  edit-metadata: 0.555359581951052
  landing: 0.04743670113384724
  view-data: 0.21462330827489495
