times:
  edit-metadata: 1.8495989963412285
  landing: 0.023243820294737816
  view-data: 0.5207323040813208
