times:
  edit-metadata: 1.666759042069316
  landing: 0.20729811303317547
  view-data: 0.3886741455644369
