times:
  edit-metadata: 0.5265385583043098
  landing: 0.04791636765003204
  view-data: 0.429506647400558
