times:
  edit-metadata: 1.4118737177923322
  landing: 0.02171439677476883
  view-data: 0.09940751735121012
