times:
  edit-metadata: 1.494604904204607
  landing: 0.11683799512684345
  view-data: 0.4052696917206049
