times:
  edit-metadata: 1.4185526967048645
  landing: 0.018809258937835693
  view-data: 0.025462595745921135
