times:
  edit-metadata: 1.4417360238730907
  landing: 0.022295191884040833
  view-data: 0.024728812277317047
