times:
  edit-metadata: 1.4304873012006283
  landing: 0.15039070881903172
  view-data: 0.023667912930250168
