times:
  edit-metadata: 1.3976806327700615
  landing: 0.021120967343449593
  view-data: 0.02561972476541996
