times:
  edit-metadata: 0.526945146266371
  landing: 0.04592273477464914
  view-data: 0.339890421833843
