times:
  edit-metadata: 1.4164410252124071
  landing: 0.018443411216139793
  view-data: 0.14202034287154675
