times:
  edit-metadata: 1.3962388020008802
  landing: 0.16398265026509762
  view-data: 0.3183531332761049
