times:
  edit-metadata: 1.471055457368493
  landing: 0.02336115948855877
  view-data: 0.4183426462113857
