times:
  edit-metadata: 0.7239572973921895
  landing: 0.09448918979614973
  view-data: 0.21102126827463508
