times:
  edit-metadata: 1.3596044862642884
  landing: 0.021436909213662148
  view-data: 0.12130007892847061
