times:
  edit-metadata: 1.592960437759757
  landing: 0.3281219359487295
  view-data: 0.025381723418831825
