times:
  edit-metadata: 1.3915419382974505
  landing: 0.1186450021341443
  view-data: 0.024761779233813286
