times:
  edit-metadata: 1.3740334659814835
  landing: 0.10903986729681492
  view-data: 0.02369692735373974
