times:
  edit-metadata: 1.4072510674595833
  landing: 0.019610349088907242
  view-data: 0.024755376391112804
