times:
  edit-metadata: 1.7903448957949877
  landing: 0.15810121595859528
  view-data: 0.3127921149134636
