times:
  edit-metadata: 1.446106906980276
  landing: 0.018726984970271587
  view-data: 0.024491041898727417
