times:
  edit-metadata: 1.4077202249318361
  landing: 0.22944619599729776
  view-data: 0.1337243728339672
