times:
  edit-metadata: 1.902716612443328
  landing: 0.21783783100545406
  view-data: 0.44265157729387283
