times:
  edit-metadata: 0.5176929039880633
  landing: 0.04704661387950182
  view-data: 0.3511486705392599
