times:
  edit-metadata: 0.5320659587159753
  landing: 0.038923367857933044
  view-data: 0.5800282647833228
