times:
  edit-metadata: 1.4450775515288115
  landing: 0.019564379006624222
  view-data: 0.023757874965667725
