times:
  edit-metadata: 1.935564011335373
  landing: 0.209159130230546
  view-data: 0.24145910143852234
