times:
  edit-metadata: 1.387420947663486
  landing: 0.01865569967776537
  view-data: 0.02410051692277193
