times:
  edit-metadata: 1.374210582114756
  landing: 0.17676822375506163
  view-data: 0.1345891309902072
