times:
  edit-metadata: 2.0620802585035563
  landing: 0.22770010866224766
  view-data: 0.3596076965332031
