times:
  edit-metadata: 1.3926770277321339
  landing: 0.02288488857448101
  view-data: 0.027099430561065674
