times:
  edit-metadata: 1.5246629044413567
  landing: 0.14204507134854794
  view-data: 0.025091891176998615
