times:
  edit-metadata: 1.4143714299425483
  landing: 0.02206367254257202
  view-data: 0.024947598576545715
