times:
  edit-metadata: 1.3783580269664526
  landing: 0.020439873449504375
  view-data: 0.12288421206176281
