times:
  edit-metadata: 1.475932369939983
  landing: 0.021487457677721977
  view-data: 0.026258544996380806
