times:
  edit-metadata: 1.9017609115689993
  landing: 0.04835972189903259
  view-data: 0.046411724761128426
