times:
  edit-metadata: 1.4735120013356209
  landing: 0.020808245986700058
  view-data: 0.34538313932716846
