times:
  edit-metadata: 1.4057648088783026
  landing: 0.019977768883109093
  view-data: 0.03008209727704525
