times:
  edit-metadata: 1.4588887337595224
  landing: 0.12609199807047844
  view-data: 0.14757100492715836
