times:
  edit-metadata: 1.3847360936924815
  landing: 0.18565911799669266
  view-data: 0.12749521154910326
