times:
  edit-metadata: 1.3865368915721774
  landing: 0.0230324761942029
  view-data: 0.12285642884671688
