times:
  edit-metadata: 0.5360098015516996
  landing: 0.04260324314236641
  view-data: 0.2237744526937604
