times:
  edit-metadata: 1.3873625583946705
  landing: 0.019239493645727634
  view-data: 0.12302652839571238
