times:
  edit-metadata: 1.3922834172844887
  landing: 0.02009204402565956
  view-data: 0.3156261295080185
