times:
  edit-metadata: 1.3930683489888906
  landing: 0.1125771626830101
  view-data: 0.024570763111114502
