times:
  edit-metadata: 1.411193061619997
  landing: 0.2082869317382574
  view-data: 0.025597771629691124
