times:
  edit-metadata: 1.8659805450588465
  landing: 0.3331619091331959
  view-data: 0.29041440784931183
