times:
  edit-metadata: 0.5470361690968275
  landing: 0.15640262328088284
  view-data: 0.27582019194960594
