times:
  edit-metadata: 1.3794998601078987
  landing: 0.02236427739262581
  view-data: 0.5258944565430284
