times:
  edit-metadata: 1.367718226276338
  landing: 0.019627192057669163
  view-data: 0.026822835206985474
