times:
  edit-metadata: 1.4741589836776257
  landing: 0.02062893006950617
  view-data: 0.024941690266132355
