times:
  edit-metadata: 1.7078516688197851
  landing: 0.1581365503370762
  view-data: 0.1100805876776576
