times:
  edit-metadata: 1.478295935317874
  landing: 0.14613996259868145
  view-data: 0.32349959574639797
