times:
  edit-metadata: 1.4058254156261683
  landing: 0.2301315888762474
  view-data: 0.1247760858386755
