times:
  edit-metadata: 1.3756316751241684
  landing: 0.020913440734148026
  view-data: 0.09750166349112988
