times:
  edit-metadata: 1.6097951475530863
  landing: 0.04990553297102451
  view-data: 0.3422539606690407
