times:
  edit-metadata: 1.4368859762325883
  landing: 0.02014502789825201
  view-data: 0.4373224312439561
