times:
  edit-metadata: 1.9580329963937402
  landing: 0.018883169628679752
  view-data: 0.022360404022037983
