times:
  edit-metadata: 1.4814223777502775
  landing: 0.3420129381120205
  view-data: 0.29439257457852364
