times:
  edit-metadata: 1.7950693629682064
  landing: 0.02309419959783554
  view-data: 0.022883310914039612
