times:
  edit-metadata: 1.4389669205993414
  landing: 0.02022715099155903
  view-data: 0.2537440340965986
