times:
  edit-metadata: 1.3519075382500887
  landing: 0.024100379087030888
  view-data: 0.48513851780444384
