times:
  edit-metadata: 1.3635786976665258
  landing: 0.02084871008992195
  view-data: 0.02551045548170805
