times:
  edit-metadata: 1.467052897438407
  landing: 0.019986338913440704
  view-data: 0.02544722706079483
