times:
  edit-metadata: 1.3312795041128993
  landing: 0.202993574552238
  view-data: 0.25150454230606556
