times:
  edit-metadata: 0.5397741002961993
  landing: 0.051021305844187737
  view-data: 0.35956778563559055
