times:
  edit-metadata: 1.4002534979954362
  landing: 0.019949574023485184
  view-data: 0.026292020455002785
