times:
  edit-metadata: 1.4081698544323444
  landing: 0.02266481425613165
  view-data: 0.4194519454613328
