times:
  edit-metadata: 0.6549183521419764
  landing: 0.0912562320008874
  view-data: 0.2082587922923267
