times:
  edit-metadata: 1.3674381682649255
  landing: 0.019414964132010937
  view-data: 0.45803281385451555
