times:
  edit-metadata: 1.4171733036637306
  landing: 0.13098279014229774
  view-data: 0.23255713935941458
