times:
  edit-metadata: 1.484714888036251
  landing: 0.1457218900322914
  view-data: 0.30942692793905735
