times:
  edit-metadata: 1.454963106662035
  landing: 0.023168393410742283
  view-data: 0.02989556360989809
