times:
  edit-metadata: 0.5264812568202615
  landing: 0.0430653290823102
  view-data: 0.5913982717320323
