times:
  edit-metadata: 0.5413031484931707
  landing: 0.04419340379536152
  view-data: 0.21318653505295515
