times:
  edit-metadata: 1.3843089332804084
  landing: 0.021363940089941025
  view-data: 0.025194897316396236
