times:
  edit-metadata: 1.382505259476602
  landing: 0.021304557099938393
  view-data: 0.025593689642846584
