times:
  edit-metadata: 0.5442236331291497
  landing: 0.04905128898099065
  view-data: 0.20929344277828932
