times:
  edit-metadata: 1.4223504466935992
  landing: 0.020793014205992222
  view-data: 0.1048809327185154
