times:
  edit-metadata: 1.4515928272157907
  landing: 0.020049210637807846
  view-data: 0.12508179992437363
