times:
  edit-metadata: 1.514567319303751
  landing: 0.020009413361549377
  view-data: 0.026413362473249435
