times:
  edit-metadata: 0.8158663269132376
  landing: 0.10741000389680266
  view-data: 0.31964182015508413
