times:
  edit-metadata: 1.3674088679254055
  landing: 0.23145148530602455
  view-data: 0.02317575365304947
