times:
  edit-metadata: 1.5119028612971306
  landing: 0.019329657778143883
  view-data: 0.02621322311460972
