times:
  edit-metadata: 1.4144926071166992
  landing: 0.019167497754096985
  view-data: 0.025393441319465637
