times:
  edit-metadata: 1.4617512840777636
  landing: 0.2273010052740574
  view-data: 0.1319683725014329
