times:
  edit-metadata: 0.5865610069595277
  landing: 0.05278605595231056
  view-data: 0.3431764910928905
