times:
  edit-metadata: 1.3796138893812895
  landing: 0.18545027077198029
  view-data: 0.02559790387749672
