times:
  edit-metadata: 0.5561095885932446
  landing: 0.08066328708082438
  view-data: 0.22301569115370512
