times:
  edit-metadata: 1.4043321730569005
  landing: 0.020191440358757973
  view-data: 0.023467167280614376
