times:
  edit-metadata: 0.5993616259656847
  landing: 0.08638361003249884
  view-data: 0.21654863376170397
