times:
  edit-metadata: 1.3818121226504445
  landing: 0.019934155978262424
  view-data: 0.023525229655206203
