times:
  edit-metadata: 1.4060664037242532
  landing: 0.09149351064115763
  view-data: 0.024336041882634163
