times:
  edit-metadata: 1.3869300037622452
  landing: 0.02147055882960558
  view-data: 0.4799546170979738
