times:
  edit-metadata: 1.386571167036891
  landing: 0.021348060108721256
  view-data: 0.025855726562440395
