times:
  edit-metadata: 0.5417283568531275
  landing: 0.046876789070665836
  view-data: 0.19962552655488253
