times:
  edit-metadata: 1.4051461713388562
  landing: 0.12130900658667088
  view-data: 0.09819209482520819
