times:
  edit-metadata: 1.3466895753517747
  landing: 0.021879767999053
  view-data: 0.1263324124738574
