times:
  edit-metadata: 1.6301527433097363
  landing: 0.22511231899261475
  view-data: 0.026343127712607384
