times:
  edit-metadata: 1.4868396827951074
  landing: 0.2622136836871505
  view-data: 0.4322606436908245
