times:
  edit-metadata: 1.7273061787709594
  landing: 0.019455489702522755
  view-data: 0.15237507689744234
