times:
  edit-metadata: 1.3835867242887616
  landing: 0.020221718586981297
  view-data: 0.12223049346357584
