times:
  edit-metadata: 1.3809340288862586
  landing: 0.02225391287356615
  view-data: 0.12162050884217024
