times:
  edit-metadata: 1.5570410136133432
  landing: 0.021576538681983948
  view-data: 0.5015005189925432
