times:
  edit-metadata: 1.4186660228297114
  landing: 0.13063059281557798
  view-data: 0.22746547870337963
