times:
  edit-metadata: 1.4012600388377905
  landing: 0.02164934016764164
  view-data: 0.028187748044729233
