times:
  edit-metadata: 0.5447602393105626
  landing: 0.037619528360664845
  view-data: 0.34658106975257397
