times:
  edit-metadata: 1.3750052601099014
  landing: 0.020155347883701324
  view-data: 0.2807811461389065
