times:
  edit-metadata: 1.4824035614728928
  landing: 0.14651438780128956
  view-data: 0.026294579729437828
