times:
  edit-metadata: 1.4180292710661888
  landing: 0.18396029621362686
  view-data: 0.3517700880765915
