times:
  edit-metadata: 0.5830755885690451
  landing: 0.08301076665520668
  view-data: 0.21791264414787292
