times:
  edit-metadata: 1.6891889534890652
  landing: 0.2654425110667944
  view-data: 0.457005076110363
