times:
  edit-metadata: 1.382786836475134
  landing: 0.0215701162815094
  view-data: 0.3712588306516409
