times:
  edit-metadata: 1.7571433912962675
  landing: 0.1989040756598115
  view-data: 0.5139155350625515
