times:
  edit-metadata: 1.562089754268527
  landing: 0.12343251891434193
  view-data: 0.03161169961094856
