times:
  edit-metadata: 1.40382978040725
  landing: 0.0205583106726408
  view-data: 0.02540587354451418
