times:
  edit-metadata: 1.3936608545482159
  landing: 0.18354072328656912
  view-data: 0.12116105295717716
