times:
  edit-metadata: 1.4430836290121078
  landing: 0.026826981455087662
  view-data: 0.1409794595092535
