times:
  edit-metadata: 1.4634415674954653
  landing: 0.020700369030237198
  view-data: 0.027136199176311493
