times:
  edit-metadata: 1.387734011746943
  landing: 0.02018176019191742
  view-data: 0.45007491018623114
