times:
  edit-metadata: 1.4430285636335611
  landing: 0.022298939526081085
  view-data: 0.3716870415955782
