times:
  edit-metadata: 1.9211323261260986
  landing: 0.30928757786750793
  view-data: 0.419689629226923
