times:
  edit-metadata: 1.3919573221355677
  landing: 0.10338360723108053
  view-data: 0.026417717337608337
