times:
  edit-metadata: 1.4361251890659332
  landing: 0.019932324066758156
  view-data: 0.30995829217135906
