times:
  edit-metadata: 1.415356868878007
  landing: 0.1695501208305359
  view-data: 0.023344057612121105
