times:
  edit-metadata: 0.5330482828430831
  landing: 0.04746307898312807
  view-data: 0.35753580182790756
