times:
  edit-metadata: 0.5612372639589012
  landing: 0.07430431712418795
  view-data: 0.20960712293162942
