times:
  edit-metadata: 0.9455865989439189
  landing: 0.04388184705749154
  view-data: 0.31508423388004303
