times:
  edit-metadata: 1.381253655999899
  landing: 0.1252642497420311
  view-data: 0.25433395709842443
