times:
  edit-metadata: 1.377697603777051
  landing: 0.13350833486765623
  view-data: 0.02405354753136635
