times:
  edit-metadata: 1.3961107041686773
  landing: 0.022690586745738983
  view-data: 0.12521728221327066
