times:
  edit-metadata: 1.3838974935933948
  landing: 0.019574470818042755
  view-data: 0.09889824967831373
