times:
  edit-metadata: 1.4528454318642616
  landing: 0.023803923279047012
  view-data: 0.12704042345285416
