times:
  edit-metadata: 1.386078555136919
  landing: 0.021427782252430916
  view-data: 0.12894141674041748
