times:
  edit-metadata: 0.5378719051368535
  landing: 0.0673423483967781
  view-data: 0.2182510131970048
