times:
  edit-metadata: 1.4043985828757286
  landing: 0.11676986888051033
  view-data: 0.025921214371919632
