times:
  edit-metadata: 0.5435986062511802
  landing: 0.04667765460908413
  view-data: 0.2305248510092497
