times:
  edit-metadata: 1.3747721938416362
  landing: 0.020205311477184296
  view-data: 0.3416588930413127
