times:
  edit-metadata: 1.3980230567976832
  landing: 0.023678635247051716
  view-data: 0.025964519008994102
