times:
  edit-metadata: 0.534282935783267
  landing: 0.04461398720741272
  view-data: 0.21881732530891895
