times:
  edit-metadata: 1.7069990523159504
  landing: 0.4206181112676859
  view-data: 0.43669272027909756
