times:
  edit-metadata: 0.6043796637095511
  landing: 0.08828167989850044
  view-data: 0.21156742423772812
