times:
  edit-metadata: 0.5413774410262704
  landing: 0.1233142320998013
  view-data: 0.29247192293405533
