times:
  edit-metadata: 0.6749654677696526
  landing: 0.135272357147187
  view-data: 0.21262898622080684
