times:
  edit-metadata: 0.5212650671601295
  landing: 0.07975131599232554
  view-data: 0.2280291449278593
