times:
  edit-metadata: 1.5142421536147594
  landing: 0.024188097566366196
  view-data: 0.029535287991166115
