times:
  edit-metadata: 1.3932627737522125
  landing: 0.01920396275818348
  view-data: 0.3146019037812948
