times:
  edit-metadata: 1.5586481131613255
  landing: 0.2055792510509491
  view-data: 0.3283693417906761
