times:
  edit-metadata: 0.5328647363930941
  landing: 0.06385808298364282
  view-data: 0.2162227500230074
