times:
  edit-metadata: 1.3903650436550379
  landing: 0.022557619959115982
  view-data: 0.29261811077594757
