times:
  edit-metadata: 1.716975262388587
  landing: 0.13996553048491478
  view-data: 0.1565116085112095
