times:
  edit-metadata: 1.6272177956998348
  landing: 0.024248164147138596
  view-data: 0.45544740557670593
