times:
  edit-metadata: 0.5642840079963207
  landing: 0.048829139210283756
  view-data: 0.21527931606397033
