times:
  edit-metadata: 1.3837549723684788
  landing: 0.018889646977186203
  view-data: 0.024003947153687477
