times:
  edit-metadata: 0.5255436627194285
  landing: 0.06648201495409012
  view-data: 0.21518509602174163
