times:
  edit-metadata: 0.7504849229007959
  landing: 0.09387985803186893
  view-data: 0.2866820590570569
