times:
  edit-metadata: 0.5899215047247708
  landing: 0.0683137341402471
  view-data: 0.30802670307457447
