times:
  edit-metadata: 0.662331772968173
  landing: 0.12108231568709016
  view-data: 0.2816724730655551
