times:
  edit-metadata: 0.8225756171159446
  landing: 0.048485502135008574
  view-data: 0.2735928758047521
