times:
  edit-metadata: 1.9292154759168625
  landing: 0.15681891329586506
  view-data: 0.13355770148336887
