times:
  edit-metadata: 1.55860791541636
  landing: 0.24330622144043446
  view-data: 0.31072666868567467
