times:
  edit-metadata: 1.541069881990552
  landing: 0.14156686887145042
  view-data: 0.2470617387443781
