times:
  edit-metadata: 0.776712822727859
  landing: 0.12754825502634048
  view-data: 0.32598049007356167
