times:
  edit-metadata: 0.8137081880122423
  landing: 0.0689927008934319
  view-data: 0.21517459210008383
