times:
  edit-metadata: 1.507642524316907
  landing: 0.04056410677731037
  view-data: 0.13983882777392864
