times:
  edit-metadata: 0.7188323857262731
  landing: 0.0665030530653894
  view-data: 0.2888416978530586
