times:
  edit-metadata: 0.5255960188806057
  landing: 0.06498318910598755
  view-data: 0.21237671887502074
