times:
  edit-metadata: 1.596461158245802
  landing: 0.20479109697043896
  view-data: 0.4547564275562763
