times:
  edit-metadata: 1.4106397926807404
  landing: 0.3933889213949442
  view-data: 0.14407111331820488
