times:
  edit-metadata: 1.8637108989059925
  landing: 0.34185727313160896
  view-data: 0.33384028263390064
