times:
  edit-metadata: 1.5542136132717133
  landing: 0.02400984801352024
  view-data: 0.1318932082504034
