times:
  edit-metadata: 1.493238067254424
  landing: 0.01979459449648857
  view-data: 0.027788393199443817
