times:
  edit-metadata: 0.7684858217835426
  landing: 0.062695920933038
  view-data: 0.2199495011009276
