times:
  edit-metadata: 1.5821359902620316
  landing: 0.1372904907912016
  view-data: 0.15193511359393597
