times:
  edit-metadata: 0.7229701671749353
  landing: 0.04994600173085928
  view-data: 0.32728987094014883
