times:
  edit-metadata: 0.5106114409863949
  landing: 0.06378137227147818
  view-data: 0.21511131757870317
