times:
  edit-metadata: 0.5320929130539298
  landing: 0.07220600824803114
  view-data: 0.22034482099115849
