times:
  edit-metadata: 1.5869747214019299
  landing: 0.21382365189492702
  view-data: 0.45219162106513977
