times:
  edit-metadata: 1.588324585929513
  landing: 0.22229530848562717
  view-data: 0.02335331030189991
