times:
  edit-metadata: 1.423044079914689
  landing: 0.02129104919731617
  view-data: 0.12309795618057251
