times:
  edit-metadata: 0.778355848044157
  landing: 0.04637543438002467
  view-data: 0.30432342318817973
