times:
  edit-metadata: 0.7054699026048183
  landing: 0.11601982498541474
  view-data: 0.21283174585551023
