times:
  edit-metadata: 0.5179711901582778
  landing: 0.06171935284510255
  view-data: 0.2047006282955408
