times:
  edit-metadata: 1.5213634558022022
  landing: 0.20907218754291534
  view-data: 0.26448579505085945
