times:
  edit-metadata: 1.3245282042771578
  landing: 0.022283339872956276
  view-data: 0.02662063203752041
