times:
  edit-metadata: 0.8691412610933185
  landing: 0.05505569186061621
  view-data: 0.22831266559660435
