times:
  edit-metadata: 1.5100515149533749
  landing: 0.17606439255177975
  view-data: 0.15795011445879936
