times:
  edit-metadata: 0.7739168140105903
  landing: 0.07409986900165677
  view-data: 0.21416325774043798
