times:
  edit-metadata: 0.5324528589844704
  landing: 0.06698795827105641
  view-data: 0.219896140974015
