times:
  edit-metadata: 0.6095032482407987
  landing: 0.15407821908593178
  view-data: 0.2570845801383257
