times:
  edit-metadata: 1.3443281166255474
  landing: 0.16988323256373405
  view-data: 0.10009441152215004
