times:
  edit-metadata: 0.582374902907759
  landing: 0.10698191914707422
  view-data: 0.3303375649265945
