times:
  edit-metadata: 0.7224145280197263
  landing: 0.06307625025510788
  view-data: 0.34448685497045517
