times:
  edit-metadata: 1.6774488557130098
  landing: 0.049380701035261154
  view-data: 0.026401028037071228
