times:
  edit-metadata: 1.4464021250605583
  landing: 0.023372141644358635
  view-data: 0.025964656844735146
