times:
  edit-metadata: 1.5413324050605297
  landing: 0.22902094013988972
  view-data: 0.41755913384258747
