times:
  edit-metadata: 0.7061168937943876
  landing: 0.054035504814237356
  view-data: 0.29305880796164274
