times:
  edit-metadata: 0.566572668030858
  landing: 0.07365727704018354
  view-data: 0.2394729838706553
