times:
  edit-metadata: 0.5449208957143128
  landing: 0.076316571328789
  view-data: 0.24927657283842564
