times:
  edit-metadata: 0.5539057902060449
  landing: 0.07147022988647223
  view-data: 0.22590283397585154
