times:
  edit-metadata: 1.9517237395048141
  landing: 0.02029862441122532
  view-data: 0.03205113112926483
