times:
  edit-metadata: 1.380091993138194
  landing: 0.11576235480606556
  view-data: 0.3184922765940428
