times:
  edit-metadata: 1.9000702686607838
  landing: 0.0257984958589077
  view-data: 0.13889104686677456
