times:
  edit-metadata: 1.4327714201062918
  landing: 0.022284332662820816
  view-data: 0.02799312025308609
