times:
  edit-metadata: 0.598793569020927
  landing: 0.07487738132476807
  view-data: 0.292759976349771
