times:
  edit-metadata: 1.430645789951086
  landing: 0.17780186608433723
  view-data: 0.0264147762209177
