times:
  edit-metadata: 1.5685055777430534
  landing: 0.021060019731521606
  view-data: 0.028094889596104622
