times:
  edit-metadata: 0.7623401288874447
  landing: 0.07200146187096834
  view-data: 0.3370038070715964
