times:
  edit-metadata: 1.4097026251256466
  landing: 0.0205675158649683
  view-data: 0.025113865733146667
