times:
  edit-metadata: 0.6688802749849856
  landing: 0.1348308753222227
  view-data: 0.20223511615768075
