times:
  edit-metadata: 1.3851926680654287
  landing: 0.020586278289556503
  view-data: 0.026024308055639267
