times:
  edit-metadata: 1.6691481620073318
  landing: 0.20000462420284748
  view-data: 0.02516552433371544
