times:
  edit-metadata: 1.6028084568679333
  landing: 0.04566043242812157
  view-data: 0.3493707403540611
