times:
  edit-metadata: 0.6515886127017438
  landing: 0.047580002807080746
  view-data: 0.3043276355601847
