times:
  edit-metadata: 1.4521771129220724
  landing: 0.11694384180009365
  view-data: 0.35864765010774136
