times:
  edit-metadata: 1.360166134312749
  landing: 0.018689844757318497
  view-data: 0.33195705339312553
