times:
  edit-metadata: 0.5481929262168705
  landing: 0.06955282995477319
  view-data: 0.19693021709099412
