times:
  edit-metadata: 1.6143734883517027
  landing: 0.24134274385869503
  view-data: 0.43036297895014286
