times:
  edit-metadata: 0.5906338761560619
  landing: 0.06679369322955608
  view-data: 0.21085196221247315
