times:
  edit-metadata: 1.6328097358345985
  landing: 0.2002879250794649
  view-data: 0.4076921474188566
