times:
  edit-metadata: 1.668585130944848
  landing: 0.1455372329801321
  view-data: 0.4761853273957968
