times:
  edit-metadata: 1.5333846770226955
  landing: 0.02291666902601719
  view-data: 0.4584097098559141
