times:
  edit-metadata: 0.5737261548638344
  landing: 0.044852031860500574
  view-data: 0.2120944270864129
