times:
  edit-metadata: 1.3741721585392952
  landing: 0.020302120596170425
  view-data: 0.027512693777680397
