times:
  edit-metadata: 1.4817708898335695
  landing: 0.0213006678968668
  view-data: 0.13498039171099663
