times:
  edit-metadata: 1.4779589362442493
  landing: 0.021344700828194618
  view-data: 0.02512468211352825
