times:
  edit-metadata: 0.5576957208104432
  landing: 0.09755174908787012
  view-data: 0.26909603690728545
