times:
  edit-metadata: 0.5615819990634918
  landing: 0.06590984016656876
  view-data: 0.21248564263805747
