times:
  edit-metadata: 0.5651668221689761
  landing: 0.0970424204133451
  view-data: 0.24054219899699092
