times:
  edit-metadata: 0.5629062009975314
  landing: 0.06765926303341985
  view-data: 0.2163745341822505
