times:
  edit-metadata: 1.3890209887176752
  landing: 0.02243010513484478
  view-data: 0.025705521926283836
