times:
  edit-metadata: 0.7088349261321127
  landing: 0.11707116710022092
  view-data: 0.21833160007372499
