times:
  edit-metadata: 1.6817811746150255
  landing: 0.249149352312088
  view-data: 0.1760325599461794
