times:
  edit-metadata: 1.7348028998821974
  landing: 0.2598037403076887
  view-data: 0.15643953345716
