times:
  edit-metadata: 1.644099622964859
  landing: 0.26809457316994667
  view-data: 0.4410720579326153
