times:
  edit-metadata: 0.7815705658867955
  landing: 0.07047243881970644
  view-data: 0.21353916078805923
