times:
  edit-metadata: 0.6260540368966758
  landing: 0.08247770369052887
  view-data: 0.3230444439686835
