times:
  edit-metadata: 0.5841160900890827
  landing: 0.13530847011134028
  view-data: 0.21178739704191685
