times:
  edit-metadata: 1.9009917117655277
  landing: 0.24995296820998192
  view-data: 0.4557122550904751
