times:
  edit-metadata: 1.7343836780637503
  landing: 0.15704108215868473
  view-data: 0.029003795236349106
