times:
  edit-metadata: 0.5861836769618094
  landing: 0.06936828093603253
  view-data: 0.22632200177758932
