times:
  edit-metadata: 1.5601822584867477
  landing: 0.21128268539905548
  view-data: 0.3897676207125187
