times:
  edit-metadata: 1.697043476626277
  landing: 0.28534064069390297
  view-data: 0.1826703790575266
