times:
  edit-metadata: 1.4015676621347666
  landing: 0.021911969408392906
  view-data: 0.35236643999814987
