times:
  edit-metadata: 0.7671056631952524
  landing: 0.09791556792333722
  view-data: 0.21146369632333517
