times:
  edit-metadata: 1.7410884648561478
  landing: 0.1875468846410513
  view-data: 0.41206049732863903
