times:
  edit-metadata: 0.706748940050602
  landing: 0.056358421221375465
  view-data: 0.20990177895873785
