times:
  edit-metadata: 1.5584038812667131
  landing: 0.16352605633437634
  view-data: 0.1651303619146347
