times:
  edit-metadata: 1.5046663451939821
  landing: 0.1361711136996746
  view-data: 0.023334534838795662
