times:
  edit-metadata: 0.5890589323826134
  landing: 0.05062372796237469
  view-data: 0.23663887893781066
