times:
  edit-metadata: 1.7234216444194317
  landing: 0.12235097773373127
  view-data: 0.6513347830623388
