times:
  edit-metadata: 0.5978416097350419
  landing: 0.10420261695981026
  view-data: 0.2197970747947693
