times:
  edit-metadata: 1.5590222869068384
  landing: 0.01913762465119362
  view-data: 0.1455547008663416
