times:
  edit-metadata: 1.3921591360121965
  landing: 0.019433319568634033
  view-data: 0.32375948689877987
