times:
  edit-metadata: 1.3893638085573912
  landing: 0.019031468778848648
  view-data: 0.4222795870155096
