times:
  edit-metadata: 1.5394232757389545
  landing: 0.1583697386085987
  view-data: 0.2842713017016649
