times:
  edit-metadata: 1.691462418064475
  landing: 0.27769058756530285
  view-data: 0.39185983315110207
