times:
  edit-metadata: 0.6404630481265485
  landing: 0.06886352598667145
  view-data: 0.21057767793536186
