times:
  edit-metadata: 1.6019711717963219
  landing: 0.260960403829813
  view-data: 0.15847039222717285
