times:
  edit-metadata: 1.4387850295752287
  landing: 0.019483406096696854
  view-data: 0.12566856108605862
