times:
  edit-metadata: 0.4273635493591428
  landing: 0.045262951869517565
  view-data: 0.31389298336580396
