times:
  edit-metadata: 0.4413699982687831
  landing: 0.043413965962827206
  view-data: 0.23184278700500727
