times:
  edit-metadata: 0.4500519325956702
  landing: 0.05175702180713415
  view-data: 0.20151275489479303
