times:
  edit-metadata: 0.4317128360271454
  landing: 0.046101825311779976
  view-data: 0.45414969604462385
