times:
  edit-metadata: 0.4250996559858322
  landing: 0.04141683271154761
  view-data: 0.3377584461122751
