times:
  edit-metadata: 0.4502268545329571
  landing: 0.0392572870478034
  view-data: 0.306075781583786
