times:
  edit-metadata: 0.44692773651331663
  landing: 0.050477842800319195
  view-data: 0.20991317834705114
