times:
  edit-metadata: 0.44540803879499435
  landing: 0.05038168793544173
  view-data: 0.3293166388757527
