times:
  edit-metadata: 0.45155018754303455
  landing: 0.04179260041564703
  view-data: 0.2356705041602254
