times:
  edit-metadata: 0.44046766124665737
  landing: 0.04257899569347501
  view-data: 0.3403423619456589
