times:
  edit-metadata: 3.063276955857873
  landing: 0.020193608477711678
  view-data: 0.02396487630903721
