times:
  edit-metadata: 2.9302912428975105
  landing: 0.021361084654927254
  view-data: 0.12267529964447021
