times:
  edit-metadata: 3.181724291294813
  landing: 0.020273888483643532
  view-data: 0.09984005615115166
