times:
  edit-metadata: 1.9678081762976944
  landing: 0.0686752162873745
  view-data: 0.2727030459791422
