times:
  edit-metadata: 3.402169778943062
  landing: 0.31847158446907997
  view-data: 0.26160636357963085
