times:
  edit-metadata: 3.1380479745566845
  landing: 0.020820248872041702
  view-data: 0.02618909254670143
