times:
  edit-metadata: 2.260801352094859
  landing: 0.06593274977058172
  view-data: 0.32209494803100824
