times:
  edit-metadata: 3.0170886535197496
  landing: 0.2324748933315277
  view-data: 0.09689672477543354
