times:
  edit-metadata: 3.1154975574463606
  landing: 0.23272622749209404
  view-data: 0.340502317994833
