times:
  edit-metadata: 2.441459163092077
  landing: 0.0860605901107192
  view-data: 0.30113901384174824
