times:
  edit-metadata: 3.029107827693224
  landing: 0.0210337545722723
  view-data: 0.024674763903021812
