times:
  edit-metadata: 2.850882863625884
  landing: 0.021333716809749603
  view-data: 0.028276531025767326
