times:
  edit-metadata: 2.685490356758237
  landing: 0.020042994990944862
  view-data: 0.025246676988899708
