times:
  edit-metadata: 3.2638496439903975
  landing: 0.020342618227005005
  view-data: 0.3394587254151702
