times:
  edit-metadata: 3.0685606077313423
  landing: 0.14468451589345932
  view-data: 0.023307323455810547
