times:
  edit-metadata: 2.9952837359160185
  landing: 0.023756718263030052
  view-data: 0.14361883699893951
