times:
  edit-metadata: 3.0735559798777103
  landing: 0.13431753404438496
  view-data: 0.12491301074624062
