times:
  edit-metadata: 2.206848794128746
  landing: 0.08667141385376453
  view-data: 0.2699846848845482
