times:
  edit-metadata: 3.044461566954851
  landing: 0.025510556995868683
  view-data: 0.12373917736113071
