times:
  edit-metadata: 3.915512714534998
  landing: 0.061996402218937874
  view-data: 0.44793655164539814
