times:
  edit-metadata: 2.574678678996861
  landing: 0.019483583979308605
  view-data: 0.09941335953772068
