times:
  edit-metadata: 2.903387263417244
  landing: 0.022038323804736137
  view-data: 0.02433015964925289
