times:
  edit-metadata: 3.7155454494059086
  landing: 0.3095930591225624
  view-data: 0.13143901713192463
