times:
  edit-metadata: 2.828878067433834
  landing: 0.019876507110893726
  view-data: 0.02361255045980215
