times:
  edit-metadata: 3.0381912644952536
  landing: 0.14909584261476994
  view-data: 0.028083274140954018
