times:
  edit-metadata: 3.7204591557383537
  landing: 0.0226412583142519
  view-data: 0.12341431342065334
