times:
  edit-metadata: 2.567324446514249
  landing: 0.020927362143993378
  view-data: 0.024227764457464218
