times:
  edit-metadata: 3.1546482909470797
  landing: 0.020200660452246666
  view-data: 0.2813526578247547
