times:
  edit-metadata: 3.070644699037075
  landing: 0.14231762662529945
  view-data: 0.024001065641641617
