times:
  edit-metadata: 3.1685459595173597
  landing: 0.24498027749359608
  view-data: 0.027431968599557877
