times:
  edit-metadata: 2.868486352264881
  landing: 0.1172281838953495
  view-data: 0.026743805035948753
