times:
  edit-metadata: 2.6454330664128065
  landing: 0.022608392871916294
  view-data: 0.02645975910127163
