times:
  edit-metadata: 2.969817589968443
  landing: 0.02432171069085598
  view-data: 0.024090861901640892
