times:
  edit-metadata: 3.222271107137203
  landing: 0.019866671413183212
  view-data: 0.024667559191584587
