times:
  edit-metadata: 1.9852465032599866
  landing: 0.06639709370210767
  view-data: 0.27260388201102614
