times:
  edit-metadata: 2.5683851270005107
  landing: 0.020065074786543846
  view-data: 0.026541627943515778
