times:
  edit-metadata: 3.200181322172284
  landing: 0.17629948444664478
  view-data: 0.35517625510692596
