times:
  edit-metadata: 3.498217102140188
  landing: 0.20008009113371372
  view-data: 0.17350949719548225
