times:
  edit-metadata: 2.6843690276145935
  landing: 0.126278861425817
  view-data: 0.14846856705844402
