times:
  edit-metadata: 3.32434543594718
  landing: 0.02012714371085167
  view-data: 0.3454144336283207
