times:
  edit-metadata: 3.6506674643605947
  landing: 0.1535994429141283
  view-data: 0.05158761888742447
