times:
  edit-metadata: 2.436339071020484
  landing: 0.05549585400149226
  view-data: 0.3019762150943279
