times:
  edit-metadata: 3.7650791350752115
  landing: 0.20207713544368744
  view-data: 0.024081457406282425
