times:
  edit-metadata: 1.9711669236421585
  landing: 0.06140239583328366
  view-data: 0.2822283641435206
