times:
  edit-metadata: 4.600510274001863
  landing: 0.30821362300775945
  view-data: 0.49977081501856446
