times:
  edit-metadata: 2.7000030800700188
  landing: 0.20522684883326292
  view-data: 0.41452840622514486
