times:
  edit-metadata: 3.152224173769355
  landing: 0.02131599560379982
  view-data: 0.12788650766015053
