times:
  edit-metadata: 1.928222435992211
  landing: 0.06479535205289721
  view-data: 0.28401301987469196
