times:
  edit-metadata: 3.170232627540827
  landing: 0.019886134192347527
  view-data: 0.3116408549249172
