times:
  edit-metadata: 2.8667633961886168
  landing: 0.01912686973810196
  view-data: 0.12303286418318748
