times:
  edit-metadata: 2.981631938368082
  landing: 0.11461958102881908
  view-data: 0.024777427315711975
