times:
  edit-metadata: 2.9795143119990826
  landing: 0.022003086283802986
  view-data: 0.24736704118549824
