times:
  edit-metadata: 2.891621045768261
  landing: 0.01998140849173069
  view-data: 0.10575288534164429
