times:
  edit-metadata: 2.718355003744364
  landing: 0.0229013841599226
  view-data: 0.39093619864434004
