times:
  edit-metadata: 2.946164570748806
  landing: 0.019159480929374695
  view-data: 0.12137135863304138
