times:
  edit-metadata: 2.9173914678394794
  landing: 0.020043959841132164
  view-data: 0.13234626315534115
