times:
  edit-metadata: 2.677548747509718
  landing: 0.13786114193499088
  view-data: 0.10790476575493813
