times:
  edit-metadata: 2.42029393883422
  landing: 0.0644879280589521
  view-data: 0.4409068739041686
