times:
  edit-metadata: 3.2317921333014965
  landing: 0.14037101157009602
  view-data: 0.3859547320753336
