times:
  edit-metadata: 4.681192498654127
  landing: 0.3061951547861099
  view-data: 0.23089198395609856
