times:
  edit-metadata: 3.033276069909334
  landing: 0.021056372672319412
  view-data: 0.12547285296022892
