times:
  edit-metadata: 2.350818790961057
  landing: 0.06546232104301453
  view-data: 0.27427490521222353
