times:
  edit-metadata: 2.3718213657848537
  landing: 0.07170284725725651
  view-data: 0.3490481721237302
