times:
  edit-metadata: 3.007422549650073
  landing: 0.01839378848671913
  view-data: 0.32441126741468906
