times:
  edit-metadata: 2.981020176783204
  landing: 0.134200531989336
  view-data: 0.126042902469635
