times:
  edit-metadata: 2.6176664670929313
  landing: 0.02078142762184143
  view-data: 0.023862231522798538
