times:
  edit-metadata: 2.00417288672179
  landing: 0.07445934088900685
  view-data: 0.27851089369505644
