times:
  edit-metadata: 3.546691035851836
  landing: 0.16158299520611763
  view-data: 0.29375268146395683
