times:
  edit-metadata: 3.187586495652795
  landing: 0.14980889298021793
  view-data: 0.08690108358860016
