times:
  edit-metadata: 2.941883135586977
  landing: 0.18019314110279083
  view-data: 0.027418021112680435
