times:
  edit-metadata: 3.2036582492291927
  landing: 0.3756521651521325
  view-data: 0.13276857137680054
