times:
  edit-metadata: 2.5764067908748984
  landing: 0.04201355390250683
  view-data: 0.38288272824138403
