times:
  edit-metadata: 2.986701775342226
  landing: 0.021536221727728844
  view-data: 0.027538368478417397
