times:
  edit-metadata: 3.392330575734377
  landing: 0.021835027262568474
  view-data: 0.3753046691417694
