times:
  edit-metadata: 2.927788194268942
  landing: 0.020832667127251625
  view-data: 0.10222659260034561
