times:
  edit-metadata: 3.4155584443360567
  landing: 0.022079946473240852
  view-data: 0.48728634789586067
