times:
  edit-metadata: 3.048612855374813
  landing: 0.020332096144557
  view-data: 0.024583837017416954
