times:
  edit-metadata: 2.8907805010676384
  landing: 0.022986354306340218
  view-data: 0.0258410032838583
