times:
  edit-metadata: 2.5665646782144904
  landing: 0.021365043707191944
  view-data: 0.023897153325378895
