times:
  edit-metadata: 3.033418172970414
  landing: 0.1327896397560835
  view-data: 0.14062734693288803
