times:
  edit-metadata: 2.4000429599545896
  landing: 0.10588393593207002
  view-data: 0.4024029443971813
