times:
  edit-metadata: 3.010149585083127
  landing: 0.019145580008625984
  view-data: 0.37293559312820435
