times:
  edit-metadata: 3.9021070580929518
  landing: 0.167856153100729
  view-data: 0.39721482060849667
