times:
  edit-metadata: 3.0664486568421125
  landing: 0.12991809844970703
  view-data: 0.024484330788254738
