times:
  edit-metadata: 3.42218223400414
  landing: 0.16575339622795582
  view-data: 0.3548621889203787
