times:
  edit-metadata: 3.005954595282674
  landing: 0.022307230159640312
  view-data: 0.3129747360944748
