times:
  edit-metadata: 2.457137697841972
  landing: 0.11350992415100336
  view-data: 0.2847531819716096
