times:
  edit-metadata: 2.8853181954473257
  landing: 0.019640330225229263
  view-data: 0.33595653623342514
