times:
  edit-metadata: 4.199350683018565
  landing: 0.30226041562855244
  view-data: 0.21536174044013023
