times:
  edit-metadata: 3.297965943813324
  landing: 0.022251611575484276
  view-data: 0.16957788914442062
