times:
  edit-metadata: 2.860999232158065
  landing: 0.01928529515862465
  view-data: 0.026063181459903717
