times:
  edit-metadata: 3.426025118678808
  landing: 0.27777318842709064
  view-data: 0.031675828620791435
