times:
  edit-metadata: 2.732756769284606
  landing: 0.019272747449576855
  view-data: 0.23556119203567505
