times:
  edit-metadata: 2.710849025286734
  landing: 0.24268546886742115
  view-data: 0.023169086314737797
