times:
  edit-metadata: 3.116731682792306
  landing: 0.021476082503795624
  view-data: 0.3607592601329088
