times:
  edit-metadata: 2.0684533771127462
  landing: 0.0552298491820693
  view-data: 0.2897732178680599
