times:
  edit-metadata: 3.1267088670283556
  landing: 0.030757717788219452
  view-data: 0.1509303469210863
