times:
  edit-metadata: 2.5766314920037985
  landing: 0.023180139251053333
  view-data: 0.42049361765384674
