times:
  edit-metadata: 2.74618655256927
  landing: 0.1977306716144085
  view-data: 0.5279300902038813
