times:
  edit-metadata: 3.011702660471201
  landing: 0.02342805825173855
  view-data: 0.37327982671558857
