times:
  edit-metadata: 2.9157717376947403
  landing: 0.020092269405722618
  view-data: 0.031578440219163895
