times:
  edit-metadata: 3.0856151413172483
  landing: 0.0195766594260931
  view-data: 0.33400299958884716
