times:
  edit-metadata: 2.7317069228738546
  landing: 0.020582377910614014
  view-data: 0.4646865436807275
