times:
  edit-metadata: 2.874297872185707
  landing: 0.01843378134071827
  view-data: 0.1302970126271248
