times:
  edit-metadata: 3.2018583081662655
  landing: 0.018749192357063293
  view-data: 0.12138864025473595
