times:
  edit-metadata: 2.7170498352497816
  landing: 0.021705826744437218
  view-data: 0.02675510197877884
