times:
  edit-metadata: 3.257139278575778
  landing: 0.22653134539723396
  view-data: 0.5389900077134371
