times:
  edit-metadata: 2.2308299536816776
  landing: 0.14940940914675593
  view-data: 0.30454550636932254
