times:
  edit-metadata: 2.681299662217498
  landing: 0.01850520446896553
  view-data: 0.11904731672257185
