times:
  edit-metadata: 2.7917111115530133
  landing: 0.19852429535239935
  view-data: 0.48636641539633274
