times:
  edit-metadata: 2.734693741425872
  landing: 0.022186750546097755
  view-data: 0.026522671803832054
