times:
  edit-metadata: 3.1287075262516737
  landing: 0.019574834033846855
  view-data: 0.28958612866699696
