times:
  edit-metadata: 3.502455670386553
  landing: 0.022916942834854126
  view-data: 0.3230268247425556
