times:
  edit-metadata: 3.208432972431183
  landing: 0.020735669881105423
  view-data: 0.2882738374173641
