times:
  edit-metadata: 2.654428464360535
  landing: 0.021907616406679153
  view-data: 0.02352585457265377
