times:
  edit-metadata: 2.860217277891934
  landing: 0.20613240916281939
  view-data: 0.0938389590010047
