times:
  edit-metadata: 2.9986121132969856
  landing: 0.023219753056764603
  view-data: 0.32882663793861866
