times:
  edit-metadata: 2.7512885611504316
  landing: 0.14805172383785248
  view-data: 0.029229123145341873
