times:
  edit-metadata: 4.050532553344965
  landing: 0.2213010247796774
  view-data: 0.20343789272010326
