times:
  edit-metadata: 3.268250597640872
  landing: 0.14324642345309258
  view-data: 0.4547028485685587
