times:
  edit-metadata: 3.1221890933811665
  landing: 0.019766248762607574
  view-data: 0.3679324071854353
