times:
  edit-metadata: 2.303532963618636
  landing: 0.12338070897385478
  view-data: 0.32511901017278433
