times:
  edit-metadata: 2.2762171691283584
  landing: 0.08883826714009047
  view-data: 0.3186964839696884
