times:
  edit-metadata: 2.901546051725745
  landing: 0.01946878992021084
  view-data: 0.11990738473832607
