times:
  edit-metadata: 2.956970114260912
  landing: 0.01992923952639103
  view-data: 0.023363113403320312
