times:
  edit-metadata: 4.010236211121082
  landing: 0.40871230885386467
  view-data: 0.21516663394868374
