times:
  edit-metadata: 2.9439637176692486
  landing: 0.020803051069378853
  view-data: 0.13023319095373154
