times:
  edit-metadata: 2.430517426226288
  landing: 0.14657643530517817
  view-data: 0.27785137202590704
