times:
  edit-metadata: 2.963593013584614
  landing: 0.02024555206298828
  view-data: 0.028758956119418144
