times:
  edit-metadata: 2.2354326876811683
  landing: 0.10204600496217608
  view-data: 0.2805861150845885
