times:
  edit-metadata: 3.0025637801736593
  landing: 0.12207699380815029
  view-data: 0.1371577326208353
