times:
  edit-metadata: 3.399956440553069
  landing: 0.052149852737784386
  view-data: 0.3442067038267851
