times:
  edit-metadata: 3.3147951029241085
  landing: 0.43806711956858635
  view-data: 0.024535294622182846
