times:
  edit-metadata: 2.616792114917189
  landing: 0.11732984287664294
  view-data: 0.29594250302761793
