times:
  edit-metadata: 2.9530503302812576
  landing: 0.12226029671728611
  view-data: 0.3200372029095888
