times:
  edit-metadata: 3.5316254757344723
  landing: 0.3450047764927149
  view-data: 0.30225968547165394
