times:
  edit-metadata: 2.9982369020581245
  landing: 0.02244884893298149
  view-data: 0.12055036053061485
