times:
  edit-metadata: 2.308415934909135
  landing: 0.11947160214185715
  view-data: 0.4008997129276395
