times:
  edit-metadata: 3.215561717748642
  landing: 0.3538400698453188
  view-data: 0.2547243181616068
