times:
  edit-metadata: 2.876812068745494
  landing: 0.13557040877640247
  view-data: 0.02381494827568531
