times:
  edit-metadata: 2.742770342156291
  landing: 0.23488199431449175
  view-data: 0.1262874100357294
