times:
  edit-metadata: 2.582815371453762
  landing: 0.022129228338599205
  view-data: 0.029735766351222992
