times:
  edit-metadata: 3.000023854896426
  landing: 0.1664026752114296
  view-data: 0.11843258515000343
