times:
  edit-metadata: 2.892249086871743
  landing: 0.04453462501987815
  view-data: 0.2642528950236738
