times:
  edit-metadata: 2.3623317549936473
  landing: 0.04316134192049503
  view-data: 0.29806843074038625
