times:
  edit-metadata: 3.2374765872955322
  landing: 0.32626237347722054
  view-data: 0.39175108447670937
