times:
  edit-metadata: 2.984536901116371
  landing: 0.1387110222131014
  view-data: 0.026114152744412422
