times:
  edit-metadata: 2.924614056944847
  landing: 0.02075372263789177
  view-data: 0.12027823179960251
