times:
  edit-metadata: 3.040458731353283
  landing: 0.14637327566742897
  view-data: 0.12520649656653404
