times:
  edit-metadata: 3.4542994275689125
  landing: 0.24931090883910656
  view-data: 0.46824282966554165
