times:
  edit-metadata: 2.841333784162998
  landing: 0.01929468661546707
  view-data: 0.023069897666573524
