times:
  edit-metadata: 2.7145127998664975
  landing: 0.12231618911027908
  view-data: 0.13452235609292984
