times:
  edit-metadata: 3.3951392862945795
  landing: 0.27441694773733616
  view-data: 0.13439726829528809
