times:
  edit-metadata: 2.9396236948668957
  landing: 0.02346120774745941
  view-data: 0.025296930223703384
