times:
  edit-metadata: 2.454742112662643
  landing: 0.08345557004213333
  view-data: 0.31797882495447993
