times:
  edit-metadata: 2.6088706897571683
  landing: 0.02168840542435646
  view-data: 0.3993908166885376
