times:
  edit-metadata: 3.4517932273447514
  landing: 0.02467215806245804
  view-data: 0.41757505014538765
