times:
  edit-metadata: 3.1339481454342604
  landing: 0.02294527180492878
  view-data: 0.027464868500828743
