times:
  edit-metadata: 3.228168185800314
  landing: 0.202853849157691
  view-data: 0.3464856967329979
