times:
  edit-metadata: 3.0655597914010286
  landing: 0.030463024973869324
  view-data: 0.33627121709287167
