times:
  edit-metadata: 3.104042084887624
  landing: 0.20790435560047626
  view-data: 0.4014853313565254
