times:
  edit-metadata: 1.9664529310539365
  landing: 0.06970896199345589
  view-data: 0.2679044781252742
