times:
  edit-metadata: 2.904338613152504
  landing: 0.12071218900382519
  view-data: 0.02645910158753395
