times:
  edit-metadata: 3.1952477153390646
  landing: 0.2260728571563959
  view-data: 0.42746201530098915
