times:
  edit-metadata: 3.034506469964981
  landing: 0.019157160073518753
  view-data: 0.0244035255163908
