times:
  edit-metadata: 3.435061790049076
  landing: 0.24514474906027317
  view-data: 0.31911525316536427
