times:
  edit-metadata: 2.7391032809391618
  landing: 0.0203693900257349
  view-data: 0.4729151073843241
