times:
  edit-metadata: 2.902544656768441
  landing: 0.019292164593935013
  view-data: 0.5437677940353751
