times:
  edit-metadata: 1.4195771235972643
  landing: 0.11985119804739952
  view-data: 0.2816464174538851
