times:
  edit-metadata: 1.7541888616979122
  landing: 0.04564017243683338
  view-data: 0.03879433125257492
