times:
  edit-metadata: 1.5762455239892006
  landing: 0.13077628053724766
  view-data: 0.4311204645782709
