times:
  edit-metadata: 1.6889796759933233
  landing: 0.17354171350598335
  view-data: 0.4700775984674692
