times:
  edit-metadata: 1.8026261571794748
  landing: 0.21951219625771046
  view-data: 0.05000564642250538
