times:
  edit-metadata: 2.32058763699024
  landing: 0.3281121339969104
  view-data: 0.033672378995106556
