times:
  edit-metadata: 1.605066318064928
  landing: 0.14881503023207188
  view-data: 0.3240727949887514
