times:
  edit-metadata: 0.8187434677965939
  landing: 0.0804870892316103
  view-data: 0.3097312687896192
