times:
  edit-metadata: 1.595351867377758
  landing: 0.16633873246610165
  view-data: 0.05124206840991974
