times:
  edit-metadata: 1.4038680978119373
  landing: 0.02125628851354122
  view-data: 0.1237484272569418
