times:
  edit-metadata: 1.882140213623643
  landing: 0.02045055851340294
  view-data: 0.025587575510144234
