times:
  edit-metadata: 1.8410782646387815
  landing: 0.23353772796690464
  view-data: 0.43868730030953884
