times:
  edit-metadata: 1.4147183429449797
  landing: 0.020046517252922058
  view-data: 0.02486090548336506
