times:
  edit-metadata: 1.8490134198218584
  landing: 0.02171221561729908
  view-data: 0.4417153764516115
