times:
  edit-metadata: 0.832362855784595
  landing: 0.08263604622334242
  view-data: 0.31760330498218536
