times:
  edit-metadata: 1.471848826855421
  landing: 0.021433088928461075
  view-data: 0.33323020301759243
