times:
  edit-metadata: 1.485204815864563
  landing: 0.022059665992856026
  view-data: 0.09875781834125519
