times:
  edit-metadata: 1.4353768173605204
  landing: 0.021055668592453003
  view-data: 0.025683604180812836
