times:
  edit-metadata: 1.6964551210403442
  landing: 0.20154033042490482
  view-data: 0.4209564942866564
