times:
  edit-metadata: 0.6702998839318752
  landing: 0.06432114774361253
  view-data: 0.3115936787799001
