times:
  edit-metadata: 0.5884134978987277
  landing: 0.07307711709290743
  view-data: 0.21837490471079946
