times:
  edit-metadata: 1.9822631496936083
  landing: 0.3007640093564987
  view-data: 0.34540944546461105
