times:
  edit-metadata: 1.5099618956446648
  landing: 0.020671086385846138
  view-data: 0.022981911897659302
