times:
  edit-metadata: 1.6588402222841978
  landing: 0.16524248383939266
  view-data: 0.14521833136677742
