times:
  edit-metadata: 1.3727727942168713
  landing: 0.18447578139603138
  view-data: 0.024105768650770187
