times:
  edit-metadata: 1.5410182494670153
  landing: 0.052081795409321785
  view-data: 0.1569977942854166
