times:
  edit-metadata: 1.9539452865719795
  landing: 0.019875196740031242
  view-data: 0.20379246771335602
