times:
  edit-metadata: 0.5648244679905474
  landing: 0.1268607652746141
  view-data: 0.26271468168124557
