times:
  edit-metadata: 1.3743491973727942
  landing: 0.0228215754032135
  view-data: 0.02689255028963089
