times:
  edit-metadata: 1.7222321927547455
  landing: 0.14233582094311714
  view-data: 0.2843594364821911
