times:
  edit-metadata: 1.5920549295842648
  landing: 0.14704337529838085
  view-data: 0.055265991017222404
