times:
  edit-metadata: 1.467359196394682
  landing: 0.019775323569774628
  view-data: 0.029804063960909843
