times:
  edit-metadata: 1.4120405036956072
  landing: 0.022448096424341202
  view-data: 0.024149887263774872
