times:
  edit-metadata: 1.6329874470829964
  landing: 0.1926216185092926
  view-data: 0.02514525130391121
