times:
  edit-metadata: 1.6696978155523539
  landing: 0.2730015907436609
  view-data: 0.4166876766830683
