times:
  edit-metadata: 1.6131393909454346
  landing: 0.22988531924784184
  view-data: 0.3921737316995859
