times:
  edit-metadata: 1.6591250039637089
  landing: 0.270924462005496
  view-data: 0.1469653956592083
