times:
  edit-metadata: 1.5926216505467892
  landing: 0.42351329512894154
  view-data: 0.3950290773063898
