times:
  edit-metadata: 1.476426299661398
  landing: 0.020346658304333687
  view-data: 0.3334922883659601
