times:
  edit-metadata: 1.5803820975124836
  landing: 0.0225256085395813
  view-data: 0.024700544774532318
