times:
  edit-metadata: 0.681185542140156
  landing: 0.07495809718966484
  view-data: 0.2883685901761055
