times:
  edit-metadata: 1.4551667049527168
  landing: 0.020147111266851425
  view-data: 0.02960207685828209
