times:
  edit-metadata: 1.8378989398479462
  landing: 0.26511276699602604
  view-data: 0.436725290492177
