times:
  edit-metadata: 1.5591354444622993
  landing: 0.1449479591101408
  view-data: 0.02464461885392666
