times:
  edit-metadata: 1.4270273856818676
  landing: 0.020579952746629715
  view-data: 0.025066951289772987
