times:
  edit-metadata: 1.4568250644952059
  landing: 0.0221142265945673
  view-data: 0.12432019039988518
