times:
  edit-metadata: 0.7749781361781061
  landing: 0.06114694103598595
  view-data: 0.31303425366058946
