times:
  edit-metadata: 1.634590782225132
  landing: 0.14195096120238304
  view-data: 0.29138074070215225
