times:
  edit-metadata: 1.7372525334358215
  landing: 0.2745110969990492
  view-data: 0.3650878071784973
