times:
  edit-metadata: 1.497289152815938
  landing: 0.13041945174336433
  view-data: 0.12592633999884129
