times:
  edit-metadata: 1.4991832207888365
  landing: 0.022876212373375893
  view-data: 0.023723488673567772
