times:
  edit-metadata: 1.414644619449973
  landing: 0.020972900092601776
  view-data: 0.025441577658057213
