times:
  edit-metadata: 1.443620441481471
  landing: 0.019172264263033867
  view-data: 0.028372138738632202
