times:
  edit-metadata: 1.5387170631438494
  landing: 0.020284412428736687
  view-data: 0.14081555418670177
