times:
  edit-metadata: 1.4820244759321213
  landing: 0.020756859332323074
  view-data: 0.024283038452267647
