times:
  edit-metadata: 1.4828032199293375
  landing: 0.02042458951473236
  view-data: 0.027988893911242485
