times:
  edit-metadata: 1.5235748775303364
  landing: 0.09663824364542961
  view-data: 0.3198735937476158
