times:
  edit-metadata: 1.480629337951541
  landing: 0.18856004998087883
  view-data: 0.039001259952783585
