times:
  edit-metadata: 0.5978874489665031
  landing: 0.0705081271007657
  view-data: 0.2182344738394022
