times:
  edit-metadata: 0.5733434879221022
  landing: 0.09605882922187448
  view-data: 0.3155007208697498
