times:
  edit-metadata: 0.8948899749666452
  landing: 0.07241975096985698
  view-data: 0.3129036109894514
