times:
  edit-metadata: 1.8142151273787022
  landing: 0.2127637192606926
  view-data: 0.31552876718342304
