times:
  edit-metadata: 1.8828021716326475
  landing: 0.05482901632785797
  view-data: 0.32348514162003994
