times:
  edit-metadata: 1.6421827971935272
  landing: 0.3614099361002445
  view-data: 0.3203508071601391
