times:
  edit-metadata: 0.7698716185986996
  landing: 0.1570307882502675
  view-data: 0.21979830507189035
