times:
  edit-metadata: 0.6392029481939971
  landing: 0.06614210782572627
  view-data: 0.2954052481800318
