times:
  edit-metadata: 1.49829738214612
  landing: 0.021017760038375854
  view-data: 0.25185623578727245
