times:
  edit-metadata: 2.2368095759302378
  landing: 0.023728759959340096
  view-data: 0.02863461524248123
