times:
  edit-metadata: 1.6204170398414135
  landing: 0.021886562928557396
  view-data: 0.5434816218912601
