times:
  edit-metadata: 0.6067764372564852
  landing: 0.07352739199995995
  view-data: 0.32681224308907986
