times:
  edit-metadata: 1.6518664304167032
  landing: 0.021458592265844345
  view-data: 0.15554103255271912
