times:
  edit-metadata: 1.5396922770887613
  landing: 0.13630914129316807
  view-data: 0.02383502759039402
