times:
  edit-metadata: 0.5778827550821006
  landing: 0.06569891981780529
  view-data: 0.2267909599468112
