times:
  edit-metadata: 0.79563412303105
  landing: 0.06148021714761853
  view-data: 0.2073745089583099
