times:
  edit-metadata: 1.5201368797570467
  landing: 0.019475726410746574
  view-data: 0.027655895799398422
