times:
  edit-metadata: 1.6632918044924736
  landing: 0.23617068491876125
  view-data: 0.2329716496169567
