times:
  edit-metadata: 0.585170978680253
  landing: 0.07986703189089894
  view-data: 0.22162270080298185
