times:
  edit-metadata: 0.5620163851417601
  landing: 0.06499594589695334
  view-data: 0.22709302371367812
