times:
  edit-metadata: 0.66617226973176
  landing: 0.12058619083836675
  view-data: 0.20258930092677474
