times:
  edit-metadata: 0.605794264934957
  landing: 0.06106657208874822
  view-data: 0.22436959110200405
