times:
  edit-metadata: 0.6253939429298043
  landing: 0.05993528291583061
  view-data: 0.21082935202866793
