times:
  edit-metadata: 1.443473432213068
  landing: 0.17107269540429115
  view-data: 0.023613015189766884
