times:
  edit-metadata: 1.6120328698307276
  landing: 0.022798631340265274
  view-data: 0.02935188077390194
