times:
  edit-metadata: 3.028767962998245
  landing: 0.1965230779896956
  view-data: 0.4466954550007358
