times:
  edit-metadata: 1.4213327653706074
  landing: 0.020445551723241806
  view-data: 0.022561073303222656
