times:
  edit-metadata: 1.4603410195559263
  landing: 0.021108172833919525
  view-data: 0.022048408165574074
