times:
  edit-metadata: 1.5356133040040731
  landing: 0.02330145798623562
  view-data: 0.1277107410132885
