times:
  edit-metadata: 0.59638157999143
  landing: 0.06246526539325714
  view-data: 0.21783944591879845
