times:
  edit-metadata: 1.623054625466466
  landing: 0.15444652922451496
  view-data: 0.3964979276061058
