times:
  edit-metadata: 1.5211941991001368
  landing: 0.14966727048158646
  view-data: 0.4556097872555256
