times:
  edit-metadata: 0.644603056833148
  landing: 0.06446818308904767
  view-data: 0.2182714231312275
