times:
  edit-metadata: 1.4681853726506233
  landing: 0.02017517201602459
  view-data: 0.024300100281834602
