times:
  edit-metadata: 0.5675496039912105
  landing: 0.08012275770306587
  view-data: 0.240500477142632
