times:
  edit-metadata: 1.5753807686269283
  landing: 0.21647033281624317
  view-data: 0.15153400413691998
