times:
  edit-metadata: 1.6618270445615053
  landing: 0.2798089571297169
  view-data: 0.031603047624230385
