times:
  edit-metadata: 1.5192435197532177
  landing: 0.02162301354110241
  view-data: 0.13562933169305325
