times:
  edit-metadata: 1.3881968464702368
  landing: 0.018459459766745567
  view-data: 0.14168488420546055
