times:
  edit-metadata: 0.576215784996748
  landing: 0.062333319801837206
  view-data: 0.21501559996977448
