times:
  edit-metadata: 1.447916068136692
  landing: 0.018683789297938347
  view-data: 0.027950992807745934
