times:
  edit-metadata: 1.9239812958985567
  landing: 0.23917585983872414
  view-data: 0.26293196342885494
