times:
  edit-metadata: 1.4872810449451208
  landing: 0.020715031772851944
  view-data: 0.024315256625413895
