times:
  edit-metadata: 0.5904417978599668
  landing: 0.060018451884388924
  view-data: 0.2142427023500204
