times:
  edit-metadata: 0.7880295226350427
  landing: 0.0781683218665421
  view-data: 0.2796996128745377
