times:
  edit-metadata: 1.6225620713084936
  landing: 0.023507017642259598
  view-data: 0.31036730110645294
