times:
  edit-metadata: 1.5237471386790276
  landing: 0.02326631173491478
  view-data: 0.02691159024834633
