times:
  edit-metadata: 0.4664891390129924
  landing: 0.051642753183841705
  view-data: 0.19875526893883944
