times:
  edit-metadata: 0.44433074491098523
  landing: 0.04053545696660876
  view-data: 0.4747323142364621
