times:
  edit-metadata: 0.5842192713171244
  landing: 0.0546076400205493
  view-data: 0.21852737944573164
