times:
  edit-metadata: 0.4334256243892014
  landing: 0.04262143699452281
  view-data: 0.33074193727225065
