times:
  edit-metadata: 0.39676425140351057
  landing: 0.049221220426261425
  view-data: 0.22675934992730618
