times:
  edit-metadata: 0.44440216617658734
  landing: 0.0537704648450017
  view-data: 0.23021270520985126
