times:
  edit-metadata: 0.44007712276652455
  landing: 0.05178077705204487
  view-data: 0.3388499249704182
