times:
  edit-metadata: 0.4445707220584154
  landing: 0.043776103761047125
  view-data: 0.3254989287815988
