times:
  edit-metadata: 0.4498179256916046
  landing: 0.03835841082036495
  view-data: 0.19646201003342867
