times:
  edit-metadata: 0.45444531086832285
  landing: 0.04903290793299675
  view-data: 0.4560488583520055
