times:
  edit-metadata: 2.8992195166647434
  landing: 0.2585314270108938
  view-data: 0.36886642035096884
