times:
  edit-metadata: 1.9861169829964638
  landing: 0.02270420826971531
  view-data: 0.02385668270289898
