times:
  edit-metadata: 2.2487622797489166
  landing: 0.15014435909688473
  view-data: 0.45122228376567364
