times:
  edit-metadata: 2.1477880720049143
  landing: 0.01968378946185112
  view-data: 0.02721426822245121
