times:
  edit-metadata: 2.325835445895791
  landing: 0.1761186681687832
  view-data: 0.3784291911870241
