times:
  edit-metadata: 2.889506483450532
  landing: 0.03117257170379162
  view-data: 0.037728650495409966
