times:
  edit-metadata: 1.8881691731512547
  landing: 0.11842371802777052
  view-data: 0.2087190756574273
