times:
  edit-metadata: 2.090318439528346
  landing: 0.02165103331208229
  view-data: 0.1340869478881359
