times:
  edit-metadata: 1.0679078339599073
  landing: 0.04363598907366395
  view-data: 0.24048417760059237
