times:
  edit-metadata: 2.2021707203239202
  landing: 0.020545827224850655
  view-data: 0.027661765925586224
