times:
  edit-metadata: 1.2045250227674842
  landing: 0.11242357827723026
  view-data: 0.24729517893865705
