times:
  edit-metadata: 2.6256734393537045
  landing: 0.17530177906155586
  view-data: 0.45666005089879036
