times:
  edit-metadata: 2.0103900749236345
  landing: 0.018901601433753967
  view-data: 0.28819432854652405
