times:
  edit-metadata: 2.101063594222069
  landing: 0.02138839289546013
  view-data: 0.13736237585544586
