times:
  edit-metadata: 1.903580621816218
  landing: 0.020475296303629875
  view-data: 0.023233244195580482
