times:
  edit-metadata: 2.3505074568092823
  landing: 0.2870618123561144
  view-data: 0.19343290850520134
