times:
  edit-metadata: 2.593645852059126
  landing: 0.02013108879327774
  view-data: 0.4049615878611803
