times:
  edit-metadata: 2.6161178927868605
  landing: 0.17477654665708542
  view-data: 0.47187190130352974
