times:
  edit-metadata: 2.072221752256155
  landing: 0.16799426451325417
  view-data: 0.02638484723865986
