times:
  edit-metadata: 2.0115705616772175
  landing: 0.22772003896534443
  view-data: 0.4384159157052636
