times:
  edit-metadata: 4.050917129963636
  landing: 0.22315593622624874
  view-data: 0.4179163258522749
