times:
  edit-metadata: 2.053871365264058
  landing: 0.01938825659453869
  view-data: 0.3345025721937418
