times:
  edit-metadata: 2.0269681457430124
  landing: 0.1186473723500967
  view-data: 0.026885587722063065
