times:
  edit-metadata: 2.106795461848378
  landing: 0.019300775602459908
  view-data: 0.14159892313182354
