times:
  edit-metadata: 1.194974707905203
  landing: 0.046836922876536846
  view-data: 0.2470713397487998
