times:
  edit-metadata: 1.993362732231617
  landing: 0.02362155169248581
  view-data: 0.1255925577133894
