times:
  edit-metadata: 2.0769916623830795
  landing: 0.13521227426826954
  view-data: 0.026410900056362152
