times:
  edit-metadata: 1.8826210936531425
  landing: 0.021905463188886642
  view-data: 0.11861758679151535
