times:
  edit-metadata: 2.335565021261573
  landing: 0.1503405962139368
  view-data: 0.0523432232439518
