times:
  edit-metadata: 2.0811936389654875
  landing: 0.018727662041783333
  view-data: 0.1646479656919837
