times:
  edit-metadata: 2.1197888273745775
  landing: 0.26506360061466694
  view-data: 0.3868493791669607
