times:
  edit-metadata: 1.3126754481345415
  landing: 0.09349003480747342
  view-data: 0.2453447040170431
