times:
  edit-metadata: 2.102362908422947
  landing: 0.12623960711061954
  view-data: 0.1073351763188839
