times:
  edit-metadata: 2.050828921608627
  landing: 0.16566270869225264
  view-data: 0.023347601294517517
