times:
  edit-metadata: 1.1922234701924026
  landing: 0.040755840949714184
  view-data: 0.26745751686394215
