times:
  edit-metadata: 2.0714277401566505
  landing: 0.022747915238142014
  view-data: 0.026019811630249023
