times:
  edit-metadata: 2.1618680022656918
  landing: 0.361239742487669
  view-data: 0.47855912335217
