times:
  edit-metadata: 2.0253435373306274
  landing: 0.024952396750450134
  view-data: 0.27411070093512535
