times:
  edit-metadata: 1.9791239779442549
  landing: 0.021035702899098396
  view-data: 0.31292449310421944
