times:
  edit-metadata: 2.006172141060233
  landing: 0.020101403817534447
  view-data: 0.13527214899659157
