times:
  edit-metadata: 2.0730312764644623
  landing: 0.19814053364098072
  view-data: 0.1284345518797636
