times:
  edit-metadata: 2.068162903189659
  landing: 0.020726297050714493
  view-data: 0.026965906843543053
