times:
  edit-metadata: 1.1352047380059958
  landing: 0.04859806504100561
  view-data: 0.2373779690824449
