times:
  edit-metadata: 2.244324231520295
  landing: 0.23080716468393803
  view-data: 0.32359300926327705
