times:
  edit-metadata: 2.1189303155988455
  landing: 0.019013259559869766
  view-data: 0.02269517071545124
