times:
  edit-metadata: 2.242582466453314
  landing: 0.20239072106778622
  view-data: 0.3274066410958767
