times:
  edit-metadata: 1.1835815510712564
  landing: 0.08434475585818291
  view-data: 0.2844190741889179
