times:
  edit-metadata: 2.5930948182940483
  landing: 0.26270875707268715
  view-data: 0.43215274065732956
