times:
  edit-metadata: 1.0276713627390563
  landing: 0.04030849691480398
  view-data: 0.2349131740629673
