times:
  edit-metadata: 1.0311121828854084
  landing: 0.052208182867616415
  view-data: 0.23836879106238484
