times:
  edit-metadata: 2.1429037861526012
  landing: 0.11832071654498577
  view-data: 0.1298813484609127
