times:
  edit-metadata: 2.012042397633195
  landing: 0.020137552171945572
  view-data: 0.02454613894224167
