times:
  edit-metadata: 2.450969809666276
  landing: 0.021058008074760437
  view-data: 0.03048405423760414
