times:
  edit-metadata: 1.3296027821488678
  landing: 0.04790769284591079
  view-data: 0.24178413720801473
