times:
  edit-metadata: 2.123766342177987
  landing: 0.022021712735295296
  view-data: 0.025653427466750145
