times:
  edit-metadata: 2.141131667420268
  landing: 0.18569939583539963
  view-data: 0.0234686266630888
