times:
  edit-metadata: 2.015153666958213
  landing: 0.0192059725522995
  view-data: 0.2736718561500311
