times:
  edit-metadata: 2.073225563392043
  landing: 0.025370998308062553
  view-data: 0.027161814272403717
