times:
  edit-metadata: 2.286316279321909
  landing: 0.2112121395766735
  view-data: 0.336445864289999
