times:
  edit-metadata: 2.055062860250473
  landing: 0.24709535762667656
  view-data: 0.2393539920449257
