times:
  edit-metadata: 2.759933503344655
  landing: 0.34809678606688976
  view-data: 0.15271735191345215
