times:
  edit-metadata: 1.3158279666677117
  landing: 0.05421453109011054
  view-data: 0.39780343323946
