times:
  edit-metadata: 2.3199610114097595
  landing: 0.29135916382074356
  view-data: 0.40559861809015274
