times:
  edit-metadata: 1.9783751387149096
  landing: 0.01961546763777733
  view-data: 0.3058473486453295
