times:
  edit-metadata: 2.079605186358094
  landing: 0.02017640694975853
  view-data: 0.33762950636446476
