times:
  edit-metadata: 1.964406174607575
  landing: 0.12670139223337173
  view-data: 0.025959739461541176
