times:
  edit-metadata: 2.6092477533966303
  landing: 0.24104908853769302
  view-data: 0.16009145602583885
