times:
  edit-metadata: 2.025235842913389
  landing: 0.024341970682144165
  view-data: 0.024901069700717926
