times:
  edit-metadata: 2.099145146086812
  landing: 0.12952310405671597
  view-data: 0.27939262241125107
