times:
  edit-metadata: 1.0228064600378275
  landing: 0.05249167000874877
  view-data: 0.2796323597431183
