times:
  edit-metadata: 2.0723349172621965
  landing: 0.13740328326821327
  view-data: 0.02640382945537567
