times:
  edit-metadata: 1.26108463620767
  landing: 0.08438285905867815
  view-data: 0.23449600115418434
