times:
  edit-metadata: 2.0774319153279066
  landing: 0.018897289410233498
  view-data: 0.14078924804925919
