times:
  edit-metadata: 2.326720342040062
  landing: 0.2535000126808882
  view-data: 0.18784273229539394
