times:
  edit-metadata: 1.07386918598786
  landing: 0.08192497584968805
  view-data: 0.24006595695391297
