times:
  edit-metadata: 2.0869719553738832
  landing: 0.020350243896245956
  view-data: 0.15027400478720665
