times:
  edit-metadata: 2.540450654923916
  landing: 0.2901828922331333
  view-data: 0.3814847804605961
