times:
  edit-metadata: 2.0269386917352676
  landing: 0.01922750473022461
  view-data: 0.02330661006271839
