times:
  edit-metadata: 1.9815757535398006
  landing: 0.15170910116285086
  view-data: 0.23023377638310194
