times:
  edit-metadata: 1.2946252222172916
  landing: 0.07723387377336621
  view-data: 0.36942567536607385
