times:
  edit-metadata: 1.2256788397207856
  landing: 0.04141071857884526
  view-data: 0.34260646905750036
