times:
  edit-metadata: 2.0433231871575117
  landing: 0.020010048523545265
  view-data: 0.02481578104197979
