times:
  edit-metadata: 1.9533157395198941
  landing: 0.020789504051208496
  view-data: 0.02507008332759142
