times:
  edit-metadata: 1.2571011641994119
  landing: 0.051988495979458094
  view-data: 0.24607174284756184
