times:
  edit-metadata: 2.012789343483746
  landing: 0.10940694063901901
  view-data: 0.4001513598486781
