times:
  edit-metadata: 1.3067871388047934
  landing: 0.04456547414883971
  view-data: 0.35781362606212497
