times:
  edit-metadata: 2.041554579511285
  landing: 0.14001848548650742
  view-data: 0.023598408326506615
