times:
  edit-metadata: 2.258975449949503
  landing: 0.232448548078537
  view-data: 0.33080083690583706
