times:
  edit-metadata: 1.9982226639986038
  landing: 0.020929336547851562
  view-data: 0.027696393430233
