times:
  edit-metadata: 2.0979326628148556
  landing: 0.05186714977025986
  view-data: 0.1350565440952778
