times:
  edit-metadata: 2.123858544975519
  landing: 0.022236226126551628
  view-data: 0.02600885182619095
