times:
  edit-metadata: 1.9239395279437304
  landing: 0.021519189700484276
  view-data: 0.42463562451303005
