times:
  edit-metadata: 2.134865541011095
  landing: 0.045406270772218704
  view-data: 0.04985389672219753
