times:
  edit-metadata: 1.3417906281538308
  landing: 0.07811512192711234
  view-data: 0.3459724369458854
