times:
  edit-metadata: 2.0738756228238344
  landing: 0.18888063356280327
  view-data: 0.3424775041639805
