times:
  edit-metadata: 1.0573423998430371
  landing: 0.056841811165213585
  view-data: 0.2401183950714767
