times:
  edit-metadata: 2.1109321285039186
  landing: 0.10104873217642307
  view-data: 0.30709047988057137
