times:
  edit-metadata: 2.0124242044985294
  landing: 0.019965294748544693
  view-data: 0.023397522047162056
