times:
  edit-metadata: 1.1638769800774753
  landing: 0.05014539277181029
  view-data: 0.247927688062191
