times:
  edit-metadata: 2.0379292918369174
  landing: 0.1317433901131153
  view-data: 0.22969416622072458
