times:
  edit-metadata: 2.3849176447838545
  landing: 0.023269034922122955
  view-data: 0.16115765646100044
