times:
  edit-metadata: 2.1317247077822685
  landing: 0.20650202967226505
  view-data: 0.4000729601830244
