times:
  edit-metadata: 1.8857023641467094
  landing: 0.023601324297487736
  view-data: 0.02673945762217045
