times:
  edit-metadata: 2.0684932209551334
  landing: 0.019351711496710777
  view-data: 0.02248125895857811
