times:
  edit-metadata: 2.9689307268708944
  landing: 0.17057468742132187
  view-data: 0.4037850461900234
