times:
  edit-metadata: 2.261050920933485
  landing: 0.023608531802892685
  view-data: 0.3192466851323843
