times:
  edit-metadata: 2.6070880610495806
  landing: 0.020886404439806938
  view-data: 0.16669924929738045
