times:
  edit-metadata: 3.5593719370663166
  landing: 0.2562114614993334
  view-data: 0.36107989214360714
