times:
  edit-metadata: 2.4705869276076555
  landing: 0.22819112800061703
  view-data: 0.23727098479866982
