times:
  edit-metadata: 1.2605039970949292
  landing: 0.047501929104328156
  view-data: 0.3111953530460596
