times:
  edit-metadata: 2.1004048492759466
  landing: 0.022155502811074257
  view-data: 0.12669796869158745
