times:
  edit-metadata: 2.092319754883647
  landing: 0.020066972821950912
  view-data: 0.02248898707330227
