times:
  edit-metadata: 2.315071789547801
  landing: 0.12644030805677176
  view-data: 0.12282597832381725
