times:
  edit-metadata: 2.098884357139468
  landing: 0.020515959709882736
  view-data: 0.44661353901028633
