times:
  edit-metadata: 2.210452873259783
  landing: 0.3451539557427168
  view-data: 0.4148918818682432
