times:
  edit-metadata: 2.56695269793272
  landing: 0.2868382353335619
  view-data: 0.3997441343963146
