times:
  edit-metadata: 3.6840652429964393
  landing: 0.2033534679794684
  view-data: 0.5731773829902522
