times:
  edit-metadata: 2.064539046958089
  landing: 0.13821238465607166
  view-data: 0.023562720976769924
