times:
  edit-metadata: 2.1141136810183525
  landing: 0.01884905993938446
  view-data: 0.0243512149900198
