times:
  edit-metadata: 1.9291888941079378
  landing: 0.11823129281401634
  view-data: 0.3209048779681325
