times:
  edit-metadata: 2.488130409270525
  landing: 0.23857225105166435
  view-data: 0.15540972165763378
