times:
  edit-metadata: 2.0792779847979546
  landing: 0.021317992359399796
  view-data: 0.15883764997124672
