times:
  edit-metadata: 2.1116977389901876
  landing: 0.021186018362641335
  view-data: 0.024808403104543686
