times:
  edit-metadata: 1.9295116513967514
  landing: 0.02298726700246334
  view-data: 0.02830387558788061
