times:
  edit-metadata: 2.14551735855639
  landing: 0.14393718726933002
  view-data: 0.4304310455918312
