times:
  edit-metadata: 2.035443799570203
  landing: 0.02187630534172058
  view-data: 0.12163408286869526
