times:
  edit-metadata: 1.919894457794726
  landing: 0.19189724419265985
  view-data: 0.11628807336091995
