times:
  edit-metadata: 2.305454272776842
  landing: 0.021746322512626648
  view-data: 0.22962924279272556
