times:
  edit-metadata: 2.0660151187330484
  landing: 0.20543460547924042
  view-data: 0.4257338885217905
