times:
  edit-metadata: 1.9627103451639414
  landing: 0.018877705559134483
  view-data: 0.02728574350476265
