times:
  edit-metadata: 1.022623984143138
  landing: 0.03971876809373498
  view-data: 0.25673477770760655
