times:
  edit-metadata: 2.1563484352082014
  landing: 0.022100303322076797
  view-data: 0.027184853330254555
