times:
  edit-metadata: 2.0460967924445868
  landing: 0.022638415917754173
  view-data: 0.10495183989405632
