times:
  edit-metadata: 2.4760319851338863
  landing: 0.024021923542022705
  view-data: 0.40412629395723343
