times:
  edit-metadata: 2.648816902190447
  landing: 0.21153402887284756
  view-data: 0.47383164800703526
