times:
  edit-metadata: 2.6287725158035755
  landing: 0.021609198302030563
  view-data: 0.050236836075782776
