times:
  edit-metadata: 2.0523074585944414
  landing: 0.13054168410599232
  view-data: 0.12540852278470993
