times:
  edit-metadata: 1.3146745529957116
  landing: 0.04829893400892615
  view-data: 0.4117191331461072
