times:
  edit-metadata: 2.102006010711193
  landing: 0.024027913808822632
  view-data: 0.029211807996034622
