times:
  edit-metadata: 2.010177234187722
  landing: 0.020613539032638073
  view-data: 0.13525563664734364
