times:
  edit-metadata: 1.9790581036359072
  landing: 0.020195432007312775
  view-data: 0.02437380887567997
