times:
  edit-metadata: 2.169610731303692
  landing: 0.02242845669388771
  view-data: 0.4799466822296381
