times:
  edit-metadata: 2.0268566254526377
  landing: 0.022774232551455498
  view-data: 0.025886010378599167
