times:
  edit-metadata: 2.5717745758593082
  landing: 0.3410610891878605
  view-data: 0.4677035640925169
