times:
  edit-metadata: 2.679331848397851
  landing: 0.2294065747410059
  view-data: 0.214417215436697
