times:
  edit-metadata: 1.0262392261065543
  landing: 0.053183441050350666
  view-data: 0.25240722903981805
