times:
  edit-metadata: 2.011243849992752
  landing: 0.0208757147192955
  view-data: 0.024049488827586174
