times:
  edit-metadata: 2.163117526099086
  landing: 0.2135771717876196
  view-data: 0.13409103639423847
