times:
  edit-metadata: 2.5740804243832827
  landing: 0.01999424584209919
  view-data: 0.026575861498713493
