times:
  edit-metadata: 2.1746110264211893
  landing: 0.215877840295434
  view-data: 0.3683595284819603
