times:
  edit-metadata: 2.015843796543777
  landing: 0.2251652032136917
  view-data: 0.02664259448647499
