times:
  edit-metadata: 2.118298559449613
  landing: 0.02077113278210163
  view-data: 0.02469535544514656
