times:
  edit-metadata: 2.0491446405649185
  landing: 0.14872556924819946
  view-data: 0.027940815314650536
