times:
  edit-metadata: 2.2330097556114197
  landing: 0.12905876897275448
  view-data: 0.12297546863555908
