times:
  edit-metadata: 2.0445306692272425
  landing: 0.02015160769224167
  view-data: 0.025234270840883255
