times:
  edit-metadata: 3.2486118245869875
  landing: 0.21733631007373333
  view-data: 0.3770053368061781
