times:
  edit-metadata: 2.0837734285742044
  landing: 0.021923094987869263
  view-data: 0.13749214634299278
