times:
  edit-metadata: 2.1659124959260225
  landing: 0.023104727268218994
  view-data: 0.13736820966005325
