times:
  edit-metadata: 1.1567100659012794
  landing: 0.055758433882147074
  view-data: 0.24900400778278708
