times:
  edit-metadata: 2.019755703397095
  landing: 0.12369552161544561
  view-data: 0.4685834599658847
