times:
  edit-metadata: 1.999361490830779
  landing: 0.2578338170424104
  view-data: 0.43738284707069397
