times:
  edit-metadata: 2.0796471182256937
  landing: 0.019360531121492386
  view-data: 0.0228830948472023
