times:
  edit-metadata: 1.2047514677979052
  landing: 0.07068878877907991
  view-data: 0.2495614280924201
