times:
  edit-metadata: 2.4490709230303764
  landing: 0.3641071654856205
  view-data: 0.2831592243164778
