times:
  edit-metadata: 2.0262424796819687
  landing: 0.023216940462589264
  view-data: 0.025072751566767693
