times:
  edit-metadata: 2.050471627153456
  landing: 0.21353409439325333
  view-data: 0.3518242733553052
