times:
  edit-metadata: 2.034428421407938
  landing: 0.12889305129647255
  view-data: 0.025217421352863312
