times:
  edit-metadata: 0.5484677669592202
  landing: 0.06654331833124161
  view-data: 0.21153647499158978
