times:
  edit-metadata: 0.5412699850276113
  landing: 0.06830273102968931
  view-data: 0.21277943206951022
