times:
  edit-metadata: 0.7537837917916477
  landing: 0.062310905661433935
  view-data: 0.21115888189524412
