times:
  edit-metadata: 0.5715731848031282
  landing: 0.06812748592346907
  view-data: 0.21221795585006475
