times:
  edit-metadata: 0.7018116842955351
  landing: 0.06924884580075741
  view-data: 0.248609883710742
