times:
  edit-metadata: 0.5457672108896077
  landing: 0.08499358221888542
  view-data: 0.21232389798387885
