times:
  edit-metadata: 0.5392610258422792
  landing: 0.0663110432215035
  view-data: 0.2111250557936728
