times:
  edit-metadata: 0.5346768596209586
  landing: 0.10922357579693198
  view-data: 0.22835534624755383
