times:
  edit-metadata: 0.5372054418548942
  landing: 0.06455942476168275
  view-data: 0.20870910631492734
