times:
  edit-metadata: 0.5203139563091099
  landing: 0.06438933871686459
  view-data: 0.21828907309100032
