times:
  edit-metadata: 0.5399853098206222
  landing: 0.06587704923003912
  view-data: 0.2118796668946743
