times:
  edit-metadata: 0.5395464063622057
  landing: 0.06046856101602316
  view-data: 0.2081541670486331
