times:
  edit-metadata: 0.571821500081569
  landing: 0.058153918012976646
  view-data: 0.3312328988686204
