times:
  edit-metadata: 0.566965505015105
  landing: 0.17355911061167717
  view-data: 0.2908156793564558
