times:
  edit-metadata: 0.7426995649002492
  landing: 0.061968786641955376
  view-data: 0.23239173088222742
