times:
  edit-metadata: 0.8455168073996902
  landing: 0.060760741122066975
  view-data: 0.236870676279068
