times:
  edit-metadata: 0.6616033888421953
  landing: 0.13862859038636088
  view-data: 0.21039877133443952
