times:
  edit-metadata: 0.8173939790576696
  landing: 0.14208081690594554
  view-data: 0.26690250309184194
