times:
  edit-metadata: 0.518825463950634
  landing: 0.06709918333217502
  view-data: 0.2814742629416287
