times:
  edit-metadata: 0.7616742406971753
  landing: 0.057037292048335075
  view-data: 0.2937669572420418
