times:
  edit-metadata: 0.740773850120604
  landing: 0.09670982090756297
  view-data: 0.3079678248614073
