times:
  edit-metadata: 0.5359985721297562
  landing: 0.06494981609284878
  view-data: 0.22570116305723786
