times:
  edit-metadata: 0.5391337662003934
  landing: 0.10561966197565198
  view-data: 0.31890218798071146
