times:
  edit-metadata: 1.749321160838008
  landing: 0.14755059033632278
  view-data: 0.35810944624245167
