times:
  edit-metadata: 1.4246172197163105
  landing: 0.020137546584010124
  view-data: 0.027064187452197075
