times:
  edit-metadata: 0.8379419702105224
  landing: 0.05190342292189598
  view-data: 0.21161011792719364
