times:
  edit-metadata: 1.7413548734039068
  landing: 0.16809052601456642
  view-data: 0.33087174594402313
