times:
  edit-metadata: 1.3262764737010002
  landing: 0.022154171019792557
  view-data: 0.02805313654243946
