times:
  edit-metadata: 1.3984608575701714
  landing: 0.13079467229545116
  view-data: 0.02504170499742031
