times:
  edit-metadata: 1.670275304466486
  landing: 0.020651189610362053
  view-data: 0.41517070680856705
