times:
  edit-metadata: 1.502413909882307
  landing: 0.020547932013869286
  view-data: 0.1571281049400568
