times:
  edit-metadata: 1.4794870056211948
  landing: 0.1434987299144268
  view-data: 0.02302861027419567
