times:
  edit-metadata: 1.5168942101299763
  landing: 0.019526902586221695
  view-data: 0.3609001301229
