times:
  edit-metadata: 1.3712751604616642
  landing: 0.15625675208866596
  view-data: 0.026099497452378273
