times:
  edit-metadata: 0.6060502212494612
  landing: 0.10984282800927758
  view-data: 0.26852608378976583
