times:
  edit-metadata: 1.546862419694662
  landing: 0.01937875710427761
  view-data: 0.3330219853669405
