times:
  edit-metadata: 0.7660320871509612
  landing: 0.09836580976843834
  view-data: 0.2680301950313151
