times:
  edit-metadata: 1.3816536851227283
  landing: 0.01892736926674843
  view-data: 0.2817772813141346
