times:
  edit-metadata: 1.4031122364103794
  landing: 0.14905691891908646
  view-data: 0.023452892899513245
