times:
  edit-metadata: 1.3261275570839643
  landing: 0.14358901605010033
  view-data: 0.25680635683238506
