times:
  edit-metadata: 0.7207936500199139
  landing: 0.09929885203018785
  view-data: 0.302965743932873
