times:
  edit-metadata: 1.64698420278728
  landing: 0.029192853718996048
  view-data: 0.3906812369823456
