times:
  edit-metadata: 1.3683328572660685
  landing: 0.026721496134996414
  view-data: 0.02311970293521881
