times:
  edit-metadata: 2.317528707906604
  landing: 0.20942073315382004
  view-data: 0.41171859204769135
