times:
  edit-metadata: 1.6560546550899744
  landing: 0.16766012646257877
  view-data: 0.14815307594835758
