times:
  edit-metadata: 1.2665377166122198
  landing: 0.13258540257811546
  view-data: 0.022463610395789146
