times:
  edit-metadata: 1.3991418052464724
  landing: 0.0221177376806736
  view-data: 0.028293674811720848
