times:
  edit-metadata: 2.398771351989126
  landing: 0.19850755098741502
  view-data: 0.5409211830119602
