times:
  edit-metadata: 1.4813856668770313
  landing: 0.02341010794043541
  view-data: 0.02937922440469265
