times:
  edit-metadata: 1.6025039348751307
  landing: 0.25880409218370914
  view-data: 0.3731133695691824
