times:
  edit-metadata: 0.5589334620162845
  landing: 0.08063323376700282
  view-data: 0.3348188200034201
