times:
  edit-metadata: 1.508239045739174
  landing: 0.22119179368019104
  view-data: 0.23923257552087307
