times:
  edit-metadata: 2.0496736180066364
  landing: 0.03814189801050816
  view-data: 0.3304288629879011
