times:
  edit-metadata: 1.5078095030039549
  landing: 0.19766523130238056
  view-data: 0.35404113307595253
