times:
  edit-metadata: 1.3724115192890167
  landing: 0.02133200876414776
  view-data: 0.35172536224126816
