times:
  edit-metadata: 1.5597233958542347
  landing: 0.2780983876436949
  view-data: 0.26777595840394497
