times:
  edit-metadata: 1.474702313542366
  landing: 0.12668216228485107
  view-data: 0.3154547270387411
