times:
  edit-metadata: 1.4029026683419943
  landing: 0.23562106490135193
  view-data: 0.027679016813635826
