times:
  edit-metadata: 1.3905189149081707
  landing: 0.021056268364191055
  view-data: 0.12661644257605076
