times:
  edit-metadata: 1.523951929062605
  landing: 0.24029716290533543
  view-data: 0.3326763156801462
