times:
  edit-metadata: 0.5422302992083132
  landing: 0.06974522722885013
  view-data: 0.19420669600367546
