times:
  edit-metadata: 1.4091602489352226
  landing: 0.018951723352074623
  view-data: 0.023090360686182976
