times:
  edit-metadata: 1.453453190624714
  landing: 0.019082538783550262
  view-data: 0.022669941186904907
