times:
  edit-metadata: 1.4692286271601915
  landing: 0.022653471678495407
  view-data: 0.02641119994223118
