times:
  edit-metadata: 1.7107567247003317
  landing: 0.17471583373844624
  view-data: 0.24234790541231632
