times:
  edit-metadata: 1.3821412734687328
  landing: 0.02415427565574646
  view-data: 0.31815314292907715
