times:
  edit-metadata: 1.5652093440294266
  landing: 0.1455704178661108
  view-data: 0.38844573870301247
