times:
  edit-metadata: 1.3487414792180061
  landing: 0.020381152629852295
  view-data: 0.030870290473103523
