times:
  edit-metadata: 1.8739543315023184
  landing: 0.21381155587732792
  view-data: 0.5396237391978502
