times:
  edit-metadata: 1.471955663524568
  landing: 0.17205017805099487
  view-data: 0.34276069700717926
