times:
  edit-metadata: 1.4546269811689854
  landing: 0.02284824848175049
  view-data: 0.14850379712879658
