times:
  edit-metadata: 0.6139940628781915
  landing: 0.04759930493310094
  view-data: 0.21486337762326002
