times:
  edit-metadata: 1.3876104094088078
  landing: 0.023913642391562462
  view-data: 0.025211799889802933
