times:
  edit-metadata: 0.5268620019778609
  landing: 0.08019799599424005
  view-data: 0.2192987985908985
