times:
  edit-metadata: 1.396900624036789
  landing: 0.01959572359919548
  view-data: 0.12504326179623604
