times:
  edit-metadata: 1.4416661765426397
  landing: 0.021758172661066055
  view-data: 0.1361804213374853
