times:
  edit-metadata: 1.6432656962424517
  landing: 0.19942765310406685
  view-data: 0.3691527992486954
