times:
  edit-metadata: 0.5304621141403913
  landing: 0.12301558209583163
  view-data: 0.19918132992461324
