times:
  edit-metadata: 1.8954051826149225
  landing: 0.1873337235301733
  view-data: 0.17640847712755203
