times:
  edit-metadata: 1.5029275938868523
  landing: 0.3623070362955332
  view-data: 0.12642616964876652
