times:
  edit-metadata: 1.373690003529191
  landing: 0.01929433085024357
  view-data: 0.14920810610055923
