times:
  edit-metadata: 1.3904411755502224
  landing: 0.25400551222264767
  view-data: 0.12769191898405552
