times:
  edit-metadata: 1.4032805655151606
  landing: 0.09794850647449493
  view-data: 0.3181374501436949
