times:
  edit-metadata: 1.4220869541168213
  landing: 0.1349408719688654
  view-data: 0.12408140860497952
