times:
  edit-metadata: 1.9127678703516722
  landing: 0.5208330051973462
  view-data: 0.49657060112804174
