times:
  edit-metadata: 1.3695491943508387
  landing: 0.20848852209746838
  view-data: 0.02352398820221424
