times:
  edit-metadata: 1.8258048836141825
  landing: 0.308726591989398
  view-data: 0.4046602360904217
