times:
  edit-metadata: 1.4397289715707302
  landing: 0.027612769976258278
  view-data: 0.026602523401379585
