times:
  edit-metadata: 1.6703498549759388
  landing: 0.02254551649093628
  view-data: 0.10530283488333225
