times:
  edit-metadata: 0.5435397778637707
  landing: 0.07449100632220507
  view-data: 0.19082819623872638
