times:
  edit-metadata: 1.8768674973398447
  landing: 0.1487364824861288
  view-data: 0.37492847070097923
