times:
  edit-metadata: 1.4089315198361874
  landing: 0.02014928124845028
  view-data: 0.02373986318707466
