times:
  edit-metadata: 1.3951455149799585
  landing: 0.19965587928891182
  view-data: 0.023618211969733238
