times:
  edit-metadata: 1.3820720203220844
  landing: 0.12158903665840626
  view-data: 0.13308239914476871
