times:
  edit-metadata: 1.3438518028706312
  landing: 0.020746959373354912
  view-data: 0.023798221722245216
