times:
  edit-metadata: 1.3728549964725971
  landing: 0.019817544147372246
  view-data: 0.13863403536379337
