times:
  edit-metadata: 1.4038293985649943
  landing: 0.20639990456402302
  view-data: 0.12683925684541464
