times:
  edit-metadata: 1.3062755148857832
  landing: 0.019332357682287693
  view-data: 0.0249723419547081
