times:
  edit-metadata: 1.378683716058731
  landing: 0.01947706751525402
  view-data: 0.42018170841038227
