times:
  edit-metadata: 1.3943970575928688
  landing: 0.02091095596551895
  view-data: 0.14551018923521042
