times:
  edit-metadata: 1.4384643007069826
  landing: 0.14229293540120125
  view-data: 0.3208578620105982
