times:
  edit-metadata: 1.273460242897272
  landing: 0.22348088398575783
  view-data: 0.5065728491172194
