times:
  edit-metadata: 0.7007145257666707
  landing: 0.06482919678092003
  view-data: 0.3193411095999181
