times:
  edit-metadata: 1.3145315069705248
  landing: 0.19433579314500093
  view-data: 0.022743122652173042
