times:
  edit-metadata: 1.3099013064056635
  landing: 0.13916359841823578
  view-data: 0.023614322766661644
