times:
  edit-metadata: 1.4286277778446674
  landing: 0.18873266875743866
  view-data: 0.2734944261610508
