times:
  edit-metadata: 1.4352134689688683
  landing: 0.019660836085677147
  view-data: 0.28393638134002686
