times:
  edit-metadata: 1.5519265606999397
  landing: 0.1573009043931961
  view-data: 0.3211345970630646
