times:
  edit-metadata: 1.4871777445077896
  landing: 0.02132250927388668
  view-data: 0.025743773207068443
