times:
  edit-metadata: 1.443110641092062
  landing: 0.019610602408647537
  view-data: 0.02499145269393921
