times:
  edit-metadata: 0.606750943697989
  landing: 0.049390661995857954
  view-data: 0.20866041025146842
