times:
  edit-metadata: 0.5550389681011438
  landing: 0.07081244979053736
  view-data: 0.20090925320982933
