times:
  edit-metadata: 1.4623210150748491
  landing: 0.020907556638121605
  view-data: 0.024669840931892395
