times:
  edit-metadata: 0.5531897312030196
  landing: 0.05916672619059682
  view-data: 0.22496179398149252
