times:
  edit-metadata: 1.6520248651504517
  landing: 0.12399527616798878
  view-data: 0.33217934891581535
