times:
  edit-metadata: 1.4781246818602085
  landing: 0.019950810819864273
  view-data: 0.3797378595918417
