times:
  edit-metadata: 0.641612752340734
  landing: 0.048536370042711496
  view-data: 0.23033404117450118
