times:
  edit-metadata: 1.815191650763154
  landing: 0.18512213043868542
  view-data: 0.19087296165525913
