times:
  edit-metadata: 1.7122619058936834
  landing: 0.31792386807501316
  view-data: 0.4350896440446377
