times:
  edit-metadata: 1.451478861272335
  landing: 0.01990281231701374
  view-data: 0.0273781456053257
