times:
  edit-metadata: 1.5237591210752726
  landing: 0.14021942019462585
  view-data: 0.13319100067019463
