times:
  edit-metadata: 1.5485304798930883
  landing: 0.2700091041624546
  view-data: 0.031228933483362198
