times:
  edit-metadata: 1.5004400685429573
  landing: 0.14030920714139938
  view-data: 0.3709883037954569
