times:
  edit-metadata: 0.6427842620760202
  landing: 0.06192544614896178
  view-data: 0.25118607468903065
