times:
  edit-metadata: 1.5243957564234734
  landing: 0.02585282176733017
  view-data: 0.4567483365535736
