times:
  edit-metadata: 0.5331399948336184
  landing: 0.07106599397957325
  view-data: 0.21302518295124173
