times:
  edit-metadata: 1.4530014991760254
  landing: 0.020243268460035324
  view-data: 0.025915291160345078
