times:
  edit-metadata: 1.470517074689269
  landing: 0.16825893335044384
  view-data: 0.03955650515854359
