times:
  edit-metadata: 1.4200563924387097
  landing: 0.1518836198374629
  view-data: 0.04553769342601299
