times:
  edit-metadata: 0.5703607918694615
  landing: 0.0779872857965529
  view-data: 0.2643589382059872
