times:
  edit-metadata: 1.5151284970343113
  landing: 0.2596292532980442
  view-data: 0.15225977450609207
