times:
  edit-metadata: 1.4707430452108383
  landing: 0.21137064136564732
  view-data: 0.023435957729816437
