times:
  edit-metadata: 1.3572522960603237
  landing: 0.02209172584116459
  view-data: 0.02666396088898182
