times:
  edit-metadata: 1.9428654573857784
  landing: 0.3008296824991703
  view-data: 0.30029538832604885
