times:
  edit-metadata: 1.7760521471500397
  landing: 0.13686360232532024
  view-data: 0.022564761340618134
