times:
  edit-metadata: 1.6211285702884197
  landing: 0.2291542962193489
  view-data: 0.4107190240174532
