times:
  edit-metadata: 0.6736285360530019
  landing: 0.05608448293060064
  view-data: 0.2386365719139576
