times:
  edit-metadata: 0.7071746671572328
  landing: 0.10860966984182596
  view-data: 0.2970854355953634
