times:
  edit-metadata: 0.5318363481201231
  landing: 0.06773253297433257
  view-data: 0.21130399173125625
