times:
  edit-metadata: 0.6278322283178568
  landing: 0.10638354299589992
  view-data: 0.20005636801943183
