times:
  edit-metadata: 1.3775868080556393
  landing: 0.023983169347047806
  view-data: 0.027192426845431328
