times:
  edit-metadata: 2.413467427715659
  landing: 0.3271207604557276
  view-data: 0.48729058913886547
