times:
  edit-metadata: 1.5730555187910795
  landing: 0.024002544581890106
  view-data: 0.05498651601374149
