times:
  edit-metadata: 0.5365832881070673
  landing: 0.06420983280986547
  view-data: 0.20841748919337988
