times:
  edit-metadata: 0.6821804400533438
  landing: 0.09656156785786152
  view-data: 0.23249519569799304
