times:
  edit-metadata: 1.4539993964135647
  landing: 0.12003681063652039
  view-data: 0.0258188433945179
