times:
  edit-metadata: 1.524771573022008
  landing: 0.05802043899893761
  view-data: 0.051512133330106735
