times:
  edit-metadata: 0.7411149768158793
  landing: 0.05927092395722866
  view-data: 0.2914605848491192
