times:
  edit-metadata: 1.5928081292659044
  landing: 0.021776068955659866
  view-data: 0.02439762093126774
