times:
  edit-metadata: 1.3766888789832592
  landing: 0.17241287231445312
  view-data: 0.03690228424966335
