times:
  edit-metadata: 1.4221416041254997
  landing: 0.16574211791157722
  view-data: 0.14380770549178123
