times:
  edit-metadata: 1.3687233049422503
  landing: 0.019323239102959633
  view-data: 0.02389836311340332
