times:
  edit-metadata: 1.396320078521967
  landing: 0.02146122045814991
  view-data: 0.46011091209948063
