times:
  edit-metadata: 1.8187935091555119
  landing: 0.02065480314195156
  view-data: 0.12724699079990387
