times:
  edit-metadata: 1.476561376824975
  landing: 0.19241001456975937
  view-data: 0.34277692809700966
