times:
  edit-metadata: 1.3684873040765524
  landing: 0.0191233791410923
  view-data: 0.02535705640912056
