times:
  edit-metadata: 1.5452633388340473
  landing: 0.02473922073841095
  view-data: 0.3643228653818369
