times:
  edit-metadata: 1.7541076466441154
  landing: 0.22355259954929352
  view-data: 0.37988061644136906
