times:
  edit-metadata: 0.5320615307427943
  landing: 0.08443982200697064
  view-data: 0.2433899212628603
