times:
  edit-metadata: 1.4296578504145145
  landing: 0.020087556913495064
  view-data: 0.026429248973727226
