times:
  edit-metadata: 1.371027436107397
  landing: 0.19220238365232944
  view-data: 0.12590371072292328
