times:
  edit-metadata: 0.657549493946135
  landing: 0.10866672592237592
  view-data: 0.26832816284149885
