times:
  edit-metadata: 1.844935206696391
  landing: 0.2176086325198412
  view-data: 0.2286883033812046
