times:
  edit-metadata: 1.6488916836678982
  landing: 0.2994880024343729
  view-data: 0.46203918382525444
