times:
  edit-metadata: 1.344123950228095
  landing: 0.022717205807566643
  view-data: 0.028629813343286514
