times:
  edit-metadata: 1.3370371088385582
  landing: 0.020397093147039413
  view-data: 0.024742398411035538
