times:
  edit-metadata: 1.414664315059781
  landing: 0.16572249494493008
  view-data: 0.2392464391887188
