times:
  edit-metadata: 1.3978380430489779
  landing: 0.15139244869351387
  view-data: 0.02587486058473587
