times:
  edit-metadata: 1.5240769516676664
  landing: 0.20907219499349594
  view-data: 0.38764274679124355
