times:
  edit-metadata: 1.4406994134187698
  landing: 0.13982165977358818
  view-data: 0.02448435313999653
