times:
  edit-metadata: 1.4142746049910784
  landing: 0.022668227553367615
  view-data: 0.02418399602174759
