times:
  edit-metadata: 1.7796199209988117
  landing: 0.3041264060884714
  view-data: 0.13459153659641743
