times:
  edit-metadata: 1.4678110489621758
  landing: 0.019117082469165325
  view-data: 0.022752526216208935
