times:
  edit-metadata: 1.4101811237633228
  landing: 0.020463695749640465
  view-data: 0.02848966419696808
