times:
  edit-metadata: 1.2758612660691142
  landing: 0.23591539543122053
  view-data: 0.4176391763612628
