times:
  edit-metadata: 1.4049393637105823
  landing: 0.01892710942775011
  view-data: 0.6098629366606474
