times:
  edit-metadata: 1.4188602669164538
  landing: 0.020095148123800755
  view-data: 0.19785883836448193
