times:
  edit-metadata: 1.3327781911939383
  landing: 0.14043031446635723
  view-data: 0.1319650635123253
