times:
  edit-metadata: 1.3258302845060825
  landing: 0.02196515165269375
  view-data: 0.32959205470979214
