times:
  edit-metadata: 1.2856661640107632
  landing: 0.01961873099207878
  view-data: 0.024593239650130272
