times:
  edit-metadata: 1.7501514237374067
  landing: 0.022898590192198753
  view-data: 0.3414699509739876
