times:
  edit-metadata: 1.3880694210529327
  landing: 0.2613322362303734
  view-data: 0.024367300793528557
