times:
  edit-metadata: 1.3233176562935114
  landing: 0.024177027866244316
  view-data: 0.025762533769011497
