times:
  edit-metadata: 1.4251861870288849
  landing: 0.2317765560001135
  view-data: 0.31693289056420326
