times:
  edit-metadata: 1.317329840734601
  landing: 0.026018889620900154
  view-data: 0.31288808584213257
