times:
  edit-metadata: 0.4932495872490108
  landing: 0.061766720842570066
  view-data: 0.2224357258528471
