times:
  edit-metadata: 1.7306450689211488
  landing: 0.2039376785978675
  view-data: 0.11722756270319223
