times:
  edit-metadata: 0.5032411669380963
  landing: 0.06940366327762604
  view-data: 0.22427014214918017
