times:
  edit-metadata: 1.5189818292856216
  landing: 0.37773000448942184
  view-data: 0.18825333751738071
