times:
  edit-metadata: 1.3185612987726927
  landing: 0.13237315975129604
  view-data: 0.31545059382915497
