times:
  edit-metadata: 1.312837390229106
  landing: 0.02044958434998989
  view-data: 0.02796337567269802
