times:
  edit-metadata: 1.3097328674048185
  landing: 0.020742133259773254
  view-data: 0.10093848221004009
