times:
  edit-metadata: 1.6864225417375565
  landing: 0.024089712649583817
  view-data: 0.35055743157863617
