times:
  edit-metadata: 0.5042580207809806
  landing: 0.09065830195322633
  view-data: 0.22495101392269135
