times:
  edit-metadata: 1.3256395626813173
  landing: 0.021743064746260643
  view-data: 0.12158292531967163
