times:
  edit-metadata: 1.2932403218001127
  landing: 0.022759275510907173
  view-data: 0.28482681326568127
