times:
  edit-metadata: 1.2932466603815556
  landing: 0.1641511730849743
  view-data: 0.026398202404379845
