times:
  edit-metadata: 1.3528158534318209
  landing: 0.02027091756463051
  view-data: 0.026419296860694885
