times:
  edit-metadata: 1.4438896030187607
  landing: 0.02683398127555847
  view-data: 0.3590784203261137
