times:
  edit-metadata: 1.3676118478178978
  landing: 0.1290800627321005
  view-data: 0.0242566280066967
