times:
  edit-metadata: 2.014684597030282
  landing: 0.026239536702632904
  view-data: 0.18551227450370789
