times:
  edit-metadata: 1.3943688720464706
  landing: 0.021023914217948914
  view-data: 0.024563223123550415
