times:
  edit-metadata: 1.9849666859954596
  landing: 0.020801322534680367
  view-data: 0.3111312836408615
