times:
  edit-metadata: 1.4278739849105477
  landing: 0.21158245112746954
  view-data: 0.02381620556116104
