times:
  edit-metadata: 1.326454734429717
  landing: 0.16400001849979162
  view-data: 0.12052503880113363
