times:
  edit-metadata: 1.3348488193005323
  landing: 0.021400097757577896
  view-data: 0.09868067037314177
