times:
  edit-metadata: 1.3429770525544882
  landing: 0.15698402747511864
  view-data: 0.0240712221711874
