times:
  edit-metadata: 1.3678499506786466
  landing: 0.02025813888758421
  view-data: 0.4219539621844888
