times:
  edit-metadata: 1.4868442956358194
  landing: 0.021592354401946068
  view-data: 0.15559313260018826
