times:
  edit-metadata: 1.3209151979535818
  landing: 0.019207164645195007
  view-data: 0.023645710200071335
