times:
  edit-metadata: 0.49183389777317643
  landing: 0.05664077075198293
  view-data: 0.21771622309461236
