times:
  edit-metadata: 1.4039629511535168
  landing: 0.12172115966677666
  view-data: 0.13867140375077724
