times:
  edit-metadata: 1.4321087766438723
  landing: 0.021354012191295624
  view-data: 0.02620135433971882
