times:
  edit-metadata: 1.3981788661330938
  landing: 0.14676084090024233
  view-data: 0.029179385863244534
