times:
  edit-metadata: 1.3998748734593391
  landing: 0.021410644054412842
  view-data: 0.31923009641468525
