times:
  edit-metadata: 1.485432954505086
  landing: 0.16421623528003693
  view-data: 0.2575417887419462
