times:
  edit-metadata: 1.3843914680182934
  landing: 0.022903935983777046
  view-data: 0.33799437433481216
