times:
  edit-metadata: 1.461036803200841
  landing: 0.22611888498067856
  view-data: 0.3912918455898762
