times:
  edit-metadata: 1.3127781674265862
  landing: 0.02073371596634388
  view-data: 0.026414968073368073
