times:
  edit-metadata: 1.6817381158471107
  landing: 0.26790911331772804
  view-data: 0.1804941836744547
