times:
  edit-metadata: 1.5264680869877338
  landing: 0.27268070355057716
  view-data: 0.4369087368249893
