times:
  edit-metadata: 1.3347831405699253
  landing: 0.15630390495061874
  view-data: 0.30688684061169624
