times:
  edit-metadata: 1.3924549231305718
  landing: 0.14268111530691385
  view-data: 0.1898902729153633
