times:
  edit-metadata: 1.3601252548396587
  landing: 0.020207393914461136
  view-data: 0.022790445014834404
