times:
  edit-metadata: 1.4203450977802277
  landing: 0.1979149952530861
  view-data: 0.3289480749517679
