times:
  edit-metadata: 1.367114830762148
  landing: 0.019417455419898033
  view-data: 0.025458626449108124
