times:
  edit-metadata: 1.4113445207476616
  landing: 0.11075382865965366
  view-data: 0.04541788063943386
