times:
  edit-metadata: 0.5322135128080845
  landing: 0.1799438097514212
  view-data: 0.21685325680300593
