times:
  edit-metadata: 1.2671656804159284
  landing: 0.020802553743124008
  view-data: 0.026409290730953217
