times:
  edit-metadata: 1.360962402075529
  landing: 0.020165180787444115
  view-data: 0.024982184171676636
