times:
  edit-metadata: 0.48990866588428617
  landing: 0.0730801010504365
  view-data: 0.30783409625291824
