times:
  edit-metadata: 0.4793800339102745
  landing: 0.07890768488869071
  view-data: 0.28767359117046
