times:
  edit-metadata: 1.4083068165928125
  landing: 0.022458160296082497
  view-data: 0.026007050648331642
