times:
  edit-metadata: 1.2710932651534677
  landing: 0.02054239995777607
  view-data: 0.024780068546533585
