times:
  edit-metadata: 1.3277189042419195
  landing: 0.02248992770910263
  view-data: 0.0605238638818264
