times:
  edit-metadata: 1.4395745284855366
  landing: 0.021063117310404778
  view-data: 0.02894286811351776
