times:
  edit-metadata: 1.3550458997488022
  landing: 0.14269782789051533
  view-data: 0.27980170398950577
