times:
  edit-metadata: 1.3331667501479387
  landing: 0.1960383802652359
  view-data: 0.12489115074276924
