times:
  edit-metadata: 1.3770111426711082
  landing: 0.021416686475276947
  view-data: 0.15938827209174633
