times:
  edit-metadata: 1.7166266366839409
  landing: 0.2005707323551178
  view-data: 0.3247142620384693
