times:
  edit-metadata: 1.8659466411918402
  landing: 0.371769480407238
  view-data: 0.4240143969655037
