times:
  edit-metadata: 1.5847997423261404
  landing: 0.021163794212043285
  view-data: 0.2766872765496373
