times:
  edit-metadata: 1.4914655033499002
  landing: 0.2226182408630848
  view-data: 0.2571013793349266
