times:
  edit-metadata: 0.7033488666638732
  landing: 0.04739464307203889
  view-data: 0.27773023722693324
