times:
  edit-metadata: 1.3163881823420525
  landing: 0.021925736218690872
  view-data: 0.026644282042980194
