times:
  edit-metadata: 1.3372196704149246
  landing: 0.0991204734891653
  view-data: 0.02804994396865368
