times:
  edit-metadata: 1.305696465075016
  landing: 0.020171605050563812
  view-data: 0.12460858002305031
