times:
  edit-metadata: 0.5157304862514138
  landing: 0.06551525788381696
  view-data: 0.21335717383772135
