times:
  edit-metadata: 1.2705427259206772
  landing: 0.021172945387661457
  view-data: 0.11769347544759512
