times:
  edit-metadata: 0.4909133519977331
  landing: 0.06798542197793722
  view-data: 0.20938333496451378
