times:
  edit-metadata: 0.49043566826730967
  landing: 0.06812015920877457
  view-data: 0.21316409669816494
