times:
  edit-metadata: 1.3636276125907898
  landing: 0.1399580705910921
  view-data: 0.36229656264185905
