times:
  edit-metadata: 0.4900138759985566
  landing: 0.06731042498722672
  view-data: 0.2289678966626525
