times:
  edit-metadata: 2.03685599938035
  landing: 0.3885829746723175
  view-data: 0.4557561408728361
