times:
  edit-metadata: 1.3065320886671543
  landing: 0.020717069506645203
  view-data: 0.12796121276915073
