times:
  edit-metadata: 1.8033382166177034
  landing: 0.16374576650559902
  view-data: 0.41705890372395515
