times:
  edit-metadata: 1.3811878450214863
  landing: 0.020415950566530228
  view-data: 0.025361480191349983
