times:
  edit-metadata: 1.2783359102904797
  landing: 0.01963004656136036
  view-data: 0.022536929696798325
