times:
  edit-metadata: 1.323049383237958
  landing: 0.1685625985264778
  view-data: 0.026403985917568207
