times:
  edit-metadata: 1.31489790789783
  landing: 0.01942794770002365
  view-data: 0.025018860585987568
