times:
  edit-metadata: 0.6831435048952699
  landing: 0.07897274708375335
  view-data: 0.30846327217295766
