times:
  edit-metadata: 1.3702763766050339
  landing: 0.12052841670811176
  view-data: 0.3470143545418978
