times:
  edit-metadata: 1.331439957022667
  landing: 0.023750757798552513
  view-data: 0.22731966897845268
