times:
  edit-metadata: 0.7342988247983158
  landing: 0.05058312090113759
  view-data: 0.20501690404489636
