times:
  edit-metadata: 1.5884128715842962
  landing: 0.1606049295514822
  view-data: 0.3412840235978365
