times:
  edit-metadata: 1.5931727774441242
  landing: 0.13386462070047855
  view-data: 0.33178567700088024
