times:
  edit-metadata: 1.3240589555352926
  landing: 0.19848615489900112
  view-data: 0.028346233069896698
