times:
  edit-metadata: 1.301718708127737
  landing: 0.021798554807901382
  view-data: 0.10470661334693432
