times:
  edit-metadata: 1.6505399718880653
  landing: 0.19265851564705372
  view-data: 0.503655880689621
