times:
  edit-metadata: 1.5224320758134127
  landing: 0.05450569465756416
  view-data: 0.4311446938663721
