times:
  edit-metadata: 1.389298195950687
  landing: 0.13640419859439135
  view-data: 0.026770648546516895
