times:
  edit-metadata: 0.7198991146869957
  landing: 0.0444339863024652
  view-data: 0.22229145420715213
