times:
  edit-metadata: 1.4116089334711432
  landing: 0.15518893115222454
  view-data: 0.13869138807058334
