times:
  edit-metadata: 1.4029475413262844
  landing: 0.28209543228149414
  view-data: 0.02527696266770363
