times:
  edit-metadata: 1.4015391487628222
  landing: 0.13098555617034435
  view-data: 0.3236633390188217
