times:
  edit-metadata: 1.3286969400942326
  landing: 0.0223794374614954
  view-data: 0.024271786212921143
