times:
  edit-metadata: 1.3794479072093964
  landing: 0.20237303711473942
  view-data: 0.023432597517967224
