times:
  edit-metadata: 1.430205812677741
  landing: 0.12452304549515247
  view-data: 0.16788039542734623
