times:
  edit-metadata: 1.7309178849682212
  landing: 0.11579632107168436
  view-data: 0.02523783314973116
