times:
  edit-metadata: 1.297717615030706
  landing: 0.020344526506960392
  view-data: 0.0959799662232399
