times:
  edit-metadata: 1.3302783956751227
  landing: 0.23335926327854395
  view-data: 0.46847611479461193
