times:
  edit-metadata: 1.430081082507968
  landing: 0.1429267656058073
  view-data: 0.2447580248117447
