times:
  edit-metadata: 1.4405223727226257
  landing: 0.253922900184989
  view-data: 0.1378860492259264
