times:
  edit-metadata: 1.324839612469077
  landing: 0.01960529014468193
  view-data: 0.025030048564076424
