times:
  edit-metadata: 1.3268824387341738
  landing: 0.019848830997943878
  view-data: 0.027737347409129143
