times:
  edit-metadata: 0.5069304397329688
  landing: 0.06426843209192157
  view-data: 0.21311739599332213
