times:
  edit-metadata: 1.308107826858759
  landing: 0.01957845501601696
  view-data: 0.02546836994588375
