times:
  edit-metadata: 0.478676350787282
  landing: 0.06427345471456647
  view-data: 0.21105360006913543
