times:
  edit-metadata: 1.4055648893117905
  landing: 0.1304775644093752
  view-data: 0.4051784984767437
