times:
  edit-metadata: 0.5790548203513026
  landing: 0.07557788398116827
  view-data: 0.2953851348720491
