times:
  edit-metadata: 1.3385167680680752
  landing: 0.020638342946767807
  view-data: 0.02612292766571045
