times:
  edit-metadata: 1.7055773567408323
  landing: 0.020813271403312683
  view-data: 0.4335431382060051
