times:
  edit-metadata: 1.5845985915511847
  landing: 0.25441710092127323
  view-data: 0.1558462381362915
