times:
  edit-metadata: 1.2856401111930609
  landing: 0.1246391786262393
  view-data: 0.022885135374963284
