times:
  edit-metadata: 1.6021486166864634
  landing: 0.022618889808654785
  view-data: 0.29893876053392887
