times:
  edit-metadata: 1.2990197632461786
  landing: 0.1287881601601839
  view-data: 0.1364107560366392
