times:
  edit-metadata: 1.7032017838209867
  landing: 0.24330417718738317
  view-data: 0.03252379782497883
