times:
  edit-metadata: 1.3619058448821306
  landing: 0.019728651270270348
  view-data: 0.024434663355350494
