times:
  edit-metadata: 1.3537223488092422
  landing: 0.01796547882258892
  view-data: 0.3175038695335388
