times:
  edit-metadata: 1.3353651594370604
  landing: 0.11658840253949165
  view-data: 0.024771204218268394
