times:
  edit-metadata: 1.276495711877942
  landing: 0.02059532981365919
  view-data: 0.028661302290856838
