times:
  edit-metadata: 1.3051942167803645
  landing: 0.021586351096630096
  view-data: 0.3232139693573117
