times:
  edit-metadata: 1.3898002654314041
  landing: 0.02036335878074169
  view-data: 0.2928116600960493
