times:
  edit-metadata: 1.369315966963768
  landing: 0.1430020797997713
  view-data: 0.02542915940284729
