times:
  edit-metadata: 1.4645132273435593
  landing: 0.021461980417370796
  view-data: 0.13856915570795536
