times:
  edit-metadata: 1.3619527071714401
  landing: 0.02054176852107048
  view-data: 0.14386255107820034
