times:
  edit-metadata: 0.5034999470226467
  landing: 0.06404641689732671
  view-data: 0.22052507009357214
