times:
  edit-metadata: 1.6877321861684322
  landing: 0.019507208839058876
  view-data: 0.3099072799086571
