times:
  edit-metadata: 1.3322616517543793
  landing: 0.09705471247434616
  view-data: 0.1315928865224123
