times:
  edit-metadata: 1.3415269944816828
  landing: 0.14266443066298962
  view-data: 0.31272540241479874
