times:
  edit-metadata: 1.7779278941452503
  landing: 0.02140597254037857
  view-data: 0.38937836699187756
