times:
  edit-metadata: 1.29168133251369
  landing: 0.021158423274755478
  view-data: 0.025751948356628418
