times:
  edit-metadata: 1.3655625842511654
  landing: 0.025368420407176018
  view-data: 0.22875779122114182
