times:
  edit-metadata: 0.7784676221199334
  landing: 0.06287245824933052
  view-data: 0.21451522735878825
