times:
  edit-metadata: 1.2769125448539853
  landing: 0.020798947662115097
  view-data: 0.11742991674691439
