times:
  edit-metadata: 1.438721464946866
  landing: 0.020292332395911217
  view-data: 0.12779218889772892
