times:
  edit-metadata: 1.4182958845049143
  landing: 0.2235195506364107
  view-data: 0.14017589576542377
