times:
  edit-metadata: 1.4097389988601208
  landing: 0.020392656326293945
  view-data: 0.36144678574055433
