times:
  edit-metadata: 1.5623929053544998
  landing: 0.22942494601011276
  view-data: 0.148191899061203
