times:
  edit-metadata: 1.4383534379303455
  landing: 0.02092413231730461
  view-data: 0.029465025290846825
