times:
  edit-metadata: 1.4243368916213512
  landing: 0.023033836856484413
  view-data: 0.025652701035141945
