times:
  edit-metadata: 0.5207923068664968
  landing: 0.0654887780547142
  view-data: 0.22295845113694668
