times:
  edit-metadata: 0.5182359130121768
  landing: 0.12616562703624368
  view-data: 0.20965606486424804
