times:
  edit-metadata: 1.3923173937946558
  landing: 0.01952286623418331
  view-data: 0.36049784719944
