times:
  edit-metadata: 0.5404960047453642
  landing: 0.11721978103742003
  view-data: 0.2835284532047808
