times:
  edit-metadata: 1.4847829472273588
  landing: 0.021198462694883347
  view-data: 0.44381311908364296
