times:
  edit-metadata: 1.4241616372019053
  landing: 0.22221367247402668
  view-data: 0.3230157345533371
