times:
  edit-metadata: 1.7359043266624212
  landing: 0.23026639595627785
  view-data: 0.4226679652929306
