times:
  edit-metadata: 1.7620855644345284
  landing: 0.022520670667290688
  view-data: 0.050218723714351654
