times:
  edit-metadata: 1.3512041959911585
  landing: 0.2674382496625185
  view-data: 0.03282490186393261
