times:
  edit-metadata: 0.492979075293988
  landing: 0.0626467471010983
  view-data: 0.2059643780812621
