times:
  edit-metadata: 0.6713328170590103
  landing: 0.0763129061087966
  view-data: 0.2517924401909113
