times:
  edit-metadata: 0.578578838147223
  landing: 0.0418642470613122
  view-data: 0.2555917240679264
