times:
  edit-metadata: 1.5213125962764025
  landing: 0.22964607365429401
  view-data: 0.3419851753860712
