times:
  edit-metadata: 1.3713335385546088
  landing: 0.019670385867357254
  view-data: 0.1454253476113081
