times:
  edit-metadata: 1.3172862399369478
  landing: 0.0210493765771389
  view-data: 0.02415265142917633
