times:
  edit-metadata: 0.5865071602165699
  landing: 0.06356468889862299
  view-data: 0.27417251700535417
