times:
  edit-metadata: 1.283059036359191
  landing: 0.11230245046317577
  view-data: 0.026867954060435295
