times:
  edit-metadata: 1.5505268964916468
  landing: 0.020720552653074265
  view-data: 0.1513117402791977
