times:
  edit-metadata: 1.6179820280522108
  landing: 0.31007312051951885
  view-data: 0.024188727140426636
