times:
  edit-metadata: 0.5010102950036526
  landing: 0.06399105722084641
  view-data: 0.21916151978075504
