times:
  edit-metadata: 1.5776302050799131
  landing: 0.15368405729532242
  view-data: 0.4328872635960579
