times:
  edit-metadata: 1.3350235726684332
  landing: 0.02069838624447584
  view-data: 0.47789635602384806
