times:
  edit-metadata: 1.369634285569191
  landing: 0.022217169404029846
  view-data: 0.0234683845192194
