times:
  edit-metadata: 1.2631095480173826
  landing: 0.020039969123899937
  view-data: 0.02526111900806427
