times:
  edit-metadata: 1.3461336679756641
  landing: 0.021793020889163017
  view-data: 0.02631477452814579
