times:
  edit-metadata: 1.3064069226384163
  landing: 0.12182614952325821
  view-data: 0.3142699021846056
