times:
  edit-metadata: 0.4348895428702235
  landing: 0.04541856795549393
  view-data: 0.21647531539201736
