times:
  edit-metadata: 1.2782496931031346
  landing: 0.020676285959780216
  view-data: 0.025230414234101772
