times:
  edit-metadata: 1.3038281155750155
  landing: 0.01925448514521122
  view-data: 0.45757758151739836
