times:
  edit-metadata: 1.360390206798911
  landing: 0.02273659687489271
  view-data: 0.13779973704367876
