times:
  edit-metadata: 0.43103128019720316
  landing: 0.04952204413712025
  view-data: 0.3305709771811962
