times:
  edit-metadata: 1.392299447208643
  landing: 0.018881356343626976
  view-data: 0.48426770977675915
