times:
  edit-metadata: 1.3220666516572237
  landing: 0.02342604100704193
  view-data: 0.02798560168594122
