times:
  edit-metadata: 1.3391410540789366
  landing: 0.13702095299959183
  view-data: 0.026326156221330166
