times:
  edit-metadata: 2.0133519507944584
  landing: 0.1609079148620367
  view-data: 0.4812763687223196
