times:
  edit-metadata: 1.3347863834351301
  landing: 0.023308584466576576
  view-data: 0.02582690864801407
