times:
  edit-metadata: 1.3607333675026894
  landing: 0.022372698411345482
  view-data: 0.3341131526976824
