times:
  edit-metadata: 1.2594586666673422
  landing: 0.13704459089785814
  view-data: 0.02703717164695263
