times:
  edit-metadata: 1.3682527914643288
  landing: 0.020041590556502342
  view-data: 0.025015266612172127
