times:
  edit-metadata: 1.3211970794945955
  landing: 0.020424585789442062
  view-data: 0.02368912287056446
