times:
  edit-metadata: 1.2691547805443406
  landing: 0.11580323707312346
  view-data: 0.025155055336654186
