times:
  edit-metadata: 1.4080978780984879
  landing: 0.023348379880189896
  view-data: 0.02522483840584755
