times:
  edit-metadata: 1.3654168965294957
  landing: 0.15157167240977287
  view-data: 0.21820223424583673
