times:
  edit-metadata: 1.3112128861248493
  landing: 0.12808289006352425
  view-data: 0.023643377237021923
