times:
  edit-metadata: 1.2800867669284344
  landing: 0.019187347032129765
  view-data: 0.09646475035697222
