times:
  edit-metadata: 0.6880725319497287
  landing: 0.09518025303259492
  view-data: 0.21712549729272723
