times:
  edit-metadata: 1.3714029379189014
  landing: 0.01973600871860981
  view-data: 0.30857921205461025
