times:
  edit-metadata: 0.42080558091402054
  landing: 0.04743241798132658
  view-data: 0.3336051981896162
