times:
  edit-metadata: 1.2930180234834552
  landing: 0.02171891462057829
  view-data: 0.11721276678144932
