times:
  edit-metadata: 1.3393163233995438
  landing: 0.16985362861305475
  view-data: 0.1307227397337556
