times:
  edit-metadata: 1.4472309723496437
  landing: 0.13094651512801647
  view-data: 0.13245116919279099
