times:
  edit-metadata: 1.2749268570914865
  landing: 0.022560231387615204
  view-data: 0.11977100092917681
