times:
  edit-metadata: 1.2881034864112735
  landing: 0.15487099438905716
  view-data: 0.02894045878201723
