times:
  edit-metadata: 1.5370559263974428
  landing: 0.23276301100850105
  view-data: 0.39693628437817097
