times:
  edit-metadata: 1.2940708883106709
  landing: 0.02385933045297861
  view-data: 0.448865320533514
