times:
  edit-metadata: 1.418234284967184
  landing: 0.02070801705121994
  view-data: 0.3514609429985285
