times:
  edit-metadata: 1.4382776245474815
  landing: 0.1482798159122467
  view-data: 0.38015931099653244
