times:
  edit-metadata: 1.4388185497373343
  landing: 0.019368983805179596
  view-data: 0.025285711511969566
