times:
  edit-metadata: 0.43350247014313936
  landing: 0.04576987586915493
  view-data: 0.483287257142365
