times:
  edit-metadata: 1.4417229127138853
  landing: 0.255835197865963
  view-data: 0.02469579502940178
