times:
  edit-metadata: 0.43047489412128925
  landing: 0.05134147219359875
  view-data: 0.20464341342449188
