times:
  edit-metadata: 1.3653964083641768
  landing: 0.02184936124831438
  view-data: 0.49377600010484457
