times:
  edit-metadata: 1.2295573484152555
  landing: 0.02323801815509796
  view-data: 0.02363946381956339
