times:
  edit-metadata: 1.3145804768428206
  landing: 0.11062113102525473
  view-data: 0.2395134475082159
