times:
  edit-metadata: 1.2545666843652725
  landing: 0.021015770733356476
  view-data: 0.09584251418709755
