times:
  edit-metadata: 1.513691309839487
  landing: 0.02260962873697281
  view-data: 0.511168135330081
