times:
  edit-metadata: 1.2852764800190926
  landing: 0.023181959055364132
  view-data: 0.12055854126811028
