times:
  edit-metadata: 0.5275737852789462
  landing: 0.04627071926370263
  view-data: 0.20879906369373202
