times:
  edit-metadata: 0.4351841239258647
  landing: 0.05054917838424444
  view-data: 0.19414526410400867
