times:
  edit-metadata: 1.747697353363037
  landing: 0.20444602891802788
  view-data: 0.15772448852658272
