times:
  edit-metadata: 1.3111235089600086
  landing: 0.02332645282149315
  view-data: 0.40571262780576944
