times:
  edit-metadata: 1.4788803588598967
  landing: 0.025303756818175316
  view-data: 0.028202567249536514
