times:
  edit-metadata: 1.326608570292592
  landing: 0.02024690806865692
  view-data: 0.2170542422682047
