times:
  edit-metadata: 1.7070371825248003
  landing: 0.021110480651259422
  view-data: 0.02889501303434372
