times:
  edit-metadata: 1.768856056034565
  landing: 0.21611540764570236
  view-data: 0.33401102758944035
