times:
  edit-metadata: 1.6464502476155758
  landing: 0.021985454484820366
  view-data: 0.3265789095312357
