times:
  edit-metadata: 1.404279563575983
  landing: 0.019480908289551735
  view-data: 0.02565579116344452
