times:
  edit-metadata: 0.4333354183472693
  landing: 0.04155516438186169
  view-data: 0.3408925272524357
