times:
  edit-metadata: 0.43465152801945806
  landing: 0.04332211706787348
  view-data: 0.45509298564866185
