times:
  edit-metadata: 1.6611975310370326
  landing: 0.02034122683107853
  view-data: 0.024497208185493946
