times:
  edit-metadata: 1.2535789096727967
  landing: 0.02049398235976696
  view-data: 0.12086814735084772
