times:
  edit-metadata: 1.3039379315450788
  landing: 0.019853456877171993
  view-data: 0.024919847026467323
