times:
  edit-metadata: 1.3562062848359346
  landing: 0.01892105769366026
  view-data: 0.025678155943751335
