times:
  edit-metadata: 1.26003663148731
  landing: 0.020784677006304264
  view-data: 0.026706362143158913
