times:
  edit-metadata: 1.6004529800266027
  landing: 0.3146568387746811
  view-data: 0.39440298452973366
