times:
  edit-metadata: 1.3829406974837184
  landing: 0.14044584892690182
  view-data: 0.026961641386151314
