times:
  edit-metadata: 1.3351379837840796
  landing: 0.021838639862835407
  view-data: 0.024592630565166473
