times:
  edit-metadata: 1.3692076113075018
  landing: 0.021181412041187286
  view-data: 0.1377888284623623
