times:
  edit-metadata: 1.418006842955947
  landing: 0.20810429751873016
  view-data: 0.1219627633690834
