times:
  edit-metadata: 1.3285460826009512
  landing: 0.022234536707401276
  view-data: 0.12002039700746536
