times:
  edit-metadata: 0.52840292500332
  landing: 0.08194488612934947
  view-data: 0.2118995701894164
