times:
  edit-metadata: 1.3867553537711501
  landing: 0.022520538419485092
  view-data: 0.024831125512719154
