times:
  edit-metadata: 1.3042532755061984
  landing: 0.15003444161266088
  view-data: 0.437949045561254
