times:
  edit-metadata: 1.323759133927524
  landing: 0.021277775056660175
  view-data: 0.024302038364112377
