times:
  edit-metadata: 0.43523477856069803
  landing: 0.049275994300842285
  view-data: 0.8494486212730408
