times:
  edit-metadata: 0.4306774726137519
  landing: 0.042487531900405884
  view-data: 0.20354382880032063
