times:
  edit-metadata: 1.3880291152745485
  landing: 0.2409823313355446
  view-data: 0.4113767184317112
