times:
  edit-metadata: 1.39572324603796
  landing: 0.02032356709241867
  view-data: 0.025367042049765587
