times:
  edit-metadata: 1.3587810778990388
  landing: 0.11870996560901403
  view-data: 0.2619687421247363
