times:
  edit-metadata: 0.49656182574108243
  landing: 0.061010560020804405
  view-data: 0.21133058611303568
