times:
  edit-metadata: 1.7201737258583307
  landing: 0.3485476430505514
  view-data: 0.37913188710808754
