times:
  edit-metadata: 1.3545144740492105
  landing: 0.020536106079816818
  view-data: 0.12294099107384682
