times:
  edit-metadata: 1.3771664891391993
  landing: 0.14308207854628563
  view-data: 0.10140299517661333
