times:
  edit-metadata: 1.2816758435219526
  landing: 0.020764402113854885
  view-data: 0.02375269029289484
