times:
  edit-metadata: 1.5367578016594052
  landing: 0.22893349826335907
  view-data: 0.2791066858917475
