times:
  edit-metadata: 1.3972521554678679
  landing: 0.02775363065302372
  view-data: 0.023499539121985435
