times:
  edit-metadata: 1.369006572291255
  landing: 0.022555086761713028
  view-data: 0.025514185428619385
