times:
  edit-metadata: 0.4269213043153286
  landing: 0.042667911387979984
  view-data: 0.32240267656743526
