times:
  edit-metadata: 1.3767780009657145
  landing: 0.021026914939284325
  view-data: 0.025067223235964775
