times:
  edit-metadata: 0.6588942012749612
  landing: 0.07231680303812027
  view-data: 0.29085903568193316
