times:
  edit-metadata: 0.42469076812267303
  landing: 0.04226295556873083
  view-data: 0.19637328572571278
