times:
  edit-metadata: 0.42374321538954973
  landing: 0.03985483851283789
  view-data: 0.20722486171871424
