times:
  edit-metadata: 1.3712073527276516
  landing: 0.021456696093082428
  view-data: 0.13267526030540466
