times:
  edit-metadata: 1.40201386064291
  landing: 0.024987129494547844
  view-data: 0.33406189270317554
