times:
  edit-metadata: 0.5697071743197739
  landing: 0.06156494375318289
  view-data: 0.3487619976513088
