times:
  edit-metadata: 0.4401159565895796
  landing: 0.04267962463200092
  view-data: 0.20413637906312943
