times:
  edit-metadata: 1.3176659997552633
  landing: 0.04871819540858269
  view-data: 0.02671973593533039
