times:
  edit-metadata: 1.3227935638278723
  landing: 0.024416258558630943
  view-data: 0.33249617740511894
