times:
  edit-metadata: 1.4183779526501894
  landing: 0.02786579541862011
  view-data: 0.3994492385536432
