times:
  edit-metadata: 1.402102094143629
  landing: 0.19141188822686672
  view-data: 0.022152751684188843
