times:
  edit-metadata: 1.321215182542801
  landing: 0.02248029038310051
  view-data: 0.027070334181189537
