times:
  edit-metadata: 1.5293851774185896
  landing: 0.3120004404336214
  view-data: 0.36026777513325214
