times:
  edit-metadata: 1.3607547506690025
  landing: 0.018822845071554184
  view-data: 0.3011305518448353
