times:
  edit-metadata: 1.4739844966679811
  landing: 0.20423256419599056
  view-data: 0.44970967806875706
