times:
  edit-metadata: 1.5798727367073298
  landing: 0.024542225524783134
  view-data: 0.0628318041563034
