times:
  edit-metadata: 1.6569324843585491
  landing: 0.14038559887558222
  view-data: 0.025978609919548035
