times:
  edit-metadata: 1.3521128809079528
  landing: 0.12435370124876499
  view-data: 0.1208210764452815
