times:
  edit-metadata: 1.414174010977149
  landing: 0.24877321533858776
  view-data: 0.34434920735657215
