times:
  edit-metadata: 1.489928400143981
  landing: 0.2180174421519041
  view-data: 0.31054547242820263
