times:
  edit-metadata: 1.791440473869443
  landing: 0.02071167714893818
  view-data: 0.025632508099079132
