times:
  edit-metadata: 1.28878990188241
  landing: 0.2216600403189659
  view-data: 0.02440814208239317
