times:
  edit-metadata: 1.7217735908925533
  landing: 0.21822653710842133
  view-data: 0.45239005610346794
