times:
  edit-metadata: 0.52738620294258
  landing: 0.05007619829848409
  view-data: 0.20165013195946813
