times:
  edit-metadata: 1.313435161486268
  landing: 0.021036707796156406
  view-data: 0.027152836322784424
