times:
  edit-metadata: 1.2873017759993672
  landing: 0.14122966211289167
  view-data: 0.45581029262393713
