times:
  edit-metadata: 1.4298007227480412
  landing: 0.023854555562138557
  view-data: 0.3190854024142027
