times:
  edit-metadata: 0.4278257433325052
  landing: 0.04723047837615013
  view-data: 0.23137187119573355
