times:
  edit-metadata: 1.34949707146734
  landing: 0.13740951661020517
  view-data: 0.02639787271618843
