times:
  edit-metadata: 0.43761577643454075
  landing: 0.04917119350284338
  view-data: 0.22115195263177156
