times:
  edit-metadata: 1.3693685354664922
  landing: 0.02037699706852436
  view-data: 0.026372787542641163
