times:
  edit-metadata: 0.5573288830928504
  landing: 0.06359479017555714
  view-data: 0.22265339689329267
