times:
  edit-metadata: 0.49168341187760234
  landing: 0.0677526411600411
  view-data: 0.20138517022132874
