times:
  edit-metadata: 1.2589324694126844
  landing: 0.2039155913516879
  view-data: 0.2489107409492135
