times:
  edit-metadata: 1.4403632208704948
  landing: 0.021077411249279976
  view-data: 0.32217205315828323
