times:
  edit-metadata: 1.3498060079291463
  landing: 0.019234309904277325
  view-data: 0.13590315636247396
