times:
  edit-metadata: 1.3145340792834759
  landing: 0.022374575026333332
  view-data: 0.11987129785120487
