times:
  edit-metadata: 1.3772460967302322
  landing: 0.026769790798425674
  view-data: 0.12392085418105125
