times:
  edit-metadata: 1.258924413472414
  landing: 0.020822793245315552
  view-data: 0.13198493048548698
