times:
  edit-metadata: 1.396500256843865
  landing: 0.13331181276589632
  view-data: 0.27283082250505686
