times:
  edit-metadata: 1.3035958893597126
  landing: 0.022621209733188152
  view-data: 0.026827983558177948
