times:
  edit-metadata: 1.3483549673110247
  landing: 0.15047591738402843
  view-data: 0.02558998577296734
