times:
  edit-metadata: 1.367046594619751
  landing: 0.20514858327805996
  view-data: 0.02459804341197014
