times:
  edit-metadata: 0.4169633910059929
  landing: 0.04490189719945192
  view-data: 0.2213171049952507
