times:
  edit-metadata: 1.4831680469214916
  landing: 0.26077209785580635
  view-data: 0.3004140853881836
