times:
  edit-metadata: 0.44098871760070324
  landing: 0.04182981699705124
  view-data: 0.3370793666690588
