times:
  edit-metadata: 1.4081064937636256
  landing: 0.2118079774081707
  view-data: 0.02215503342449665
