times:
  edit-metadata: 0.4376506144180894
  landing: 0.043360760435462
  view-data: 0.33503492269665003
