times:
  edit-metadata: 0.4223617808893323
  landing: 0.04817327484488487
  view-data: 0.2248978652060032
