times:
  edit-metadata: 0.40619422495365143
  landing: 0.046102686785161495
  view-data: 0.32290245592594147
