times:
  edit-metadata: 1.4528938569128513
  landing: 0.05094819888472557
  view-data: 0.33371941931545734
