times:
  edit-metadata: 1.339906457811594
  landing: 0.019566030241549015
  view-data: 0.12025626841932535
