times:
  edit-metadata: 1.3619052097201347
  landing: 0.163655748590827
  view-data: 0.2194888535887003
