times:
  edit-metadata: 1.3259706627577543
  landing: 0.1278836503624916
  view-data: 0.33149797283113003
