times:
  edit-metadata: 0.4092779941856861
  landing: 0.04164941795170307
  view-data: 0.1961815245449543
