times:
  edit-metadata: 1.495225327089429
  landing: 0.14963790215551853
  view-data: 0.17708481289446354
