times:
  edit-metadata: 1.2815719936043024
  landing: 0.2589318361133337
  view-data: 0.21928126085549593
