times:
  edit-metadata: 1.293689250946045
  landing: 0.020530682988464832
  view-data: 0.028253891505301
