times:
  edit-metadata: 1.591009708121419
  landing: 0.2765598203986883
  view-data: 0.14267415925860405
