times:
  edit-metadata: 1.351490756496787
  landing: 0.02267172746360302
  view-data: 0.025022346526384354
