times:
  edit-metadata: 1.2728817109018564
  landing: 0.018213553354144096
  view-data: 0.02704003546386957
