times:
  edit-metadata: 1.4036623891443014
  landing: 0.020106716081500053
  view-data: 0.1639640387147665
