times:
  edit-metadata: 1.304674006998539
  landing: 0.023427021689713
  view-data: 0.024686438962817192
