times:
  edit-metadata: 1.3650376964360476
  landing: 0.019101649522781372
  view-data: 0.024610573425889015
