times:
  edit-metadata: 1.387057013809681
  landing: 0.13612861558794975
  view-data: 0.03300362080335617
