times:
  edit-metadata: 0.510217284783721
  landing: 0.06738035101443529
  view-data: 0.2137261349707842
