times:
  edit-metadata: 0.5007291883230209
  landing: 0.07318949792534113
  view-data: 0.21451010834425688
