times:
  edit-metadata: 0.5052694720216095
  landing: 0.06928883027285337
  view-data: 0.21399644808843732
