times:
  edit-metadata: 1.387150059454143
  landing: 0.019755284301936626
  view-data: 0.13146559428423643
