times:
  edit-metadata: 1.3720242585986853
  landing: 0.020974207669496536
  view-data: 0.024809222668409348
