times:
  edit-metadata: 1.3184189293533564
  landing: 0.025248024612665176
  view-data: 0.3982734475284815
