times:
  edit-metadata: 1.7716243918985128
  landing: 0.15333754383027554
  view-data: 0.3737988770008087
