times:
  edit-metadata: 1.6663658348843455
  landing: 0.12625847570598125
  view-data: 0.026706513948738575
