times:
  edit-metadata: 1.3146302374079823
  landing: 0.11329144053161144
  view-data: 0.11939914431422949
