times:
  edit-metadata: 1.7260166201740503
  landing: 0.020455211400985718
  view-data: 0.02482963539659977
