times:
  edit-metadata: 0.40704263374209404
  landing: 0.04196425713598728
  view-data: 0.19575088657438755
