times:
  edit-metadata: 1.3948285318911076
  landing: 0.11809570901095867
  view-data: 0.3075632732361555
