times:
  edit-metadata: 1.396500976756215
  landing: 0.13726059906184673
  view-data: 0.02858428843319416
