times:
  edit-metadata: 1.7190846744924784
  landing: 0.018987910822033882
  view-data: 0.050776831805706024
