times:
  edit-metadata: 0.7704968950711191
  landing: 0.046122543048113585
  view-data: 0.2992941648699343
