times:
  edit-metadata: 1.5426278822124004
  landing: 0.3098768386989832
  view-data: 0.42915655113756657
