times:
  edit-metadata: 1.2670112997293472
  landing: 0.019908674992620945
  view-data: 0.02519491035491228
