times:
  edit-metadata: 1.3185821827501059
  landing: 0.018354659900069237
  view-data: 0.02615588065236807
