times:
  edit-metadata: 1.4993609264492989
  landing: 0.16118810139596462
  view-data: 0.3400080818682909
