times:
  edit-metadata: 3.275916879065335
  landing: 0.04894994106143713
  view-data: 0.05809877905994654
