times:
  edit-metadata: 1.5713209807872772
  landing: 0.14371976628899574
  view-data: 0.1566693726927042
