times:
  edit-metadata: 1.4050134280696511
  landing: 0.2180468589067459
  view-data: 0.45870934054255486
