times:
  edit-metadata: 1.5686318967491388
  landing: 0.25684273429214954
  view-data: 0.3454332035034895
