times:
  edit-metadata: 0.8264661380089819
  landing: 0.055611394345760345
  view-data: 0.287821875885129
