times:
  edit-metadata: 1.3239277862012386
  landing: 0.02087569050490856
  view-data: 0.02343130111694336
