times:
  edit-metadata: 0.4187718704342842
  landing: 0.04129298496991396
  view-data: 0.20488370954990387
