times:
  edit-metadata: 0.4253777489066124
  landing: 0.052081706933677197
  view-data: 0.32481651194393635
