times:
  edit-metadata: 1.3074487578123808
  landing: 0.02045817393809557
  view-data: 0.02605008613318205
