times:
  edit-metadata: 0.4224327690899372
  landing: 0.04256924241781235
  view-data: 0.4608687972649932
