times:
  edit-metadata: 1.3529089344665408
  landing: 0.11845792271196842
  view-data: 0.1235122811049223
