times:
  edit-metadata: 1.3611473888158798
  landing: 0.1437324471771717
  view-data: 0.1515626609325409
