times:
  edit-metadata: 0.5239597032777965
  landing: 0.05036472901701927
  view-data: 0.20113428495824337
