times:
  edit-metadata: 1.661496289074421
  landing: 0.2470355238765478
  view-data: 0.02720324881374836
