times:
  edit-metadata: 1.3248789813369513
  landing: 0.019266299903392792
  view-data: 0.4037307919934392
