times:
  edit-metadata: 1.3543760254979134
  landing: 0.16840766835957766
  view-data: 0.19730455242097378
