times:
  edit-metadata: 0.4300986370071769
  landing: 0.04264151118695736
  view-data: 0.1960355881601572
