times:
  edit-metadata: 1.4064324032515287
  landing: 0.022998474538326263
  view-data: 0.12885422073304653
