times:
  edit-metadata: 1.743393374606967
  landing: 0.13782136887311935
  view-data: 0.40076475590467453
