times:
  edit-metadata: 1.6954747959971428
  landing: 0.1646859087049961
  view-data: 0.1293348502367735
