times:
  edit-metadata: 0.5304274610243738
  landing: 0.09495223686099052
  view-data: 0.3280899212695658
