times:
  edit-metadata: 1.4350656922906637
  landing: 0.019919673912227154
  view-data: 0.1167218592017889
