times:
  edit-metadata: 1.2893746569752693
  landing: 0.024479392915964127
  view-data: 0.10298527963459492
