times:
  edit-metadata: 0.43257614504545927
  landing: 0.04404996056109667
  view-data: 0.548391149379313
