times:
  edit-metadata: 1.310346451587975
  landing: 0.025069070979952812
  view-data: 0.09651126805692911
