times:
  edit-metadata: 1.3952055275440216
  landing: 0.020012544468045235
  view-data: 0.31855789199471474
