times:
  edit-metadata: 1.3490554261952639
  landing: 0.020934276282787323
  view-data: 0.14393619447946548
