times:
  edit-metadata: 0.6650880449451506
  landing: 0.05344669567421079
  view-data: 0.28421253990381956
