times:
  edit-metadata: 1.7744019404053688
  landing: 0.26150001771748066
  view-data: 0.43849001079797745
