times:
  edit-metadata: 1.9697293061763048
  landing: 0.14499291125684977
  view-data: 0.19409275706857443
