times:
  edit-metadata: 1.2902744440361857
  landing: 0.020145808346569538
  view-data: 0.09971455205231905
