times:
  edit-metadata: 1.3705458836629987
  landing: 0.02036213129758835
  view-data: 0.11810216121375561
