times:
  edit-metadata: 1.2858973229303956
  landing: 0.021817518398165703
  view-data: 0.12089494988322258
