times:
  edit-metadata: 1.5992228630930185
  landing: 0.20985275506973267
  view-data: 0.13027680292725563
