times:
  edit-metadata: 1.5591270290315151
  landing: 0.22327210940420628
  view-data: 0.1915696319192648
