times:
  edit-metadata: 1.2772528668865561
  landing: 0.019818147644400597
  view-data: 0.13073119148612022
