times:
  edit-metadata: 1.4718618672341108
  landing: 0.02009817771613598
  view-data: 0.024365488439798355
