times:
  edit-metadata: 1.3326497692614794
  landing: 0.1697999592870474
  view-data: 0.02537222020328045
