times:
  edit-metadata: 1.4190825633704662
  landing: 0.02101641520857811
  view-data: 0.12413770519196987
