times:
  edit-metadata: 1.3536109570413828
  landing: 0.02111291140317917
  view-data: 0.3351920787245035
