times:
  edit-metadata: 1.31872564740479
  landing: 0.02170320227742195
  view-data: 0.11889640241861343
