times:
  edit-metadata: 1.321877815760672
  landing: 0.1866463739424944
  view-data: 0.025431251153349876
