times:
  edit-metadata: 1.358963412232697
  landing: 0.020506069995462894
  view-data: 0.026056010276079178
