times:
  edit-metadata: 1.4380460996180773
  landing: 0.20254710875451565
  view-data: 0.30449698865413666
