times:
  edit-metadata: 0.4134208373725414
  landing: 0.043047038838267326
  view-data: 0.3339583449997008
