times:
  edit-metadata: 1.2531133955344558
  landing: 0.021222850307822227
  view-data: 0.02233896777033806
