times:
  edit-metadata: 1.3889030581340194
  landing: 0.020772538147866726
  view-data: 0.4748862963169813
