times:
  edit-metadata: 1.4618937112390995
  landing: 0.24128630757331848
  view-data: 0.41362781450152397
