times:
  edit-metadata: 1.3257833682000637
  landing: 0.02090909332036972
  view-data: 0.11830541491508484
