times:
  edit-metadata: 1.516890773549676
  landing: 0.1806838158518076
  view-data: 0.027202622964978218
