times:
  edit-metadata: 1.7713357247412205
  landing: 0.021624797955155373
  view-data: 0.15904648043215275
