times:
  edit-metadata: 1.9306247299537063
  landing: 0.23369646538048983
  view-data: 0.027173416689038277
