times:
  edit-metadata: 1.369061146862805
  landing: 0.12638599518686533
  view-data: 0.0243422519415617
