times:
  edit-metadata: 1.3246646896004677
  landing: 0.02179212123155594
  view-data: 0.024109935387969017
