times:
  edit-metadata: 1.613443534821272
  landing: 0.13849671557545662
  view-data: 0.3503358028829098
