times:
  edit-metadata: 1.3353978395462036
  landing: 0.01990480814129114
  view-data: 0.02737752441316843
