times:
  edit-metadata: 1.317839897237718
  landing: 0.02236020937561989
  view-data: 0.026456010527908802
