times:
  edit-metadata: 0.4947624751366675
  landing: 0.06357377907261252
  view-data: 0.22098860191181302
