times:
  edit-metadata: 1.3162761144340038
  landing: 0.021352042444050312
  view-data: 0.32689340878278017
