times:
  edit-metadata: 1.2825403762981296
  landing: 0.021232456900179386
  view-data: 0.13539048377424479
