times:
  edit-metadata: 1.253836858086288
  landing: 0.22491350024938583
  view-data: 0.0269376989454031
