times:
  edit-metadata: 1.360385786741972
  landing: 0.023818710818886757
  view-data: 0.029820220544934273
