times:
  edit-metadata: 0.4379077395424247
  landing: 0.039215839467942715
  view-data: 0.19612975139170885
