times:
  edit-metadata: 1.3413644507527351
  landing: 0.020017645321786404
  view-data: 0.022783911786973476
