times:
  edit-metadata: 1.5368289351463318
  landing: 0.16039318777620792
  view-data: 0.42199961468577385
