times:
  edit-metadata: 1.2987549481913447
  landing: 0.020540880970656872
  view-data: 0.02664961200207472
