times:
  edit-metadata: 1.4157970808446407
  landing: 0.018210167065262794
  view-data: 0.0231546089053154
