times:
  edit-metadata: 1.5093358606100082
  landing: 0.1454859273508191
  view-data: 0.024466391652822495
