times:
  edit-metadata: 1.364114590920508
  landing: 0.020218627527356148
  view-data: 0.4364552404731512
