times:
  edit-metadata: 1.287145646288991
  landing: 0.11644565500319004
  view-data: 0.026051449589431286
