times:
  edit-metadata: 1.5184953194111586
  landing: 0.1907774731516838
  view-data: 0.023365363478660583
