times:
  edit-metadata: 1.2719596019014716
  landing: 0.019587552174925804
  view-data: 0.02424048352986574
