times:
  edit-metadata: 1.4177584685385227
  landing: 0.14806542359292507
  view-data: 0.15389777161180973
