times:
  edit-metadata: 1.384197372943163
  landing: 0.0203061169013381
  view-data: 0.2043588375672698
