times:
  edit-metadata: 0.7298065288923681
  landing: 0.06744534289464355
  view-data: 0.20535435806959867
