times:
  edit-metadata: 0.43633517250418663
  landing: 0.04311333131045103
  view-data: 0.2036196067929268
