times:
  edit-metadata: 1.3816016055643559
  landing: 0.01989459991455078
  view-data: 0.023384440690279007
