times:
  edit-metadata: 1.5862445384263992
  landing: 0.16230608336627483
  view-data: 0.16073881834745407
