times:
  edit-metadata: 1.4641887750476599
  landing: 0.20342587120831013
  view-data: 0.14364701509475708
