times:
  edit-metadata: 1.3284548604860902
  landing: 0.021952769719064236
  view-data: 0.025185508653521538
