times:
  edit-metadata: 1.3655206840485334
  landing: 0.02037808671593666
  view-data: 0.026436904445290565
