times:
  edit-metadata: 0.42948469426482916
  landing: 0.03933282429352403
  view-data: 0.33029205072671175
