times:
  edit-metadata: 1.3058720277622342
  landing: 0.02362972032278776
  view-data: 0.024895419366657734
