times:
  edit-metadata: 0.6981662418693304
  landing: 0.04978175414726138
  view-data: 0.28875207621604204
