times:
  edit-metadata: 1.3234420912340283
  landing: 0.02125256508588791
  view-data: 0.025676283985376358
