times:
  edit-metadata: 1.288677810691297
  landing: 0.020204204134643078
  view-data: 0.02488895785063505
