times:
  edit-metadata: 0.4299035556614399
  landing: 0.03668025229126215
  view-data: 0.21254504658281803
