times:
  edit-metadata: 1.3471425715833902
  landing: 0.2345994245260954
  view-data: 0.025135363452136517
