times:
  edit-metadata: 1.4816010855138302
  landing: 0.02138141356408596
  view-data: 0.1044863760471344
