times:
  edit-metadata: 1.5812963377684355
  landing: 0.024427609518170357
  view-data: 0.34843179397284985
