times:
  edit-metadata: 1.3939367206767201
  landing: 0.020941548980772495
  view-data: 0.12321202270686626
