times:
  edit-metadata: 1.229449536651373
  landing: 0.12627734802663326
  view-data: 0.13607711531221867
