times:
  edit-metadata: 0.43290059361606836
  landing: 0.051657091826200485
  view-data: 0.21856705844402313
