times:
  edit-metadata: 1.3759165666997433
  landing: 0.12493253499269485
  view-data: 0.4372051600366831
