times:
  edit-metadata: 2.0779754519462585
  landing: 0.35974120162427425
  view-data: 0.5228538699448109
