times:
  edit-metadata: 0.8289766442030668
  landing: 0.04436611896380782
  view-data: 0.2037356160581112
