times:
  edit-metadata: 1.2440042020753026
  landing: 0.12502036429941654
  view-data: 0.026010023429989815
