times:
  edit-metadata: 1.4035752974450588
  landing: 0.17607493698596954
  view-data: 0.023998241871595383
