times:
  edit-metadata: 1.2444154601544142
  landing: 0.01988206524401903
  view-data: 0.21430519316345453
