times:
  edit-metadata: 1.3070800304412842
  landing: 0.1434186939150095
  view-data: 0.023703182116150856
