times:
  edit-metadata: 0.5505680539645255
  landing: 0.04578184802085161
  view-data: 0.2284765630029142
