times:
  edit-metadata: 1.590955087915063
  landing: 0.18126360699534416
  view-data: 0.02317938022315502
