times:
  edit-metadata: 1.3710652459412813
  landing: 0.02063201181590557
  view-data: 0.11701501719653606
