times:
  edit-metadata: 0.4196816049516201
  landing: 0.041918729431927204
  view-data: 0.33592802938073874
