times:
  edit-metadata: 0.5194543600082397
  landing: 0.06399294082075357
  view-data: 0.2830775626935065
