times:
  edit-metadata: 1.3794526308774948
  landing: 0.02234894037246704
  view-data: 0.029961947351694107
