times:
  edit-metadata: 1.2754921205341816
  landing: 0.021882793866097927
  view-data: 0.12194293923676014
