times:
  edit-metadata: 0.554405152797699
  landing: 0.11389038432389498
  view-data: 0.27904394594952464
