times:
  edit-metadata: 1.2744109835475683
  landing: 0.17657099291682243
  view-data: 0.02331391256302595
