times:
  edit-metadata: 1.3620779663324356
  landing: 0.021814316511154175
  view-data: 0.025530565530061722
