times:
  edit-metadata: 0.6524753170087934
  landing: 0.10982723208144307
  view-data: 0.26640575006604195
