times:
  edit-metadata: 1.3495559319853783
  landing: 0.13168315216898918
  view-data: 0.023079317063093185
