times:
  edit-metadata: 0.4820888149552047
  landing: 0.11619693273678422
  view-data: 0.2286574011668563
