times:
  edit-metadata: 1.3897056244313717
  landing: 0.02175157517194748
  view-data: 0.02587391622364521
