times:
  edit-metadata: 0.44577477034181356
  landing: 0.043867326341569424
  view-data: 0.3345837006345391
