times:
  edit-metadata: 0.4071130007505417
  landing: 0.0423724465072155
  view-data: 0.19830120634287596
