times:
  edit-metadata: 1.4929459933191538
  landing: 0.19777486845850945
  view-data: 0.027310721576213837
