times:
  edit-metadata: 1.3121773190796375
  landing: 0.022207072004675865
  view-data: 0.12313842307776213
