times:
  edit-metadata: 0.4320447789505124
  landing: 0.04563526064157486
  view-data: 0.22987641394138336
