times:
  edit-metadata: 0.43156898068264127
  landing: 0.05298901395872235
  view-data: 0.6014939220622182
