times:
  edit-metadata: 0.4313178858719766
  landing: 0.04610960790887475
  view-data: 0.3519039060920477
