times:
  edit-metadata: 0.4353037318214774
  landing: 0.050094123929739
  view-data: 0.5950339012779295
