times:
  edit-metadata: 0.45535315200686455
  landing: 0.04891911614686251
  view-data: 0.33188290521502495
