times:
  edit-metadata: 0.4561322620138526
  landing: 0.05242277681827545
  view-data: 0.20977382687851787
