times:
  edit-metadata: 0.48269028402864933
  landing: 0.04086171789094806
  view-data: 0.5923338877037168
