times:
  edit-metadata: 0.4692550767213106
  landing: 0.054009681567549706
  view-data: 0.2069603018462658
