times:
  edit-metadata: 0.43626478407531977
  landing: 0.042433478869497776
  view-data: 0.3357781730592251
