times:
  edit-metadata: 0.4297223435714841
  landing: 0.04624211322516203
  view-data: 0.3559116115793586
