times:
  edit-metadata: 0.43475602474063635
  landing: 0.04484536685049534
  view-data: 0.3416238259524107
