times:
  edit-metadata: 0.4536615889519453
  landing: 0.05255500320345163
  view-data: 0.19560331851243973
