times:
  edit-metadata: 0.46251681447029114
  landing: 0.04493197426199913
  view-data: 0.34622498508542776
