times:
  edit-metadata: 1.6985721327364445
  landing: 0.17491214349865913
  view-data: 0.38879016414284706
