times:
  edit-metadata: 1.318857830017805
  landing: 0.020349936559796333
  view-data: 0.025814756751060486
