times:
  edit-metadata: 0.5283225551247597
  landing: 0.057622428983449936
  view-data: 0.2039511981420219
