times:
  edit-metadata: 0.4776422083377838
  landing: 0.07176163326948881
  view-data: 0.20454994402825832
