times:
  edit-metadata: 1.3466792646795511
  landing: 0.01936066336929798
  view-data: 0.023710845038294792
