times:
  edit-metadata: 1.4394770842045546
  landing: 0.02251988835632801
  view-data: 0.02835216373205185
