times:
  edit-metadata: 1.3698339108377695
  landing: 0.018588567152619362
  view-data: 0.022797908633947372
