times:
  edit-metadata: 1.7916698846966028
  landing: 0.24568786844611168
  view-data: 0.23123713955283165
