times:
  edit-metadata: 1.5812591016292572
  landing: 0.2907075621187687
  view-data: 0.4959555733948946
