times:
  edit-metadata: 1.521159827709198
  landing: 0.30610544979572296
  view-data: 0.38436783850193024
