times:
  edit-metadata: 0.7089520539157093
  landing: 0.0633383453823626
  view-data: 0.19946583500131965
