times:
  edit-metadata: 1.2871103724464774
  landing: 0.148314674384892
  view-data: 0.04929140582680702
