times:
  edit-metadata: 1.317903432995081
  landing: 0.02037184312939644
  view-data: 0.369893504306674
