times:
  edit-metadata: 1.457920391112566
  landing: 0.052165307104587555
  view-data: 0.053940024226903915
