times:
  edit-metadata: 1.3436792232096195
  landing: 0.01994738169014454
  view-data: 0.02828340046107769
