times:
  edit-metadata: 0.5076167341321707
  landing: 0.14187948498874903
  view-data: 0.20694418530911207
