times:
  edit-metadata: 1.3570395931601524
  landing: 0.02196882665157318
  view-data: 0.024104461073875427
