times:
  edit-metadata: 1.4943605959415436
  landing: 0.24445980787277222
  view-data: 0.37646074406802654
