times:
  edit-metadata: 0.4861555090174079
  landing: 0.05969326896592975
  view-data: 0.20968346297740936
