times:
  edit-metadata: 1.6636343020945787
  landing: 0.2632755767554045
  view-data: 0.3689017277210951
