times:
  edit-metadata: 1.368382466956973
  landing: 0.023305196315050125
  view-data: 0.026698611676692963
