times:
  edit-metadata: 1.407049322500825
  landing: 0.09510481916368008
  view-data: 0.12679826840758324
