times:
  edit-metadata: 1.4910562001168728
  landing: 0.14439397864043713
  view-data: 0.40026067197322845
