times:
  edit-metadata: 1.3752924539148808
  landing: 0.04824815131723881
  view-data: 0.3510028813034296
