times:
  edit-metadata: 1.681471711024642
  landing: 0.022119587287306786
  view-data: 0.5168766472488642
