times:
  edit-metadata: 0.4979504719376564
  landing: 0.07351036835461855
  view-data: 0.34601567033678293
