times:
  edit-metadata: 0.7380370981991291
  landing: 0.06486639799550176
  view-data: 0.1969888568855822
