times:
  edit-metadata: 1.6708591505885124
  landing: 0.31541188433766365
  view-data: 0.3499798383563757
