times:
  edit-metadata: 1.4993456490337849
  landing: 0.02255590260028839
  view-data: 0.022777028381824493
