times:
  edit-metadata: 0.736628376878798
  landing: 0.060215876903384924
  view-data: 0.29911082796752453
