times:
  edit-metadata: 0.5131406057626009
  landing: 0.1072476590052247
  view-data: 0.33260813308879733
