times:
  edit-metadata: 1.4391757249832153
  landing: 0.11964002251625061
  view-data: 0.4002901688218117
