times:
  edit-metadata: 1.665169294923544
  landing: 0.32401730492711067
  view-data: 0.37922599725425243
