times:
  edit-metadata: 0.5509583996608853
  landing: 0.1348348306491971
  view-data: 0.3152925269678235
