times:
  edit-metadata: 1.3609932288527489
  landing: 0.018851030617952347
  view-data: 0.02508546970784664
