times:
  edit-metadata: 1.4171910751610994
  landing: 0.019037974998354912
  view-data: 0.14848156832158566
