times:
  edit-metadata: 1.3776240721344948
  landing: 0.021961424499750137
  view-data: 0.027038544416427612
