times:
  edit-metadata: 1.4317152965813875
  landing: 0.1185386162251234
  view-data: 0.12678980082273483
