times:
  edit-metadata: 1.38263969309628
  landing: 0.019099876284599304
  view-data: 0.027430400252342224
