times:
  edit-metadata: 1.557510545477271
  landing: 0.020441148430109024
  view-data: 0.30851121060550213
