times:
  edit-metadata: 1.2611946389079094
  landing: 0.01806444302201271
  view-data: 0.34904079139232635
