times:
  edit-metadata: 1.585115198045969
  landing: 0.25987820886075497
  view-data: 0.4512638505548239
