times:
  edit-metadata: 1.3783283792436123
  landing: 0.2116156592965126
  view-data: 0.026531517505645752
