times:
  edit-metadata: 1.3529948648065329
  landing: 0.22955045104026794
  view-data: 0.43085497058928013
