times:
  edit-metadata: 1.5052918810397387
  landing: 0.21899529173970222
  view-data: 0.3207059260457754
