times:
  edit-metadata: 1.6467131096869707
  landing: 0.30510531552135944
  view-data: 0.5160332527011633
