times:
  edit-metadata: 0.49971359595656395
  landing: 0.05737203499302268
  view-data: 0.3460135911591351
