times:
  edit-metadata: 0.4977847710251808
  landing: 0.07127507403492928
  view-data: 0.20850694831460714
