times:
  edit-metadata: 1.4162872061133385
  landing: 0.15835275873541832
  view-data: 0.16716405376791954
