times:
  edit-metadata: 1.3763666413724422
  landing: 0.12179996259510517
  view-data: 0.03240283206105232
