times:
  edit-metadata: 1.32708821259439
  landing: 0.022462382912635803
  view-data: 0.1351796668022871
