times:
  edit-metadata: 1.413799149915576
  landing: 0.024637628346681595
  view-data: 0.10137372836470604
