times:
  edit-metadata: 0.7161016636528075
  landing: 0.07460328470915556
  view-data: 0.28709403378888965
