times:
  edit-metadata: 1.4303258061408997
  landing: 0.02009657956659794
  view-data: 0.14568627625703812
