times:
  edit-metadata: 1.31660764105618
  landing: 0.13086747005581856
  view-data: 0.025507032871246338
