times:
  edit-metadata: 1.726753544062376
  landing: 0.02111559920012951
  view-data: 0.4241926372051239
