times:
  edit-metadata: 1.7496015466749668
  landing: 0.2536518182605505
  view-data: 0.4097111653536558
