times:
  edit-metadata: 1.7935687713325024
  landing: 0.11029894463717937
  view-data: 0.056601233780384064
