times:
  edit-metadata: 1.5768586359918118
  landing: 0.153645483776927
  view-data: 0.023820661008358
