times:
  edit-metadata: 1.4079819787293673
  landing: 0.022509895265102386
  view-data: 0.023163946345448494
