times:
  edit-metadata: 1.3729191683232784
  landing: 0.022446313872933388
  view-data: 0.029975680634379387
