times:
  edit-metadata: 1.4325976595282555
  landing: 0.2746237441897392
  view-data: 0.4392596371471882
