times:
  edit-metadata: 0.7621527379378676
  landing: 0.13622068474069238
  view-data: 0.28390977112576365
