times:
  edit-metadata: 1.6222170889377594
  landing: 0.05565829947590828
  view-data: 0.0699198842048645
