times:
  edit-metadata: 1.3886253666132689
  landing: 0.020764807239174843
  view-data: 0.024278797209262848
