times:
  edit-metadata: 1.5062202960252762
  landing: 0.2740819454193115
  view-data: 0.3489833790808916
