times:
  edit-metadata: 1.3625964149832726
  landing: 0.02003822661936283
  view-data: 0.02447248063981533
