times:
  edit-metadata: 1.3721054047346115
  landing: 0.1402080487459898
  view-data: 0.32764091715216637
