times:
  edit-metadata: 1.438184091821313
  landing: 0.24321145378053188
  view-data: 0.029135985299944878
