times:
  edit-metadata: 0.6079452470876276
  landing: 0.10518373874947429
  view-data: 0.2893272149376571
