times:
  edit-metadata: 1.4437690507620573
  landing: 0.019444162026047707
  view-data: 0.1218851488083601
