times:
  edit-metadata: 1.5279815644025803
  landing: 0.02209584228694439
  view-data: 0.10629430413246155
