times:
  edit-metadata: 1.2775519713759422
  landing: 0.022236045449972153
  view-data: 0.027040036395192146
