times:
  edit-metadata: 0.5099906446412206
  landing: 0.06509233498945832
  view-data: 0.20665276097133756
