times:
  edit-metadata: 0.5800286838784814
  landing: 0.06051017716526985
  view-data: 0.21951812505722046
