times:
  edit-metadata: 1.3561077117919922
  landing: 0.020166199654340744
  view-data: 0.3340491037815809
