times:
  edit-metadata: 0.4954713601619005
  landing: 0.06541776936501265
  view-data: 0.20069530000910163
