times:
  edit-metadata: 0.4937085206620395
  landing: 0.17517954716458917
  view-data: 0.32778804609552026
