times:
  edit-metadata: 1.608424248173833
  landing: 0.16049492172896862
  view-data: 0.4654752444475889
