times:
  edit-metadata: 1.8942273315042257
  landing: 0.3774988781660795
  view-data: 0.2111888863146305
