times:
  edit-metadata: 1.3566991183906794
  landing: 0.019447585567831993
  view-data: 0.36465514451265335
