times:
  edit-metadata: 1.4774041716009378
  landing: 0.020865075290203094
  view-data: 0.3774839732795954
