times:
  edit-metadata: 1.514001339673996
  landing: 0.2026538122445345
  view-data: 0.39690595492720604
