times:
  edit-metadata: 1.3333895094692707
  landing: 0.020237814635038376
  view-data: 0.02728695049881935
