times:
  edit-metadata: 1.5691799465566874
  landing: 0.13302933238446712
  view-data: 0.4546115193516016
