times:
  edit-metadata: 0.5184370093047619
  landing: 0.045279827900230885
  view-data: 0.21674627112224698
