times:
  edit-metadata: 1.3355410527437925
  landing: 0.0221455879509449
  view-data: 0.02515963651239872
