times:
  edit-metadata: 1.3431514259427786
  landing: 0.20207800157368183
  view-data: 0.023827506229281425
