times:
  edit-metadata: 1.5122656021267176
  landing: 0.03339735232293606
  view-data: 0.36413633450865746
