times:
  edit-metadata: 1.4260819125920534
  landing: 0.024198655039072037
  view-data: 0.02478216029703617
