times:
  edit-metadata: 1.5291989389806986
  landing: 0.1882519368082285
  view-data: 0.33658261597156525
