times:
  edit-metadata: 0.47364146495237947
  landing: 0.06174874771386385
  view-data: 0.21955581102520227
