times:
  edit-metadata: 1.494233688339591
  landing: 0.17443346045911312
  view-data: 0.13072311133146286
