times:
  edit-metadata: 1.4952632524073124
  landing: 0.21832018718123436
  view-data: 0.3669089414179325
