times:
  edit-metadata: 0.5343676819466054
  landing: 0.05732363695278764
  view-data: 0.3145251525565982
