times:
  edit-metadata: 1.4581523668020964
  landing: 0.02799893356859684
  view-data: 0.0292971134185791
