times:
  edit-metadata: 1.3382089780643582
  landing: 0.1528388960286975
  view-data: 0.347711194306612
