times:
  edit-metadata: 1.4815524965524673
  landing: 0.12754761427640915
  view-data: 0.3634263165295124
