times:
  edit-metadata: 1.4298266526311636
  landing: 0.0223990548402071
  view-data: 0.024725664407014847
