times:
  edit-metadata: 1.4020550418645144
  landing: 0.019634349271655083
  view-data: 0.13351494446396828
