times:
  edit-metadata: 1.4025642666965723
  landing: 0.021894097328186035
  view-data: 0.3498217277228832
