times:
  edit-metadata: 1.4806848615407944
  landing: 0.01912115514278412
  view-data: 0.12151380069553852
