times:
  edit-metadata: 1.610058005899191
  landing: 0.26076642982661724
  view-data: 0.02564062364399433
