times:
  edit-metadata: 1.348537765443325
  landing: 0.13677940145134926
  view-data: 0.15732958912849426
