times:
  edit-metadata: 1.4480946119874716
  landing: 0.028003579005599022
  view-data: 0.1298361998051405
