times:
  edit-metadata: 1.3532443773001432
  landing: 0.0240761898458004
  view-data: 0.028620237484574318
