times:
  edit-metadata: 1.4532519653439522
  landing: 0.16685047559440136
  view-data: 0.3887477032840252
