times:
  edit-metadata: 1.370709866285324
  landing: 0.0967291034758091
  view-data: 0.02440575882792473
