times:
  edit-metadata: 1.468423274345696
  landing: 0.14282828383147717
  view-data: 0.35521321184933186
