times:
  edit-metadata: 1.6259906068444252
  landing: 0.2782971244305372
  view-data: 0.17792673595249653
