times:
  edit-metadata: 1.3298505395650864
  landing: 0.0205167718231678
  view-data: 0.11135704629123211
