times:
  edit-metadata: 1.4454572703689337
  landing: 0.02034333162009716
  view-data: 0.12450304254889488
