times:
  edit-metadata: 1.3760668244212866
  landing: 0.020600691437721252
  view-data: 0.02877815254032612
