times:
  edit-metadata: 1.3914483385160565
  landing: 0.02119397185742855
  view-data: 0.04545170906931162
