times:
  edit-metadata: 0.6749500748701394
  landing: 0.1041791089810431
  view-data: 0.3169813617132604
