times:
  edit-metadata: 1.485739229246974
  landing: 0.1931648552417755
  view-data: 0.13194015063345432
