times:
  edit-metadata: 1.4067857712507248
  landing: 0.022946836426854134
  view-data: 0.4084376376122236
