times:
  edit-metadata: 1.3838085569441319
  landing: 0.019968004897236824
  view-data: 0.025387311354279518
