times:
  edit-metadata: 1.3122423607856035
  landing: 0.15028180554509163
  view-data: 0.02311232127249241
