times:
  edit-metadata: 0.6954504121094942
  landing: 0.0504854298196733
  view-data: 0.24599044816568494
