times:
  edit-metadata: 1.342161275446415
  landing: 0.018275614827871323
  view-data: 0.022983001545071602
