times:
  edit-metadata: 1.4899289403110743
  landing: 0.27022265270352364
  view-data: 0.3658441845327616
