times:
  edit-metadata: 1.5589839294552803
  landing: 0.24300220981240273
  view-data: 0.32547803968191147
