times:
  edit-metadata: 1.895174888893962
  landing: 0.4831738770008087
  view-data: 0.04223349317908287
