times:
  edit-metadata: 1.5825110916048288
  landing: 0.22022943384945393
  view-data: 0.37096191942691803
