times:
  edit-metadata: 1.7334377318620682
  landing: 0.04925776273012161
  view-data: 0.4342079535126686
