times:
  edit-metadata: 1.3665413316339254
  landing: 0.022293005138635635
  view-data: 0.026689773425459862
