times:
  edit-metadata: 1.4988323114812374
  landing: 0.2228050548583269
  view-data: 0.48606280609965324
