times:
  edit-metadata: 1.8878489416092634
  landing: 0.20804203674197197
  view-data: 0.3293768735602498
