times:
  edit-metadata: 0.5182467051781714
  landing: 0.048334123101085424
  view-data: 0.23606404894962907
