times:
  edit-metadata: 1.3574295528233051
  landing: 0.019021905958652496
  view-data: 0.025657091289758682
