times:
  edit-metadata: 1.460853112861514
  landing: 0.2998267076909542
  view-data: 0.2950945068150759
