times:
  edit-metadata: 0.4910229239612818
  landing: 0.15154753299430013
  view-data: 0.3159710858017206
