times:
  edit-metadata: 1.5110168624669313
  landing: 0.019818997010588646
  view-data: 0.03237152844667435
