times:
  edit-metadata: 1.3877661507576704
  landing: 0.020135780796408653
  view-data: 0.3284373413771391
