times:
  edit-metadata: 0.4950724821537733
  landing: 0.1425357349216938
  view-data: 0.26031425781548023
