times:
  edit-metadata: 1.3617875520139933
  landing: 0.018914736807346344
  view-data: 0.024740051478147507
