times:
  edit-metadata: 1.3230522777885199
  landing: 0.021967053413391113
  view-data: 0.02710460126399994
