times:
  edit-metadata: 2.0331999829941196
  landing: 0.14540008798940107
  view-data: 0.5250323729997035
