times:
  edit-metadata: 1.5183747429400682
  landing: 0.023664962500333786
  view-data: 0.4171166066080332
