times:
  edit-metadata: 1.4828294068574905
  landing: 0.15462771616876125
  view-data: 0.1652603130787611
