times:
  edit-metadata: 1.4480921477079391
  landing: 0.22654762119054794
  view-data: 0.12427705153822899
