times:
  edit-metadata: 1.531081359833479
  landing: 0.3902433477342129
  view-data: 0.5580174308270216
