times:
  edit-metadata: 1.3343110978603363
  landing: 0.02084752544760704
  view-data: 0.12470879405736923
