times:
  edit-metadata: 0.4535153526812792
  landing: 0.043791091069579124
  view-data: 0.1973256804049015
