times:
  edit-metadata: 0.44886431749910116
  landing: 0.0425785593688488
  view-data: 0.2377114398404956
