times:
  edit-metadata: 0.4514305558986962
  landing: 0.04421431804075837
  view-data: 0.22974690003320575
