times:
  edit-metadata: 0.42344237864017487
  landing: 0.045118183828890324
  view-data: 0.33350177481770515
