times:
  edit-metadata: 0.45191179122775793
  landing: 0.050009556114673615
  view-data: 0.8505198182538152
