times:
  edit-metadata: 0.44451987370848656
  landing: 0.04232705570757389
  view-data: 0.3364967070519924
