times:
  edit-metadata: 2.040330870077014
  landing: 0.04537026584148407
  view-data: 0.5917181503027678
