times:
  edit-metadata: 0.4445553128607571
  landing: 0.0459377677179873
  view-data: 0.20986371813341975
