times:
  edit-metadata: 0.4404133399948478
  landing: 0.04953272454440594
  view-data: 0.31476649176329374
