times:
  edit-metadata: 0.4533871244639158
  landing: 0.05271642655134201
  view-data: 0.20870942622423172
