times:
  edit-metadata: 1.7136321123689413
  landing: 0.15763740800321102
  view-data: 0.1566888950765133
