times:
  edit-metadata: 0.5822437000460923
  landing: 0.07209951104596257
  view-data: 0.21760512189939618
