times:
  edit-metadata: 0.7835973370820284
  landing: 0.12192454282194376
  view-data: 0.21491493796929717
