times:
  edit-metadata: 0.6316986097954214
  landing: 0.06746191717684269
  view-data: 0.30534892389550805
