times:
  edit-metadata: 0.5793251600116491
  landing: 0.0654630670323968
  view-data: 0.2338359160348773
