times:
  edit-metadata: 0.5878555020317435
  landing: 0.07463314197957516
  view-data: 0.20676307985559106
