times:
  edit-metadata: 0.6819172883406281
  landing: 0.06472964398562908
  view-data: 0.24891580687835813
