times:
  edit-metadata: 0.589568885974586
  landing: 0.06906395265832543
  view-data: 0.21481586573645473
