times:
  edit-metadata: 1.766850059852004
  landing: 0.15343708917498589
  view-data: 0.02344883605837822
