times:
  edit-metadata: 0.5981815010309219
  landing: 0.06560543179512024
  view-data: 0.211078735999763
