times:
  edit-metadata: 0.7799968961626291
  landing: 0.10650889715179801
  view-data: 0.20384531607851386
