times:
  edit-metadata: 0.742703141644597
  landing: 0.06741811102256179
  view-data: 0.31560938293114305
