times:
  edit-metadata: 1.6997373029589653
  landing: 0.2455378696322441
  view-data: 0.2509628850966692
