times:
  edit-metadata: 0.5938697136007249
  landing: 0.0734489499591291
  view-data: 0.21525865606963634
