times:
  edit-metadata: 0.8030587988905609
  landing: 0.12930210307240486
  view-data: 0.2222240469418466
