times:
  edit-metadata: 0.5787649969570339
  landing: 0.060273590963333845
  view-data: 0.21455737203359604
