times:
  edit-metadata: 0.7132501318119466
  landing: 0.14608669374138117
  view-data: 0.20943067409098148
