times:
  edit-metadata: 0.5701520242728293
  landing: 0.06555670220404863
  view-data: 0.21125064697116613
