times:
  edit-metadata: 0.7775154458358884
  landing: 0.0632405518554151
  view-data: 0.2867115642875433
