times:
  edit-metadata: 0.5967257292941213
  landing: 0.06829387601464987
  view-data: 0.22282728692516685
