times:
  edit-metadata: 0.9695759140886366
  landing: 0.053501992020756006
  view-data: 0.23037103610113263
