times:
  edit-metadata: 0.7240150491707027
  landing: 0.05771676870062947
  view-data: 0.28816605685278773
