times:
  edit-metadata: 0.5742808138020337
  landing: 0.054061305709183216
  view-data: 0.21502677584066987
