times:
  edit-metadata: 0.5756863909773529
  landing: 0.060196854174137115
  view-data: 0.22518286295235157
