times:
  edit-metadata: 0.9418875919654965
  landing: 0.05091646872460842
  view-data: 0.2920063310302794
