times:
  edit-metadata: 0.5856936201453209
  landing: 0.061207883059978485
  view-data: 0.21550454292446375
