times:
  edit-metadata: 0.8893016190268099
  landing: 0.09466483909636736
  view-data: 0.33109558233991265
