times:
  edit-metadata: 0.8209507227875292
  landing: 0.07969506224617362
  view-data: 0.2999213063158095
