times:
  edit-metadata: 0.5926183238625526
  landing: 0.1189732663333416
  view-data: 0.2511932607740164
