times:
  edit-metadata: 0.5730148311704397
  landing: 0.06603143597021699
  view-data: 0.2987364153377712
