times:
  edit-metadata: 1.5876653417944908
  landing: 0.02148512378334999
  view-data: 0.3810740318149328
