times:
  edit-metadata: 0.5734999841079116
  landing: 0.09965326404199004
  view-data: 0.3069459102116525
