times:
  edit-metadata: 0.5589055852033198
  landing: 0.06146003678441048
  view-data: 0.2197170229628682
