times:
  edit-metadata: 0.5709677040576935
  landing: 0.06879922188818455
  view-data: 0.22378913406282663
