times:
  edit-metadata: 0.6874969969503582
  landing: 0.1224155449308455
  view-data: 0.2968683149665594
