times:
  edit-metadata: 0.5684192171320319
  landing: 0.06682070437818766
  view-data: 0.23079736810177565
