times:
  edit-metadata: 0.6063815550878644
  landing: 0.057023048866540194
  view-data: 0.23423343105241656
