times:
  edit-metadata: 0.5838690558448434
  landing: 0.05430773599073291
  view-data: 0.2066990388557315
