times:
  edit-metadata: 0.5862231240607798
  landing: 0.05925138294696808
  view-data: 0.21462555322796106
