times:
  edit-metadata: 0.581473323982209
  landing: 0.06276230607181787
  view-data: 0.2183430939912796
