times:
  edit-metadata: 0.8331404272466898
  landing: 0.06574420910328627
  view-data: 0.21245998004451394
