times:
  edit-metadata: 0.7971874279901385
  landing: 0.05806961236521602
  view-data: 0.22541738115251064
