times:
  edit-metadata: 1.8058958519250154
  landing: 0.023406943306326866
  view-data: 0.3872605003416538
