times:
  edit-metadata: 1.7316181734204292
  landing: 0.1307736523449421
  view-data: 0.25186408683657646
