times:
  edit-metadata: 1.7441765032708645
  landing: 0.14250683598220348
  view-data: 0.14513554982841015
