times:
  edit-metadata: 1.7208368200808764
  landing: 0.020454425364732742
  view-data: 0.12555427104234695
