times:
  edit-metadata: 1.7290809024125338
  landing: 0.13573943730443716
  view-data: 0.02283607330173254
