times:
  edit-metadata: 1.7354401722550392
  landing: 0.12978803366422653
  view-data: 0.024197394028306007
