times:
  edit-metadata: 0.9510540151968598
  landing: 0.11171454191207886
  view-data: 0.22376344539225101
