times:
  edit-metadata: 1.780234081670642
  landing: 0.022388705983757973
  view-data: 0.132402703166008
