times:
  edit-metadata: 1.779758993536234
  landing: 0.1427841130644083
  view-data: 0.024279866367578506
