times:
  edit-metadata: 1.844711123034358
  landing: 0.1449302639812231
  view-data: 0.12282302044332027
