times:
  edit-metadata: 1.7541212160140276
  landing: 0.1980940867215395
  view-data: 0.12667749635875225
