times:
  edit-metadata: 1.895056001842022
  landing: 0.04650542326271534
  view-data: 0.028852387331426144
