times:
  edit-metadata: 2.0627531241625547
  landing: 0.24009232223033905
  view-data: 0.3616738710552454
