times:
  edit-metadata: 1.7105741668492556
  landing: 0.023133952170610428
  view-data: 0.026020649820566177
