times:
  edit-metadata: 1.8903465494513512
  landing: 0.13853421993553638
  view-data: 0.02422592043876648
