times:
  edit-metadata: 1.704319505020976
  landing: 0.021451717242598534
  view-data: 0.12336110323667526
