times:
  edit-metadata: 5.043004948995076
  landing: 0.4149200060055591
  view-data: 0.694401654007379
