times:
  edit-metadata: 1.743806216865778
  landing: 0.019515279680490494
  view-data: 0.1247419286519289
