times:
  edit-metadata: 1.5941759534180164
  landing: 0.19851144589483738
  view-data: 0.4599592378363013
