times:
  edit-metadata: 2.1626320630311966
  landing: 0.02182183600962162
  view-data: 0.02424490824341774
