times:
  edit-metadata: 1.8201365787535906
  landing: 0.24755931459367275
  view-data: 0.023319080471992493
