times:
  edit-metadata: 1.7919127345085144
  landing: 0.13115694373846054
  view-data: 0.133297897875309
