times:
  edit-metadata: 1.5982493283227086
  landing: 0.02068796008825302
  view-data: 0.09969852399080992
