times:
  edit-metadata: 1.6914574783295393
  landing: 0.020498167723417282
  view-data: 0.3944256389513612
