times:
  edit-metadata: 0.9398117573000491
  landing: 0.04296388663351536
  view-data: 0.22345076501369476
