times:
  edit-metadata: 1.7560768444091082
  landing: 0.17078450322151184
  view-data: 0.02645460143685341
