times:
  edit-metadata: 1.879573618993163
  landing: 0.024563461542129517
  view-data: 0.40008927322924137
