times:
  edit-metadata: 1.7639505919069052
  landing: 0.19924460351467133
  view-data: 0.1343241799622774
