times:
  edit-metadata: 1.7241297885775566
  landing: 0.019463839009404182
  view-data: 0.023834872990846634
