times:
  edit-metadata: 2.189159320667386
  landing: 0.022783996537327766
  view-data: 0.025060061365365982
