times:
  edit-metadata: 1.0750425951555371
  landing: 0.04420614801347256
  view-data: 0.32688602712005377
