times:
  edit-metadata: 2.1630728486925364
  landing: 0.022473128512501717
  view-data: 0.34690348990261555
