times:
  edit-metadata: 1.7497859355062246
  landing: 0.15289880242198706
  view-data: 0.4040160346776247
