times:
  edit-metadata: 1.991932138800621
  landing: 0.2241599839180708
  view-data: 0.425340523943305
