times:
  edit-metadata: 1.7325180768966675
  landing: 0.13503075949847698
  view-data: 0.12479273974895477
