times:
  edit-metadata: 1.892884872853756
  landing: 0.02050435170531273
  view-data: 0.3267163038253784
