times:
  edit-metadata: 1.0460237651132047
  landing: 0.045465277042239904
  view-data: 0.23746063793078065
