times:
  edit-metadata: 2.5274872556328773
  landing: 0.022018060088157654
  view-data: 0.20493213273584843
