times:
  edit-metadata: 1.7285967878997326
  landing: 0.023844346404075623
  view-data: 0.025504043325781822
