times:
  edit-metadata: 1.7912452146410942
  landing: 0.019925884902477264
  view-data: 0.26347073912620544
