times:
  edit-metadata: 1.806704569607973
  landing: 0.1386975161731243
  view-data: 0.027382615953683853
