times:
  edit-metadata: 1.7693714927881956
  landing: 0.018806333653628826
  view-data: 0.23792462144047022
