times:
  edit-metadata: 1.780845558270812
  landing: 0.02212192676961422
  view-data: 0.28056858479976654
