times:
  edit-metadata: 2.052786834537983
  landing: 0.01848256215453148
  view-data: 0.2432273756712675
