times:
  edit-metadata: 2.3676085509359837
  landing: 0.2587876711040735
  view-data: 0.47667421028018
