times:
  edit-metadata: 1.0586225530132651
  landing: 0.07583523308858275
  view-data: 0.3442394370213151
