times:
  edit-metadata: 1.9783609751611948
  landing: 0.20724093727767467
  view-data: 0.3177791554480791
