times:
  edit-metadata: 1.778054978698492
  landing: 0.24156063795089722
  view-data: 0.022967884317040443
