times:
  edit-metadata: 1.7032023556530476
  landing: 0.020807230845093727
  view-data: 0.15458291582763195
