times:
  edit-metadata: 2.5350586120039225
  landing: 0.2862028665840626
  view-data: 0.02917691506445408
