times:
  edit-metadata: 1.7009752206504345
  landing: 0.13921249844133854
  view-data: 0.024871578440070152
