times:
  edit-metadata: 0.8173853401094675
  landing: 0.0623248815536499
  view-data: 0.23144856188446283
