times:
  edit-metadata: 0.8842855938710272
  landing: 0.0734901549294591
  view-data: 0.23159793065860868
