times:
  edit-metadata: 1.7195656187832355
  landing: 0.01915561594069004
  view-data: 0.024981195107102394
