times:
  edit-metadata: 2.222662441432476
  landing: 0.29680181108415127
  view-data: 0.4521009065210819
