times:
  edit-metadata: 2.0046974886208773
  landing: 0.021429289132356644
  view-data: 0.3104637674987316
