times:
  edit-metadata: 1.9252438396215439
  landing: 0.17230742610991
  view-data: 0.34664236754179
