times:
  edit-metadata: 1.7188155576586723
  landing: 0.019784782081842422
  view-data: 0.3459617830812931
