times:
  edit-metadata: 0.7918222150765359
  landing: 0.04698203131556511
  view-data: 0.23847650783136487
