times:
  edit-metadata: 0.9272555392235518
  landing: 0.08678187802433968
  view-data: 0.34863609028980136
