times:
  edit-metadata: 1.9110064208507538
  landing: 0.12097140215337276
  view-data: 0.026415696367621422
