times:
  edit-metadata: 1.5971260573714972
  landing: 0.019695749506354332
  view-data: 0.02531611081212759
