times:
  edit-metadata: 1.8146280329674482
  landing: 0.14742017351090908
  view-data: 0.02825850620865822
