times:
  edit-metadata: 1.7135086115449667
  landing: 0.1379403229802847
  view-data: 0.025376634672284126
