times:
  edit-metadata: 1.770087344571948
  landing: 0.019736583344638348
  view-data: 0.2347560180351138
