times:
  edit-metadata: 1.7149472758173943
  landing: 0.019642893224954605
  view-data: 0.023682434111833572
