times:
  edit-metadata: 0.7916243318468332
  landing: 0.0671845730394125
  view-data: 0.22763847699388862
