times:
  edit-metadata: 1.9019249062985182
  landing: 0.1468964610248804
  view-data: 0.02378656342625618
