times:
  edit-metadata: 1.7695128433406353
  landing: 0.0184805728495121
  view-data: 0.02311958186328411
