times:
  edit-metadata: 1.787161212414503
  landing: 0.02058657445013523
  view-data: 0.1297407289966941
