times:
  edit-metadata: 1.8495620163157582
  landing: 0.16146844066679478
  view-data: 0.022462486289441586
