times:
  edit-metadata: 1.6755117420107126
  landing: 0.018558958545327187
  view-data: 0.02621373161673546
