times:
  edit-metadata: 1.8513900209218264
  landing: 0.25468774512410164
  view-data: 0.022141512483358383
