times:
  edit-metadata: 1.1047672950662673
  landing: 0.0430961842648685
  view-data: 0.31473554391413927
