times:
  edit-metadata: 0.9661410888656974
  landing: 0.10138605162501335
  view-data: 0.23297836584970355
