times:
  edit-metadata: 1.7919118516147137
  landing: 0.11716569028794765
  view-data: 0.12321760132908821
