times:
  edit-metadata: 1.6054375413805246
  landing: 0.019564898684620857
  view-data: 0.44713458232581615
