times:
  edit-metadata: 1.940009955316782
  landing: 0.20889933966100216
  view-data: 0.3712532166391611
