times:
  edit-metadata: 2.2985973972827196
  landing: 0.1431566458195448
  view-data: 0.382951095700264
