times:
  edit-metadata: 1.6913237571716309
  landing: 0.1444192947819829
  view-data: 0.23016126360744238
