times:
  edit-metadata: 1.8843305595219135
  landing: 0.021939996629953384
  view-data: 0.31406656466424465
