times:
  edit-metadata: 2.260078737512231
  landing: 0.2571000959724188
  view-data: 0.3706561792641878
