times:
  edit-metadata: 2.7066135220229626
  landing: 0.021663499996066093
  view-data: 0.18698497489094734
