times:
  edit-metadata: 2.345129571855068
  landing: 0.2180896122008562
  view-data: 0.37912423349916935
