times:
  edit-metadata: 1.5824224893003702
  landing: 0.02171407826244831
  view-data: 0.027271180413663387
