times:
  edit-metadata: 2.2554048132151365
  landing: 0.20139934122562408
  view-data: 0.1679666806012392
