times:
  edit-metadata: 1.7593228202313185
  landing: 0.019712183624505997
  view-data: 0.0235221516340971
