times:
  edit-metadata: 2.020443145185709
  landing: 0.2684819344431162
  view-data: 0.3128753546625376
