times:
  edit-metadata: 2.35428742878139
  landing: 0.22844643518328667
  view-data: 0.14210975170135498
