times:
  edit-metadata: 1.7222374500706792
  landing: 0.23131526168435812
  view-data: 0.119005361571908
