times:
  edit-metadata: 1.055432136170566
  landing: 0.05502935778349638
  view-data: 0.22461024718359113
