times:
  edit-metadata: 2.065407942980528
  landing: 0.1535899769514799
  view-data: 0.1530581545084715
