times:
  edit-metadata: 1.763279164209962
  landing: 0.021208247169852257
  view-data: 0.35440826043486595
