times:
  edit-metadata: 1.7345609441399574
  landing: 0.14477884583175182
  view-data: 0.029622333124279976
