times:
  edit-metadata: 1.8702693181112409
  landing: 0.019748135469853878
  view-data: 0.0268158707767725
