times:
  edit-metadata: 1.7646481916308403
  landing: 0.01985618658363819
  view-data: 0.13195259124040604
