times:
  edit-metadata: 1.7393036242574453
  landing: 0.022542428225278854
  view-data: 0.28775287605822086
