times:
  edit-metadata: 1.979493111371994
  landing: 0.0214323028922081
  view-data: 0.5044965501874685
