times:
  edit-metadata: 1.8596817404031754
  landing: 0.020458143204450607
  view-data: 0.1240798570215702
