times:
  edit-metadata: 2.4163397680968046
  landing: 0.2550463546067476
  view-data: 0.39146667532622814
