times:
  edit-metadata: 1.765938963741064
  landing: 0.019656870514154434
  view-data: 0.293485039845109
