times:
  edit-metadata: 1.8372007198631763
  landing: 0.13392949663102627
  view-data: 0.024495620280504227
