times:
  edit-metadata: 1.765462264418602
  landing: 0.021165896207094193
  view-data: 0.12202122993767262
