times:
  edit-metadata: 1.8316004406660795
  landing: 0.1350669041275978
  view-data: 0.3288221564143896
