times:
  edit-metadata: 1.758603923022747
  landing: 0.019488153979182243
  view-data: 0.02370997704565525
