times:
  edit-metadata: 1.8099611606448889
  landing: 0.0457855686545372
  view-data: 0.02738773077726364
