times:
  edit-metadata: 2.0664698872715235
  landing: 0.19004856422543526
  view-data: 0.024427362717688084
