times:
  edit-metadata: 1.7628663135692477
  landing: 0.0225435895845294
  view-data: 0.025922207161784172
