times:
  edit-metadata: 1.7595291417092085
  landing: 0.2065491769462824
  view-data: 0.026296259835362434
