times:
  edit-metadata: 1.0085061867721379
  landing: 0.05954489437863231
  view-data: 0.34065832709893584
