times:
  edit-metadata: 1.6715920800343156
  landing: 0.02284348849207163
  view-data: 0.02726948820054531
