times:
  edit-metadata: 1.8955112285912037
  landing: 0.25107888504862785
  view-data: 0.17110042087733746
