times:
  edit-metadata: 1.7484105434268713
  landing: 0.1504954993724823
  view-data: 0.02508995123207569
