times:
  edit-metadata: 2.1916926838457584
  landing: 0.26096826046705246
  view-data: 0.40330280363559723
