times:
  edit-metadata: 1.7257181722670794
  landing: 0.1693776436150074
  view-data: 0.02699460554867983
