times:
  edit-metadata: 1.8004932068288326
  landing: 0.20633609127253294
  view-data: 0.5193129079416394
