times:
  edit-metadata: 1.9922775086015463
  landing: 0.018889496102929115
  view-data: 0.024702491238713264
