times:
  edit-metadata: 2.369626620784402
  landing: 0.16400862857699394
  view-data: 0.022372396662831306
