times:
  edit-metadata: 1.9423274900764227
  landing: 0.022356145083904266
  view-data: 0.024683194234967232
