times:
  edit-metadata: 1.6862991321831942
  landing: 0.023081215098500252
  view-data: 0.02646150439977646
