times:
  edit-metadata: 0.8075521537102759
  landing: 0.07358405599370599
  view-data: 0.2363498699851334
