times:
  edit-metadata: 2.6181063260883093
  landing: 0.3919831831008196
  view-data: 0.02643090859055519
