times:
  edit-metadata: 0.7949559749104083
  landing: 0.07341095106676221
  view-data: 0.22433682810515165
