times:
  edit-metadata: 1.732407834380865
  landing: 0.01837499812245369
  view-data: 0.05574948899447918
