times:
  edit-metadata: 2.02962501719594
  landing: 0.3019471950829029
  view-data: 0.39471648447215557
