times:
  edit-metadata: 1.0658487458713353
  landing: 0.11638207966461778
  view-data: 0.22535285400226712
