times:
  edit-metadata: 1.738714262843132
  landing: 0.02206963673233986
  view-data: 0.02601327747106552
