times:
  edit-metadata: 1.77357604727149
  landing: 0.17546159960329533
  view-data: 0.12166032381355762
