times:
  edit-metadata: 1.7467306666076183
  landing: 0.02046089619398117
  view-data: 0.02906772680580616
