times:
  edit-metadata: 1.737839405424893
  landing: 0.019053556956350803
  view-data: 0.2570542898029089
