times:
  edit-metadata: 1.7963767377659678
  landing: 0.2055202079936862
  view-data: 0.13905013259500265
