times:
  edit-metadata: 2.431477600708604
  landing: 0.02381240390241146
  view-data: 0.5014214050024748
