times:
  edit-metadata: 2.173550136387348
  landing: 0.15365714393556118
  view-data: 0.029450709000229836
