times:
  edit-metadata: 1.9694463461637497
  landing: 0.21089632995426655
  view-data: 0.38059726543724537
