times:
  edit-metadata: 0.958258390892297
  landing: 0.1302104233764112
  view-data: 0.23003976698964834
