times:
  edit-metadata: 2.02791222371161
  landing: 0.16129312478005886
  view-data: 0.20996353588998318
