times:
  edit-metadata: 1.7059193011373281
  landing: 0.24868958536535501
  view-data: 0.4213130082935095
