times:
  edit-metadata: 1.7724874634295702
  landing: 0.021915938705205917
  view-data: 0.22049005888402462
