times:
  edit-metadata: 0.9128268039785326
  landing: 0.057440541218966246
  view-data: 0.22278441255912185
