times:
  edit-metadata: 1.9185897298157215
  landing: 0.22234323620796204
  view-data: 0.3065028991550207
