times:
  edit-metadata: 1.7811858989298344
  landing: 0.022783692926168442
  view-data: 0.32802562415599823
