times:
  edit-metadata: 1.6881254520267248
  landing: 0.01935330033302307
  view-data: 0.027104763314127922
