times:
  edit-metadata: 1.8965250682085752
  landing: 0.22657149657607079
  view-data: 0.16440429352223873
