times:
  edit-metadata: 1.7345230970531702
  landing: 0.022007573395967484
  view-data: 0.023118993267416954
