times:
  edit-metadata: 1.8045678026974201
  landing: 0.019641516730189323
  view-data: 0.3210331294685602
