times:
  edit-metadata: 1.9365678001195192
  landing: 0.019860180094838142
  view-data: 0.3515798281878233
