times:
  edit-metadata: 1.7773213852196932
  landing: 0.18672166671603918
  view-data: 0.09772505145519972
