times:
  edit-metadata: 0.8115516896359622
  landing: 0.08513108501210809
  view-data: 0.22531601088121533
