times:
  edit-metadata: 1.7035864060744643
  landing: 0.19877443742007017
  view-data: 0.5293748807162046
