times:
  edit-metadata: 0.9359993608668447
  landing: 0.07590947160497308
  view-data: 0.33834824385121465
