times:
  edit-metadata: 1.1126918159425259
  landing: 0.08751303609460592
  view-data: 0.26788791827857494
