times:
  edit-metadata: 1.816821152344346
  landing: 0.02325594797730446
  view-data: 0.024053392931818962
