times:
  edit-metadata: 1.7229978675022721
  landing: 0.14919715654104948
  view-data: 0.027449280954897404
