times:
  edit-metadata: 0.846082397736609
  landing: 0.043128599878400564
  view-data: 0.23861349886283278
