times:
  edit-metadata: 1.9654722977429628
  landing: 0.021135594695806503
  view-data: 0.056223269551992416
