times:
  edit-metadata: 1.6694607408717275
  landing: 0.11960700061172247
  view-data: 0.3845313098281622
