times:
  edit-metadata: 0.9545853119343519
  landing: 0.06586460303515196
  view-data: 0.2652296470478177
