times:
  edit-metadata: 1.585372275672853
  landing: 0.022583660669624805
  view-data: 0.12464247364550829
