times:
  edit-metadata: 0.9211379708722234
  landing: 0.04274426121264696
  view-data: 0.23129251785576344
