times:
  edit-metadata: 2.2046196050941944
  landing: 0.4356737118214369
  view-data: 0.3228668328374624
