times:
  edit-metadata: 1.8675888068974018
  landing: 0.2512573190033436
  view-data: 0.12471979297697544
