times:
  edit-metadata: 1.9106567595154047
  landing: 0.02209361456334591
  view-data: 0.24277793057262897
