times:
  edit-metadata: 1.6095887199044228
  landing: 0.01993634458631277
  view-data: 0.026514902710914612
