times:
  edit-metadata: 0.8176232678815722
  landing: 0.06691126013174653
  view-data: 0.2243787171319127
