times:
  edit-metadata: 1.7866278477013111
  landing: 0.12584896944463253
  view-data: 0.12668007798492908
