times:
  edit-metadata: 2.0142269041389227
  landing: 0.23886693641543388
  view-data: 0.3467502035200596
