times:
  edit-metadata: 1.8665174674242735
  landing: 0.021500449627637863
  view-data: 0.10877865925431252
