times:
  edit-metadata: 1.7950415592640638
  landing: 0.022927038371562958
  view-data: 0.025682322680950165
