times:
  edit-metadata: 0.4186211619526148
  landing: 0.039339146576821804
  view-data: 0.20375724881887436
