times:
  edit-metadata: 1.338928997516632
  landing: 0.01861110795289278
  view-data: 0.024177118204534054
