times:
  edit-metadata: 0.4181219441816211
  landing: 0.0546321552246809
  view-data: 0.20344601664692163
