times:
  edit-metadata: 1.2844302980229259
  landing: 0.022483746521174908
  view-data: 0.0265646418556571
