times:
  edit-metadata: 1.3292661989107728
  landing: 0.02056032419204712
  view-data: 0.024646980687975883
