times:
  edit-metadata: 1.351970013231039
  landing: 0.1759670190513134
  view-data: 0.0288845282047987
