times:
  edit-metadata: 1.3187332665547729
  landing: 0.0217990605160594
  view-data: 0.1231448957696557
