times:
  edit-metadata: 1.3363942578434944
  landing: 0.02124142460525036
  view-data: 0.026006178930401802
