times:
  edit-metadata: 1.2898813150823116
  landing: 0.021795112639665604
  view-data: 0.025786060839891434
