times:
  edit-metadata: 0.6116229291073978
  landing: 0.053613053634762764
  view-data: 0.20691007794812322
