times:
  edit-metadata: 0.8468320700339973
  landing: 0.04608566500246525
  view-data: 0.22558935778215528
