times:
  edit-metadata: 1.3347240574657917
  landing: 0.020406920462846756
  view-data: 0.28921456076204777
