times:
  edit-metadata: 1.486661123111844
  landing: 0.018840095028281212
  view-data: 0.028118429705500603
