times:
  edit-metadata: 0.4159373566508293
  landing: 0.0397096648812294
  view-data: 0.2312841434031725
