times:
  edit-metadata: 1.4680209923535585
  landing: 0.1129112858325243
  view-data: 0.024159830063581467
