times:
  edit-metadata: 1.3490897780284286
  landing: 0.018968811258673668
  view-data: 0.11882763355970383
