times:
  edit-metadata: 0.5202293591573834
  landing: 0.04585192305967212
  view-data: 0.2180465436540544
