times:
  edit-metadata: 0.6517705139704049
  landing: 0.04564042901620269
  view-data: 0.31222020788118243
