times:
  edit-metadata: 1.6076036617159843
  landing: 0.14806635677814484
  view-data: 0.20856855623424053
