times:
  edit-metadata: 1.5154877752065659
  landing: 0.020628469064831734
  view-data: 0.1314340066164732
