times:
  edit-metadata: 1.4872730765491724
  landing: 0.30112303979694843
  view-data: 0.3589315637946129
