times:
  edit-metadata: 0.39958042465150356
  landing: 0.04996575601398945
  view-data: 0.2008192241191864
