times:
  edit-metadata: 1.3555984925478697
  landing: 0.1791770737618208
  view-data: 0.4102731188759208
