times:
  edit-metadata: 0.42655982822179794
  landing: 0.03932750038802624
  view-data: 0.21527191251516342
