times:
  edit-metadata: 1.2943510385230184
  landing: 0.021464458666741848
  view-data: 0.02497047558426857
