times:
  edit-metadata: 1.4658079259097576
  landing: 0.023558910936117172
  view-data: 0.30316310189664364
