times:
  edit-metadata: 1.3655980918556452
  landing: 0.02201172150671482
  view-data: 0.02341831661760807
