times:
  edit-metadata: 1.3497651666402817
  landing: 0.020312978886067867
  view-data: 0.026870192028582096
