times:
  edit-metadata: 1.5551510453224182
  landing: 0.0270931888371706
  view-data: 0.1667946707457304
