times:
  edit-metadata: 1.4063937105238438
  landing: 0.023681145161390305
  view-data: 0.29502696357667446
