times:
  edit-metadata: 1.5240643694996834
  landing: 0.020761802792549133
  view-data: 0.38160440139472485
