times:
  edit-metadata: 1.522283055819571
  landing: 0.13869895040988922
  view-data: 0.026017798110842705
