times:
  edit-metadata: 1.4104226846247911
  landing: 0.2776607684791088
  view-data: 0.4331883620470762
