times:
  edit-metadata: 0.40448230504989624
  landing: 0.04895400255918503
  view-data: 0.211352264508605
