times:
  edit-metadata: 0.654835294932127
  landing: 0.04253982286900282
  view-data: 0.35746121127158403
