times:
  edit-metadata: 0.6230843970552087
  landing: 0.0700424020178616
  view-data: 0.2975783026777208
