times:
  edit-metadata: 1.5235875602811575
  landing: 0.05740532837808132
  view-data: 0.02692743018269539
