times:
  edit-metadata: 1.612134536728263
  landing: 0.2690288610756397
  view-data: 0.44675288163125515
