times:
  edit-metadata: 1.30321145337075
  landing: 0.020475830882787704
  view-data: 0.15437953732907772
