times:
  edit-metadata: 1.413010086864233
  landing: 0.12767194584012032
  view-data: 0.024005236104130745
