times:
  edit-metadata: 1.385620222426951
  landing: 0.01891065575182438
  view-data: 0.023463226854801178
