times:
  edit-metadata: 1.3547032214701176
  landing: 0.127170966938138
  view-data: 0.02398659847676754
