times:
  edit-metadata: 1.3129790630191565
  landing: 0.11962815467268229
  view-data: 0.23038377054035664
