times:
  edit-metadata: 1.9834550321102142
  landing: 0.020992547273635864
  view-data: 0.47081685438752174
