times:
  edit-metadata: 1.3688105531036854
  landing: 0.13165882416069508
  view-data: 0.023312962613999844
