times:
  edit-metadata: 1.4055682197213173
  landing: 0.019619228318333626
  view-data: 0.02295009046792984
