times:
  edit-metadata: 1.3494018213823438
  landing: 0.13711837772279978
  view-data: 0.028920499607920647
