times:
  edit-metadata: 0.611437238752842
  landing: 0.04717012122273445
  view-data: 0.22252593422308564
