times:
  edit-metadata: 1.3427768386900425
  landing: 0.02247912809252739
  view-data: 0.44079102389514446
