times:
  edit-metadata: 1.2862608274444938
  landing: 0.019460012204945087
  view-data: 0.026010737754404545
