times:
  edit-metadata: 1.3982835356146097
  landing: 0.146355913951993
  view-data: 0.43456512317061424
