times:
  edit-metadata: 1.5361134968698025
  landing: 0.15647172648459673
  view-data: 0.48875782173126936
