times:
  edit-metadata: 1.3878885600715876
  landing: 0.11697418801486492
  view-data: 0.27713818848133087
