times:
  edit-metadata: 1.360214065760374
  landing: 0.021198073402047157
  view-data: 0.02628229558467865
