times:
  edit-metadata: 0.4029281372204423
  landing: 0.04743556398898363
  view-data: 0.20704506244510412
