times:
  edit-metadata: 1.3480192422866821
  landing: 0.019863111898303032
  view-data: 0.05605692230165005
