times:
  edit-metadata: 0.5194457219913602
  landing: 0.09480338590219617
  view-data: 0.21345373196527362
