times:
  edit-metadata: 1.388141218572855
  landing: 0.20439426135271788
  view-data: 0.49480560421943665
