times:
  edit-metadata: 1.337083714082837
  landing: 0.1385168842971325
  view-data: 0.4166561448946595
