times:
  edit-metadata: 1.4299189671874046
  landing: 0.019362952560186386
  view-data: 0.2253146581351757
