times:
  edit-metadata: 1.3660577526316047
  landing: 0.020123845897614956
  view-data: 0.22702165972441435
