times:
  edit-metadata: 1.3376005943864584
  landing: 0.02007591910660267
  view-data: 0.029089994728565216
