times:
  edit-metadata: 1.4701384361833334
  landing: 0.020677905529737473
  view-data: 0.025832150131464005
