times:
  edit-metadata: 1.6261912789195776
  landing: 0.1608832348138094
  view-data: 0.02377988211810589
