times:
  edit-metadata: 0.5720990332774818
  landing: 0.04021724918857217
  view-data: 0.20489312894642353
