times:
  edit-metadata: 1.3316182056441903
  landing: 0.01880005467683077
  view-data: 0.023667309433221817
