times:
  edit-metadata: 1.3339501125738025
  landing: 0.02193381078541279
  view-data: 0.025212228298187256
