times:
  edit-metadata: 1.3509747926145792
  landing: 0.12719040364027023
  view-data: 0.02273731492459774
