times:
  edit-metadata: 1.7919683437794447
  landing: 0.2991674467921257
  view-data: 0.41542090103030205
