times:
  edit-metadata: 1.3368815509602427
  landing: 0.020676227286458015
  view-data: 0.02376211527734995
