times:
  edit-metadata: 1.3120322981849313
  landing: 0.022404905408620834
  view-data: 0.024511813186109066
