times:
  edit-metadata: 1.3627571621909738
  landing: 0.022204820066690445
  view-data: 0.02607450634241104
