times:
  edit-metadata: 1.3735647890716791
  landing: 0.023008979856967926
  view-data: 0.324562082067132
