times:
  edit-metadata: 1.324849534779787
  landing: 0.018846789374947548
  view-data: 0.43342068418860435
