times:
  edit-metadata: 1.3476162794977427
  landing: 0.020843474194407463
  view-data: 0.02522711083292961
