times:
  edit-metadata: 1.3906117230653763
  landing: 0.018992929719388485
  view-data: 0.0266146594658494
