times:
  edit-metadata: 1.3123991275206208
  landing: 0.020879295654594898
  view-data: 0.025458495132625103
