times:
  edit-metadata: 1.8568305391818285
  landing: 0.02049202099442482
  view-data: 0.16979878768324852
