times:
  edit-metadata: 1.4975788444280624
  landing: 0.13045836240053177
  view-data: 0.15918909758329391
