times:
  edit-metadata: 1.3440148197114468
  landing: 0.021696150302886963
  view-data: 0.099637471139431
