times:
  edit-metadata: 1.3849354702979326
  landing: 0.11853451654314995
  view-data: 0.025008762255311012
