times:
  edit-metadata: 1.422539315186441
  landing: 0.019510864280164242
  view-data: 0.054477439261972904
