times:
  edit-metadata: 2.283200381323695
  landing: 0.018683593720197678
  view-data: 0.0271699670702219
