times:
  edit-metadata: 1.352976568043232
  landing: 0.023222001269459724
  view-data: 0.12681965343654156
