times:
  edit-metadata: 1.336826004087925
  landing: 0.12032204307615757
  view-data: 0.0247493889182806
