times:
  edit-metadata: 1.6797061748802662
  landing: 0.1162326168268919
  view-data: 0.029229750856757164
