times:
  edit-metadata: 1.7256294302642345
  landing: 0.023745544254779816
  view-data: 0.35178522393107414
