times:
  edit-metadata: 1.3906753556802869
  landing: 0.019943762570619583
  view-data: 0.17531091906130314
