times:
  edit-metadata: 0.4145748298615217
  landing: 0.03930375725030899
  view-data: 0.20858820714056492
