times:
  edit-metadata: 1.3062570169568062
  landing: 0.022721916437149048
  view-data: 0.135125070810318
