times:
  edit-metadata: 0.4685114473104477
  landing: 0.04247942287474871
  view-data: 0.20769226737320423
