times:
  edit-metadata: 0.4019115725532174
  landing: 0.04251593817025423
  view-data: 0.20307298935949802
