times:
  edit-metadata: 0.6614839318208396
  landing: 0.0762555762194097
  view-data: 0.2583814952522516
