times:
  edit-metadata: 1.3170796502381563
  landing: 0.020208057016134262
  view-data: 0.028331805020570755
