times:
  edit-metadata: 0.4134449018165469
  landing: 0.05062558222562075
  view-data: 0.32181285601109266
