times:
  edit-metadata: 1.374721228145063
  landing: 0.018703998066484928
  view-data: 0.026438860222697258
