times:
  edit-metadata: 1.262038347311318
  landing: 0.019993264228105545
  view-data: 0.022816641256213188
