times:
  edit-metadata: 0.40874575544148684
  landing: 0.044702266342937946
  view-data: 0.22421848867088556
