times:
  edit-metadata: 1.3434025254100561
  landing: 0.022815445438027382
  view-data: 0.1223889458924532
