times:
  edit-metadata: 1.7518942523747683
  landing: 0.17706439085304737
  view-data: 0.5270391162484884
