times:
  edit-metadata: 1.3852531090378761
  landing: 0.022554056718945503
  view-data: 0.02646471932530403
