times:
  edit-metadata: 0.5967039591632783
  landing: 0.04910949803888798
  view-data: 0.24452849989756942
