times:
  edit-metadata: 1.5666486285626888
  landing: 0.049048541113734245
  view-data: 0.1616548653692007
