times:
  edit-metadata: 1.3508677072823048
  landing: 0.19103240966796875
  view-data: 0.09670834615826607
