times:
  edit-metadata: 0.4259203262627125
  landing: 0.04278429225087166
  view-data: 0.20510127488523722
