times:
  edit-metadata: 1.3431267496198416
  landing: 0.019604858942329884
  view-data: 0.023883282206952572
