times:
  edit-metadata: 1.6058699768036604
  landing: 0.28556063398718834
  view-data: 0.1828247494995594
