times:
  edit-metadata: 1.3447837736457586
  landing: 0.1821502409875393
  view-data: 0.15296667255461216
