times:
  edit-metadata: 1.3601455930620432
  landing: 0.019659902900457382
  view-data: 0.32659459486603737
