times:
  edit-metadata: 1.508158310316503
  landing: 0.019833487458527088
  view-data: 0.023043963126838207
