times:
  edit-metadata: 1.3790361247956753
  landing: 0.020725682377815247
  view-data: 0.13087351992726326
