times:
  edit-metadata: 1.3860071431845427
  landing: 0.017935922369360924
  view-data: 0.13263717386871576
