times:
  edit-metadata: 1.6781482826918364
  landing: 0.044262904673814774
  view-data: 0.02274491172283888
