times:
  edit-metadata: 1.4275978617370129
  landing: 0.02236849069595337
  view-data: 0.1218780130147934
