times:
  edit-metadata: 1.3442829214036465
  landing: 0.023410502821207047
  view-data: 0.025097934529185295
