times:
  edit-metadata: 1.354456719942391
  landing: 0.02103740070015192
  view-data: 0.02380422782152891
