times:
  edit-metadata: 1.965860027819872
  landing: 0.34203206188976765
  view-data: 0.2180913593620062
