times:
  edit-metadata: 0.39178101858124137
  landing: 0.04288401314988732
  view-data: 0.33203325513750315
