times:
  edit-metadata: 1.322324956767261
  landing: 0.12583212461322546
  view-data: 0.1318462761119008
