times:
  edit-metadata: 1.4163140840828419
  landing: 0.2171939667314291
  view-data: 0.02328392304480076
