times:
  edit-metadata: 1.3945488259196281
  landing: 0.13883174676448107
  view-data: 0.022397932596504688
