times:
  edit-metadata: 1.5842945948243141
  landing: 0.27417331002652645
  view-data: 0.131835350766778
