times:
  edit-metadata: 0.4001021096482873
  landing: 0.04355897009372711
  view-data: 0.19420789647847414
