times:
  edit-metadata: 1.3538474505767226
  landing: 0.1548778135329485
  view-data: 0.0242279889062047
