times:
  edit-metadata: 0.9107256196439266
  landing: 0.04355919500812888
  view-data: 0.22534153005108237
