times:
  edit-metadata: 1.351490586064756
  landing: 0.02122865989804268
  view-data: 0.025374868884682655
