times:
  edit-metadata: 1.292455593124032
  landing: 0.024225860834121704
  view-data: 0.026059972122311592
