times:
  edit-metadata: 1.3819006914272904
  landing: 0.019848442636430264
  view-data: 0.42404395062476397
