times:
  edit-metadata: 1.335569590330124
  landing: 0.022227464243769646
  view-data: 0.3273277264088392
