times:
  edit-metadata: 1.6790334656834602
  landing: 0.1848745085299015
  view-data: 0.0609150156378746
