times:
  edit-metadata: 1.3074526162818074
  landing: 0.019956253468990326
  view-data: 0.11727397423237562
