times:
  edit-metadata: 1.395035432651639
  landing: 0.02182476595044136
  view-data: 0.2886968944221735
