times:
  edit-metadata: 1.3398065641522408
  landing: 0.02115652896463871
  view-data: 0.023875543847680092
