times:
  edit-metadata: 1.3770256973803043
  landing: 0.19296509120613337
  view-data: 0.13458536006510258
