times:
  edit-metadata: 1.3504877192899585
  landing: 0.02198075782507658
  view-data: 0.12137835193425417
