times:
  edit-metadata: 1.4300247821956873
  landing: 0.15626617707312107
  view-data: 0.31665308587253094
