times:
  edit-metadata: 1.6575913298875093
  landing: 0.1714000552892685
  view-data: 0.5044180564582348
