times:
  edit-metadata: 1.6760588055476546
  landing: 0.09695363324135542
  view-data: 0.13990898430347443
