times:
  edit-metadata: 1.397329555824399
  landing: 0.021278194151818752
  view-data: 0.023711415007710457
