times:
  edit-metadata: 0.4109397865831852
  landing: 0.054281474091112614
  view-data: 0.1978466473519802
