times:
  edit-metadata: 0.7083262759260833
  landing: 0.040879355277866125
  view-data: 0.32706690998747945
