times:
  edit-metadata: 1.3174821510910988
  landing: 0.022582541219890118
  view-data: 0.34406719636172056
