times:
  edit-metadata: 1.2911837473511696
  landing: 0.01936703361570835
  view-data: 0.02514043729752302
