times:
  edit-metadata: 1.6284831948578358
  landing: 0.31578067131340504
  view-data: 0.3918382078409195
