times:
  edit-metadata: 1.6469871681183577
  landing: 0.24330263026058674
  view-data: 0.40211178734898567
