times:
  edit-metadata: 1.3841388281434774
  landing: 0.020407497882843018
  view-data: 0.023526933044195175
