times:
  edit-metadata: 1.3318848917260766
  landing: 0.022950034588575363
  view-data: 0.025138563476502895
