times:
  edit-metadata: 0.4403025573119521
  landing: 0.05613093264400959
  view-data: 0.3277994953095913
