times:
  edit-metadata: 1.3593634571880102
  landing: 0.1411718660965562
  view-data: 0.022825186140835285
