times:
  edit-metadata: 0.4253724589943886
  landing: 0.04925012495368719
  view-data: 0.20238143857568502
