times:
  edit-metadata: 1.3923380179330707
  landing: 0.2277332739904523
  view-data: 0.21357308607548475
