times:
  edit-metadata: 1.3172683902084827
  landing: 0.022180520929396152
  view-data: 0.02667122706770897
