times:
  edit-metadata: 1.3453712547197938
  landing: 0.02146490104496479
  view-data: 0.023753464221954346
