times:
  edit-metadata: 0.815874395892024
  landing: 0.042972318828105927
  view-data: 0.2640149248763919
