times:
  edit-metadata: 1.339634669944644
  landing: 0.021885717287659645
  view-data: 0.022692520171403885
