times:
  edit-metadata: 0.3899866035208106
  landing: 0.048187898471951485
  view-data: 0.3209538049995899
