times:
  edit-metadata: 0.4000392919406295
  landing: 0.04785941541194916
  view-data: 0.19966239761561155
