times:
  edit-metadata: 1.3631281834095716
  landing: 0.020946424454450607
  view-data: 0.028446398675441742
