times:
  edit-metadata: 1.5139941181987524
  landing: 0.021968096494674683
  view-data: 0.14760378003120422
