times:
  edit-metadata: 0.4256186713464558
  landing: 0.04612034000456333
  view-data: 0.4690692969597876
