times:
  edit-metadata: 1.557136207818985
  landing: 0.0192366112023592
  view-data: 0.02608880028128624
