times:
  edit-metadata: 1.7348853601142764
  landing: 0.021917792968451977
  view-data: 0.02846273686736822
