times:
  edit-metadata: 1.3361152727156878
  landing: 0.018008329905569553
  view-data: 0.13143882248550653
