times:
  edit-metadata: 1.5995532255619764
  landing: 0.22423112019896507
  view-data: 0.32305425591766834
