times:
  edit-metadata: 1.3480544704943895
  landing: 0.020321371033787727
  view-data: 0.022930236533284187
