times:
  edit-metadata: 1.3943542316555977
  landing: 0.22579178679734468
  view-data: 0.02259847056120634
