times:
  edit-metadata: 1.3755501825362444
  landing: 0.01990795973688364
  view-data: 0.028207524679601192
