times:
  edit-metadata: 1.370733818039298
  landing: 0.02244182489812374
  view-data: 0.02704366948455572
