times:
  edit-metadata: 1.3674559090286493
  landing: 0.09699242748320103
  view-data: 0.32101969979703426
