times:
  edit-metadata: 1.3755557481199503
  landing: 0.12988927029073238
  view-data: 0.3195125609636307
