times:
  edit-metadata: 1.3196706222370267
  landing: 0.15878664329648018
  view-data: 0.12143873982131481
