times:
  edit-metadata: 1.5112696029245853
  landing: 0.02169668860733509
  view-data: 0.024450132623314857
