times:
  edit-metadata: 1.9725480191409588
  landing: 0.23775893449783325
  view-data: 0.3659107480198145
