times:
  edit-metadata: 1.4075702456757426
  landing: 0.13597025256603956
  view-data: 0.025562014430761337
