times:
  edit-metadata: 1.3257950842380524
  landing: 0.19972305372357368
  view-data: 0.02644743025302887
