times:
  edit-metadata: 1.5852050129324198
  landing: 0.15976982563734055
  view-data: 0.17480963096022606
