times:
  edit-metadata: 1.3898483142256737
  landing: 0.2004870157688856
  view-data: 0.43198662158101797
