times:
  edit-metadata: 0.7084409929811954
  landing: 0.04483760194852948
  view-data: 0.29116449877619743
