times:
  edit-metadata: 1.4097339268773794
  landing: 0.02254093438386917
  view-data: 0.024773437529802322
