times:
  edit-metadata: 1.6855676472187042
  landing: 0.2771676629781723
  view-data: 0.5461685378104448
