times:
  edit-metadata: 0.7814696356654167
  landing: 0.0454527479596436
  view-data: 0.2102528647519648
