times:
  edit-metadata: 1.6581961223855615
  landing: 0.023089232854545116
  view-data: 0.028621568344533443
