times:
  edit-metadata: 0.42200206872075796
  landing: 0.04568704776465893
  view-data: 0.1946322750300169
