times:
  edit-metadata: 1.29558474291116
  landing: 0.01919767912477255
  view-data: 0.13062680047005415
