times:
  edit-metadata: 1.4361722990870476
  landing: 0.022821759805083275
  view-data: 0.13661713898181915
