times:
  edit-metadata: 1.579836504533887
  landing: 0.3305346332490444
  view-data: 0.31783122196793556
