times:
  edit-metadata: 1.319297187961638
  landing: 0.026501409709453583
  view-data: 0.025888144969940186
