times:
  edit-metadata: 1.5458125825971365
  landing: 0.021856285631656647
  view-data: 0.1427193507552147
