times:
  edit-metadata: 1.3751508919522166
  landing: 0.16896044369786978
  view-data: 0.2326292833313346
