times:
  edit-metadata: 1.306156350299716
  landing: 0.11319412291049957
  view-data: 0.11382288113236427
