times:
  edit-metadata: 1.3706155242398381
  landing: 0.023188790306448936
  view-data: 0.13531057070940733
