times:
  edit-metadata: 1.3327452586963773
  landing: 0.020603115670382977
  view-data: 0.1218260983005166
