times:
  edit-metadata: 1.5365085620433092
  landing: 0.25504640862345695
  view-data: 0.2531657572835684
