times:
  edit-metadata: 0.6019482831470668
  landing: 0.04691980639472604
  view-data: 0.21467100409790874
