times:
  edit-metadata: 1.32706449739635
  landing: 0.12728256825357676
  view-data: 0.024815800599753857
