times:
  edit-metadata: 0.593601951841265
  landing: 0.04349041497334838
  view-data: 0.20816771499812603
