times:
  edit-metadata: 1.3250312879681587
  landing: 0.01913863606750965
  view-data: 0.024168236181139946
