times:
  edit-metadata: 1.3269079653546214
  landing: 0.0201559541746974
  view-data: 0.12151653040200472
