times:
  edit-metadata: 0.4001531610265374
  landing: 0.04681180603802204
  view-data: 0.19840135611593723
