times:
  edit-metadata: 1.4984429515898228
  landing: 0.024576831609010696
  view-data: 0.12487003766000271
