times:
  edit-metadata: 1.3124133236706257
  landing: 0.02045787125825882
  view-data: 0.11969223991036415
