times:
  edit-metadata: 0.4131716536357999
  landing: 0.0487047154456377
  view-data: 0.19921343214809895
