times:
  edit-metadata: 1.333003019914031
  landing: 0.020009570755064487
  view-data: 0.027134977281093597
