times:
  edit-metadata: 0.43304894026368856
  landing: 0.04867252707481384
  view-data: 0.22737333178520203
