times:
  edit-metadata: 2.2055857330560684
  landing: 0.021420227363705635
  view-data: 0.306436350569129
