times:
  edit-metadata: 1.3651239592581987
  landing: 0.021600265987217426
  view-data: 0.41518118791282177
