times:
  edit-metadata: 1.376908453181386
  landing: 0.24514331482350826
  view-data: 0.02523074671626091
