times:
  edit-metadata: 1.342477809637785
  landing: 0.01978779025375843
  view-data: 0.024631138890981674
