times:
  edit-metadata: 1.4299499178305268
  landing: 0.01949294749647379
  view-data: 0.4627114571630955
