times:
  edit-metadata: 1.3526851860806346
  landing: 0.02063677366822958
  view-data: 0.023353044874966145
