times:
  edit-metadata: 1.3786844927817583
  landing: 0.11380593664944172
  view-data: 0.026965025812387466
