times:
  edit-metadata: 1.5126425363123417
  landing: 0.01898200809955597
  view-data: 0.30082488618791103
