times:
  edit-metadata: 1.3981424178928137
  landing: 0.018797319382429123
  view-data: 0.026600753888487816
