times:
  edit-metadata: 1.4312955867499113
  landing: 0.022571107372641563
  view-data: 0.32326446659862995
