times:
  edit-metadata: 1.4175979383289814
  landing: 0.4061799459159374
  view-data: 0.13772819563746452
