times:
  edit-metadata: 0.42680717073380947
  landing: 0.04180851299315691
  view-data: 0.3301819912157953
