times:
  edit-metadata: 1.387106399051845
  landing: 0.02054936531931162
  view-data: 0.13353367801755667
