times:
  edit-metadata: 1.4109640792012215
  landing: 0.02319392003118992
  view-data: 0.023237667977809906
