times:
  edit-metadata: 0.3937315158545971
  landing: 0.045482284389436245
  view-data: 0.20157761126756668
