times:
  edit-metadata: 0.5208404650911689
  landing: 0.04257425619289279
  view-data: 0.20760145876556635
