times:
  edit-metadata: 2.293328774161637
  landing: 0.02842007577419281
  view-data: 0.02923369873315096
