times:
  edit-metadata: 1.3027426544576883
  landing: 0.02261057123541832
  view-data: 0.1208925498649478
