times:
  edit-metadata: 0.3868582211434841
  landing: 0.047934724017977715
  view-data: 0.20170355588197708
