times:
  edit-metadata: 1.448922511190176
  landing: 0.017445173114538193
  view-data: 0.13500898145139217
