times:
  edit-metadata: 1.301702693104744
  landing: 0.020240075886249542
  view-data: 0.028338119387626648
