times:
  edit-metadata: 1.3216483499854803
  landing: 0.021080942824482918
  view-data: 0.12231410946696997
