times:
  edit-metadata: 1.3587023867294192
  landing: 0.0199274979531765
  view-data: 0.41021446976810694
