times:
  edit-metadata: 1.301682248711586
  landing: 0.02033594623208046
  view-data: 0.24428864009678364
