times:
  edit-metadata: 1.4339943267405033
  landing: 0.020154213532805443
  view-data: 0.12731068208813667
