times:
  edit-metadata: 1.5795191712677479
  landing: 0.17262264899909496
  view-data: 0.14552337676286697
