times:
  edit-metadata: 1.3318858733400702
  landing: 0.02003858983516693
  view-data: 0.026552501134574413
