times:
  edit-metadata: 1.4862775057554245
  landing: 0.018706580623984337
  view-data: 0.15752101503312588
