times:
  edit-metadata: 1.3500841809436679
  landing: 0.0185701921582222
  view-data: 0.023781289346516132
