times:
  edit-metadata: 0.8653140026144683
  landing: 0.06913118902593851
  view-data: 0.20859030494466424
