times:
  edit-metadata: 1.3209016090258956
  landing: 0.01896297838538885
  view-data: 0.11900829896330833
