times:
  edit-metadata: 1.7334806863218546
  landing: 0.1506025530397892
  view-data: 0.38446759060025215
