times:
  edit-metadata: 1.7940992135554552
  landing: 0.2905136700719595
  view-data: 0.2206052653491497
