times:
  edit-metadata: 1.9919803319498897
  landing: 0.15535890962928534
  view-data: 0.03180976491421461
