times:
  edit-metadata: 1.3073956919834018
  landing: 0.020221184007823467
  view-data: 0.2941141529008746
