times:
  edit-metadata: 1.3177103828638792
  landing: 0.022166674956679344
  view-data: 0.02269459329545498
