times:
  edit-metadata: 0.4139273790642619
  landing: 0.041541877668350935
  view-data: 0.19617975782603025
