times:
  edit-metadata: 1.3344925856217742
  landing: 0.23489599861204624
  view-data: 0.1305546760559082
