times:
  edit-metadata: 0.41465031122788787
  landing: 0.04310860112309456
  view-data: 0.4563374677672982
