times:
  edit-metadata: 1.528317242860794
  landing: 0.2680599261075258
  view-data: 0.4368333835154772
