times:
  edit-metadata: 1.3775411769747734
  landing: 0.12864898145198822
  view-data: 0.13504162151366472
