times:
  edit-metadata: 1.3429337022826076
  landing: 0.01953384466469288
  view-data: 0.12456277571618557
