times:
  edit-metadata: 0.6849202662706375
  landing: 0.0738457259722054
  view-data: 0.23809586418792605
