times:
  edit-metadata: 1.6673107724636793
  landing: 0.018930106423795223
  view-data: 0.023472066968679428
