times:
  edit-metadata: 1.3641493991017342
  landing: 0.021339423954486847
  view-data: 0.026972942985594273
