times:
  edit-metadata: 1.3068984001874924
  landing: 0.02283419296145439
  view-data: 0.026452429592609406
