times:
  edit-metadata: 1.3474059076979756
  landing: 0.02250040415674448
  view-data: 0.10137314442545176
