times:
  edit-metadata: 1.4458406791090965
  landing: 0.019784625619649887
  view-data: 0.4521003058180213
