times:
  edit-metadata: 0.6073959479108453
  landing: 0.04839417804032564
  view-data: 0.3416309207677841
