times:
  edit-metadata: 1.3595519810914993
  landing: 0.022885234095156193
  view-data: 0.12071984820067883
