times:
  edit-metadata: 1.3511045202612877
  landing: 0.1993858702480793
  view-data: 0.025472618639469147
