times:
  edit-metadata: 0.5910421619191766
  landing: 0.044611053075641394
  view-data: 0.20575971994549036
