times:
  edit-metadata: 1.34887620434165
  landing: 0.1908443085849285
  view-data: 0.15709510073065758
