times:
  edit-metadata: 1.3945011431351304
  landing: 0.01895119622349739
  view-data: 0.02389182150363922
