times:
  edit-metadata: 1.2924499586224556
  landing: 0.019081552512943745
  view-data: 0.13276249635964632
