times:
  edit-metadata: 1.3997843638062477
  landing: 0.024141873233020306
  view-data: 0.41428001411259174
