times:
  edit-metadata: 0.40987402852624655
  landing: 0.04523760825395584
  view-data: 0.20371883269399405
