times:
  edit-metadata: 1.4161289306357503
  landing: 0.1913132667541504
  view-data: 0.3770064665004611
