times:
  edit-metadata: 0.712344947271049
  landing: 0.04443373391404748
  view-data: 0.28704370791092515
