times:
  edit-metadata: 1.2925644731149077
  landing: 0.022076481021940708
  view-data: 0.40122258849442005
