times:
  edit-metadata: 1.423288144171238
  landing: 0.023904770612716675
  view-data: 0.35851480066776276
