times:
  edit-metadata: 0.39826331473886967
  landing: 0.04538247734308243
  view-data: 0.3388622272759676
