times:
  edit-metadata: 0.5606376151554286
  landing: 0.0485117225907743
  view-data: 0.21824774099513888
