times:
  edit-metadata: 1.6964512802660465
  landing: 0.01968112215399742
  view-data: 0.026135370135307312
