times:
  edit-metadata: 0.4078525500372052
  landing: 0.049959711730480194
  view-data: 0.21248625870794058
