times:
  edit-metadata: 1.5800295900553465
  landing: 0.2784169502556324
  view-data: 0.5245575476437807
