times:
  edit-metadata: 0.6422637929208577
  landing: 0.039887783117592335
  view-data: 0.2849091049283743
