times:
  edit-metadata: 1.3482861882075667
  landing: 0.019895234145224094
  view-data: 0.41433648485690355
