times:
  edit-metadata: 0.4068245328962803
  landing: 0.04532035160809755
  view-data: 0.3115492155775428
