times:
  edit-metadata: 1.6715170741081238
  landing: 0.029112137854099274
  view-data: 0.19496651366353035
