times:
  edit-metadata: 1.381987227126956
  landing: 0.020881688222289085
  view-data: 0.10700666718184948
