times:
  edit-metadata: 1.4496589470654726
  landing: 0.020525064319372177
  view-data: 0.1450728140771389
