times:
  edit-metadata: 0.7723470600321889
  landing: 0.04803047701716423
  view-data: 0.2691910183057189
