times:
  edit-metadata: 1.8662347719073296
  landing: 0.23174232989549637
  view-data: 0.15872765518724918
