times:
  edit-metadata: 0.4143685158342123
  landing: 0.04220081493258476
  view-data: 0.1891384068876505
