times:
  edit-metadata: 1.3892783783376217
  landing: 0.14380375295877457
  view-data: 0.3017780091613531
