times:
  edit-metadata: 1.4520100019872189
  landing: 0.2553999796509743
  view-data: 0.29528557881712914
