times:
  edit-metadata: 1.415822833776474
  landing: 0.022745721973478794
  view-data: 0.025898137129843235
