times:
  edit-metadata: 0.3945197546854615
  landing: 0.04492882173508406
  view-data: 0.19820567779242992
