times:
  edit-metadata: 1.4651292404159904
  landing: 0.0189068540930748
  view-data: 0.12114920374006033
