times:
  edit-metadata: 1.2798606036230922
  landing: 0.018970824778079987
  view-data: 0.02521937806159258
