times:
  edit-metadata: 0.3958440590649843
  landing: 0.04282339941710234
  view-data: 0.3475960288196802
