times:
  edit-metadata: 1.3424710426479578
  landing: 0.19247348234057426
  view-data: 0.30513924919068813
