times:
  edit-metadata: 1.542389732785523
  landing: 0.19945549499243498
  view-data: 0.15154773462563753
