times:
  edit-metadata: 1.8344928305596113
  landing: 0.20795605890452862
  view-data: 0.5589845068752766
