times:
  edit-metadata: 1.4531054235994816
  landing: 0.25665281899273396
  view-data: 0.025976117700338364
