times:
  edit-metadata: 1.3536857273429632
  landing: 0.02018551714718342
  view-data: 0.02540949359536171
