times:
  edit-metadata: 1.612383616156876
  landing: 0.138768894597888
  view-data: 0.14549172017723322
