times:
  edit-metadata: 1.3338629398494959
  landing: 0.020239527337253094
  view-data: 0.02645446266978979
