times:
  edit-metadata: 0.44608685187995434
  landing: 0.03996268380433321
  view-data: 0.337629584595561
