times:
  edit-metadata: 0.4483921676874161
  landing: 0.054321177303791046
  view-data: 0.19873608462512493
