times:
  edit-metadata: 0.43641223665326834
  landing: 0.04785778280347586
  view-data: 0.48592615872621536
