times:
  edit-metadata: 2.027796370908618
  landing: 0.021930892020463943
  view-data: 0.14055854827165604
