times:
  edit-metadata: 1.8438897654414177
  landing: 0.21008908934891224
  view-data: 0.21481589507311583
