times:
  edit-metadata: 0.8329108469188213
  landing: 0.04703284241259098
  view-data: 0.23066744999960065
