times:
  edit-metadata: 1.8315063677728176
  landing: 0.02117052860558033
  view-data: 0.1252175234258175
