times:
  edit-metadata: 1.8143261363729835
  landing: 0.1945663122460246
  view-data: 0.32360258512198925
