times:
  edit-metadata: 2.050839761272073
  landing: 0.1326049119234085
  view-data: 0.11991340667009354
