times:
  edit-metadata: 1.9911606516689062
  landing: 0.38638898357748985
  view-data: 0.37956568971276283
