times:
  edit-metadata: 1.8593964613974094
  landing: 0.019711485132575035
  view-data: 0.3219257201999426
