times:
  edit-metadata: 1.210605361033231
  landing: 0.05388651508837938
  view-data: 0.2920583379454911
