times:
  edit-metadata: 1.7645328920334578
  landing: 0.02031767927110195
  view-data: 0.02995201386511326
