times:
  edit-metadata: 1.789284510537982
  landing: 0.017874011769890785
  view-data: 0.022176211699843407
