times:
  edit-metadata: 2.0472706388682127
  landing: 0.12015559524297714
  view-data: 0.34738706797361374
