times:
  edit-metadata: 1.7914567925035954
  landing: 0.023410247638821602
  view-data: 0.13956214301288128
