times:
  edit-metadata: 1.8053040280938148
  landing: 0.018250228837132454
  view-data: 0.027321456000208855
