times:
  edit-metadata: 1.8995692152529955
  landing: 0.14948293566703796
  view-data: 0.024733707308769226
