times:
  edit-metadata: 1.8134566452354193
  landing: 0.021920528262853622
  view-data: 0.02735879272222519
