times:
  edit-metadata: 0.849000405985862
  landing: 0.10842781700193882
  view-data: 0.27369395596906543
