times:
  edit-metadata: 2.2240186762064695
  landing: 0.2196455430239439
  view-data: 0.40980098955333233
