times:
  edit-metadata: 1.731915975920856
  landing: 0.2289050966501236
  view-data: 0.024105164222419262
