times:
  edit-metadata: 1.839742885902524
  landing: 0.022870955988764763
  view-data: 0.027506595477461815
