times:
  edit-metadata: 2.019704280421138
  landing: 0.32968283630907536
  view-data: 0.5388840567320585
