times:
  edit-metadata: 2.0185345765203238
  landing: 0.14465401135385036
  view-data: 0.433366684243083
