times:
  edit-metadata: 0.8440600549802184
  landing: 0.07560316286981106
  view-data: 0.23493320494890213
