times:
  edit-metadata: 1.8061112202703953
  landing: 0.12480427511036396
  view-data: 0.2831301111727953
