times:
  edit-metadata: 1.7400277070701122
  landing: 0.01876288838684559
  view-data: 0.3088143318891525
