times:
  edit-metadata: 0.8884952329099178
  landing: 0.04234313499182463
  view-data: 0.23198639322072268
