times:
  edit-metadata: 0.8292177026160061
  landing: 0.039121017791330814
  view-data: 0.23618509201332927
