times:
  edit-metadata: 1.8028961420059204
  landing: 0.0202673077583313
  view-data: 0.026850201189517975
