times:
  edit-metadata: 0.8277587778866291
  landing: 0.07425851980224252
  view-data: 0.2231319141574204
