times:
  edit-metadata: 2.181433307006955
  landing: 0.18738650437444448
  view-data: 0.32256168592721224
