times:
  edit-metadata: 1.7625410798937082
  landing: 0.021776624023914337
  view-data: 0.02365754544734955
