times:
  edit-metadata: 1.7572419121861458
  landing: 0.02006329596042633
  view-data: 0.023430904373526573
