times:
  edit-metadata: 1.8477750550955534
  landing: 0.1447650520130992
  view-data: 0.024416706524789333
