times:
  edit-metadata: 1.792000314220786
  landing: 0.018668130040168762
  view-data: 0.026331599801778793
