times:
  edit-metadata: 1.7856320701539516
  landing: 0.022191548720002174
  view-data: 0.02532702498137951
