times:
  edit-metadata: 1.009421216789633
  landing: 0.09362634597346187
  view-data: 0.22695586178451777
