times:
  edit-metadata: 1.8563409447669983
  landing: 0.20332248508930206
  view-data: 0.026700593531131744
