times:
  edit-metadata: 1.858165506273508
  landing: 0.019577721133828163
  view-data: 0.1442270316183567
