times:
  edit-metadata: 0.8726018988527358
  landing: 0.06423884024843574
  view-data: 0.22422232804819942
