times:
  edit-metadata: 1.7879602182656527
  landing: 0.02305976301431656
  view-data: 0.03118005581200123
