times:
  edit-metadata: 2.069718106649816
  landing: 0.23825419880449772
  view-data: 0.1789006618782878
