times:
  edit-metadata: 1.9681075755506754
  landing: 0.2026737593114376
  view-data: 0.1246535237878561
