times:
  edit-metadata: 2.0452060978859663
  landing: 0.20401305332779884
  view-data: 0.12448650039732456
