times:
  edit-metadata: 1.924667578190565
  landing: 0.2910560853779316
  view-data: 0.3348933421075344
