times:
  edit-metadata: 1.848430149257183
  landing: 0.021358469501137733
  view-data: 0.13608747720718384
