times:
  edit-metadata: 0.8536185077391565
  landing: 0.05941590527072549
  view-data: 0.22740302281454206
