times:
  edit-metadata: 2.251328207552433
  landing: 0.05398428812623024
  view-data: 0.44057780504226685
