times:
  edit-metadata: 2.3000985495746136
  landing: 0.16108865290880203
  view-data: 0.028867192566394806
