times:
  edit-metadata: 2.145871939137578
  landing: 0.24132383801043034
  view-data: 0.1740147713571787
