times:
  edit-metadata: 1.770831285044551
  landing: 0.021946953609585762
  view-data: 0.298466719686985
