times:
  edit-metadata: 1.8591175246983767
  landing: 0.02182736061513424
  view-data: 0.3500546682626009
