times:
  edit-metadata: 1.99142162874341
  landing: 0.019277997314929962
  view-data: 0.42199364118278027
