times:
  edit-metadata: 2.58912792801857
  landing: 0.27653077989816666
  view-data: 0.44143202900886536
