times:
  edit-metadata: 1.7805816996842623
  landing: 0.2030930258333683
  view-data: 0.02439798414707184
