times:
  edit-metadata: 1.8292445093393326
  landing: 0.2598996330052614
  view-data: 0.0692514069378376
