times:
  edit-metadata: 2.2080113291740417
  landing: 0.14912510849535465
  view-data: 0.44985726848244667
