times:
  edit-metadata: 2.013179996982217
  landing: 0.26563743874430656
  view-data: 0.02475891076028347
