times:
  edit-metadata: 2.3940368443727493
  landing: 0.019911516457796097
  view-data: 0.14528992399573326
