times:
  edit-metadata: 1.802123088389635
  landing: 0.11867832764983177
  view-data: 0.025200456380844116
