times:
  edit-metadata: 1.9163832981139421
  landing: 0.018794341012835503
  view-data: 0.14876412600278854
