times:
  edit-metadata: 1.8896461259573698
  landing: 0.02043256163597107
  view-data: 0.12254060804843903
