times:
  edit-metadata: 1.7698442712426186
  landing: 0.01912037655711174
  view-data: 0.023271361365914345
