times:
  edit-metadata: 1.7283353880047798
  landing: 0.021821429021656513
  view-data: 0.11998785100877285
