times:
  edit-metadata: 1.7965873703360558
  landing: 0.1274844277650118
  view-data: 0.026859048753976822
