times:
  edit-metadata: 1.7784273717552423
  landing: 0.1956187356263399
  view-data: 0.27446743473410606
