times:
  edit-metadata: 0.8991805110126734
  landing: 0.054594548884779215
  view-data: 0.23817043285816908
