times:
  edit-metadata: 1.994650823995471
  landing: 0.2566456329077482
  view-data: 0.13825171068310738
