times:
  edit-metadata: 1.6982425525784492
  landing: 0.16091795731335878
  view-data: 0.22952876705676317
