times:
  edit-metadata: 1.8933340571820736
  landing: 0.022720832377672195
  view-data: 0.026556717231869698
