times:
  edit-metadata: 2.6690802443772554
  landing: 0.5342472717165947
  view-data: 0.23507230542600155
