times:
  edit-metadata: 1.0213037678040564
  landing: 0.12929053837433457
  view-data: 0.22374187968671322
