times:
  edit-metadata: 1.920779200270772
  landing: 0.02318883314728737
  view-data: 0.23987070098519325
