times:
  edit-metadata: 1.792833399027586
  landing: 0.01855827495455742
  view-data: 0.023490751162171364
