times:
  edit-metadata: 1.7384380400180817
  landing: 0.020364126190543175
  view-data: 0.40721489395946264
