times:
  edit-metadata: 1.919402988627553
  landing: 0.2538177650421858
  view-data: 0.16943115182220936
