times:
  edit-metadata: 2.130391824990511
  landing: 0.19206643663346767
  view-data: 0.3605035524815321
