times:
  edit-metadata: 2.140845211222768
  landing: 0.17213384434580803
  view-data: 0.3575075399130583
