times:
  edit-metadata: 1.0027581588365138
  landing: 0.0599982482381165
  view-data: 0.22857767576351762
