times:
  edit-metadata: 1.9291291236877441
  landing: 0.24014554359018803
  view-data: 0.02763027884066105
