times:
  edit-metadata: 0.8186786430887878
  landing: 0.04611452901735902
  view-data: 0.22111249202862382
