times:
  edit-metadata: 2.1080986987799406
  landing: 0.225269490852952
  view-data: 0.3577236160635948
