times:
  edit-metadata: 1.8858527354896069
  landing: 0.12919316440820694
  view-data: 0.12979738973081112
