times:
  edit-metadata: 0.8700830931775272
  landing: 0.13415695587173104
  view-data: 0.3077682969160378
