times:
  edit-metadata: 1.8543958701193333
  landing: 0.01952541060745716
  view-data: 0.0304826982319355
