times:
  edit-metadata: 1.8487929794937372
  landing: 0.02045305445790291
  view-data: 0.025666674599051476
