times:
  edit-metadata: 1.8342982279136777
  landing: 0.14713114872574806
  view-data: 0.4585533421486616
