times:
  edit-metadata: 1.9647554885596037
  landing: 0.022836754098534584
  view-data: 0.028320172801613808
