times:
  edit-metadata: 1.920979119837284
  landing: 0.29430804774165154
  view-data: 0.16164610162377357
