times:
  edit-metadata: 1.074942979030311
  landing: 0.11304068798199296
  view-data: 0.3133488614112139
