times:
  edit-metadata: 1.9769009947776794
  landing: 0.20770073123276234
  view-data: 0.2540897708386183
