times:
  edit-metadata: 0.9199373163282871
  landing: 0.10157708777114749
  view-data: 0.2431445070542395
