times:
  edit-metadata: 1.766755074262619
  landing: 0.020823443308472633
  view-data: 0.0270613431930542
