times:
  edit-metadata: 2.1121416855603456
  landing: 0.23890017345547676
  view-data: 0.3176895510405302
