times:
  edit-metadata: 0.8834229130297899
  landing: 0.11004005465656519
  view-data: 0.22419995302334428
