times:
  edit-metadata: 1.8302843123674393
  landing: 0.11911265552043915
  view-data: 0.0230079498142004
