times:
  edit-metadata: 0.8772032661363482
  landing: 0.19097231281921268
  view-data: 0.23206952633336186
