times:
  edit-metadata: 1.069496134761721
  landing: 0.06886984314769506
  view-data: 0.23635180480778217
