times:
  edit-metadata: 0.8081109668128192
  landing: 0.06967165460810065
  view-data: 0.23436442762613297
