times:
  edit-metadata: 0.9748046160675585
  landing: 0.07215241296216846
  view-data: 0.34010396897792816
