times:
  edit-metadata: 1.756746313534677
  landing: 0.2051225109025836
  view-data: 0.024396992288529873
