times:
  edit-metadata: 1.8607111293822527
  landing: 0.23512748070061207
  view-data: 0.025590166449546814
