times:
  edit-metadata: 1.9169480130076408
  landing: 0.02355007268488407
  view-data: 0.30401821434497833
