times:
  edit-metadata: 1.8391603380441666
  landing: 0.14194256998598576
  view-data: 0.12555495649576187
