times:
  edit-metadata: 1.82696464471519
  landing: 0.22592989914119244
  view-data: 0.36381074972450733
