times:
  edit-metadata: 0.8255716352723539
  landing: 0.04445382207632065
  view-data: 0.22191323013976216
