times:
  edit-metadata: 1.752483731135726
  landing: 0.02127041108906269
  view-data: 0.10016590170562267
