times:
  edit-metadata: 1.9044215455651283
  landing: 0.01873704604804516
  view-data: 0.35553655959665775
