times:
  edit-metadata: 1.7442252775654197
  landing: 0.018594980239868164
  view-data: 0.4736266629770398
