times:
  edit-metadata: 1.7947415076196194
  landing: 0.0201292522251606
  view-data: 0.0281829833984375
