times:
  edit-metadata: 1.8053126763552427
  landing: 0.20811500865966082
  view-data: 0.43693868536502123
