times:
  edit-metadata: 1.6941511873155832
  landing: 0.02238298486918211
  view-data: 0.23797446303069592
