times:
  edit-metadata: 1.8752711061388254
  landing: 0.16534635797142982
  view-data: 0.1257212022319436
