times:
  edit-metadata: 1.722097611054778
  landing: 0.021638914942741394
  view-data: 0.2356303334236145
