times:
  edit-metadata: 1.9359720200300217
  landing: 0.10442551411688328
  view-data: 0.02382235787808895
