times:
  edit-metadata: 2.624912539497018
  landing: 0.12878034077584743
  view-data: 0.5582346487790346
