times:
  edit-metadata: 1.8131086714565754
  landing: 0.1208773571997881
  view-data: 0.02581503614783287
