times:
  edit-metadata: 1.993300462141633
  landing: 0.19522292166948318
  view-data: 0.44382585398852825
