times:
  edit-metadata: 2.428748609498143
  landing: 0.26023649610579014
  view-data: 0.3670430164784193
