times:
  edit-metadata: 2.126132620498538
  landing: 0.16098812595009804
  view-data: 0.39917963184416294
