times:
  edit-metadata: 1.8149446826428175
  landing: 0.01885850355029106
  view-data: 0.023587308824062347
