times:
  edit-metadata: 1.837731383740902
  landing: 0.20191566832363605
  view-data: 0.24358049780130386
