times:
  edit-metadata: 1.8939471244812012
  landing: 0.019330034032464027
  view-data: 0.027790971100330353
