times:
  edit-metadata: 1.887088457122445
  landing: 0.2328573353588581
  view-data: 0.2863499354571104
