times:
  edit-metadata: 1.8904127664864063
  landing: 0.16602473333477974
  view-data: 0.3410876952111721
