times:
  edit-metadata: 1.7407704899087548
  landing: 0.020993159152567387
  view-data: 0.48029741644859314
