times:
  edit-metadata: 2.655481917783618
  landing: 0.05253341607749462
  view-data: 0.5328262224793434
