times:
  edit-metadata: 2.091447625309229
  landing: 0.2892731335014105
  view-data: 0.1510025281459093
