times:
  edit-metadata: 1.7337047504261136
  landing: 0.18393388018012047
  view-data: 0.026986255310475826
