times:
  edit-metadata: 1.1622588699683547
  landing: 0.07885596575215459
  view-data: 0.23203229438513517
