times:
  edit-metadata: 1.8147947434335947
  landing: 0.021061118692159653
  view-data: 0.024801431223750114
