times:
  edit-metadata: 2.3265980016440153
  landing: 0.20484657399356365
  view-data: 0.03782878816127777
