times:
  edit-metadata: 1.7918426040560007
  landing: 0.1920391134917736
  view-data: 0.027077801525592804
