times:
  edit-metadata: 0.8366112299263477
  landing: 0.04868661891669035
  view-data: 0.23312880005687475
