times:
  edit-metadata: 1.7141756694763899
  landing: 0.020519466139376163
  view-data: 0.4710440533235669
