times:
  edit-metadata: 2.774561418220401
  landing: 0.17206740006804466
  view-data: 0.4392088633030653
