times:
  edit-metadata: 1.756191311404109
  landing: 0.022509443573653698
  view-data: 0.4156593605875969
