times:
  edit-metadata: 2.035098008811474
  landing: 0.28861039504408836
  view-data: 0.1478228848427534
