times:
  edit-metadata: 1.8577293027192354
  landing: 0.12964145839214325
  view-data: 0.02243965119123459
