times:
  edit-metadata: 1.7167741153389215
  landing: 0.02386749628931284
  view-data: 0.026375873014330864
