times:
  edit-metadata: 1.8996113445609808
  landing: 0.1404134687036276
  view-data: 0.3126210421323776
