times:
  edit-metadata: 2.0836886670440435
  landing: 0.36998202465474606
  view-data: 0.4235455673187971
