times:
  edit-metadata: 2.3991763908416033
  landing: 0.018190662376582623
  view-data: 0.556081417016685
