times:
  edit-metadata: 1.773335736244917
  landing: 0.17792625911533833
  view-data: 0.026957347989082336
