times:
  edit-metadata: 1.8363472241908312
  landing: 0.021345142275094986
  view-data: 0.0260497834533453
