times:
  edit-metadata: 0.9282580623403192
  landing: 0.06475458014756441
  view-data: 0.23680856078863144
