times:
  edit-metadata: 1.7036098930984735
  landing: 0.020773430354893208
  view-data: 0.02434326335787773
