times:
  edit-metadata: 1.9564129114151
  landing: 0.1506791114807129
  view-data: 0.13922773860394955
