times:
  edit-metadata: 2.2404276337474585
  landing: 0.2202006485313177
  view-data: 0.456290977075696
