times:
  edit-metadata: 1.857039013877511
  landing: 0.021858446300029755
  view-data: 0.024423222988843918
