times:
  edit-metadata: 1.941812127828598
  landing: 0.020116135478019714
  view-data: 0.4229415822774172
