times:
  edit-metadata: 1.8977918345481157
  landing: 0.019448406994342804
  view-data: 0.17583796195685863
