times:
  edit-metadata: 1.892552874982357
  landing: 0.021294336766004562
  view-data: 0.36873353086411953
