times:
  edit-metadata: 1.8204237297177315
  landing: 0.2084961198270321
  view-data: 0.026042239740490913
