times:
  edit-metadata: 2.250992028042674
  landing: 0.2565626911818981
  view-data: 0.43460043147206306
