times:
  edit-metadata: 1.7643289444968104
  landing: 0.0200285529717803
  view-data: 0.09907132666558027
