times:
  edit-metadata: 2.6473389994353056
  landing: 0.051095010712742805
  view-data: 0.024287084117531776
