times:
  edit-metadata: 1.852992401458323
  landing: 0.02313359174877405
  view-data: 0.024872603826224804
