times:
  edit-metadata: 2.0063246078789234
  landing: 0.01928766444325447
  view-data: 0.12134164944291115
