times:
  edit-metadata: 1.8631943129003048
  landing: 0.02274487167596817
  view-data: 0.12754257395863533
