times:
  edit-metadata: 1.803058324381709
  landing: 0.01931186020374298
  view-data: 0.026248250156641006
