times:
  edit-metadata: 1.7480371231213212
  landing: 0.020433640107512474
  view-data: 0.0273417504504323
