times:
  edit-metadata: 1.7249200753867626
  landing: 0.020145390182733536
  view-data: 0.02819760888814926
