times:
  edit-metadata: 1.6759607773274183
  landing: 0.3179926173761487
  view-data: 0.41887032333761454
