times:
  edit-metadata: 0.9219361590221524
  landing: 0.07722189510241151
  view-data: 0.30652760388329625
