times:
  edit-metadata: 2.332610273733735
  landing: 0.13202296942472458
  view-data: 0.12702896259725094
