times:
  edit-metadata: 1.827224001288414
  landing: 0.14423226565122604
  view-data: 0.02515699341893196
