times:
  edit-metadata: 1.6679501961916685
  landing: 0.20539335254579782
  view-data: 0.11791546642780304
