times:
  edit-metadata: 1.7499631140381098
  landing: 0.022175492718815804
  view-data: 0.02747219055891037
