times:
  edit-metadata: 1.193772732745856
  landing: 0.12779280124232173
  view-data: 0.23894798988476396
