times:
  edit-metadata: 1.8208165634423494
  landing: 0.22034587524831295
  view-data: 0.023302659392356873
