times:
  edit-metadata: 1.7724502682685852
  landing: 0.19093785621225834
  view-data: 0.1033074650913477
