times:
  edit-metadata: 1.1532696527428925
  landing: 0.056591262109577656
  view-data: 0.2281622071750462
