times:
  edit-metadata: 0.9263579910621047
  landing: 0.05661644507199526
  view-data: 0.23706623492762446
