times:
  edit-metadata: 2.162560924887657
  landing: 0.20972966961562634
  view-data: 0.026435503736138344
