times:
  edit-metadata: 1.8472149949520826
  landing: 0.019133299589157104
  view-data: 0.02346767485141754
