times:
  edit-metadata: 2.088595114648342
  landing: 0.02107783406972885
  view-data: 0.3142629452049732
