times:
  edit-metadata: 2.067270604893565
  landing: 0.24094083718955517
  view-data: 0.16820063069462776
