times:
  edit-metadata: 1.7843961361795664
  landing: 0.02105649933218956
  view-data: 0.02847221866250038
