times:
  edit-metadata: 1.8375055771321058
  landing: 0.021475818008184433
  view-data: 0.024088125675916672
