times:
  edit-metadata: 1.1349827479571104
  landing: 0.08938000397756696
  view-data: 0.33731579780578613
