times:
  edit-metadata: 1.7248775530606508
  landing: 0.01916962768882513
  view-data: 0.10626219678670168
