times:
  edit-metadata: 1.805727468803525
  landing: 0.19017963856458664
  view-data: 0.3362012319266796
