times:
  edit-metadata: 1.7975411992520094
  landing: 0.02049388363957405
  view-data: 0.02297096885740757
