times:
  edit-metadata: 2.039825526997447
  landing: 0.02223869599401951
  view-data: 0.02690882235765457
