times:
  edit-metadata: 1.8201953526586294
  landing: 0.12862500175833702
  view-data: 0.21415792405605316
