times:
  edit-metadata: 1.7015080079436302
  landing: 0.021350326016545296
  view-data: 0.46062326058745384
