times:
  edit-metadata: 1.8045607767999172
  landing: 0.1430744156241417
  view-data: 0.02450915426015854
