times:
  edit-metadata: 2.071185790002346
  landing: 0.022176409140229225
  view-data: 0.02647506818175316
