times:
  edit-metadata: 2.186652023345232
  landing: 0.1635080073028803
  view-data: 0.46817572042346
