times:
  edit-metadata: 1.7835925109684467
  landing: 0.12221010401844978
  view-data: 0.02636166661977768
