times:
  edit-metadata: 1.9541763179004192
  landing: 0.021311435848474503
  view-data: 0.38246419094502926
