times:
  edit-metadata: 1.8054013550281525
  landing: 0.14759909361600876
  view-data: 0.5095556816086173
