times:
  edit-metadata: 1.0279014357365668
  landing: 0.13442239491268992
  view-data: 0.4030604111030698
