times:
  edit-metadata: 1.7797676865011454
  landing: 0.2972646802663803
  view-data: 0.18246477656066418
