times:
  edit-metadata: 1.7695426009595394
  landing: 0.021481189876794815
  view-data: 0.3145566042512655
