times:
  edit-metadata: 1.8343583308160305
  landing: 0.019018154591321945
  view-data: 0.1366087980568409
