times:
  edit-metadata: 2.094845525920391
  landing: 0.022673148661851883
  view-data: 0.35295994207262993
