times:
  edit-metadata: 1.8998092655092478
  landing: 0.026004936546087265
  view-data: 0.026746047660708427
