times:
  edit-metadata: 2.323954926803708
  landing: 0.023284338414669037
  view-data: 0.35220371186733246
