times:
  edit-metadata: 1.7720053400844336
  landing: 0.02011575922369957
  view-data: 0.12568324245512486
