times:
  edit-metadata: 1.8033523047342896
  landing: 0.02004855778068304
  view-data: 0.22666569985449314
