times:
  edit-metadata: 1.8341066408902407
  landing: 0.021643521264195442
  view-data: 0.142629561945796
