times:
  edit-metadata: 0.9006506698206067
  landing: 0.0677706440910697
  view-data: 0.24191240780055523
