times:
  edit-metadata: 2.3309449069201946
  landing: 0.023110108450055122
  view-data: 0.17010591365396976
