times:
  edit-metadata: 1.8204075191169977
  landing: 0.19263777881860733
  view-data: 0.4311897046864033
