times:
  edit-metadata: 1.134543087799102
  landing: 0.0622347560711205
  view-data: 0.29295792104676366
