times:
  edit-metadata: 0.8548167627304792
  landing: 0.07118582166731358
  view-data: 0.2281817216426134
