times:
  edit-metadata: 1.8444426953792572
  landing: 0.01984914019703865
  view-data: 0.33169286884367466
