times:
  edit-metadata: 1.818585081025958
  landing: 0.19608413986861706
  view-data: 0.12165392749011517
