times:
  edit-metadata: 1.0133862849324942
  landing: 0.06026986101642251
  view-data: 0.2726316382177174
