times:
  edit-metadata: 1.8367080315947533
  landing: 0.023217974230647087
  view-data: 0.12853207252919674
