times:
  edit-metadata: 2.116066260263324
  landing: 0.13179408013820648
  view-data: 0.1651651132851839
