times:
  edit-metadata: 1.885367475450039
  landing: 0.19131388515233994
  view-data: 0.02767379954457283
