times:
  edit-metadata: 1.1695922343060374
  landing: 0.12480346905067563
  view-data: 0.39234704710543156
