times:
  edit-metadata: 1.7843508571386337
  landing: 0.24589507654309273
  view-data: 0.303460780531168
