times:
  edit-metadata: 2.376734199002385
  landing: 0.1649878676980734
  view-data: 0.26727257668972015
