times:
  edit-metadata: 1.8295854236930609
  landing: 0.1627935729920864
  view-data: 0.025717757642269135
