times:
  edit-metadata: 2.3909634239971638
  landing: 0.021513650193810463
  view-data: 0.4486492406576872
