times:
  edit-metadata: 1.7460118010640144
  landing: 0.018820722587406635
  view-data: 0.12351860478520393
