times:
  edit-metadata: 2.268174769356847
  landing: 0.02227098122239113
  view-data: 0.33902645856142044
