times:
  edit-metadata: 2.0335983484983444
  landing: 0.31668040342628956
  view-data: 0.3866930678486824
