times:
  edit-metadata: 1.8743094373494387
  landing: 0.2204285329207778
  view-data: 0.2354044420644641
