times:
  edit-metadata: 1.7239677850157022
  landing: 0.021580791100859642
  view-data: 0.02692602388560772
