times:
  edit-metadata: 1.79106773622334
  landing: 0.20746831875294447
  view-data: 0.13161443546414375
