times:
  edit-metadata: 1.7115810308605433
  landing: 0.13190031703561544
  view-data: 0.41110420040786266
