times:
  edit-metadata: 2.0463993158191442
  landing: 0.24435575678944588
  view-data: 0.023394640535116196
