times:
  edit-metadata: 1.8811305239796638
  landing: 0.022806767374277115
  view-data: 0.13097498007118702
