times:
  edit-metadata: 1.8598695304244757
  landing: 0.14918196573853493
  view-data: 0.15398737601935863
