times:
  edit-metadata: 1.7359741777181625
  landing: 0.02089780382812023
  view-data: 0.12558506801724434
