times:
  edit-metadata: 1.7857845108956099
  landing: 0.02216409333050251
  view-data: 0.14717623498290777
