times:
  edit-metadata: 1.0965694622136652
  landing: 0.045069627929478884
  view-data: 0.30105425184592605
