times:
  edit-metadata: 2.0456352289766073
  landing: 0.022213639691472054
  view-data: 0.31472221948206425
