times:
  edit-metadata: 1.1155640468932688
  landing: 0.12353845406323671
  view-data: 0.24496049107983708
