times:
  edit-metadata: 2.067091131582856
  landing: 0.2862538732588291
  view-data: 0.1338661126792431
