times:
  edit-metadata: 0.9204679210670292
  landing: 0.05307132983580232
  view-data: 0.2338847778737545
