times:
  edit-metadata: 1.726580549031496
  landing: 0.021049619652330875
  view-data: 0.02359696850180626
