times:
  edit-metadata: 1.9420614689588547
  landing: 0.025593047961592674
  view-data: 0.023836880922317505
