times:
  edit-metadata: 1.0139785818755627
  landing: 0.06852870108559728
  view-data: 0.31943923979997635
