times:
  edit-metadata: 1.774882418103516
  landing: 0.24155437387526035
  view-data: 0.43028186075389385
