times:
  edit-metadata: 1.8900866359472275
  landing: 0.16447116248309612
  view-data: 0.3641946017742157
