times:
  edit-metadata: 1.1693999036215246
  landing: 0.050082818139344454
  view-data: 0.23621532879769802
