times:
  edit-metadata: 1.7663195505738258
  landing: 0.14177896920591593
  view-data: 0.13834488205611706
