times:
  edit-metadata: 1.810449443757534
  landing: 0.021686384454369545
  view-data: 0.026648100465536118
