times:
  edit-metadata: 1.7556725833564997
  landing: 0.023565523326396942
  view-data: 0.24874654971063137
