times:
  edit-metadata: 1.9971849750727415
  landing: 0.328659288585186
  view-data: 0.2870077360421419
