times:
  edit-metadata: 2.015501495450735
  landing: 0.14944673515856266
  view-data: 0.03465014882385731
