times:
  edit-metadata: 0.9207352697849274
  landing: 0.03914975794032216
  view-data: 0.22895739926025271
