times:
  edit-metadata: 0.8940959959290922
  landing: 0.06909443018957973
  view-data: 0.2444770191796124
