times:
  edit-metadata: 1.752205304801464
  landing: 0.045304784551262856
  view-data: 0.028317274525761604
