times:
  edit-metadata: 1.7590074595063925
  landing: 0.022887960076332092
  view-data: 0.10439222306013107
