times:
  edit-metadata: 1.8457370456308126
  landing: 0.02157355472445488
  view-data: 0.02424570359289646
