times:
  edit-metadata: 1.7235124642029405
  landing: 0.12775465473532677
  view-data: 0.3063499554991722
