times:
  edit-metadata: 3.0670140516012907
  landing: 0.18497005105018616
  view-data: 0.6677678674459457
