times:
  edit-metadata: 1.7436279393732548
  landing: 0.020868107676506042
  view-data: 0.027092410251498222
