times:
  edit-metadata: 1.2420163759961724
  landing: 0.058499142061918974
  view-data: 0.3491778178140521
