times:
  edit-metadata: 2.0084811411798
  landing: 0.19331366382539272
  view-data: 0.4407624192535877
