times:
  edit-metadata: 1.7632260080426931
  landing: 0.019660886377096176
  view-data: 0.3480460289865732
