times:
  edit-metadata: 1.7606384716928005
  landing: 0.026036785915493965
  view-data: 0.024284115061163902
