times:
  edit-metadata: 1.064155322033912
  landing: 0.14651968283578753
  view-data: 0.32368549378588796
