times:
  edit-metadata: 1.8915807846933603
  landing: 0.11909923143684864
  view-data: 0.12505320832133293
