times:
  edit-metadata: 1.1178218629211187
  landing: 0.14569251285865903
  view-data: 0.32900907611474395
