times:
  edit-metadata: 1.7679353607818484
  landing: 0.019601956941187382
  view-data: 0.11655133869498968
