times:
  edit-metadata: 2.3254970647394657
  landing: 0.3124352674931288
  view-data: 0.3728136010468006
