times:
  edit-metadata: 1.8291169153526425
  landing: 0.021039871498942375
  view-data: 0.1364998258650303
