times:
  edit-metadata: 1.823897985741496
  landing: 0.13166502118110657
  view-data: 0.024931589141488075
