times:
  edit-metadata: 1.7187592992559075
  landing: 0.13696367479860783
  view-data: 0.023246079683303833
