times:
  edit-metadata: 1.2119713691063225
  landing: 0.14027530420571566
  view-data: 0.40731543814763427
