times:
  edit-metadata: 1.8420133423060179
  landing: 0.021102163940668106
  view-data: 0.12418761290609837
