times:
  edit-metadata: 0.8630427569150925
  landing: 0.07087440881878138
  view-data: 0.22441853629425168
