times:
  edit-metadata: 1.7481599440798163
  landing: 0.021483035758137703
  view-data: 0.40523608960211277
