times:
  edit-metadata: 1.882033359259367
  landing: 0.021512409672141075
  view-data: 0.02521330676972866
