times:
  edit-metadata: 2.172548357397318
  landing: 0.02134639583528042
  view-data: 0.0305823665112257
