times:
  edit-metadata: 1.7462005969136953
  landing: 0.02342389151453972
  view-data: 0.027394918724894524
