times:
  edit-metadata: 1.035799351055175
  landing: 0.06855893414467573
  view-data: 0.3137091384269297
