times:
  edit-metadata: 1.946256447583437
  landing: 0.13760020397603512
  view-data: 0.2565882597118616
