times:
  edit-metadata: 1.7857859898358583
  landing: 0.15220973268151283
  view-data: 0.02404159866273403
