times:
  edit-metadata: 0.9369457708671689
  landing: 0.07714745588600636
  view-data: 0.23517507361248136
