times:
  edit-metadata: 1.7978927996009588
  landing: 0.21548668667674065
  view-data: 0.02365492284297943
