times:
  edit-metadata: 1.7783172205090523
  landing: 0.02080586738884449
  view-data: 0.025468459352850914
