times:
  edit-metadata: 2.139078265056014
  landing: 0.19941983185708523
  view-data: 0.3789247963577509
