times:
  edit-metadata: 1.9369277488440275
  landing: 0.15335745550692081
  view-data: 0.027605263516306877
