times:
  edit-metadata: 1.8409052770584822
  landing: 0.02086452767252922
  view-data: 0.30683054588735104
