times:
  edit-metadata: 1.7342436462640762
  landing: 0.019296886399388313
  view-data: 0.12124392203986645
