times:
  edit-metadata: 1.8181308973580599
  landing: 0.024066045880317688
  view-data: 0.02422475256025791
