times:
  edit-metadata: 1.787430739030242
  landing: 0.019317256286740303
  view-data: 0.31211027689278126
