times:
  edit-metadata: 2.0601975824683905
  landing: 0.023908741772174835
  view-data: 0.39445126708596945
