times:
  edit-metadata: 1.8240224197506905
  landing: 0.019942166283726692
  view-data: 0.026646079495549202
