times:
  edit-metadata: 2.2273544929921627
  landing: 0.022064736112952232
  view-data: 0.027256861329078674
