times:
  edit-metadata: 1.7945029474794865
  landing: 0.02216363325715065
  view-data: 0.026327719911932945
