times:
  edit-metadata: 1.6978781707584858
  landing: 0.023206140846014023
  view-data: 0.09524072706699371
