times:
  edit-metadata: 1.7501936815679073
  landing: 0.01997535675764084
  view-data: 0.024992335587739944
