times:
  edit-metadata: 1.8645401503890753
  landing: 0.22495477460324764
  view-data: 0.31726745143532753
