times:
  edit-metadata: 1.7467816676944494
  landing: 0.12775161489844322
  view-data: 0.2951136399060488
