times:
  edit-metadata: 1.8026492334902287
  landing: 0.019407127052545547
  view-data: 0.1370528731495142
