times:
  edit-metadata: 1.8219043482095003
  landing: 0.1752284523099661
  view-data: 0.02281973883509636
