times:
  edit-metadata: 1.7869770508259535
  landing: 0.021654162555933
  view-data: 0.28509812243282795
