times:
  edit-metadata: 2.6490630134940147
  landing: 0.022547995671629906
  view-data: 0.2226060889661312
