times:
  edit-metadata: 1.778929190710187
  landing: 0.020494449883699417
  view-data: 0.026075709611177444
