times:
  edit-metadata: 1.9644349217414856
  landing: 0.38529609702527523
  view-data: 0.026972254738211632
