times:
  edit-metadata: 1.8382344031706452
  landing: 0.01850936282426119
  view-data: 0.21860415488481522
