times:
  edit-metadata: 1.7804576773196459
  landing: 0.1379415411502123
  view-data: 0.12801500223577023
