times:
  edit-metadata: 2.0031111277639866
  landing: 0.2311307042837143
  view-data: 0.20664756931364536
