times:
  edit-metadata: 2.1229440849274397
  landing: 0.2558478992432356
  view-data: 0.025888539850711823
