times:
  edit-metadata: 1.9720076471567154
  landing: 0.13040378503501415
  view-data: 0.32120412215590477
