times:
  edit-metadata: 1.820928880944848
  landing: 0.020467793568968773
  view-data: 0.31768698059022427
