times:
  edit-metadata: 1.8227280601859093
  landing: 0.02448198013007641
  view-data: 0.14696775376796722
