times:
  edit-metadata: 1.7583170123398304
  landing: 0.022827710956335068
  view-data: 0.024564549326896667
