times:
  edit-metadata: 1.984561014920473
  landing: 0.13579563982784748
  view-data: 0.3532308228313923
