times:
  edit-metadata: 2.1832216680049896
  landing: 0.019509922713041306
  view-data: 0.024867961183190346
