times:
  edit-metadata: 2.08407024666667
  landing: 0.22499092109501362
  view-data: 0.05683651939034462
