times:
  edit-metadata: 2.008209118619561
  landing: 0.2142485249787569
  view-data: 0.1494063213467598
