times:
  edit-metadata: 2.108399908989668
  landing: 0.2834671940654516
  view-data: 0.3794075157493353
