times:
  edit-metadata: 1.827317362651229
  landing: 0.021508028730750084
  view-data: 0.3232791591435671
