times:
  edit-metadata: 2.036487888544798
  landing: 0.12129355035722256
  view-data: 0.02598305232822895
