times:
  edit-metadata: 1.749778720550239
  landing: 0.21798540465533733
  view-data: 0.21223446913063526
