times:
  edit-metadata: 2.0879063392058015
  landing: 0.04972939100116491
  view-data: 0.02251272927969694
