times:
  edit-metadata: 1.1273059858940542
  landing: 0.061746851075440645
  view-data: 0.3207906377501786
