times:
  edit-metadata: 2.3454247154295444
  landing: 0.314499968662858
  view-data: 0.6244623959064484
