times:
  edit-metadata: 1.806797280907631
  landing: 0.14020248875021935
  view-data: 0.32064596377313137
