times:
  edit-metadata: 1.8866096558049321
  landing: 0.020658555440604687
  view-data: 0.058345114812254906
