times:
  edit-metadata: 1.8804545309394598
  landing: 0.019535953179001808
  view-data: 0.027532566338777542
