times:
  edit-metadata: 1.8414846174418926
  landing: 0.019444361329078674
  view-data: 0.023574626073241234
