times:
  edit-metadata: 2.2490795124322176
  landing: 0.02042989991605282
  view-data: 0.4087697509676218
