times:
  edit-metadata: 1.9860437400639057
  landing: 0.023417137563228607
  view-data: 0.17155938036739826
