times:
  edit-metadata: 2.0349388401955366
  landing: 0.0858326107263565
  view-data: 0.35560161620378494
