times:
  edit-metadata: 1.8035228084772825
  landing: 0.02227424643933773
  view-data: 0.1421695277094841
