times:
  edit-metadata: 2.635696280747652
  landing: 0.019947531633079052
  view-data: 0.45536354929208755
