times:
  edit-metadata: 1.8196240328252316
  landing: 0.20977790839970112
  view-data: 0.3116020802408457
