times:
  edit-metadata: 1.9681588355451822
  landing: 0.202967444434762
  view-data: 0.15783175081014633
