times:
  edit-metadata: 1.9385742768645287
  landing: 0.02195092663168907
  view-data: 0.02630230411887169
