times:
  edit-metadata: 0.8922885823994875
  landing: 0.14428213285282254
  view-data: 0.30537853203713894
