times:
  edit-metadata: 1.84381952136755
  landing: 0.24444806668907404
  view-data: 0.4595104595646262
