times:
  edit-metadata: 0.9304968528449535
  landing: 0.17277311300858855
  view-data: 0.3529110522940755
