times:
  edit-metadata: 2.0091399494558573
  landing: 0.2106078341603279
  view-data: 0.16873621381819248
