times:
  edit-metadata: 1.7280696239322424
  landing: 0.14375945646315813
  view-data: 0.023368893191218376
