times:
  edit-metadata: 0.6182842538692057
  landing: 0.10000006388872862
  view-data: 0.2898718877695501
