times:
  edit-metadata: 0.7553652939386666
  landing: 0.05334256635978818
  view-data: 0.2055466901510954
