times:
  edit-metadata: 0.6123704789206386
  landing: 0.050506265833973885
  view-data: 0.21527395769953728
