times:
  edit-metadata: 0.6073735570535064
  landing: 0.12046818668022752
  view-data: 0.30308683309704065
