times:
  edit-metadata: 0.7797908601351082
  landing: 0.12991797178983688
  view-data: 0.30033112596720457
