times:
  edit-metadata: 0.6135063488036394
  landing: 0.05116944620385766
  view-data: 0.2229810720309615
