times:
  edit-metadata: 0.7755357357673347
  landing: 0.08682328322902322
  view-data: 0.28351918002590537
