times:
  edit-metadata: 0.7622239999473095
  landing: 0.10619782516732812
  view-data: 0.2120823748409748
