times:
  edit-metadata: 0.7163921408355236
  landing: 0.06535985274240375
  view-data: 0.2147567537613213
