times:
  edit-metadata: 0.6398393530398607
  landing: 0.054113917984068394
  view-data: 0.21955621801316738
