times:
  edit-metadata: 0.6461654338054359
  landing: 0.05917378794401884
  view-data: 0.22107046004384756
