times:
  edit-metadata: 0.5602807868272066
  landing: 0.07401287881657481
  view-data: 0.21778436936438084
