times:
  edit-metadata: 0.7820933726616204
  landing: 0.05099746771156788
  view-data: 0.22405238589271903
