times:
  edit-metadata: 0.8852826929651201
  landing: 0.0646845968440175
  view-data: 0.295496947132051
