times:
  edit-metadata: 0.6073509398847818
  landing: 0.06754602305591106
  view-data: 0.2167858462780714
