times:
  edit-metadata: 0.683233886025846
  landing: 0.07759566092863679
  view-data: 0.21927634719759226
