times:
  edit-metadata: 0.5767378397285938
  landing: 0.07241132017225027
  view-data: 0.22527555795386434
