times:
  edit-metadata: 0.7318952791392803
  landing: 0.061395719181746244
  view-data: 0.29869259987026453
