times:
  edit-metadata: 0.7263413299806416
  landing: 0.10759793873876333
  view-data: 0.29960832139477134
