times:
  edit-metadata: 0.6176443421281874
  landing: 0.054795344825834036
  view-data: 0.2792853619903326
