times:
  edit-metadata: 0.6623050412163138
  landing: 0.06191305397078395
  view-data: 0.21005570702254772
