times:
  edit-metadata: 0.775190229061991
  landing: 0.07130457926541567
  view-data: 0.262791333720088
