times:
  edit-metadata: 0.5736833829432726
  landing: 0.07226543501019478
  view-data: 0.21438641799613833
