times:
  edit-metadata: 0.5801277160644531
  landing: 0.06642808206379414
  view-data: 0.21363939298316836
