times:
  edit-metadata: 1.8897865787148476
  landing: 0.020198747515678406
  view-data: 0.16944214701652527
