times:
  edit-metadata: 1.5870081931352615
  landing: 0.24599059857428074
  view-data: 0.02590976282954216
