times:
  edit-metadata: 2.745618203000049
  landing: 0.5521920539904386
  view-data: 0.3789714599988656
