times:
  edit-metadata: 1.6317786164581776
  landing: 0.21388399228453636
  view-data: 0.3751037921756506
