times:
  edit-metadata: 1.9142137598246336
  landing: 0.054620714858174324
  view-data: 0.1283182967454195
