times:
  edit-metadata: 0.5865211738273501
  landing: 0.14632178517058492
  view-data: 0.22600486129522324
