times:
  edit-metadata: 0.635875369887799
  landing: 0.05879939021542668
  view-data: 0.20935189723968506
