times:
  edit-metadata: 0.5639631375670433
  landing: 0.07088415697216988
  view-data: 0.21510173892602324
