times:
  edit-metadata: 0.4450841462239623
  landing: 0.047604599967598915
  view-data: 0.20508486963808537
