times:
  edit-metadata: 0.44970746990293264
  landing: 0.04678045306354761
  view-data: 0.21164283715188503
