times:
  edit-metadata: 0.4404823174700141
  landing: 0.04743203800171614
  view-data: 0.21952203754335642
