times:
  edit-metadata: 0.43972028512507677
  landing: 0.04072456434369087
  view-data: 0.33025255519896746
