times:
  edit-metadata: 1.5190843436866999
  landing: 0.28677224554121494
  view-data: 0.36445537582039833
