times:
  edit-metadata: 1.5607115365564823
  landing: 0.23490335419774055
  view-data: 0.1761136408895254
