times:
  edit-metadata: 1.6365973092615604
  landing: 0.13043532334268093
  view-data: 0.36760581843554974
