times:
  edit-metadata: 1.2111538229510188
  landing: 0.021272609010338783
  view-data: 0.44241490215063095
