times:
  edit-metadata: 1.3544751051813364
  landing: 0.20701459050178528
  view-data: 0.022493483498692513
