times:
  edit-metadata: 1.2628071010112762
  landing: 0.019706036895513535
  view-data: 0.02561594918370247
