times:
  edit-metadata: 1.2787576224654913
  landing: 0.02079581655561924
  view-data: 0.027655888348817825
