times:
  edit-metadata: 1.350927235558629
  landing: 0.021133720874786377
  view-data: 0.36670278012752533
