times:
  edit-metadata: 1.3317116852849722
  landing: 0.02183982916176319
  view-data: 0.3271142262965441
