times:
  edit-metadata: 1.518353883177042
  landing: 0.24172946251928806
  view-data: 0.026373907923698425
