times:
  edit-metadata: 1.7754353117197752
  landing: 0.2786343228071928
  view-data: 0.32881919108331203
