times:
  edit-metadata: 1.5288893226534128
  landing: 0.13613302633166313
  view-data: 0.23454649560153484
