times:
  edit-metadata: 1.3036084920167923
  landing: 0.2596052512526512
  view-data: 0.025456776842474937
