times:
  edit-metadata: 1.2936949227005243
  landing: 0.032120270654559135
  view-data: 0.14079902693629265
