times:
  edit-metadata: 1.3175834827125072
  landing: 0.18082435987889767
  view-data: 0.025812883861362934
