times:
  edit-metadata: 1.5380483996123075
  landing: 0.02822069264948368
  view-data: 0.17145946063101292
