times:
  edit-metadata: 1.434885898604989
  landing: 0.18822302855551243
  view-data: 0.29750073701143265
