times:
  edit-metadata: 1.2142687272280455
  landing: 0.22157566156238317
  view-data: 0.024356508627533913
