times:
  edit-metadata: 1.286418154835701
  landing: 0.01912389136850834
  view-data: 0.22976052574813366
