times:
  edit-metadata: 1.2355522643774748
  landing: 0.17916345316916704
  view-data: 0.42420741729438305
