times:
  edit-metadata: 1.445919007062912
  landing: 0.01829497702419758
  view-data: 0.0231762882322073
