times:
  edit-metadata: 1.4131816308945417
  landing: 0.24786431342363358
  view-data: 0.1525158453732729
