times:
  edit-metadata: 1.5751602835953236
  landing: 0.2756026368588209
  view-data: 0.15886827372014523
