times:
  edit-metadata: 1.323096465319395
  landing: 0.019266298040747643
  view-data: 0.32541511580348015
