times:
  edit-metadata: 1.3402278684079647
  landing: 0.1296897456049919
  view-data: 0.1267337203025818
