times:
  edit-metadata: 1.2698267614468932
  landing: 0.1657567648217082
  view-data: 0.026968552730977535
