times:
  edit-metadata: 1.590014822781086
  landing: 0.05597008764743805
  view-data: 0.352862861007452
