times:
  edit-metadata: 1.2045430578291416
  landing: 0.02303229086101055
  view-data: 0.11895946133881807
