times:
  edit-metadata: 1.4649819117039442
  landing: 0.02163063734769821
  view-data: 0.024932434782385826
