times:
  edit-metadata: 1.3075199574232101
  landing: 0.019382990896701813
  view-data: 0.3129780814051628
