times:
  edit-metadata: 1.259398952126503
  landing: 0.020904737524688244
  view-data: 0.23081586603075266
