times:
  edit-metadata: 1.5946651883423328
  landing: 0.31963676400482655
  view-data: 0.024540087208151817
