times:
  edit-metadata: 1.3383653350174427
  landing: 0.019645284861326218
  view-data: 0.023075947538018227
