times:
  edit-metadata: 1.8353662323206663
  landing: 0.032918043434619904
  view-data: 0.16410806588828564
