times:
  edit-metadata: 1.328401654958725
  landing: 0.019555553793907166
  view-data: 0.025811612606048584
