times:
  edit-metadata: 0.5334660252556205
  landing: 0.04419841803610325
  view-data: 0.2954736831597984
