times:
  edit-metadata: 1.2784546446055174
  landing: 0.11241628788411617
  view-data: 0.024297285825014114
