times:
  edit-metadata: 1.563712416216731
  landing: 0.019134823232889175
  view-data: 0.3297448866069317
