times:
  edit-metadata: 1.2545200642198324
  landing: 0.02208296861499548
  view-data: 0.49630236253142357
