times:
  edit-metadata: 1.7381555205211043
  landing: 0.16162133682519197
  view-data: 0.17568173073232174
