times:
  edit-metadata: 1.2949594780802727
  landing: 0.22049668058753014
  view-data: 0.024700753390789032
