times:
  edit-metadata: 1.2736954670399427
  landing: 0.13232539035379887
  view-data: 0.28345014713704586
