times:
  edit-metadata: 1.5586605202406645
  landing: 0.28297892585396767
  view-data: 0.4850946255028248
