times:
  edit-metadata: 1.2422658633440733
  landing: 0.02131740003824234
  view-data: 0.28436545096337795
