times:
  edit-metadata: 1.3709510397166014
  landing: 0.02201792411506176
  view-data: 0.0270369965583086
