times:
  edit-metadata: 1.4523722995072603
  landing: 0.019617939367890358
  view-data: 0.026292620226740837
