times:
  edit-metadata: 1.25793388299644
  landing: 0.13803897239267826
  view-data: 0.30907887034118176
