times:
  edit-metadata: 0.5253370925784111
  landing: 0.05277008470147848
  view-data: 0.20455289911478758
