times:
  edit-metadata: 0.539488198235631
  landing: 0.05931255919858813
  view-data: 0.21153191477060318
