times:
  edit-metadata: 1.3073346130549908
  landing: 0.022318212315440178
  view-data: 0.024412404745817184
