times:
  edit-metadata: 1.3663282413035631
  landing: 0.11892377212643623
  view-data: 0.33191274479031563
