times:
  edit-metadata: 0.4853671118617058
  landing: 0.07064163917675614
  view-data: 0.20915734535083175
