times:
  edit-metadata: 1.4407701082527637
  landing: 0.025069409981369972
  view-data: 0.44097617268562317
