times:
  edit-metadata: 1.2266276059672236
  landing: 0.020583913661539555
  view-data: 0.027034256607294083
