times:
  edit-metadata: 1.6723747551441193
  landing: 0.2785374727100134
  view-data: 0.37527195177972317
