times:
  edit-metadata: 1.346977386623621
  landing: 0.1214198749512434
  view-data: 0.13760431483387947
