times:
  edit-metadata: 1.4069984667003155
  landing: 0.21041343174874783
  view-data: 0.2531178118661046
