times:
  edit-metadata: 0.6392106940038502
  landing: 0.13250062009319663
  view-data: 0.22569125005975366
