times:
  edit-metadata: 1.231784876435995
  landing: 0.1961457021534443
  view-data: 0.45916990377008915
