times:
  edit-metadata: 1.2545005530118942
  landing: 0.13980796094983816
  view-data: 0.13581392541527748
