times:
  edit-metadata: 1.3661754848435521
  landing: 0.02262621372938156
  view-data: 0.446898628026247
