times:
  edit-metadata: 1.688215828500688
  landing: 0.040385376662015915
  view-data: 0.024309875443577766
