times:
  edit-metadata: 1.264844298362732
  landing: 0.1237045917659998
  view-data: 0.024059707298874855
