times:
  edit-metadata: 1.3688684925436974
  landing: 0.019433725625276566
  view-data: 0.027261821553111076
