times:
  edit-metadata: 0.5387029317207634
  landing: 0.06808572821319103
  view-data: 0.27947380207479
