times:
  edit-metadata: 0.7802330148406327
  landing: 0.06751319020986557
  view-data: 0.2830871371552348
