times:
  edit-metadata: 1.3011237299069762
  landing: 0.02034870907664299
  view-data: 0.02643468789756298
