times:
  edit-metadata: 0.4906769166700542
  landing: 0.05367764597758651
  view-data: 0.21219870308414102
