times:
  edit-metadata: 1.2623394168913364
  landing: 0.021912584081292152
  view-data: 0.026506707072257996
