times:
  edit-metadata: 1.662992449477315
  landing: 0.1998064797371626
  view-data: 0.18666793406009674
