times:
  edit-metadata: 1.3515119533985853
  landing: 0.02247101627290249
  view-data: 0.14597734436392784
