times:
  edit-metadata: 1.2259005848318338
  landing: 0.02096548769623041
  view-data: 0.47145923506468534
