times:
  edit-metadata: 1.3743699360638857
  landing: 0.021281767636537552
  view-data: 0.32879303209483624
