times:
  edit-metadata: 1.5917072407901287
  landing: 0.023586612194776535
  view-data: 0.32906850427389145
