times:
  edit-metadata: 1.369545180350542
  landing: 0.02847551926970482
  view-data: 0.0315034594386816
