times:
  edit-metadata: 1.3487802455201745
  landing: 0.019025493413209915
  view-data: 0.41945214197039604
