times:
  edit-metadata: 1.2029392551630735
  landing: 0.1282069869339466
  view-data: 0.22496908716857433
