times:
  edit-metadata: 0.46781584108248353
  landing: 0.0752765741199255
  view-data: 0.20167491771280766
