times:
  edit-metadata: 0.5296828928403556
  landing: 0.05468221893534064
  view-data: 0.20525739341974258
