times:
  edit-metadata: 1.335883054882288
  landing: 0.02016778476536274
  view-data: 0.05190080776810646
