times:
  edit-metadata: 1.3384024556726217
  landing: 0.020215483382344246
  view-data: 0.028018232434988022
