times:
  edit-metadata: 1.4097959036007524
  landing: 0.022269485518336296
  view-data: 0.12453595828264952
