times:
  edit-metadata: 1.3028363920748234
  landing: 0.019182337448000908
  view-data: 0.0275954008102417
