times:
  edit-metadata: 1.6630171835422516
  landing: 0.23166679590940475
  view-data: 0.4524022899568081
