times:
  edit-metadata: 0.6544717489741743
  landing: 0.061634751968085766
  view-data: 0.20976654021069407
