times:
  edit-metadata: 1.3034927807748318
  landing: 0.022250020876526833
  view-data: 0.025989681482315063
