times:
  edit-metadata: 1.262126810848713
  landing: 0.12032451201230288
  view-data: 0.02488367073237896
