times:
  edit-metadata: 1.495773883536458
  landing: 0.2079988680779934
  view-data: 0.1324324980378151
