times:
  edit-metadata: 1.3428522618487477
  landing: 0.21728793997317553
  view-data: 0.02583208680152893
