times:
  edit-metadata: 1.20527623873204
  landing: 0.021163377910852432
  view-data: 0.027005801908671856
