times:
  edit-metadata: 1.346491675823927
  landing: 0.020459581166505814
  view-data: 0.25647408328950405
