times:
  edit-metadata: 1.212269026786089
  landing: 0.01917723100632429
  view-data: 0.19893170706927776
