times:
  edit-metadata: 1.2747595123946667
  landing: 0.02001454122364521
  view-data: 0.023303667083382607
