times:
  edit-metadata: 1.309361407533288
  landing: 0.13765773549675941
  view-data: 0.02510770596563816
