times:
  edit-metadata: 1.2365023717284203
  landing: 0.020559427328407764
  view-data: 0.12150109838694334
