times:
  edit-metadata: 1.3253299482166767
  landing: 0.025802167132496834
  view-data: 0.025951238349080086
