times:
  edit-metadata: 1.4571774583309889
  landing: 0.021471159532666206
  view-data: 0.26569511741399765
