times:
  edit-metadata: 1.2872368451207876
  landing: 0.26542553398758173
  view-data: 0.13943027053028345
