times:
  edit-metadata: 1.4426820501685143
  landing: 0.25125133246183395
  view-data: 0.02490636333823204
