times:
  edit-metadata: 1.214528176933527
  landing: 0.019885742105543613
  view-data: 0.02404263336211443
