times:
  edit-metadata: 1.381299003958702
  landing: 0.022029884159564972
  view-data: 0.12853993847966194
