times:
  edit-metadata: 0.7602120721712708
  landing: 0.06227365927770734
  view-data: 0.2164712119847536
