times:
  edit-metadata: 1.3368248455226421
  landing: 0.22607549652457237
  view-data: 0.37158171460032463
