times:
  edit-metadata: 1.4315246138721704
  landing: 0.1376044563949108
  view-data: 0.3591675590723753
