times:
  edit-metadata: 1.3550379434600472
  landing: 0.024280278012156487
  view-data: 0.031071359291672707
