times:
  edit-metadata: 1.2452298970893025
  landing: 0.11599134746938944
  view-data: 0.026905734091997147
