times:
  edit-metadata: 1.2646228224039078
  landing: 0.18624916300177574
  view-data: 0.026840724050998688
