times:
  edit-metadata: 1.3708581048995256
  landing: 0.20565196312963963
  view-data: 0.30500575341284275
