times:
  edit-metadata: 1.3638554653152823
  landing: 0.13374832645058632
  view-data: 0.02409307286143303
