times:
  edit-metadata: 0.5060487957671285
  landing: 0.04673444991931319
  view-data: 0.20754877012223005
