times:
  edit-metadata: 1.3611123636364937
  landing: 0.020919984206557274
  view-data: 0.12991151213645935
