times:
  edit-metadata: 1.2770753484219313
  landing: 0.01939074508845806
  view-data: 0.025832587853074074
