times:
  edit-metadata: 1.3103896547108889
  landing: 0.023709217086434364
  view-data: 0.024459609761834145
