times:
  edit-metadata: 0.6058098743669689
  landing: 0.061021973844617605
  view-data: 0.30346230091527104
