times:
  edit-metadata: 1.3199934586882591
  landing: 0.018988048657774925
  view-data: 0.31050287745893
