times:
  edit-metadata: 1.3206683937460184
  landing: 0.022403797134757042
  view-data: 0.025848815217614174
