times:
  edit-metadata: 1.7068016435950994
  landing: 0.13927331194281578
  view-data: 0.2843958754092455
