times:
  edit-metadata: 0.5298431040719151
  landing: 0.0627628187648952
  view-data: 0.2897548070177436
