times:
  edit-metadata: 1.2415513657033443
  landing: 0.020070538856089115
  view-data: 0.10178023483604193
