times:
  edit-metadata: 1.2262127753347158
  landing: 0.022953147068619728
  view-data: 0.02641612756997347
