times:
  edit-metadata: 1.3816753253340721
  landing: 0.2632575687021017
  view-data: 0.028209608048200607
