times:
  edit-metadata: 1.3075711261481047
  landing: 0.020783720538020134
  view-data: 0.02337588742375374
