times:
  edit-metadata: 1.2398810926824808
  landing: 0.1355437934398651
  view-data: 0.02388993464410305
