times:
  edit-metadata: 2.2441783659160137
  landing: 0.3808809667825699
  view-data: 0.29895492270588875
