times:
  edit-metadata: 0.47277078684419394
  landing: 0.06950554810464382
  view-data: 0.20669846842065454
