times:
  edit-metadata: 0.658733269199729
  landing: 0.06118931621313095
  view-data: 0.22336271591484547
