times:
  edit-metadata: 1.5109160095453262
  landing: 0.021840443834662437
  view-data: 0.026814712211489677
