times:
  edit-metadata: 1.2871384788304567
  landing: 0.022103413939476013
  view-data: 0.025596268475055695
