times:
  edit-metadata: 1.2374447574838996
  landing: 0.29472607653588057
  view-data: 0.4741766192018986
