times:
  edit-metadata: 1.5804072171449661
  landing: 0.21393820643424988
  view-data: 0.05787224881350994
