times:
  edit-metadata: 1.261670559644699
  landing: 0.020666690543293953
  view-data: 0.026552170515060425
