times:
  edit-metadata: 1.746576840057969
  landing: 0.28125935047864914
  view-data: 0.15223930403590202
