times:
  edit-metadata: 1.2589073572307825
  landing: 0.02274937741458416
  view-data: 0.025491137988865376
