times:
  edit-metadata: 0.4663528888486326
  landing: 0.06800044141709805
  view-data: 0.2111930539831519
