times:
  edit-metadata: 1.3833684548735619
  landing: 0.02254566177725792
  view-data: 0.12326340563595295
