times:
  edit-metadata: 1.366964440792799
  landing: 0.019455261528491974
  view-data: 0.10310197435319424
