times:
  edit-metadata: 1.428259965032339
  landing: 0.18541360087692738
  view-data: 0.3320701401680708
