times:
  edit-metadata: 1.2888281233608723
  landing: 0.056042298674583435
  view-data: 0.026386089622974396
