times:
  edit-metadata: 1.3003496611490846
  landing: 0.019119802862405777
  view-data: 0.14053096529096365
