times:
  edit-metadata: 1.2097481256350875
  landing: 0.13962205406278372
  view-data: 0.12524347566068172
