times:
  edit-metadata: 1.2840782720595598
  landing: 0.12483611237257719
  view-data: 0.3321499368175864
