times:
  edit-metadata: 1.357662996277213
  landing: 0.020089250057935715
  view-data: 0.025481902062892914
