times:
  edit-metadata: 1.346425998955965
  landing: 0.024703828617930412
  view-data: 0.025729820132255554
