times:
  edit-metadata: 1.296580320224166
  landing: 0.020270828157663345
  view-data: 0.025118527933955193
