times:
  edit-metadata: 1.2612280659377575
  landing: 0.26144129782915115
  view-data: 0.0246873926371336
