times:
  edit-metadata: 1.2401404716074467
  landing: 0.023735607974231243
  view-data: 0.2172935912385583
