times:
  edit-metadata: 0.46830622758716345
  landing: 0.062175332102924585
  view-data: 0.2193896728567779
