times:
  edit-metadata: 1.4524383526295424
  landing: 0.02101842500269413
  view-data: 0.3045784365385771
