times:
  edit-metadata: 1.4554177522659302
  landing: 0.2550121247768402
  view-data: 0.35354144871234894
