times:
  edit-metadata: 1.6933930004015565
  landing: 0.3405323000624776
  view-data: 0.5415598480030894
