times:
  edit-metadata: 1.3378610275685787
  landing: 0.018610281869769096
  view-data: 0.13240043353289366
