times:
  edit-metadata: 1.360381217673421
  landing: 0.13267949130386114
  view-data: 0.1342009576037526
