times:
  edit-metadata: 0.7718283203430474
  landing: 0.09113758197054267
  view-data: 0.2950065708719194
