times:
  edit-metadata: 1.2125831888988614
  landing: 0.020241469144821167
  view-data: 0.09940904472023249
