times:
  edit-metadata: 1.3190813660621643
  landing: 0.12737001664936543
  view-data: 0.3192038591951132
