times:
  edit-metadata: 1.4812394138425589
  landing: 0.2429781388491392
  view-data: 0.4547471944242716
