times:
  edit-metadata: 0.7375051798298955
  landing: 0.07037276728078723
  view-data: 0.21653562225401402
