times:
  edit-metadata: 0.46740431571379304
  landing: 0.07143915817141533
  view-data: 0.22340542078018188
