times:
  edit-metadata: 1.2920428477227688
  landing: 0.12908326461911201
  view-data: 0.13490242511034012
