times:
  edit-metadata: 1.4730521235615015
  landing: 0.14476901292800903
  view-data: 0.3960558418184519
