times:
  edit-metadata: 1.2769511491060257
  landing: 0.2108007986098528
  view-data: 0.025151627138257027
