times:
  edit-metadata: 1.2462502969428897
  landing: 0.018696450628340244
  view-data: 0.4986412348225713
