times:
  edit-metadata: 1.2113386522978544
  landing: 0.11179899144917727
  view-data: 0.024746821261942387
