times:
  edit-metadata: 1.296718893572688
  landing: 0.019452178850769997
  view-data: 0.027467327192425728
