times:
  edit-metadata: 0.5494617838412523
  landing: 0.18336575292050838
  view-data: 0.2829057299531996
