times:
  edit-metadata: 1.3912924118340015
  landing: 0.018991682678461075
  view-data: 0.02384359762072563
