times:
  edit-metadata: 0.496801168192178
  landing: 0.04190528020262718
  view-data: 0.21447049593552947
