times:
  edit-metadata: 1.5111937709152699
  landing: 0.24594680964946747
  view-data: 0.38296943716704845
