times:
  edit-metadata: 0.4682383816689253
  landing: 0.07511218125000596
  view-data: 0.21240610582754016
