times:
  edit-metadata: 1.2586286831647158
  landing: 0.018922578543424606
  view-data: 0.1357246246188879
