times:
  edit-metadata: 1.2765324208885431
  landing: 0.020110221579670906
  view-data: 0.026258209720253944
