times:
  edit-metadata: 1.396455867215991
  landing: 0.024815792217850685
  view-data: 0.3354064803570509
