times:
  edit-metadata: 1.3931027250364423
  landing: 0.01856728084385395
  view-data: 0.02552498411387205
