times:
  edit-metadata: 1.300677489489317
  landing: 0.0221471656113863
  view-data: 0.023345137014985085
