times:
  edit-metadata: 1.7521924637258053
  landing: 0.024878382682800293
  view-data: 0.1696622669696808
