times:
  edit-metadata: 1.288143815472722
  landing: 0.13464899454265833
  view-data: 0.38435553200542927
