times:
  edit-metadata: 1.3573041912168264
  landing: 0.1175694465637207
  view-data: 0.27657075598835945
