times:
  edit-metadata: 0.7298633777536452
  landing: 0.055506834760308266
  view-data: 0.2125015021301806
