times:
  edit-metadata: 0.49157316889613867
  landing: 0.04374920483678579
  view-data: 0.21021385956555605
