times:
  edit-metadata: 1.7459906227886677
  landing: 0.02027525193989277
  view-data: 0.16251294873654842
