times:
  edit-metadata: 1.2650384660810232
  landing: 0.020158367231488228
  view-data: 0.12306959554553032
