times:
  edit-metadata: 1.486045541241765
  landing: 0.02499009110033512
  view-data: 0.051252659410238266
