times:
  edit-metadata: 1.330223586410284
  landing: 0.12185978330671787
  view-data: 0.2825850546360016
