times:
  edit-metadata: 1.6176633387804031
  landing: 0.018158666789531708
  view-data: 0.02263597585260868
