times:
  edit-metadata: 1.5073612574487925
  landing: 0.14767157472670078
  view-data: 0.12575515359640121
