times:
  edit-metadata: 1.3432989679276943
  landing: 0.13012857548892498
  view-data: 0.02621316723525524
