times:
  edit-metadata: 1.2455298993736506
  landing: 0.13630469515919685
  view-data: 0.024387762881815434
