times:
  edit-metadata: 1.3332278206944466
  landing: 0.1404722724109888
  view-data: 0.3001135606318712
