times:
  edit-metadata: 1.2629600055515766
  landing: 0.021238310262560844
  view-data: 0.028148584067821503
