times:
  edit-metadata: 1.7347592115402222
  landing: 0.24467183463275433
  view-data: 0.14388303458690643
