times:
  edit-metadata: 1.2913378095254302
  landing: 0.020163542591035366
  view-data: 0.44537463318556547
