times:
  edit-metadata: 1.2076320312917233
  landing: 0.017839813604950905
  view-data: 0.02553362399339676
