times:
  edit-metadata: 1.36350429803133
  landing: 0.01869790442287922
  view-data: 0.023105490021407604
