times:
  edit-metadata: 1.3431250266730785
  landing: 0.020384522154927254
  view-data: 0.29614204727113247
