times:
  edit-metadata: 1.4374646097421646
  landing: 0.14697601832449436
  view-data: 0.30815151147544384
