times:
  edit-metadata: 1.3396548591554165
  landing: 0.02100788615643978
  view-data: 0.027920477092266083
