times:
  edit-metadata: 0.47512767696753144
  landing: 0.04337785392999649
  view-data: 0.20519019290804863
