times:
  edit-metadata: 0.8135322658345103
  landing: 0.07422123290598392
  view-data: 0.20947251887992024
