times:
  edit-metadata: 1.375603511929512
  landing: 0.02245013602077961
  view-data: 0.12703194655478
