times:
  edit-metadata: 0.5849045147188008
  landing: 0.039840235374867916
  view-data: 0.20681464625522494
