times:
  edit-metadata: 1.490105763077736
  landing: 0.020475879311561584
  view-data: 0.0273952167481184
