times:
  edit-metadata: 1.3063205685466528
  landing: 0.02021978050470352
  view-data: 0.025298738852143288
