times:
  edit-metadata: 0.6558548090979457
  landing: 0.045926484279334545
  view-data: 0.20693482318893075
