times:
  edit-metadata: 1.4543348755687475
  landing: 0.021687088534235954
  view-data: 0.32007930614054203
