times:
  edit-metadata: 1.4082443695515394
  landing: 0.019742092117667198
  view-data: 0.05719834938645363
