times:
  edit-metadata: 1.545920504257083
  landing: 0.20608480367809534
  view-data: 0.4287671912461519
