times:
  edit-metadata: 0.6564722089096904
  landing: 0.07182072894647717
  view-data: 0.27974466793239117
