times:
  edit-metadata: 1.5490782000124454
  landing: 0.022310495376586914
  view-data: 0.030660031363368034
