times:
  edit-metadata: 1.515601735562086
  landing: 0.29190829768776894
  view-data: 0.03548972308635712
