times:
  edit-metadata: 1.3565620128065348
  landing: 0.021126961335539818
  view-data: 0.025651810690760612
