times:
  edit-metadata: 1.4469355549663305
  landing: 0.1724014561623335
  view-data: 0.02922121062874794
