times:
  edit-metadata: 1.4163705836981535
  landing: 0.18587464652955532
  view-data: 0.3065086267888546
