times:
  edit-metadata: 1.367576627060771
  landing: 0.020042836666107178
  view-data: 0.027236590161919594
