times:
  edit-metadata: 1.5333783999085426
  landing: 0.3577199447900057
  view-data: 0.4440880212932825
