times:
  edit-metadata: 1.357021284289658
  landing: 0.15348568744957447
  view-data: 0.31625973992049694
