times:
  edit-metadata: 1.3872817996889353
  landing: 0.12821146100759506
  view-data: 0.1375106256455183
