times:
  edit-metadata: 0.7107642637565732
  landing: 0.10172032099217176
  view-data: 0.290102472063154
