times:
  edit-metadata: 1.4213597048074007
  landing: 0.14891752321273088
  view-data: 0.1318353619426489
