times:
  edit-metadata: 1.76968680229038
  landing: 0.018853330984711647
  view-data: 0.14746892172843218
