times:
  edit-metadata: 0.5430014538578689
  landing: 0.06921537686139345
  view-data: 0.27803296223282814
