times:
  edit-metadata: 1.3535160589963198
  landing: 0.17235300410538912
  view-data: 0.12755978666245937
