times:
  edit-metadata: 1.3896246775984764
  landing: 0.01861472614109516
  view-data: 0.022198762744665146
