times:
  edit-metadata: 1.799215191975236
  landing: 0.1754197757691145
  view-data: 0.34619488567113876
