times:
  edit-metadata: 2.3808171909913654
  landing: 0.13020577700808644
  view-data: 0.4510038260050351
