times:
  edit-metadata: 1.8690843842923641
  landing: 0.17734336853027344
  view-data: 0.03169842064380646
