times:
  edit-metadata: 1.408296836540103
  landing: 0.13563868217170238
  view-data: 0.3319057207554579
