times:
  edit-metadata: 1.508991528302431
  landing: 0.11966494098305702
  view-data: 0.14142867550253868
