times:
  edit-metadata: 1.3835416743531823
  landing: 0.12140120379626751
  view-data: 0.12747533433139324
