times:
  edit-metadata: 1.414362357929349
  landing: 0.020603416487574577
  view-data: 0.32384437322616577
