times:
  edit-metadata: 0.6692131031304598
  landing: 0.13221625611186028
  view-data: 0.32103976095095277
