times:
  edit-metadata: 1.6566394157707691
  landing: 0.2677666302770376
  view-data: 0.1753183025866747
