times:
  edit-metadata: 1.7072465997189283
  landing: 0.2536376416683197
  view-data: 0.2464236244559288
