times:
  edit-metadata: 1.3863872643560171
  landing: 0.02221568301320076
  view-data: 0.02629888243973255
