times:
  edit-metadata: 1.4503891170024872
  landing: 0.024716250598430634
  view-data: 0.12574248015880585
