times:
  edit-metadata: 1.3821652829647064
  landing: 0.020237930119037628
  view-data: 0.02707860991358757
