times:
  edit-metadata: 1.6104766335338354
  landing: 0.1476320642977953
  view-data: 0.36729907616972923
