times:
  edit-metadata: 1.7482729330658913
  landing: 0.022034885361790657
  view-data: 0.45830507203936577
