times:
  edit-metadata: 1.367698660120368
  landing: 0.20811516232788563
  view-data: 0.024181164801120758
