times:
  edit-metadata: 1.3370827157050371
  landing: 0.019924141466617584
  view-data: 0.1265851967036724
