times:
  edit-metadata: 1.3799782134592533
  landing: 0.02030988223850727
  view-data: 0.026202324777841568
