times:
  edit-metadata: 1.3358187358826399
  landing: 0.022144457325339317
  view-data: 0.025899598374962807
