times:
  edit-metadata: 1.3770163170993328
  landing: 0.024292990565299988
  view-data: 0.12474903464317322
