times:
  edit-metadata: 1.5075697246938944
  landing: 0.0194491446018219
  view-data: 0.35826235823333263
