times:
  edit-metadata: 2.0368259120732546
  landing: 0.1303296685218811
  view-data: 0.41130900382995605
