times:
  edit-metadata: 1.8381311483681202
  landing: 0.16075889021158218
  view-data: 0.3707726541906595
