times:
  edit-metadata: 1.61730183288455
  landing: 0.023251574486494064
  view-data: 0.050796376541256905
