times:
  edit-metadata: 1.7705722525715828
  landing: 0.34062886983156204
  view-data: 0.21501958929002285
