times:
  edit-metadata: 1.3433719594031572
  landing: 0.020740775391459465
  view-data: 0.09999594651162624
