times:
  edit-metadata: 1.5238089859485626
  landing: 0.021473079919815063
  view-data: 0.3096127435564995
