times:
  edit-metadata: 1.3359495680779219
  landing: 0.01811845973134041
  view-data: 0.026075035333633423
