times:
  edit-metadata: 1.487802892923355
  landing: 0.20762969367206097
  view-data: 0.025838421657681465
