times:
  edit-metadata: 1.4380714148283005
  landing: 0.21375199407339096
  view-data: 0.16573421098291874
