times:
  edit-metadata: 1.608006302267313
  landing: 0.024320049211382866
  view-data: 0.4563560653477907
