times:
  edit-metadata: 1.367439417168498
  landing: 0.24057351052761078
  view-data: 0.023292599245905876
