times:
  edit-metadata: 1.9673268925398588
  landing: 0.3598047476261854
  view-data: 0.3271616920828819
