times:
  edit-metadata: 1.4542682198807597
  landing: 0.12582493014633656
  view-data: 0.139724962413311
