times:
  edit-metadata: 1.6095659360289574
  landing: 0.22179504483938217
  view-data: 0.33743187226355076
