times:
  edit-metadata: 0.5294777350500226
  landing: 0.04063802817836404
  view-data: 0.2794853001832962
