times:
  edit-metadata: 1.7365856599062681
  landing: 0.14259999990463257
  view-data: 0.34645081125199795
