times:
  edit-metadata: 1.36255706474185
  landing: 0.1695281807333231
  view-data: 0.4005801547318697
