times:
  edit-metadata: 0.4655328318476677
  landing: 0.07009218167513609
  view-data: 0.2050269958563149
