times:
  edit-metadata: 1.4420117866247892
  landing: 0.1368271317332983
  view-data: 0.346089668571949
