times:
  edit-metadata: 1.5442126635462046
  landing: 0.2713798116892576
  view-data: 0.3564985301345587
