times:
  edit-metadata: 1.4420997556298971
  landing: 0.022542232647538185
  view-data: 0.023600476793944836
