times:
  edit-metadata: 1.3842542748898268
  landing: 0.13963951356709003
  view-data: 0.02246258780360222
