times:
  edit-metadata: 1.3645355198532343
  landing: 0.02100776508450508
  view-data: 0.28890903294086456
