times:
  edit-metadata: 0.46319026639685035
  landing: 0.058700993191450834
  view-data: 0.21143975388258696
