times:
  edit-metadata: 1.398330643773079
  landing: 0.19642535783350468
  view-data: 0.024317586794495583
