times:
  edit-metadata: 1.7028382159769535
  landing: 0.25401136092841625
  view-data: 0.4028179030865431
