times:
  edit-metadata: 1.717823065817356
  landing: 0.04104592837393284
  view-data: 0.4677733760327101
