times:
  edit-metadata: 1.393243595957756
  landing: 0.18656725995242596
  view-data: 0.028833439573645592
