times:
  edit-metadata: 1.3574649561196566
  landing: 0.02146259695291519
  view-data: 0.025514163076877594
