times:
  edit-metadata: 1.3731427360326052
  landing: 0.023196738213300705
  view-data: 0.32830470986664295
