times:
  edit-metadata: 1.337519496679306
  landing: 0.020658699795603752
  view-data: 0.02543066069483757
