times:
  edit-metadata: 1.394470127299428
  landing: 0.018828053027391434
  view-data: 0.023018350824713707
