times:
  edit-metadata: 1.8166391048580408
  landing: 0.0574442557990551
  view-data: 0.05244893953204155
