times:
  edit-metadata: 1.4318990781903267
  landing: 0.29483188316226006
  view-data: 0.40004844032227993
