times:
  edit-metadata: 1.4418419692665339
  landing: 0.01954735442996025
  view-data: 0.1476618628948927
