times:
  edit-metadata: 1.4218440223485231
  landing: 0.024194303900003433
  view-data: 0.027307750657200813
