times:
  edit-metadata: 1.8342024181038141
  landing: 0.28706235624849796
  view-data: 0.14945074170827866
