times:
  edit-metadata: 1.4387537147849798
  landing: 0.021498415619134903
  view-data: 0.025921372696757317
