times:
  edit-metadata: 0.46129232831299305
  landing: 0.06786224385723472
  view-data: 0.21490877587348223
