times:
  edit-metadata: 1.358810568228364
  landing: 0.01915191300213337
  view-data: 0.14771113451570272
