times:
  edit-metadata: 1.3594518452882767
  landing: 0.14253299497067928
  view-data: 0.2207067096605897
