times:
  edit-metadata: 1.4539039433002472
  landing: 0.1625888142734766
  view-data: 0.15648005530238152
