times:
  edit-metadata: 1.370581615716219
  landing: 0.12163574807345867
  view-data: 0.025621669366955757
