times:
  edit-metadata: 1.3646866474300623
  landing: 0.020341835916042328
  view-data: 0.02464483119547367
