times:
  edit-metadata: 1.3415179662406445
  landing: 0.019836099818348885
  view-data: 0.02500193566083908
