times:
  edit-metadata: 1.360251696780324
  landing: 0.019127000123262405
  view-data: 0.025256367400288582
