times:
  edit-metadata: 1.2859638510271907
  landing: 0.12570648081600666
  view-data: 0.12349589820951223
