times:
  edit-metadata: 1.7305477280169725
  landing: 0.02427096851170063
  view-data: 0.05291670188307762
