times:
  edit-metadata: 1.52141223102808
  landing: 0.16664405725896358
  view-data: 0.26834296993911266
