times:
  edit-metadata: 0.4578392170369625
  landing: 0.07308038789778948
  view-data: 0.21442369930446148
