times:
  edit-metadata: 1.3418939486145973
  landing: 0.021517494693398476
  view-data: 0.3141601402312517
