times:
  edit-metadata: 1.4453027714043856
  landing: 0.021172577515244484
  view-data: 0.14199885167181492
