times:
  edit-metadata: 1.474469218403101
  landing: 0.2857166025787592
  view-data: 0.18997478671371937
