times:
  edit-metadata: 1.3423389345407486
  landing: 0.020221540704369545
  view-data: 0.02834482118487358
