times:
  edit-metadata: 1.3433850053697824
  landing: 0.022894831374287605
  view-data: 0.025675931945443153
