times:
  edit-metadata: 0.4739900529384613
  landing: 0.06209477921947837
  view-data: 0.1998244971036911
