times:
  edit-metadata: 1.3078508377075195
  landing: 0.01930859684944153
  view-data: 0.02307572402060032
