times:
  edit-metadata: 1.3497328590601683
  landing: 0.01985526829957962
  view-data: 0.10288502089679241
