times:
  edit-metadata: 1.5298184277489781
  landing: 0.017808159813284874
  view-data: 0.15556501410901546
