times:
  edit-metadata: 1.364180475473404
  landing: 0.2221212424337864
  view-data: 0.024307532235980034
