times:
  edit-metadata: 1.6371966945007443
  landing: 0.22991505730897188
  view-data: 0.1900318106636405
