times:
  edit-metadata: 1.6862055286765099
  landing: 0.1596086286008358
  view-data: 0.3846424426883459
