times:
  edit-metadata: 0.7126682521775365
  landing: 0.06551843788474798
  view-data: 0.19679851457476616
