times:
  edit-metadata: 1.4389634765684605
  landing: 0.12536889873445034
  view-data: 0.02762509137392044
