times:
  edit-metadata: 1.358345104381442
  landing: 0.21705263294279575
  view-data: 0.36972404085099697
