times:
  edit-metadata: 1.3621255476027727
  landing: 0.02149498090147972
  view-data: 0.32775820046663284
