times:
  edit-metadata: 0.5474610705859959
  landing: 0.16834139497950673
  view-data: 0.2069319630973041
