times:
  edit-metadata: 0.4609948950819671
  landing: 0.06842935923486948
  view-data: 0.211320994887501
