times:
  edit-metadata: 1.3483463730663061
  landing: 0.20171057619154453
  view-data: 0.023243770003318787
