times:
  edit-metadata: 1.3466804940253496
  landing: 0.022289661690592766
  view-data: 0.1476085353642702
