times:
  edit-metadata: 1.429095613770187
  landing: 0.15203632321208715
  view-data: 0.023117270320653915
