times:
  edit-metadata: 1.333872500807047
  landing: 0.017735596746206284
  view-data: 0.14171470142900944
