times:
  edit-metadata: 1.5508236847817898
  landing: 0.01985681615769863
  view-data: 0.288410771638155
