times:
  edit-metadata: 1.632402054965496
  landing: 0.2143622674047947
  view-data: 0.4814346246421337
