times:
  edit-metadata: 0.5475356797687709
  landing: 0.07452609809115529
  view-data: 0.28940034518018365
