times:
  edit-metadata: 1.3953875955194235
  landing: 0.018836600705981255
  view-data: 0.3392856437712908
