times:
  edit-metadata: 1.3461227733641863
  landing: 0.1498793140053749
  view-data: 0.30579401552677155
