times:
  edit-metadata: 1.917754651978612
  landing: 0.018047443591058254
  view-data: 0.4235839983448386
