times:
  edit-metadata: 0.4696607980877161
  landing: 0.12233810732141137
  view-data: 0.21342353615909815
