times:
  edit-metadata: 1.5587241165339947
  landing: 0.27788557671010494
  view-data: 0.32906110025942326
