times:
  edit-metadata: 1.4098345562815666
  landing: 0.020224470645189285
  view-data: 0.29368093982338905
