times:
  edit-metadata: 0.46051622182130814
  landing: 0.0703650452196598
  view-data: 0.20324021205306053
