times:
  edit-metadata: 1.7906641494482756
  landing: 0.1569127980619669
  view-data: 0.28174872882664204
