times:
  edit-metadata: 1.3820413369685411
  landing: 0.023960793390870094
  view-data: 0.12403847090899944
