times:
  edit-metadata: 1.766336303204298
  landing: 0.20015688054263592
  view-data: 0.4008459597826004
