times:
  edit-metadata: 1.7102166209369898
  landing: 0.2251932006329298
  view-data: 0.46866427175700665
