times:
  edit-metadata: 0.5123244049027562
  landing: 0.09714421164244413
  view-data: 0.29898974066600204
