times:
  edit-metadata: 1.4592251759022474
  landing: 0.13098008185625076
  view-data: 0.025251207873225212
