times:
  edit-metadata: 0.4608924398198724
  landing: 0.08139981981366873
  view-data: 0.20090569695457816
