times:
  edit-metadata: 1.3528088424354792
  landing: 0.02033696323633194
  view-data: 0.29997390508651733
