times:
  edit-metadata: 0.6297785472124815
  landing: 0.062174865044653416
  view-data: 0.19973528990522027
