times:
  edit-metadata: 2.0387596245855093
  landing: 0.20506697706878185
  view-data: 0.22230156883597374
