times:
  edit-metadata: 0.486808689776808
  landing: 0.04263137932866812
  view-data: 0.2137554050423205
