times:
  edit-metadata: 1.3674790263175964
  landing: 0.02261832356452942
  view-data: 0.02577045187354088
