times:
  edit-metadata: 1.2807620260864496
  landing: 0.019352944567799568
  view-data: 0.37223691307008266
