times:
  edit-metadata: 1.3382165972143412
  landing: 0.01878460869193077
  view-data: 0.02391844242811203
