times:
  edit-metadata: 1.386795837432146
  landing: 0.018636636435985565
  view-data: 0.023308826610445976
