times:
  edit-metadata: 0.5770241180434823
  landing: 0.08890217402949929
  view-data: 0.271602476015687
