times:
  edit-metadata: 0.4617189369164407
  landing: 0.06919143721461296
  view-data: 0.22011127602308989
