times:
  edit-metadata: 1.3612314593046904
  landing: 0.019835826009511948
  view-data: 0.02361874282360077
