times:
  edit-metadata: 1.336306031793356
  landing: 0.15407553780823946
  view-data: 0.4199008606374264
