times:
  edit-metadata: 1.5563133023679256
  landing: 0.0255277119576931
  view-data: 0.4946701992303133
