times:
  edit-metadata: 1.4671027101576328
  landing: 0.022345665842294693
  view-data: 0.02525705099105835
