times:
  edit-metadata: 1.3910425147041678
  landing: 0.13191073667258024
  view-data: 0.1190790394321084
