times:
  edit-metadata: 1.335614562034607
  landing: 0.020384807139635086
  view-data: 0.027599956840276718
