times:
  edit-metadata: 2.0099260341376066
  landing: 0.32960776053369045
  view-data: 0.3081797566264868
