times:
  edit-metadata: 1.4072686061263084
  landing: 0.2322923969477415
  view-data: 0.13932871632277966
