times:
  edit-metadata: 1.420266404747963
  landing: 0.227519272826612
  view-data: 0.21015494968742132
