times:
  edit-metadata: 1.4261600859463215
  landing: 0.020797155797481537
  view-data: 0.05334431678056717
