times:
  edit-metadata: 0.4516869089566171
  landing: 0.05823705205693841
  view-data: 0.22090215841308236
