times:
  edit-metadata: 0.4509965730831027
  landing: 0.0395982451736927
  view-data: 0.33016521390527487
