times:
  edit-metadata: 0.44141141325235367
  landing: 0.04701225087046623
  view-data: 0.3704280089586973
