times:
  edit-metadata: 0.4470564806833863
  landing: 0.05150639917701483
  view-data: 0.4924832512624562
