times:
  edit-metadata: 0.42841766122728586
  landing: 0.04709302866831422
  view-data: 0.33711525285616517
