times:
  edit-metadata: 0.4404661310836673
  landing: 0.051390753127634525
  view-data: 0.3289834698662162
