times:
  edit-metadata: 0.4573631249368191
  landing: 0.05260906834155321
  view-data: 0.33311509247869253
