times:
  edit-metadata: 0.4356683325022459
  landing: 0.04711136966943741
  view-data: 0.1987979356199503
