times:
  edit-metadata: 0.44797260500490665
  landing: 0.052629715763032436
  view-data: 0.2046549180522561
