times:
  edit-metadata: 0.4384992951527238
  landing: 0.051171929109841585
  view-data: 0.2068554311990738
