times:
  edit-metadata: 0.4374079890549183
  landing: 0.04806695273146033
  view-data: 0.2070322958752513
