times:
  edit-metadata: 1.9861354883760214
  landing: 0.22135727386921644
  view-data: 0.4857214540243149
