times:
  edit-metadata: 2.4379603546112776
  landing: 0.027543941512703896
  view-data: 0.24795274063944817
