times:
  edit-metadata: 2.1366020664572716
  landing: 0.21015378832817078
  view-data: 0.1366754099726677
