times:
  edit-metadata: 1.0830969722010195
  landing: 0.0654206769540906
  view-data: 0.23117262730374932
