times:
  edit-metadata: 2.029006250202656
  landing: 0.02434500679373741
  view-data: 0.0236645620316267
