times:
  edit-metadata: 2.111048048362136
  landing: 0.11678767576813698
  view-data: 0.12938178144395351
