times:
  edit-metadata: 1.9835719959810376
  landing: 0.20857132598757744
  view-data: 0.02302647288888693
