times:
  edit-metadata: 2.4179204907268286
  landing: 0.20533867739140987
  view-data: 0.025903016328811646
