times:
  edit-metadata: 2.123548299074173
  landing: 0.11740289255976677
  view-data: 0.025714948773384094
