times:
  edit-metadata: 2.027577856555581
  landing: 0.13136813789606094
  view-data: 0.02326170727610588
