times:
  edit-metadata: 2.0075759943574667
  landing: 0.0967644453048706
  view-data: 0.12029579281806946
