times:
  edit-metadata: 2.011258223094046
  landing: 0.1964485701173544
  view-data: 0.42180918995290995
