times:
  edit-metadata: 1.0728005049750209
  landing: 0.05476500699296594
  view-data: 0.23286870494484901
