times:
  edit-metadata: 1.251175060402602
  landing: 0.04494204604998231
  view-data: 0.24699836829677224
