times:
  edit-metadata: 2.653226410970092
  landing: 0.18325571157038212
  view-data: 0.024998215958476067
