times:
  edit-metadata: 2.2053606007248163
  landing: 0.1536697167903185
  view-data: 0.32409438863396645
