times:
  edit-metadata: 2.0613253097981215
  landing: 0.023202741518616676
  view-data: 0.13623940758407116
