times:
  edit-metadata: 1.9409393826499581
  landing: 0.02107622753828764
  view-data: 0.02731386385858059
