times:
  edit-metadata: 1.3115178202278912
  landing: 0.08167358115315437
  view-data: 0.2556361607275903
