times:
  edit-metadata: 2.460113039240241
  landing: 0.022963419556617737
  view-data: 0.34219956398010254
