times:
  edit-metadata: 2.0180509481579065
  landing: 0.019345998764038086
  view-data: 0.4023444214835763
