times:
  edit-metadata: 1.9077550945803523
  landing: 0.14015021733939648
  view-data: 0.4719219012185931
