times:
  edit-metadata: 1.9309306675568223
  landing: 0.1270630257204175
  view-data: 0.12073901575058699
