times:
  edit-metadata: 1.9950635358691216
  landing: 0.019074860960245132
  view-data: 0.024033572524785995
