times:
  edit-metadata: 1.3622572389431298
  landing: 0.05281076580286026
  view-data: 0.36627293610945344
