times:
  edit-metadata: 2.0794322285801172
  landing: 0.018362432718276978
  view-data: 0.13320907950401306
