times:
  edit-metadata: 2.046844683587551
  landing: 0.15319001115858555
  view-data: 0.31961478292942047
