times:
  edit-metadata: 1.3715466079302132
  landing: 0.20058519020676613
  view-data: 0.40098529076203704
