times:
  edit-metadata: 1.9002645974978805
  landing: 0.019649824127554893
  view-data: 0.027119603008031845
