times:
  edit-metadata: 3.0307416431605816
  landing: 0.18544835969805717
  view-data: 0.3094421848654747
