times:
  edit-metadata: 2.0941702499985695
  landing: 0.1373710185289383
  view-data: 0.02451796643435955
