times:
  edit-metadata: 2.6480568014085293
  landing: 0.18511825054883957
  view-data: 0.2717143688350916
