times:
  edit-metadata: 2.0143251679837704
  landing: 0.022361529991030693
  view-data: 0.027019081637263298
