times:
  edit-metadata: 1.265260417945683
  landing: 0.08790603233501315
  view-data: 0.36885063629597425
