times:
  edit-metadata: 1.850355964154005
  landing: 0.021733807399868965
  view-data: 0.02617483213543892
