times:
  edit-metadata: 1.319716357626021
  landing: 0.07913804892450571
  view-data: 0.24927940173074603
