times:
  edit-metadata: 1.9606246333569288
  landing: 0.23344161082059145
  view-data: 0.40299213770776987
