times:
  edit-metadata: 2.112339483574033
  landing: 0.21915731020271778
  view-data: 0.3018467556685209
