times:
  edit-metadata: 1.9934674706310034
  landing: 0.1285433191806078
  view-data: 0.11475707963109016
