times:
  edit-metadata: 2.1300734393298626
  landing: 0.01924896240234375
  view-data: 0.1520294975489378
