times:
  edit-metadata: 2.3680167384445667
  landing: 0.14540165849030018
  view-data: 0.38791196048259735
