times:
  edit-metadata: 2.0794087648391724
  landing: 0.019267763942480087
  view-data: 0.02329166978597641
