times:
  edit-metadata: 2.084857737645507
  landing: 0.02264227718114853
  view-data: 0.02700892463326454
