times:
  edit-metadata: 2.600322037935257
  landing: 0.3236290477216244
  view-data: 0.3905063793063164
