times:
  edit-metadata: 2.3429170977324247
  landing: 0.2731707487255335
  view-data: 0.2850536238402128
