times:
  edit-metadata: 2.4784834533929825
  landing: 0.17419694177806377
  view-data: 0.3896675519645214
