times:
  edit-metadata: 1.1245827842503786
  landing: 0.04796007368713617
  view-data: 0.2373467180877924
