times:
  edit-metadata: 2.038352858275175
  landing: 0.020727619528770447
  view-data: 0.026460032910108566
