times:
  edit-metadata: 2.122712153941393
  landing: 0.23241771757602692
  view-data: 0.14370880462229252
