times:
  edit-metadata: 2.0825382079929113
  landing: 0.02520762011408806
  view-data: 0.34613068774342537
