times:
  edit-metadata: 2.1690246798098087
  landing: 0.26294728368520737
  view-data: 0.024905642494559288
