times:
  edit-metadata: 2.0512808114290237
  landing: 0.02120050974190235
  view-data: 0.026829613372683525
