times:
  edit-metadata: 2.063118137419224
  landing: 0.02186933159828186
  view-data: 0.024459656327962875
