times:
  edit-metadata: 2.3709257431328297
  landing: 0.23098674602806568
  view-data: 0.1566352415829897
