times:
  edit-metadata: 1.5646724831312895
  landing: 0.09651251789182425
  view-data: 0.24010146595537663
