times:
  edit-metadata: 2.2172917928546667
  landing: 0.22940381988883018
  view-data: 0.2892272640019655
