times:
  edit-metadata: 1.1239027860574424
  landing: 0.06902107782661915
  view-data: 0.23811104521155357
