times:
  edit-metadata: 2.099203336983919
  landing: 0.13725882302969694
  view-data: 0.3981190714985132
