times:
  edit-metadata: 2.51578875631094
  landing: 0.02267339639365673
  view-data: 0.02426818758249283
