times:
  edit-metadata: 2.025441747158766
  landing: 0.17346772737801075
  view-data: 0.10159171186387539
