times:
  edit-metadata: 2.0413142777979374
  landing: 0.13452663086354733
  view-data: 0.022411249577999115
