times:
  edit-metadata: 1.9198337569832802
  landing: 0.01987737324088812
  view-data: 0.22349376045167446
