times:
  edit-metadata: 2.356780782341957
  landing: 0.22062908299267292
  view-data: 0.34303003922104836
