times:
  edit-metadata: 2.057048251852393
  landing: 0.14210832491517067
  view-data: 0.027836088091135025
