times:
  edit-metadata: 1.3035155683755875
  landing: 0.03978660795837641
  view-data: 0.23332104599103332
