times:
  edit-metadata: 2.1536669209599495
  landing: 0.020456045866012573
  view-data: 0.02537272684276104
