times:
  edit-metadata: 2.160655228421092
  landing: 0.12180398032069206
  view-data: 0.2771793510764837
