times:
  edit-metadata: 3.2720588762313128
  landing: 0.18919998966157436
  view-data: 0.5520571172237396
