times:
  edit-metadata: 2.0158839728683233
  landing: 0.01928061805665493
  view-data: 0.022488530725240707
