times:
  edit-metadata: 1.4302149289287627
  landing: 0.05106326099485159
  view-data: 0.35686309030279517
