times:
  edit-metadata: 2.7874350026249886
  landing: 0.23759961687028408
  view-data: 0.21274100150913
