times:
  edit-metadata: 1.3646094240248203
  landing: 0.14716306701302528
  view-data: 0.23734208522364497
