times:
  edit-metadata: 2.4781492315232754
  landing: 0.1469555338844657
  view-data: 0.024190391413867474
