times:
  edit-metadata: 1.9996397597715259
  landing: 0.12258760817348957
  view-data: 0.09952322207391262
