times:
  edit-metadata: 2.302235024049878
  landing: 0.024660801514983177
  view-data: 0.02588062733411789
