times:
  edit-metadata: 1.8667861074209213
  landing: 0.02314199972897768
  view-data: 0.11640225164592266
