times:
  edit-metadata: 1.9786921674385667
  landing: 0.01930658333003521
  view-data: 0.3799082273617387
