times:
  edit-metadata: 2.0884125493466854
  landing: 0.021122727543115616
  view-data: 0.3165965639054775
