times:
  edit-metadata: 2.35324889048934
  landing: 0.14327265322208405
  view-data: 0.2859024219214916
