times:
  edit-metadata: 1.998611593618989
  landing: 0.018682530149817467
  view-data: 0.05337931588292122
