times:
  edit-metadata: 2.0817924104630947
  landing: 0.02349758893251419
  view-data: 0.1536511555314064
