times:
  edit-metadata: 3.652167357504368
  landing: 0.23711564391851425
  view-data: 0.5053824950009584
