times:
  edit-metadata: 2.2716295197606087
  landing: 0.02365754172205925
  view-data: 0.1046566292643547
