times:
  edit-metadata: 2.1358191799372435
  landing: 0.02295304462313652
  view-data: 0.1294156163930893
