times:
  edit-metadata: 2.7077880073338747
  landing: 0.02103642374277115
  view-data: 0.029499584808945656
