times:
  edit-metadata: 2.3087721038609743
  landing: 0.019389096647500992
  view-data: 0.5600899271667004
