times:
  edit-metadata: 1.133467314299196
  landing: 0.08055594703182578
  view-data: 0.23602841282263398
