times:
  edit-metadata: 2.0877931341528893
  landing: 0.11954625509679317
  view-data: 0.02551668882369995
