times:
  edit-metadata: 2.069955799728632
  landing: 0.0196039080619812
  view-data: 0.31504570320248604
