times:
  edit-metadata: 2.0924831945449114
  landing: 0.019419489428400993
  view-data: 0.3252984695136547
