times:
  edit-metadata: 1.1619862290099263
  landing: 0.04790602112188935
  view-data: 0.2660072180442512
