times:
  edit-metadata: 2.052305728197098
  landing: 0.01898958534002304
  view-data: 0.026568792760372162
