times:
  edit-metadata: 2.1825956888496876
  landing: 0.14218945987522602
  view-data: 0.02786107361316681
