times:
  edit-metadata: 2.086194595322013
  landing: 0.019460542127490044
  view-data: 0.24716409109532833
