times:
  edit-metadata: 1.8475594371557236
  landing: 0.020680530928075314
  view-data: 0.12054818775504827
