times:
  edit-metadata: 2.797335995361209
  landing: 0.34209682792425156
  view-data: 0.4130361024290323
