times:
  edit-metadata: 1.1388377691619098
  landing: 0.0803972720168531
  view-data: 0.2400415581651032
