times:
  edit-metadata: 2.0928414668887854
  landing: 0.021483656018972397
  view-data: 0.023748358711600304
