times:
  edit-metadata: 2.115287747234106
  landing: 0.019855758175253868
  view-data: 0.3067735359072685
