times:
  edit-metadata: 2.227254694327712
  landing: 0.15253626741468906
  view-data: 0.39538104087114334
