times:
  edit-metadata: 3.2423547077924013
  landing: 0.23815961182117462
  view-data: 0.3966382686048746
