times:
  edit-metadata: 2.1833570692688227
  landing: 0.1171159353107214
  view-data: 0.032974581234157085
