times:
  edit-metadata: 1.2497801017016172
  landing: 0.07994686905294657
  view-data: 0.24167717387899756
