times:
  edit-metadata: 2.232605731114745
  landing: 0.021879620850086212
  view-data: 0.02639668993651867
