times:
  edit-metadata: 2.0668219830840826
  landing: 0.22551410645246506
  view-data: 0.02339376136660576
