times:
  edit-metadata: 2.0469591934233904
  landing: 0.018681779503822327
  view-data: 0.10167430341243744
