times:
  edit-metadata: 2.0658383686095476
  landing: 0.01854809559881687
  view-data: 0.023135067895054817
