times:
  edit-metadata: 2.021208956837654
  landing: 0.02506125345826149
  view-data: 0.027306852862238884
