times:
  edit-metadata: 2.020205322653055
  landing: 0.022348571568727493
  view-data: 0.029842330142855644
