times:
  edit-metadata: 2.4017681423574686
  landing: 0.2616599313914776
  view-data: 0.34765297174453735
