times:
  edit-metadata: 2.067399447783828
  landing: 0.02223864756524563
  view-data: 0.31246390752494335
