times:
  edit-metadata: 2.2822606470435858
  landing: 0.020869066938757896
  view-data: 0.1652837172150612
