times:
  edit-metadata: 1.076810150872916
  landing: 0.04809575201943517
  view-data: 0.24539939407259226
