times:
  edit-metadata: 2.0197850931435823
  landing: 0.13196992687880993
  view-data: 0.14041995629668236
