times:
  edit-metadata: 1.8594250557944179
  landing: 0.02101380843669176
  view-data: 0.030594191513955593
