times:
  edit-metadata: 2.094874031841755
  landing: 0.2019137404859066
  view-data: 0.3104218617081642
