times:
  edit-metadata: 2.07364359870553
  landing: 0.019638072699308395
  view-data: 0.14018783904612064
