times:
  edit-metadata: 2.288295103237033
  landing: 0.2359640821814537
  view-data: 0.46920800395309925
