times:
  edit-metadata: 1.0580237521789968
  landing: 0.08059068489819765
  view-data: 0.24023717595264316
