times:
  edit-metadata: 1.9153623087331653
  landing: 0.21288965363055468
  view-data: 0.42174673918634653
