times:
  edit-metadata: 2.571596635505557
  landing: 0.20595047064125538
  view-data: 0.37886301800608635
