times:
  edit-metadata: 1.1407610489986837
  landing: 0.04500246001407504
  view-data: 0.3198539479635656
