times:
  edit-metadata: 1.3649772480130196
  landing: 0.07041946798563004
  view-data: 0.3285971749573946
