times:
  edit-metadata: 2.4687263797968626
  landing: 0.3130070921033621
  view-data: 0.32802760414779186
