times:
  edit-metadata: 2.041022067889571
  landing: 0.018795670941472054
  view-data: 0.024022266268730164
