times:
  edit-metadata: 2.2631588988006115
  landing: 0.022273048758506775
  view-data: 0.024919310584664345
