times:
  edit-metadata: 2.0830121263861656
  landing: 0.01845131441950798
  view-data: 0.3487622570246458
