times:
  edit-metadata: 1.1945184557698667
  landing: 0.07504273811355233
  view-data: 0.35085921129211783
