times:
  edit-metadata: 1.2439865223132074
  landing: 0.083393394947052
  view-data: 0.2677413863129914
