times:
  edit-metadata: 2.0618085134774446
  landing: 0.22496540285646915
  view-data: 0.027350319549441338
