times:
  edit-metadata: 2.1393390242010355
  landing: 0.021403836086392403
  view-data: 0.026425892487168312
