times:
  edit-metadata: 2.3673705887049437
  landing: 0.2757868506014347
  view-data: 0.1664249412715435
