times:
  edit-metadata: 2.4058435037732124
  landing: 0.28167548030614853
  view-data: 0.3988030571490526
