times:
  edit-metadata: 2.4796729888767004
  landing: 0.21566158160567284
  view-data: 0.02791690081357956
