times:
  edit-metadata: 2.1114993169903755
  landing: 0.12729250639677048
  view-data: 0.14127784594893456
