times:
  edit-metadata: 1.9684443641453981
  landing: 0.11889149248600006
  view-data: 0.2299999138340354
