times:
  edit-metadata: 2.123684035614133
  landing: 0.34916847571730614
  view-data: 0.35579657927155495
