times:
  edit-metadata: 2.028015112504363
  landing: 0.18037935625761747
  view-data: 0.13488983642309904
