times:
  edit-metadata: 2.2735790126025677
  landing: 0.020345445722341537
  view-data: 0.027903607115149498
