times:
  edit-metadata: 2.0124914348125458
  landing: 0.13448330760002136
  view-data: 0.3190398495644331
