times:
  edit-metadata: 2.0850139521062374
  landing: 0.022267574444413185
  view-data: 0.025145191699266434
