times:
  edit-metadata: 1.8931649336591363
  landing: 0.020207852125167847
  view-data: 0.12146457843482494
