times:
  edit-metadata: 2.044656364247203
  landing: 0.22839189507067204
  view-data: 0.02589261159300804
