times:
  edit-metadata: 2.35985217243433
  landing: 0.27074372209608555
  view-data: 0.30682213976979256
