times:
  edit-metadata: 2.148887762799859
  landing: 0.11756862327456474
  view-data: 0.14858254417777061
