times:
  edit-metadata: 1.3358954349532723
  landing: 0.08373656729236245
  view-data: 0.35801444621756673
