times:
  edit-metadata: 3.0310268830507994
  landing: 0.17239354737102985
  view-data: 0.3820573855191469
