times:
  edit-metadata: 2.0374141167849302
  landing: 0.11862963251769543
  view-data: 0.12582621164619923
