times:
  edit-metadata: 1.3888366990722716
  landing: 0.118273233063519
  view-data: 0.2378402166068554
