times:
  edit-metadata: 1.8588899374008179
  landing: 0.021568561904132366
  view-data: 0.12487945426255465
