times:
  edit-metadata: 1.3742183330468833
  landing: 0.045793551951646805
  view-data: 0.2857542969286442
