times:
  edit-metadata: 2.0425549875944853
  landing: 0.021566301584243774
  view-data: 0.02880796417593956
