times:
  edit-metadata: 2.3445272110402584
  landing: 0.2611633315682411
  view-data: 0.26773060485720634
