times:
  edit-metadata: 2.0472227036952972
  landing: 0.13962863571941853
  view-data: 0.12485466711223125
