times:
  edit-metadata: 2.3644970525056124
  landing: 0.019506562501192093
  view-data: 0.4205586928874254
