times:
  edit-metadata: 2.1058614142239094
  landing: 0.12357264012098312
  view-data: 0.025850383564829826
