times:
  edit-metadata: 2.048106450587511
  landing: 0.02398078329861164
  view-data: 0.027071284130215645
