times:
  edit-metadata: 2.4992924612015486
  landing: 0.021844523027539253
  view-data: 0.06072484515607357
