times:
  edit-metadata: 2.061666889116168
  landing: 0.17710354179143906
  view-data: 0.029303401708602905
