times:
  edit-metadata: 2.0121376793831587
  landing: 0.02108343504369259
  view-data: 0.025136027485132217
