times:
  edit-metadata: 2.067023362033069
  landing: 0.019363511353731155
  view-data: 0.12431481759995222
