times:
  edit-metadata: 1.9727388992905617
  landing: 0.11944027990102768
  view-data: 0.023839617148041725
