times:
  edit-metadata: 2.117725808173418
  landing: 0.24781642109155655
  view-data: 0.10097843408584595
