times:
  edit-metadata: 2.6598537508398294
  landing: 0.18425708822906017
  view-data: 0.4433663245290518
