times:
  edit-metadata: 2.59038894623518
  landing: 0.196054358035326
  view-data: 0.3263549041002989
