times:
  edit-metadata: 2.1407802514731884
  landing: 0.023674892261624336
  view-data: 0.028289854526519775
