times:
  edit-metadata: 0.6199004980735481
  landing: 0.12322843773290515
  view-data: 0.2827723789960146
