times:
  edit-metadata: 1.745685102418065
  landing: 0.32085767202079296
  view-data: 0.16591677628457546
