times:
  edit-metadata: 1.652503127232194
  landing: 0.045601412653923035
  view-data: 0.18875506147742271
