times:
  edit-metadata: 1.7880853228271008
  landing: 0.019927939400076866
  view-data: 0.4519110843539238
