times:
  edit-metadata: 0.6837053443305194
  landing: 0.10523378709331155
  view-data: 0.24889361998066306
