times:
  edit-metadata: 1.4293412994593382
  landing: 0.12154200486838818
  view-data: 0.022586965933442116
