times:
  edit-metadata: 1.6118278000503778
  landing: 0.26971543207764626
  view-data: 0.38434709422290325
