times:
  edit-metadata: 0.5957342176698148
  landing: 0.15496543189510703
  view-data: 0.3133022431284189
