times:
  edit-metadata: 0.7168821883387864
  landing: 0.04500558087602258
  view-data: 0.23401157604530454
