times:
  edit-metadata: 1.7159647680819035
  landing: 0.2321246601641178
  view-data: 0.16638571955263615
