times:
  edit-metadata: 2.0861097499728203
  landing: 0.14170845039188862
  view-data: 0.4143168739974499
