times:
  edit-metadata: 2.879485074430704
  landing: 0.04969241842627525
  view-data: 0.030159376561641693
