times:
  edit-metadata: 1.7013808600604534
  landing: 0.32151116617023945
  view-data: 0.025583766400814056
