times:
  edit-metadata: 0.7385991630144417
  landing: 0.061453149653971195
  view-data: 0.2083750949241221
