times:
  edit-metadata: 1.7705439999699593
  landing: 0.02343098632991314
  view-data: 0.515262708067894
