times:
  edit-metadata: 0.8278500461019576
  landing: 0.062360425014048815
  view-data: 0.2506922991015017
