times:
  edit-metadata: 1.8899262305349112
  landing: 0.15118046663701534
  view-data: 0.06221260689198971
