times:
  edit-metadata: 1.3600760363042355
  landing: 0.022473784163594246
  view-data: 0.12739423103630543
