times:
  edit-metadata: 0.5474066897295415
  landing: 0.11951468279585242
  view-data: 0.32204008800908923
