times:
  edit-metadata: 1.5511277951300144
  landing: 0.21756398491561413
  view-data: 0.2492874711751938
