times:
  edit-metadata: 1.3796310890465975
  landing: 0.021786730736494064
  view-data: 0.028675487264990807
