times:
  edit-metadata: 0.6172186997719109
  landing: 0.059109598863869905
  view-data: 0.32866924488916993
