times:
  edit-metadata: 0.6872653560712934
  landing: 0.11627719597890973
  view-data: 0.2052667597308755
