times:
  edit-metadata: 2.6975966609898023
  landing: 0.5509362799930386
  view-data: 0.6959773179842159
