times:
  edit-metadata: 0.5792766702361405
  landing: 0.05330586479976773
  view-data: 0.21669648587703705
