times:
  edit-metadata: 0.5603514299727976
  landing: 0.0555785340256989
  view-data: 0.21472325176000595
