times:
  edit-metadata: 1.6595230177044868
  landing: 0.21510794945061207
  view-data: 0.28883205354213715
