times:
  edit-metadata: 0.769683055114001
  landing: 0.04559432715177536
  view-data: 0.31072383699938655
