times:
  edit-metadata: 0.6155162956565619
  landing: 0.1447273730300367
  view-data: 0.2123300968669355
