times:
  edit-metadata: 1.4390036147087812
  landing: 0.018254293128848076
  view-data: 0.025039419531822205
