times:
  edit-metadata: 0.5426975400187075
  landing: 0.0694865882396698
  view-data: 0.21585123194381595
