times:
  edit-metadata: 0.5514589017257094
  landing: 0.04406527616083622
  view-data: 0.20343765802681446
