times:
  edit-metadata: 1.4188294243067503
  landing: 0.02044134959578514
  view-data: 0.025383885949850082
