times:
  edit-metadata: 1.5287924576550722
  landing: 0.13343732431530952
  view-data: 0.15813072212040424
