times:
  edit-metadata: 1.6874779406934977
  landing: 0.02527323178946972
  view-data: 0.2779311593621969
