times:
  edit-metadata: 0.5275635370053351
  landing: 0.06762047484517097
  view-data: 0.21571623301133513
