times:
  edit-metadata: 1.3567685168236494
  landing: 0.019612403586506844
  view-data: 0.025907637551426888
