times:
  edit-metadata: 0.7453936859965324
  landing: 0.06106257904320955
  view-data: 0.31974562304094434
