times:
  edit-metadata: 1.5580062232911587
  landing: 0.17497225478291512
  view-data: 0.39068377390503883
