times:
  edit-metadata: 0.666393427643925
  landing: 0.12363739404827356
  view-data: 0.22539186896756291
