times:
  edit-metadata: 0.6090076602995396
  landing: 0.09254610724747181
  view-data: 0.21052533201873302
