times:
  edit-metadata: 0.5097200898453593
  landing: 0.06952237384393811
  view-data: 0.20891007594764233
