times:
  edit-metadata: 0.5412741960026324
  landing: 0.06512382999062538
  view-data: 0.2298404648900032
