times:
  edit-metadata: 1.557850569486618
  landing: 0.26650575175881386
  view-data: 0.4217511769384146
