times:
  edit-metadata: 0.5445077628828585
  landing: 0.055173249915242195
  view-data: 0.19747653091326356
