times:
  edit-metadata: 0.5214291708543897
  landing: 0.07490725116804242
  view-data: 0.20552774891257286
