times:
  edit-metadata: 0.5905648693442345
  landing: 0.10530841303989291
  view-data: 0.21652668388560414
