times:
  edit-metadata: 1.3878620211035013
  landing: 0.022167235612869263
  view-data: 0.5587878320366144
