times:
  edit-metadata: 0.5136496131308377
  landing: 0.06586412061005831
  view-data: 0.2163990279659629
