times:
  edit-metadata: 1.5138630867004395
  landing: 0.256028113886714
  view-data: 0.47144268825650215
