times:
  edit-metadata: 0.5050033698789775
  landing: 0.06873049307614565
  view-data: 0.2565531600266695
