times:
  edit-metadata: 0.6010578162968159
  landing: 0.1512163677252829
  view-data: 0.21340974001213908
