times:
  edit-metadata: 0.4508160799741745
  landing: 0.04057339113205671
  view-data: 0.33464417699724436
