times:
  edit-metadata: 0.43790676165372133
  landing: 0.04697483219206333
  view-data: 0.21346103306859732
