times:
  edit-metadata: 0.45674574794247746
  landing: 0.05812113219872117
  view-data: 0.2338223997503519
