times:
  edit-metadata: 0.45332830073311925
  landing: 0.037157163955271244
  view-data: 0.3316589961759746
