times:
  edit-metadata: 0.43732749996706843
  landing: 0.047327371314167976
  view-data: 0.1930199721828103
