times:
  edit-metadata: 0.4334508222527802
  landing: 0.04582894081249833
  view-data: 0.360982577316463
