times:
  edit-metadata: 0.4892020085826516
  landing: 0.054488349705934525
  view-data: 0.32800490222871304
