times:
  edit-metadata: 0.44607703760266304
  landing: 0.04963538143783808
  view-data: 0.3260083859786391
