times:
  edit-metadata: 0.43565436312928796
  landing: 0.05079349735751748
  view-data: 0.33581322664394975
