times:
  edit-metadata: 0.45532510522753
  landing: 0.04724422004073858
  view-data: 0.22032009437680244
