times:
  edit-metadata: 0.4291650615632534
  landing: 0.04565404448658228
  view-data: 0.2031254731118679
