times:
  edit-metadata: 0.4688571225851774
  landing: 0.05217883549630642
  view-data: 0.2029490638524294
