times:
  edit-metadata: 0.4432398471981287
  landing: 0.042307193391025066
  view-data: 0.22575648315250874
