times:
  edit-metadata: 0.4387108236551285
  landing: 0.04810209013521671
  view-data: 0.2231555380858481
