times:
  edit-metadata: 0.43883302295580506
  landing: 0.05014662304893136
  view-data: 0.3307348182424903
