times:
  edit-metadata: 0.4394620913080871
  landing: 0.046191114000976086
  view-data: 0.2183086620643735
