times:
  edit-metadata: 0.42346948897466063
  landing: 0.04999560629948974
  view-data: 0.5922281807288527
