times:
  edit-metadata: 0.4582563787698746
  landing: 0.043137077242136
  view-data: 0.3206235561519861
