times:
  edit-metadata: 0.4547481369227171
  landing: 0.05346553772687912
  view-data: 0.313723630271852
