times:
  edit-metadata: 0.4542192150838673
  landing: 0.04991813097149134
  view-data: 0.45747973723337054
