times:
  edit-metadata: 0.44899323023855686
  landing: 0.043204640969634056
  view-data: 0.1984045971184969
