times:
  edit-metadata: 0.4445619834586978
  landing: 0.046963551081717014
  view-data: 0.3355074981227517
