times:
  edit-metadata: 0.4622565181925893
  landing: 0.05160901416093111
  view-data: 0.200897672213614
