times:
  edit-metadata: 0.43931523337960243
  landing: 0.042493198066949844
  view-data: 0.22784264665096998
