times:
  edit-metadata: 5.264549866318703
  landing: 0.16914867609739304
  view-data: 0.12454773113131523
