times:
  edit-metadata: 6.0614592153579
  landing: 0.0513317845761776
  view-data: 0.16595296561717987
