times:
  edit-metadata: 6.284860037267208
  landing: 0.17362931743264198
  view-data: 0.027041614055633545
