times:
  edit-metadata: 5.145670671015978
  landing: 0.02040340006351471
  view-data: 0.02496951073408127
