times:
  edit-metadata: 5.311727438122034
  landing: 0.1720663569867611
  view-data: 0.12490887567400932
