times:
  edit-metadata: 4.5485382014885545
  landing: 0.23545821104198694
  view-data: 0.41351020708680153
