times:
  edit-metadata: 6.451488109305501
  landing: 0.24472848512232304
  view-data: 0.14285141229629517
