times:
  edit-metadata: 5.695610066875815
  landing: 0.0210430808365345
  view-data: 0.13148360513150692
