times:
  edit-metadata: 6.115059660747647
  landing: 0.19891994073987007
  view-data: 0.3911634646356106
