times:
  edit-metadata: 3.8868489200249314
  landing: 0.05412105796858668
  view-data: 0.46720204688608646
