times:
  edit-metadata: 5.657879991456866
  landing: 0.020579438656568527
  view-data: 0.024016883224248886
