times:
  edit-metadata: 5.406674154102802
  landing: 0.019977204501628876
  view-data: 0.022547319531440735
