times:
  edit-metadata: 4.71848087804392
  landing: 0.061669213231652975
  view-data: 0.7810925161466002
