times:
  edit-metadata: 4.894994352944195
  landing: 0.17098842095583677
  view-data: 0.023453112691640854
