times:
  edit-metadata: 4.701522485818714
  landing: 0.08162698615342379
  view-data: 0.5843215347267687
