times:
  edit-metadata: 4.633659432176501
  landing: 0.06836511893197894
  view-data: 0.49039764795452356
