times:
  edit-metadata: 5.184335961937904
  landing: 0.09508485905826092
  view-data: 0.025610139593482018
