times:
  edit-metadata: 4.59888695506379
  landing: 0.047108935192227364
  view-data: 0.7530277278274298
