times:
  edit-metadata: 4.670440468937159
  landing: 0.2943334160372615
  view-data: 0.027066485956311226
