times:
  edit-metadata: 3.905594919808209
  landing: 0.022680276073515415
  view-data: 0.4543339619413018
