times:
  edit-metadata: 5.165808845311403
  landing: 0.02181205339729786
  view-data: 0.02582727000117302
