times:
  edit-metadata: 5.322819033637643
  landing: 0.19101770222187042
  view-data: 0.23562580533325672
