times:
  edit-metadata: 5.275188751518726
  landing: 0.15308581106364727
  view-data: 0.327379684895277
