times:
  edit-metadata: 5.106272574514151
  landing: 0.019825927913188934
  view-data: 0.027718497440218925
