times:
  edit-metadata: 6.005439693108201
  landing: 0.14385618641972542
  view-data: 0.022744331508874893
