times:
  edit-metadata: 3.8138796584680676
  landing: 0.01991178747266531
  view-data: 0.3152670618146658
