times:
  edit-metadata: 6.691353110596538
  landing: 0.29053917713463306
  view-data: 0.49491240084171295
