times:
  edit-metadata: 5.786989143118262
  landing: 0.2714172825217247
  view-data: 0.3420659564435482
