times:
  edit-metadata: 5.402464136481285
  landing: 0.018506132066249847
  view-data: 0.02279902622103691
