times:
  edit-metadata: 5.573702272027731
  landing: 0.023874972015619278
  view-data: 0.451530696824193
