times:
  edit-metadata: 5.325759671628475
  landing: 0.11296769045293331
  view-data: 0.02328687347471714
