times:
  edit-metadata: 6.550080582499504
  landing: 0.14415044523775578
  view-data: 0.13903097063302994
