times:
  edit-metadata: 5.443839713931084
  landing: 0.2021745666861534
  view-data: 0.022560060024261475
