times:
  edit-metadata: 5.326410522684455
  landing: 0.26404485665261745
  view-data: 0.022786779329180717
