times:
  edit-metadata: 5.197901992127299
  landing: 0.02170010283589363
  view-data: 0.02727327309548855
