times:
  edit-metadata: 4.922721857670695
  landing: 0.049602839164435863
  view-data: 0.5138571690768003
