times:
  edit-metadata: 6.073894245550036
  landing: 0.2524346597492695
  view-data: 0.37599686719477177
