times:
  edit-metadata: 5.12913485430181
  landing: 0.021357737481594086
  view-data: 0.12429646030068398
