times:
  edit-metadata: 4.813253854867071
  landing: 0.03850581590086222
  view-data: 0.4166511772200465
