times:
  edit-metadata: 3.726276459172368
  landing: 0.02027438674122095
  view-data: 0.4504907364025712
