times:
  edit-metadata: 5.937082912772894
  landing: 0.18920815363526344
  view-data: 0.31416277028620243
