times:
  edit-metadata: 5.382834883406758
  landing: 0.1305562760680914
  view-data: 0.13914139196276665
