times:
  edit-metadata: 4.649758443236351
  landing: 0.07833364885300398
  view-data: 0.4179846877232194
