times:
  edit-metadata: 5.777672972530127
  landing: 0.2948241103440523
  view-data: 0.35231757164001465
