times:
  edit-metadata: 5.749569533392787
  landing: 0.15893086791038513
  view-data: 0.3271757047623396
