times:
  edit-metadata: 4.549958689138293
  landing: 0.2123033758252859
  view-data: 0.1424650028347969
