times:
  edit-metadata: 4.600012450944632
  landing: 0.058501380030065775
  view-data: 0.4278823407366872
