times:
  edit-metadata: 3.8337095668539405
  landing: 0.020752749405801296
  view-data: 0.4744611233472824
