times:
  edit-metadata: 5.398855481296778
  landing: 0.021475737914443016
  view-data: 0.3268019240349531
