times:
  edit-metadata: 4.496562696993351
  landing: 0.059014913626015186
  view-data: 0.4191757910884917
