times:
  edit-metadata: 4.609480391256511
  landing: 0.1276090182363987
  view-data: 0.466876576654613
