times:
  edit-metadata: 5.908687926828861
  landing: 0.2548813186585903
  view-data: 0.024683533236384392
