times:
  edit-metadata: 4.755724169779569
  landing: 0.04371768608689308
  view-data: 0.5050290990620852
