times:
  edit-metadata: 3.7246103696525097
  landing: 0.01974188070744276
  view-data: 0.02586223464459181
