times:
  edit-metadata: 4.647420736029744
  landing: 0.12773492466658354
  view-data: 0.12022063415497541
