times:
  edit-metadata: 5.3359116315841675
  landing: 0.11231039091944695
  view-data: 0.12816453725099564
