times:
  edit-metadata: 6.079831577837467
  landing: 0.16730691120028496
  view-data: 0.35015507601201534
