times:
  edit-metadata: 5.652925405651331
  landing: 0.2583941575139761
  view-data: 0.39273329824209213
