times:
  edit-metadata: 4.733953533694148
  landing: 0.07808916131034493
  view-data: 0.49326292937621474
