times:
  edit-metadata: 6.31031814403832
  landing: 0.18632393889129162
  view-data: 0.14251845329999924
