times:
  edit-metadata: 5.5414114855229855
  landing: 0.02140152081847191
  view-data: 0.02643723413348198
