times:
  edit-metadata: 4.999328726902604
  landing: 0.11650707572698593
  view-data: 0.09874114021658897
