times:
  edit-metadata: 5.014196308795363
  landing: 0.04162931302562356
  view-data: 0.6741757900454104
