times:
  edit-metadata: 5.367872349917889
  landing: 0.019364913925528526
  view-data: 0.14912148751318455
