times:
  edit-metadata: 4.521057615056634
  landing: 0.13470439333468676
  view-data: 0.21482572238892317
