times:
  edit-metadata: 4.638993469066918
  landing: 0.1999138668179512
  view-data: 0.2522582318633795
