times:
  edit-metadata: 5.619834220036864
  landing: 0.15460585430264473
  view-data: 0.02815561182796955
