times:
  edit-metadata: 5.415364347398281
  landing: 0.019373364746570587
  view-data: 0.02537490613758564
