times:
  edit-metadata: 4.569076390005648
  landing: 0.26008682884275913
  view-data: 0.11777118593454361
