times:
  edit-metadata: 4.589582343585789
  landing: 0.043578384444117546
  view-data: 0.4043815806508064
