times:
  edit-metadata: 6.697161480784416
  landing: 0.031048046424984932
  view-data: 0.40525290183722973
