times:
  edit-metadata: 5.754356751218438
  landing: 0.023823026567697525
  view-data: 0.026962047442793846
