times:
  edit-metadata: 5.494438486173749
  landing: 0.21757279522717
  view-data: 0.026749776676297188
