times:
  edit-metadata: 4.219845982268453
  landing: 0.06830147188156843
  view-data: 0.41445767087861896
