times:
  edit-metadata: 4.508877729997039
  landing: 0.020962974056601524
  view-data: 0.023579493165016174
