times:
  edit-metadata: 5.568868475034833
  landing: 0.020882101729512215
  view-data: 0.1400728803128004
