times:
  edit-metadata: 5.456348413601518
  landing: 0.13893957249820232
  view-data: 0.3160493839532137
