times:
  edit-metadata: 5.805066907778382
  landing: 0.01942693069577217
  view-data: 0.1266825869679451
