times:
  edit-metadata: 5.392080370336771
  landing: 0.026470523327589035
  view-data: 0.023731140419840813
