times:
  edit-metadata: 5.1676316149532795
  landing: 0.025888260453939438
  view-data: 0.307721346616745
