times:
  edit-metadata: 6.740348938852549
  landing: 0.3414383865892887
  view-data: 0.4079235326498747
