times:
  edit-metadata: 6.00125589594245
  landing: 0.04679018817842007
  view-data: 0.5150865912437439
