times:
  edit-metadata: 5.3149678632617
  landing: 0.023674819618463516
  view-data: 0.026681264862418175
