times:
  edit-metadata: 5.442884402349591
  landing: 0.02027866616845131
  view-data: 0.12521246075630188
