times:
  edit-metadata: 5.263321448117495
  landing: 0.018176289275288582
  view-data: 0.02375595085322857
