times:
  edit-metadata: 6.029899189248681
  landing: 0.023556683212518692
  view-data: 0.3973856493830681
