times:
  edit-metadata: 4.510905314236879
  landing: 0.21780546940863132
  view-data: 0.1345326118171215
