times:
  edit-metadata: 6.47496092133224
  landing: 0.2423457819968462
  view-data: 0.3555040266364813
