times:
  edit-metadata: 5.777152566239238
  landing: 0.22318613715469837
  view-data: 0.12454935349524021
