times:
  edit-metadata: 5.621778724715114
  landing: 0.2045288309454918
  view-data: 0.314356317743659
