times:
  edit-metadata: 4.544583547860384
  landing: 0.055444007739424706
  view-data: 0.4842831767164171
