times:
  edit-metadata: 4.922327681444585
  landing: 0.024172023870050907
  view-data: 0.02306822780519724
