times:
  edit-metadata: 5.207360003143549
  landing: 0.022739572450518608
  view-data: 0.024456171318888664
