times:
  edit-metadata: 5.051169347949326
  landing: 0.021918543614447117
  view-data: 0.024379889480769634
