times:
  edit-metadata: 5.665911240503192
  landing: 0.33769042044878006
  view-data: 0.36283800564706326
