times:
  edit-metadata: 6.435934267938137
  landing: 0.16562929935753345
  view-data: 0.14147880859673023
