times:
  edit-metadata: 5.496755326166749
  landing: 0.01863226667046547
  view-data: 0.2742034886032343
