times:
  edit-metadata: 5.128609215840697
  landing: 0.019991571083664894
  view-data: 0.02630160003900528
