times:
  edit-metadata: 4.666231585666537
  landing: 0.019302118569612503
  view-data: 0.14249806851148605
