times:
  edit-metadata: 6.187124447897077
  landing: 0.21104077249765396
  view-data: 0.027671564370393753
