times:
  edit-metadata: 5.222509067505598
  landing: 0.021716248244047165
  view-data: 0.027804123237729073
