times:
  edit-metadata: 5.0863273069262505
  landing: 0.01931235007941723
  view-data: 0.02555413916707039
