times:
  edit-metadata: 3.968685467261821
  landing: 0.06297193979844451
  view-data: 0.3973883278667927
