times:
  edit-metadata: 4.525348781142384
  landing: 0.040588096249848604
  view-data: 0.5871767131611705
