times:
  edit-metadata: 5.141231957823038
  landing: 0.019153917208313942
  view-data: 0.02284313179552555
