times:
  edit-metadata: 6.242543568834662
  landing: 0.26041506230831146
  view-data: 0.36282145977020264
