times:
  edit-metadata: 3.9693182380869985
  landing: 0.06421345006674528
  view-data: 0.4560624398291111
