times:
  edit-metadata: 5.410523556172848
  landing: 0.1306750737130642
  view-data: 0.2997396793216467
