times:
  edit-metadata: 5.613135289400816
  landing: 0.15616160817444324
  view-data: 0.024963300675153732
