times:
  edit-metadata: 4.727522136643529
  landing: 0.08927243575453758
  view-data: 0.43625964783132076
