times:
  edit-metadata: 6.024583548307419
  landing: 0.2471913080662489
  view-data: 0.38094435073435307
