times:
  edit-metadata: 5.101881328038871
  landing: 0.047028324101120234
  view-data: 0.3990056859329343
