times:
  edit-metadata: 4.8630906152538955
  landing: 0.08804227318614721
  view-data: 0.6320486441254616
