times:
  edit-metadata: 4.670460677705705
  landing: 0.08387588104233146
  view-data: 0.6312727280892432
