times:
  edit-metadata: 6.268632924184203
  landing: 0.16475073993206024
  view-data: 0.4570532962679863
