times:
  edit-metadata: 5.888816457241774
  landing: 0.15979783609509468
  view-data: 0.28212362714111805
