times:
  edit-metadata: 4.86217075958848
  landing: 0.18836611695587635
  view-data: 0.35312958620488644
