times:
  edit-metadata: 6.680206950753927
  landing: 0.026761222630739212
  view-data: 0.31540294736623764
