times:
  edit-metadata: 4.63919270131737
  landing: 0.19884582608938217
  view-data: 0.1328204469755292
