times:
  edit-metadata: 4.704436454921961
  landing: 0.02014748752117157
  view-data: 0.04634228814393282
