times:
  edit-metadata: 3.811733120121062
  landing: 0.02176881767809391
  view-data: 0.0281091146171093
