times:
  edit-metadata: 4.651658717542887
  landing: 0.2543949168175459
  view-data: 0.3206025045365095
