times:
  edit-metadata: 5.575674192979932
  landing: 0.13491671159863472
  view-data: 0.1499825045466423
