times:
  edit-metadata: 5.380476929247379
  landing: 0.02281137928366661
  view-data: 0.30435107089579105
