times:
  edit-metadata: 4.730235621333122
  landing: 0.12330582085996866
  view-data: 0.46796598844230175
