times:
  edit-metadata: 3.9473219383507967
  landing: 0.07243852131068707
  view-data: 0.3934607710689306
