times:
  edit-metadata: 5.22995169647038
  landing: 0.020146043971180916
  view-data: 0.025760147720575333
