times:
  edit-metadata: 5.316792504861951
  landing: 0.019586995244026184
  view-data: 0.12281853705644608
