times:
  edit-metadata: 4.539098532870412
  landing: 0.11771346442401409
  view-data: 0.027650591917335987
