times:
  edit-metadata: 5.907944303005934
  landing: 0.018916185945272446
  view-data: 0.10282664000988007
