times:
  edit-metadata: 5.351626079529524
  landing: 0.022040139883756638
  view-data: 0.02553459256887436
