times:
  edit-metadata: 4.15472129965201
  landing: 0.043466764967888594
  view-data: 0.4066234310157597
