times:
  edit-metadata: 6.472241362556815
  landing: 0.2943597789853811
  view-data: 0.43327643163502216
