times:
  edit-metadata: 6.7263727132231
  landing: 0.2949533574283123
  view-data: 0.7091371025890112
