times:
  edit-metadata: 6.212498940527439
  landing: 0.029083192348480225
  view-data: 0.36581954918801785
