times:
  edit-metadata: 4.839994044974446
  landing: 0.27709841076284647
  view-data: 0.41337062139064074
