times:
  edit-metadata: 5.353036994114518
  landing: 0.02289390191435814
  view-data: 0.38934528455138206
