times:
  edit-metadata: 5.116873940452933
  landing: 0.020204365253448486
  view-data: 0.024204330518841743
