times:
  edit-metadata: 5.649309244006872
  landing: 0.051950156688690186
  view-data: 0.31414283625781536
