times:
  edit-metadata: 3.731500663794577
  landing: 0.020855098962783813
  view-data: 0.02397978864610195
