times:
  edit-metadata: 4.851691208779812
  landing: 0.04835984203964472
  view-data: 0.5065078539773822
