times:
  edit-metadata: 4.9576692851260304
  landing: 0.02570109162479639
  view-data: 0.023840933106839657
