times:
  edit-metadata: 5.31661532074213
  landing: 0.2060366179794073
  view-data: 0.023201696574687958
