times:
  edit-metadata: 5.253561418503523
  landing: 0.02141641452908516
  view-data: 0.13413862138986588
