times:
  edit-metadata: 6.084492573514581
  landing: 0.01896958239376545
  view-data: 0.5436035078018904
