times:
  edit-metadata: 9.49051158130169
  landing: 0.5029895603656769
  view-data: 0.5576292276382446
