times:
  edit-metadata: 6.584470558911562
  landing: 0.23880601674318314
  view-data: 0.1596307009458542
