times:
  edit-metadata: 5.155980007722974
  landing: 0.020373014733195305
  view-data: 0.12263699807226658
