times:
  edit-metadata: 5.316983496770263
  landing: 0.13164378330111504
  view-data: 0.024824043735861778
