times:
  edit-metadata: 4.685167678631842
  landing: 0.22715745400637388
  view-data: 0.4048559870570898
