times:
  edit-metadata: 4.78079404309392
  landing: 0.046121621038764715
  view-data: 0.39859364181756973
