times:
  edit-metadata: 5.30879994481802
  landing: 0.020004132762551308
  view-data: 0.024533098563551903
