times:
  edit-metadata: 4.545074364170432
  landing: 0.12260693870484829
  view-data: 0.13972457498311996
