times:
  edit-metadata: 5.128054628148675
  landing: 0.01937791518867016
  view-data: 0.024767238646745682
