times:
  edit-metadata: 5.377035511657596
  landing: 0.21714727580547333
  view-data: 0.3170958999544382
