times:
  edit-metadata: 4.670158768072724
  landing: 0.06331650679931045
  view-data: 0.46324062487110496
