times:
  edit-metadata: 4.080717363394797
  landing: 0.02032895851880312
  view-data: 0.4716427968814969
