times:
  edit-metadata: 5.121768813580275
  landing: 0.018922109156847
  view-data: 0.024796150624752045
