times:
  edit-metadata: 5.191405940800905
  landing: 0.018675189465284348
  view-data: 0.13967615365982056
