times:
  edit-metadata: 5.348986616358161
  landing: 0.15870245546102524
  view-data: 0.3449908196926117
