times:
  edit-metadata: 4.754057582467794
  landing: 0.04356906749308109
  view-data: 0.3090681228786707
