times:
  edit-metadata: 6.341128362342715
  landing: 0.1974344663321972
  view-data: 0.21598535031080246
