times:
  edit-metadata: 6.552545947954059
  landing: 0.15253820456564426
  view-data: 0.1935738194733858
