times:
  edit-metadata: 5.612729527056217
  landing: 0.14494571834802628
  view-data: 0.2544954512268305
