times:
  edit-metadata: 7.027980677783489
  landing: 0.19308196753263474
  view-data: 0.26172699593007565
