times:
  edit-metadata: 5.440933812409639
  landing: 0.12213797308504581
  view-data: 0.44742779806256294
