times:
  edit-metadata: 4.073773066978902
  landing: 0.045979361049830914
  view-data: 0.4082783190533519
