times:
  edit-metadata: 1.9769424311816692
  landing: 0.28273305855691433
  view-data: 0.16386324539780617
