times:
  edit-metadata: 1.802906984463334
  landing: 0.021428652107715607
  view-data: 0.02615765668451786
