times:
  edit-metadata: 0.8553335112519562
  landing: 0.12346634082496166
  view-data: 0.22093957336619496
