times:
  edit-metadata: 0.7459153439849615
  landing: 0.08007358387112617
  view-data: 0.22045830497518182
