times:
  edit-metadata: 1.0193520742468536
  landing: 0.056673148181289434
  view-data: 0.22425452806055546
