times:
  edit-metadata: 1.7012778110802174
  landing: 0.02086002193391323
  view-data: 0.024145308881998062
