times:
  edit-metadata: 1.709857502952218
  landing: 0.17195933498442173
  view-data: 0.026288388296961784
