times:
  edit-metadata: 1.8680757358670235
  landing: 0.27603925950825214
  view-data: 0.36442988738417625
