times:
  edit-metadata: 1.0919304778799415
  landing: 0.09170908574014902
  view-data: 0.23560547502711415
