times:
  edit-metadata: 0.9452992519363761
  landing: 0.06432423694059253
  view-data: 0.3300410872325301
