times:
  edit-metadata: 1.7492161309346557
  landing: 0.018527532927691936
  view-data: 0.13833840750157833
