times:
  edit-metadata: 1.8243110990151763
  landing: 0.14203878585249186
  view-data: 0.024044099263846874
