times:
  edit-metadata: 1.6352538838982582
  landing: 0.021200809627771378
  view-data: 0.025563664734363556
