times:
  edit-metadata: 1.6943392157554626
  landing: 0.15221532993018627
  view-data: 0.26464018784463406
