times:
  edit-metadata: 2.152532633394003
  landing: 0.36060346849262714
  view-data: 0.48063076473772526
