times:
  edit-metadata: 1.7696620170027018
  landing: 0.0251312255859375
  view-data: 0.0240313820540905
