times:
  edit-metadata: 1.7645665183663368
  landing: 0.13394798524677753
  view-data: 0.024218199774622917
