times:
  edit-metadata: 1.735752146691084
  landing: 0.12609130144119263
  view-data: 0.02552904188632965
