times:
  edit-metadata: 1.6580123603343964
  landing: 0.134920135140419
  view-data: 0.02546086721122265
