times:
  edit-metadata: 1.8085793238133192
  landing: 0.018219711259007454
  view-data: 0.31259920448064804
