times:
  edit-metadata: 0.994842812884599
  landing: 0.06822745967656374
  view-data: 0.24098844081163406
