times:
  edit-metadata: 1.9123009406030178
  landing: 0.14057470858097076
  view-data: 0.025444159284234047
