times:
  edit-metadata: 2.1756848599761724
  landing: 0.2814547847956419
  view-data: 0.3538202941417694
