times:
  edit-metadata: 0.8934061792679131
  landing: 0.06262027099728584
  view-data: 0.34534964291378856
