times:
  edit-metadata: 0.9429350271821022
  landing: 0.1413355558179319
  view-data: 0.2297290121205151
