times:
  edit-metadata: 2.1890060734003782
  landing: 0.021418027579784393
  view-data: 0.39186164550483227
