times:
  edit-metadata: 1.6580979265272617
  landing: 0.021669834852218628
  view-data: 0.02558908984065056
