times:
  edit-metadata: 1.7853248827159405
  landing: 0.028319411911070347
  view-data: 0.12284315098077059
