times:
  edit-metadata: 1.6552840620279312
  landing: 0.18859675899147987
  view-data: 0.13679080829024315
