times:
  edit-metadata: 0.8056323109194636
  landing: 0.07394498866051435
  view-data: 0.27568915020674467
