times:
  edit-metadata: 2.2659525480121374
  landing: 0.2546356115490198
  view-data: 0.3771427683532238
