times:
  edit-metadata: 1.7446527611464262
  landing: 0.23579319566488266
  view-data: 0.13358173985034227
