times:
  edit-metadata: 2.308433083817363
  landing: 0.029491376131772995
  view-data: 0.4803436379879713
