times:
  edit-metadata: 1.6331739407032728
  landing: 0.01871022954583168
  view-data: 0.026051467284560204
