times:
  edit-metadata: 1.8285724241286516
  landing: 0.2355694156140089
  view-data: 0.26779991388320923
