times:
  edit-metadata: 0.7452081651426852
  landing: 0.12679700180888176
  view-data: 0.24126082565635443
