times:
  edit-metadata: 1.736487040296197
  landing: 0.02059745229780674
  view-data: 0.022387659177184105
