times:
  edit-metadata: 1.8791712075471878
  landing: 0.026382705196738243
  view-data: 0.37220889516174793
