times:
  edit-metadata: 1.6518253087997437
  landing: 0.019766599871218204
  view-data: 0.1388958441093564
