times:
  edit-metadata: 1.9563174452632666
  landing: 0.15287036448717117
  view-data: 0.25876475125551224
