times:
  edit-metadata: 1.675430305302143
  landing: 0.21026268601417542
  view-data: 0.02356870472431183
