times:
  edit-metadata: 1.914143307134509
  landing: 0.3796896133571863
  view-data: 0.022696198895573616
