times:
  edit-metadata: 1.7530784448608756
  landing: 0.019548308104276657
  view-data: 0.02342991903424263
