times:
  edit-metadata: 1.7646695105358958
  landing: 0.23090096563100815
  view-data: 0.4284748351201415
