times:
  edit-metadata: 1.7182443123310804
  landing: 0.021612711250782013
  view-data: 0.3368029147386551
