times:
  edit-metadata: 1.694992583245039
  landing: 0.019235562533140182
  view-data: 0.02321103774011135
