times:
  edit-metadata: 1.8868950828909874
  landing: 0.2178402803838253
  view-data: 0.34943895041942596
