times:
  edit-metadata: 1.7527209557592869
  landing: 0.021709321066737175
  view-data: 0.15253454260528088
