times:
  edit-metadata: 0.9664387707598507
  landing: 0.056989967823028564
  view-data: 0.29804464196786284
