times:
  edit-metadata: 0.9815077073872089
  landing: 0.05740695586428046
  view-data: 0.2289037867449224
