times:
  edit-metadata: 1.8193437326699495
  landing: 0.02341756969690323
  view-data: 0.02789127081632614
