times:
  edit-metadata: 1.706689652055502
  landing: 0.2050058040767908
  view-data: 0.23770537879318
