times:
  edit-metadata: 0.7781494618393481
  landing: 0.05500807613134384
  view-data: 0.21743495808914304
