times:
  edit-metadata: 1.8295736545696855
  landing: 0.27796389628201723
  view-data: 0.3457361841574311
