times:
  edit-metadata: 1.7121772291138768
  landing: 0.02069834526628256
  view-data: 0.4452018430456519
