times:
  edit-metadata: 1.7515857461839914
  landing: 0.20916999876499176
  view-data: 0.023373421281576157
