times:
  edit-metadata: 1.6265797819942236
  landing: 0.021558620035648346
  view-data: 0.025154363363981247
