times:
  edit-metadata: 1.8706496730446815
  landing: 0.16878974996507168
  view-data: 0.1558949612081051
