times:
  edit-metadata: 0.7657664828002453
  landing: 0.09901889879256487
  view-data: 0.3268309999257326
