times:
  edit-metadata: 1.9359210338443518
  landing: 0.24339205957949162
  view-data: 0.27794529125094414
