times:
  edit-metadata: 1.9165945779532194
  landing: 0.20647802017629147
  view-data: 0.0283168014138937
