times:
  edit-metadata: 1.6503250505775213
  landing: 0.021521389484405518
  view-data: 0.12387949042022228
