times:
  edit-metadata: 0.8885892610996962
  landing: 0.08873751107603312
  view-data: 0.23042086698114872
