times:
  edit-metadata: 1.7345325276255608
  landing: 0.18942717462778091
  view-data: 0.023630190640687943
