times:
  edit-metadata: 1.9302559029310942
  landing: 0.15159113891422749
  view-data: 0.16884679719805717
