times:
  edit-metadata: 1.679618353024125
  landing: 0.020692862570285797
  view-data: 0.025310417637228966
