times:
  edit-metadata: 0.820186261087656
  landing: 0.13129665283486247
  view-data: 0.284837881103158
