times:
  edit-metadata: 1.672850839793682
  landing: 0.023740844801068306
  view-data: 0.36911777406930923
