times:
  edit-metadata: 1.705335684120655
  landing: 0.022920604795217514
  view-data: 0.02485448494553566
