times:
  edit-metadata: 2.2017681431025267
  landing: 0.0268320357427001
  view-data: 0.02297249808907509
