times:
  edit-metadata: 1.6792399697005749
  landing: 0.017652327194809914
  view-data: 0.024443402886390686
