times:
  edit-metadata: 1.6579382233321667
  landing: 0.022571556270122528
  view-data: 0.02729707956314087
