times:
  edit-metadata: 1.9156489558517933
  landing: 0.15844416618347168
  view-data: 0.12733173370361328
