times:
  edit-metadata: 2.033590942621231
  landing: 0.02201233059167862
  view-data: 0.1378216277807951
