times:
  edit-metadata: 0.9319717627950013
  landing: 0.09602216491475701
  view-data: 0.2983716940507293
