times:
  edit-metadata: 1.6810975056141615
  landing: 0.02203739434480667
  view-data: 0.025804107077419758
