times:
  edit-metadata: 1.6445901077240705
  landing: 0.02135520614683628
  view-data: 0.12231308035552502
