times:
  edit-metadata: 1.6310205850750208
  landing: 0.022121498361229897
  view-data: 0.02726304903626442
