times:
  edit-metadata: 2.0509494869038463
  landing: 0.14664576202630997
  view-data: 0.1817202167585492
