times:
  edit-metadata: 1.6516480799764395
  landing: 0.1337310541421175
  view-data: 0.022484339773654938
