times:
  edit-metadata: 1.6679034642875195
  landing: 0.019842682406306267
  view-data: 0.023839153349399567
