times:
  edit-metadata: 1.5815346809104085
  landing: 0.19514654390513897
  view-data: 0.4650006350129843
