times:
  edit-metadata: 1.748646312393248
  landing: 0.19755753874778748
  view-data: 0.23109953105449677
