times:
  edit-metadata: 1.722221752628684
  landing: 0.12309164367616177
  view-data: 0.25081480853259563
