times:
  edit-metadata: 1.703009944409132
  landing: 0.021004291251301765
  view-data: 0.02636605128645897
