times:
  edit-metadata: 2.182618211954832
  landing: 0.22185156866908073
  view-data: 0.3767923079431057
