times:
  edit-metadata: 1.8586527239531279
  landing: 0.15269029140472412
  view-data: 0.33901541121304035
