times:
  edit-metadata: 1.7575380839407444
  landing: 0.020014073699712753
  view-data: 0.13190161436796188
