times:
  edit-metadata: 1.643173448741436
  landing: 0.1898647751659155
  view-data: 0.2899336125701666
