times:
  edit-metadata: 1.6484418641775846
  landing: 0.018385259434580803
  view-data: 0.4652901440858841
