times:
  edit-metadata: 0.7944549089297652
  landing: 0.05146009800955653
  view-data: 0.22681860905140638
