times:
  edit-metadata: 1.6686853393912315
  landing: 0.01966988481581211
  view-data: 0.025323379784822464
