times:
  edit-metadata: 0.7857404490932822
  landing: 0.051934815011918545
  view-data: 0.2218268122524023
