times:
  edit-metadata: 1.707012826576829
  landing: 0.12046678178012371
  view-data: 0.34313027933239937
