times:
  edit-metadata: 1.7916956972330809
  landing: 0.20511706545948982
  view-data: 0.12941821664571762
