times:
  edit-metadata: 1.727705929428339
  landing: 0.018781768158078194
  view-data: 0.02659076638519764
