times:
  edit-metadata: 1.629129134118557
  landing: 0.02167881466448307
  view-data: 0.02704290859401226
