times:
  edit-metadata: 1.5927882827818394
  landing: 0.02106035314500332
  view-data: 0.12494557909667492
