times:
  edit-metadata: 1.6364893689751625
  landing: 0.02268928661942482
  view-data: 0.026283876970410347
