times:
  edit-metadata: 1.7164942808449268
  landing: 0.11694136448204517
  view-data: 0.12653890810906887
