times:
  edit-metadata: 1.7297329641878605
  landing: 0.021857451647520065
  view-data: 0.28356124460697174
