times:
  edit-metadata: 1.6902769673615694
  landing: 0.025297675281763077
  view-data: 0.024981068447232246
