times:
  edit-metadata: 1.6558955740183592
  landing: 0.022830450907349586
  view-data: 0.027580048888921738
