times:
  edit-metadata: 1.6896539404988289
  landing: 0.0201371181756258
  view-data: 0.33729661628603935
