times:
  edit-metadata: 1.6438254853710532
  landing: 0.019698343239724636
  view-data: 0.027791126631200314
