times:
  edit-metadata: 1.7247078940272331
  landing: 0.1373438835144043
  view-data: 0.12633577175438404
