times:
  edit-metadata: 2.032809676602483
  landing: 0.019136997871100903
  view-data: 0.024219833314418793
