times:
  edit-metadata: 0.7388048977591097
  landing: 0.06368648400530219
  view-data: 0.22257533902302384
