times:
  edit-metadata: 3.6460933461785316
  landing: 0.4051451049745083
  view-data: 0.3629786092787981
