times:
  edit-metadata: 1.6761369612067938
  landing: 0.1713507305830717
  view-data: 0.47671076375991106
