times:
  edit-metadata: 2.2886908315122128
  landing: 0.33923524618148804
  view-data: 0.46613093093037605
