times:
  edit-metadata: 1.8989679962396622
  landing: 0.022550459951162338
  view-data: 0.22125891037285328
