times:
  edit-metadata: 2.013551499694586
  landing: 0.0687142014503479
  view-data: 0.3055174872279167
