times:
  edit-metadata: 0.9294580202549696
  landing: 0.05616375617682934
  view-data: 0.3301954981870949
