times:
  edit-metadata: 2.069852650165558
  landing: 0.22162873297929764
  view-data: 0.47252288833260536
