times:
  edit-metadata: 1.9158821366727352
  landing: 0.1718047857284546
  view-data: 0.14347096718847752
