times:
  edit-metadata: 1.0787703772075474
  landing: 0.08803941821679473
  view-data: 0.22306068381294608
