times:
  edit-metadata: 2.026781426742673
  landing: 0.14579667896032333
  view-data: 0.37228586338460445
