times:
  edit-metadata: 1.67830996401608
  landing: 0.16256351955235004
  view-data: 0.2945690732449293
