times:
  edit-metadata: 1.6475641801953316
  landing: 0.025044290348887444
  view-data: 0.025805065408349037
