times:
  edit-metadata: 1.7234656736254692
  landing: 0.021419845521450043
  view-data: 0.14218183979392052
