times:
  edit-metadata: 1.6602627485990524
  landing: 0.1334375198930502
  view-data: 0.028241897001862526
