times:
  edit-metadata: 1.8658827263861895
  landing: 0.025771446526050568
  view-data: 0.31055939570069313
