times:
  edit-metadata: 1.681870274245739
  landing: 0.022961733862757683
  view-data: 0.09886953420937061
