times:
  edit-metadata: 2.0224491003900766
  landing: 0.021514429710805416
  view-data: 0.48389306757599115
