times:
  edit-metadata: 1.7885530153289437
  landing: 0.13115354254841805
  view-data: 0.02641055267304182
