times:
  edit-metadata: 0.8754367008805275
  landing: 0.08601174922659993
  view-data: 0.29306414164602757
