times:
  edit-metadata: 1.6648266818374395
  landing: 0.14663063921034336
  view-data: 0.12448750250041485
