times:
  edit-metadata: 1.6654688585549593
  landing: 0.022553758695721626
  view-data: 0.02661600522696972
