times:
  edit-metadata: 1.762155445292592
  landing: 0.021884245797991753
  view-data: 0.024805650115013123
