times:
  edit-metadata: 2.0561583153903484
  landing: 0.29343188740313053
  view-data: 0.2509769257158041
