times:
  edit-metadata: 1.6038081934675574
  landing: 0.23130828328430653
  view-data: 0.4750038618221879
