times:
  edit-metadata: 1.6266125068068504
  landing: 0.022762522101402283
  view-data: 0.264889108017087
