times:
  edit-metadata: 0.7928173872642219
  landing: 0.06285315100103617
  view-data: 0.21603859029710293
