times:
  edit-metadata: 1.6902341842651367
  landing: 0.02020324021577835
  view-data: 0.022828565910458565
