times:
  edit-metadata: 1.9119154904037714
  landing: 0.11814090423285961
  view-data: 0.12590639665722847
