times:
  edit-metadata: 1.6696363147348166
  landing: 0.022490491159260273
  view-data: 0.3894268637523055
