times:
  edit-metadata: 2.554839512333274
  landing: 0.2755103502422571
  view-data: 0.24913405999541283
