times:
  edit-metadata: 0.7845320226624608
  landing: 0.06083548627793789
  view-data: 0.22681052004918456
