times:
  edit-metadata: 1.6317601595073938
  landing: 0.021897288039326668
  view-data: 0.026745980605483055
