times:
  edit-metadata: 1.730602152645588
  landing: 0.01872905343770981
  view-data: 0.023201163858175278
