times:
  edit-metadata: 1.8261777199804783
  landing: 0.2810514662414789
  view-data: 0.13940124958753586
