times:
  edit-metadata: 1.7848009299486876
  landing: 0.13562155701220036
  view-data: 0.027263863012194633
