times:
  edit-metadata: 1.649216266348958
  landing: 0.1879315171390772
  view-data: 0.1434830855578184
