times:
  edit-metadata: 1.6739949081093073
  landing: 0.020949997007846832
  view-data: 0.028430379927158356
