times:
  edit-metadata: 1.9096220098435879
  landing: 0.2634014002978802
  view-data: 0.024799242615699768
