times:
  edit-metadata: 1.6413354575634003
  landing: 0.02191107627004385
  view-data: 0.4275318328291178
