times:
  edit-metadata: 1.6208074446767569
  landing: 0.10987751930952072
  view-data: 0.024357032030820847
