times:
  edit-metadata: 1.9918670430779457
  landing: 0.3505331687629223
  view-data: 0.46739919297397137
