times:
  edit-metadata: 1.9135995786637068
  landing: 0.16190733015537262
  view-data: 0.1454090029001236
