times:
  edit-metadata: 1.6581368558108807
  landing: 0.021821003407239914
  view-data: 0.12429059855639935
