times:
  edit-metadata: 2.4868180323392153
  landing: 0.19413251616060734
  view-data: 0.665939187631011
