times:
  edit-metadata: 1.6611243896186352
  landing: 0.02293323166668415
  view-data: 0.02805994637310505
