times:
  edit-metadata: 1.6846593711525202
  landing: 0.019529208540916443
  view-data: 0.47067469730973244
