times:
  edit-metadata: 1.7896543871611357
  landing: 0.0230365302413702
  view-data: 0.5031944494694471
