times:
  edit-metadata: 2.2558405082672834
  landing: 0.1980967279523611
  view-data: 0.3717151191085577
