times:
  edit-metadata: 0.9072093670256436
  landing: 0.0694964500144124
  view-data: 0.29219503700733185
