times:
  edit-metadata: 1.6604800168424845
  landing: 0.019273100420832634
  view-data: 0.024055348709225655
