times:
  edit-metadata: 1.7505226973444223
  landing: 0.19660199247300625
  view-data: 0.02314116805791855
