times:
  edit-metadata: 1.7227777922526002
  landing: 0.20904455333948135
  view-data: 0.023857394233345985
