times:
  edit-metadata: 0.9707091771997511
  landing: 0.07330410787835717
  view-data: 0.29601472010836005
