times:
  edit-metadata: 1.7528566056862473
  landing: 0.1297442400828004
  view-data: 0.13675370533019304
