times:
  edit-metadata: 1.681100806221366
  landing: 0.019715379923582077
  view-data: 0.2270500287413597
