times:
  edit-metadata: 1.6766603235155344
  landing: 0.2511868495494127
  view-data: 0.30941878352314234
