times:
  edit-metadata: 1.6841256525367498
  landing: 0.022487498819828033
  view-data: 0.1392142092809081
