times:
  edit-metadata: 1.6974217873066664
  landing: 0.13886267878115177
  view-data: 0.026810595765709877
