times:
  edit-metadata: 0.39233059622347355
  landing: 0.04390066768974066
  view-data: 0.21003297250717878
