times:
  edit-metadata: 0.39880642853677273
  landing: 0.04523635562509298
  view-data: 0.2022696128115058
