times:
  edit-metadata: 1.3076463537290692
  landing: 0.01893103402107954
  view-data: 0.024950968101620674
