times:
  edit-metadata: 1.7612397205084562
  landing: 0.2574466969817877
  view-data: 0.3238239046186209
