times:
  edit-metadata: 1.230951958335936
  landing: 0.020063215866684914
  view-data: 0.024611864238977432
