times:
  edit-metadata: 0.3643349912017584
  landing: 0.04175707418471575
  view-data: 0.194138802587986
