times:
  edit-metadata: 0.5877361739985645
  landing: 0.05759843019768596
  view-data: 0.22187220631167293
