times:
  edit-metadata: 0.384984718170017
  landing: 0.04015922825783491
  view-data: 0.3332564611919224
