times:
  edit-metadata: 1.2213525595143437
  landing: 0.02074270136654377
  view-data: 0.23104314133524895
