times:
  edit-metadata: 1.2153561478480697
  landing: 0.020725817419588566
  view-data: 0.13370786979794502
