times:
  edit-metadata: 1.534120850265026
  landing: 0.0213431678712368
  view-data: 0.024190416559576988
