times:
  edit-metadata: 0.5110068749636412
  landing: 0.04755713511258364
  view-data: 0.2099259956739843
