times:
  edit-metadata: 0.39971943479031324
  landing: 0.05173511803150177
  view-data: 0.21261162869632244
