times:
  edit-metadata: 1.3579232562333345
  landing: 0.2287444081157446
  view-data: 0.12973619997501373
