times:
  edit-metadata: 1.3460613321512938
  landing: 0.12095615547150373
  view-data: 0.0248585632070899
