times:
  edit-metadata: 1.3975574132055044
  landing: 0.19849677942693233
  view-data: 0.31108060851693153
