times:
  edit-metadata: 1.3381928745657206
  landing: 0.20629728212952614
  view-data: 0.33412477746605873
