times:
  edit-metadata: 1.3523390041664243
  landing: 0.19093800336122513
  view-data: 0.1255454095080495
