times:
  edit-metadata: 0.7285914621315897
  landing: 0.05196847906336188
  view-data: 0.2140169618651271
