times:
  edit-metadata: 1.331179667264223
  landing: 0.020724408328533173
  view-data: 0.34902655333280563
