times:
  edit-metadata: 1.258463361300528
  landing: 0.02310927025973797
  view-data: 0.023401519283652306
