times:
  edit-metadata: 1.5285302717238665
  landing: 0.17264499701559544
  view-data: 0.4558580443263054
