times:
  edit-metadata: 1.4946081936359406
  landing: 0.1806604042649269
  view-data: 0.3701673876494169
