times:
  edit-metadata: 1.3114996869117022
  landing: 0.021712633781135082
  view-data: 0.24132144078612328
