times:
  edit-metadata: 1.306067556142807
  landing: 0.019787240773439407
  view-data: 0.024409299716353416
