times:
  edit-metadata: 1.2318565268069506
  landing: 0.02218907978385687
  view-data: 0.027859773486852646
