times:
  edit-metadata: 1.2006881209090352
  landing: 0.020345523953437805
  view-data: 0.44641040824353695
