times:
  edit-metadata: 1.4447104018181562
  landing: 0.18950906954705715
  view-data: 0.02515828050673008
