times:
  edit-metadata: 1.3232869859784842
  landing: 0.018878181464970112
  view-data: 0.14405821450054646
