times:
  edit-metadata: 1.2039313521236181
  landing: 0.02032578270882368
  view-data: 0.09978827834129333
