times:
  edit-metadata: 0.3897382952272892
  landing: 0.04775126837193966
  view-data: 0.33049027621746063
