times:
  edit-metadata: 1.314891204237938
  landing: 0.15327646490186453
  view-data: 0.13547507021576166
