times:
  edit-metadata: 1.4383420404046774
  landing: 0.12764048390090466
  view-data: 0.02590915746986866
