times:
  edit-metadata: 1.265008356422186
  landing: 0.020929685793817043
  view-data: 0.474031968973577
