times:
  edit-metadata: 1.2616681400686502
  landing: 0.019195793196558952
  view-data: 0.02437458373606205
