times:
  edit-metadata: 1.2533179707825184
  landing: 0.2014874266460538
  view-data: 0.1547625409439206
