times:
  edit-metadata: 1.1891386462375522
  landing: 0.11532788351178169
  view-data: 0.027392832562327385
