times:
  edit-metadata: 1.3541267793625593
  landing: 0.1366818193346262
  view-data: 0.023277033120393753
