times:
  edit-metadata: 1.5662137512117624
  landing: 0.3193426337093115
  view-data: 0.3093728683888912
