times:
  edit-metadata: 1.270920923911035
  landing: 0.02101733908057213
  view-data: 0.026791338808834553
