times:
  edit-metadata: 1.2525903973728418
  landing: 0.21107932925224304
  view-data: 0.385200435295701
