times:
  edit-metadata: 1.2545945150777698
  landing: 0.01957004703581333
  view-data: 0.39644164126366377
