times:
  edit-metadata: 1.2550050113350153
  landing: 0.19798037502914667
  view-data: 0.3680448392406106
