times:
  edit-metadata: 1.2882550982758403
  landing: 0.019335384480655193
  view-data: 0.5634139580652118
