times:
  edit-metadata: 1.2804991453886032
  landing: 0.16822460107505322
  view-data: 0.02793739177286625
