times:
  edit-metadata: 1.3001683847978711
  landing: 0.24022536259144545
  view-data: 0.4289816487580538
