times:
  edit-metadata: 1.3313388265669346
  landing: 0.018723723478615284
  view-data: 0.4365548677742481
