times:
  edit-metadata: 0.8092413218691945
  landing: 0.09388877777382731
  view-data: 0.22788319271057844
