times:
  edit-metadata: 1.3664102591574192
  landing: 0.1356759499758482
  view-data: 0.05415378324687481
