times:
  edit-metadata: 1.2998093627393246
  landing: 0.02070230431854725
  view-data: 0.30867660976946354
