times:
  edit-metadata: 1.3223071685060859
  landing: 0.22882027830928564
  view-data: 0.28422602731734514
