times:
  edit-metadata: 1.3601948153227568
  landing: 0.01969803124666214
  view-data: 0.32336697168648243
