times:
  edit-metadata: 0.5101757477968931
  landing: 0.15291692642495036
  view-data: 0.21132841426879168
