times:
  edit-metadata: 0.37987980619072914
  landing: 0.04354736860841513
  view-data: 0.20559468865394592
