times:
  edit-metadata: 1.3573706783354282
  landing: 0.020792956463992596
  view-data: 0.026731927879154682
