times:
  edit-metadata: 0.39387496188282967
  landing: 0.044867414981126785
  view-data: 0.19492538087069988
