times:
  edit-metadata: 1.4765369445085526
  landing: 0.20549087785184383
  view-data: 0.14379541762173176
