times:
  edit-metadata: 0.3821644987910986
  landing: 0.04710833448916674
  view-data: 0.2069101631641388
