times:
  edit-metadata: 1.2090728543698788
  landing: 0.02060864958912134
  view-data: 0.022350122220814228
