times:
  edit-metadata: 1.5453717112541199
  landing: 0.21395140700042248
  view-data: 0.17600181140005589
