times:
  edit-metadata: 1.2029773071408272
  landing: 0.1157250888645649
  view-data: 0.023382026702165604
