times:
  edit-metadata: 1.3179701557382941
  landing: 0.2173400865867734
  view-data: 0.1607726886868477
