times:
  edit-metadata: 1.3276920542120934
  landing: 0.2545359656214714
  view-data: 0.1453411253169179
