times:
  edit-metadata: 1.332670271396637
  landing: 0.15574431791901588
  view-data: 0.024765316396951675
