times:
  edit-metadata: 1.306351900100708
  landing: 0.02055434137582779
  view-data: 0.9293208662420511
