times:
  edit-metadata: 1.3408197415992618
  landing: 0.19044944643974304
  view-data: 0.42370433919131756
