times:
  edit-metadata: 1.5577457025647163
  landing: 0.23607293888926506
  view-data: 0.029288452118635178
