times:
  edit-metadata: 1.347583363763988
  landing: 0.023231707513332367
  view-data: 0.4817504212260246
