times:
  edit-metadata: 1.29617353156209
  landing: 0.24040049873292446
  view-data: 0.21666669100522995
