times:
  edit-metadata: 0.49182247929275036
  landing: 0.04449655907228589
  view-data: 0.28310600109398365
