times:
  edit-metadata: 0.38451824709773064
  landing: 0.04338202718645334
  view-data: 0.4543644650839269
