times:
  edit-metadata: 0.39367791824042797
  landing: 0.05306996498256922
  view-data: 0.20093384105712175
