times:
  edit-metadata: 0.3918509054929018
  landing: 0.044290282763540745
  view-data: 0.19658003561198711
