times:
  edit-metadata: 1.3355510579422116
  landing: 0.021782309748232365
  view-data: 0.12712964415550232
