times:
  edit-metadata: 1.2418106840923429
  landing: 0.18923672009259462
  view-data: 0.10338089521974325
