times:
  edit-metadata: 0.5635088700801134
  landing: 0.0896464572288096
  view-data: 0.21555667277425528
