times:
  edit-metadata: 1.3237280081957579
  landing: 0.12014195416122675
  view-data: 0.02364219818264246
