times:
  edit-metadata: 1.2925928048789501
  landing: 0.021384001709520817
  view-data: 0.02359385322779417
