times:
  edit-metadata: 1.266809605062008
  landing: 0.021022490225732327
  view-data: 0.024368961341679096
