times:
  edit-metadata: 1.7485058885067701
  landing: 0.29001343436539173
  view-data: 0.31004511564970016
