times:
  edit-metadata: 1.3514765743166208
  landing: 0.2007079403847456
  view-data: 0.21195962093770504
