times:
  edit-metadata: 1.5557899549603462
  landing: 0.019378427416086197
  view-data: 0.022363075986504555
