times:
  edit-metadata: 1.4008345399051905
  landing: 0.12149820104241371
  view-data: 0.12162471935153008
