times:
  edit-metadata: 0.5461332071572542
  landing: 0.07791865197941661
  view-data: 0.3109645531512797
