times:
  edit-metadata: 1.2664507888257504
  landing: 0.2514177989214659
  view-data: 0.40772571600973606
