times:
  edit-metadata: 1.3295966386795044
  landing: 0.0195857435464859
  view-data: 0.024823348969221115
