times:
  edit-metadata: 1.2164861029013991
  landing: 0.02088312152773142
  view-data: 0.09761192463338375
