times:
  edit-metadata: 1.4423358011990786
  landing: 0.021648211404681206
  view-data: 0.36514061503112316
