times:
  edit-metadata: 0.382186871021986
  landing: 0.042597755789756775
  view-data: 0.19198432750999928
