times:
  edit-metadata: 1.3411283921450377
  landing: 0.019738128408789635
  view-data: 0.21664514672011137
