times:
  edit-metadata: 0.3815995901823044
  landing: 0.04201510548591614
  view-data: 0.19794500153511763
