times:
  edit-metadata: 0.38525901548564434
  landing: 0.050181382335722446
  view-data: 0.1958547281101346
