times:
  edit-metadata: 0.3909512758255005
  landing: 0.044729482382535934
  view-data: 0.33430805429816246
