times:
  edit-metadata: 1.3169733230024576
  landing: 0.024301163852214813
  view-data: 0.026400409638881683
