times:
  edit-metadata: 1.8510840237140656
  landing: 0.2619809750467539
  view-data: 0.0577714703977108
