times:
  edit-metadata: 0.6469512670300901
  landing: 0.0745818498544395
  view-data: 0.3131255921907723
