times:
  edit-metadata: 1.3937794994562864
  landing: 0.01929475925862789
  view-data: 0.02633492834866047
