times:
  edit-metadata: 0.3782937787473202
  landing: 0.04431956075131893
  view-data: 0.20355896279215813
