times:
  edit-metadata: 1.2678564842790365
  landing: 0.01960467454046011
  view-data: 0.4373751198872924
