times:
  edit-metadata: 1.3060320001095533
  landing: 0.12023740261793137
  view-data: 0.13852809742093086
