times:
  edit-metadata: 1.3655430553480983
  landing: 0.13154375925660133
  view-data: 0.2934027938172221
