times:
  edit-metadata: 1.3341814074665308
  landing: 0.01965640764683485
  view-data: 0.4374209027737379
