times:
  edit-metadata: 0.38561194110661745
  landing: 0.03859817050397396
  view-data: 0.3372771004214883
