times:
  edit-metadata: 1.3257967177778482
  landing: 0.022905223071575165
  view-data: 0.2947402745485306
