times:
  edit-metadata: 1.2702959831804037
  landing: 0.018660971894860268
  view-data: 0.025656819343566895
