times:
  edit-metadata: 0.39862774685025215
  landing: 0.042539140209555626
  view-data: 0.19498796295374632
