times:
  edit-metadata: 1.364537470974028
  landing: 0.13588559534400702
  view-data: 0.4105134457349777
