times:
  edit-metadata: 2.046149240806699
  landing: 0.24486666359007359
  view-data: 0.4881560578942299
