times:
  edit-metadata: 1.3489694008603692
  landing: 0.019547125324606895
  view-data: 0.1205569775775075
