times:
  edit-metadata: 0.38051282800734043
  landing: 0.04205274861305952
  view-data: 0.19825079664587975
