times:
  edit-metadata: 0.40772816725075245
  landing: 0.04417800810188055
  view-data: 0.23277206905186176
