times:
  edit-metadata: 1.3196392767131329
  landing: 0.021809276193380356
  view-data: 0.18776429072022438
