times:
  edit-metadata: 1.6434888308867812
  landing: 0.041337691247463226
  view-data: 0.5488891564309597
