times:
  edit-metadata: 1.5082204639911652
  landing: 0.32804576493799686
  view-data: 0.28011393919587135
