times:
  edit-metadata: 1.2851290330290794
  landing: 0.24440443515777588
  view-data: 0.02312695886939764
