times:
  edit-metadata: 1.4292372986674309
  landing: 0.02301768772304058
  view-data: 0.1379631571471691
