times:
  edit-metadata: 1.203032886609435
  landing: 0.15963813196867704
  view-data: 0.21809939853847027
