times:
  edit-metadata: 0.5405606706626713
  landing: 0.05365475686267018
  view-data: 0.29320737812668085
