times:
  edit-metadata: 1.2407326679676771
  landing: 0.2031840644776821
  view-data: 0.11886570416390896
