times:
  edit-metadata: 1.4445096552371979
  landing: 0.22384384274482727
  view-data: 0.2360812909901142
