times:
  edit-metadata: 1.6176632779970532
  landing: 0.2662569060048554
  view-data: 0.45045157299318817
