times:
  edit-metadata: 1.3697982877492905
  landing: 0.11746676545590162
  view-data: 0.7139685489237309
