times:
  edit-metadata: 0.5496229669079185
  landing: 0.07545440597459674
  view-data: 0.2224195604212582
