times:
  edit-metadata: 1.2527149394154549
  landing: 0.02350295800715685
  view-data: 0.09432819858193398
