times:
  edit-metadata: 1.3403910845518112
  landing: 0.25472502782940865
  view-data: 0.29805964045226574
