times:
  edit-metadata: 0.5101943868212402
  landing: 0.0527100027538836
  view-data: 0.2946759960614145
