times:
  edit-metadata: 1.6999091804027557
  landing: 0.24092222191393375
  view-data: 0.30455861799418926
