times:
  edit-metadata: 1.3582552699372172
  landing: 0.022134318947792053
  view-data: 0.023127811029553413
