times:
  edit-metadata: 1.2415278535336256
  landing: 0.021237129345536232
  view-data: 0.29179087467491627
