times:
  edit-metadata: 1.5590799525380135
  landing: 0.22826399467885494
  view-data: 0.16261029057204723
