times:
  edit-metadata: 1.2274428457021713
  landing: 0.019661488011479378
  view-data: 0.10167763382196426
