times:
  edit-metadata: 1.3482561483979225
  landing: 0.02101597748696804
  view-data: 0.1378430463373661
