times:
  edit-metadata: 1.2292979825288057
  landing: 0.20859173871576786
  view-data: 0.11668920051306486
