times:
  edit-metadata: 1.4833823181688786
  landing: 0.12961102835834026
  view-data: 0.30342307314276695
