times:
  edit-metadata: 1.2946457052603364
  landing: 0.17204444110393524
  view-data: 0.3590257875621319
