times:
  edit-metadata: 1.2609603824093938
  landing: 0.22807991411536932
  view-data: 0.46968238335102797
