times:
  edit-metadata: 1.3135415706783533
  landing: 0.2051808051764965
  view-data: 0.39478372782468796
