times:
  edit-metadata: 0.40199307166039944
  landing: 0.04555163625627756
  view-data: 0.19943587388843298
