times:
  edit-metadata: 1.3551020324230194
  landing: 0.02013911958783865
  view-data: 0.4246481116861105
