times:
  edit-metadata: 1.429208878427744
  landing: 0.26668801717460155
  view-data: 0.16585572808980942
