times:
  edit-metadata: 1.7250023111701012
  landing: 0.04586293734610081
  view-data: 0.05112137086689472
