times:
  edit-metadata: 1.2552693979814649
  landing: 0.020307812839746475
  view-data: 0.4684039633721113
