times:
  edit-metadata: 1.2645382573828101
  landing: 0.02223526779562235
  view-data: 0.022565401159226894
