times:
  edit-metadata: 1.314555504359305
  landing: 0.16227108053863049
  view-data: 0.4309794772416353
