times:
  edit-metadata: 1.437029356136918
  landing: 0.0204825596883893
  view-data: 0.49226136039942503
