times:
  edit-metadata: 1.3081793962046504
  landing: 0.14098472148180008
  view-data: 0.02727959305047989
