times:
  edit-metadata: 1.4002373162657022
  landing: 0.04675072804093361
  view-data: 0.02685191109776497
