times:
  edit-metadata: 1.3582976777106524
  landing: 0.024141432717442513
  view-data: 0.33968878723680973
