times:
  edit-metadata: 1.3406585855409503
  landing: 0.019660349003970623
  view-data: 0.02480028849095106
