times:
  edit-metadata: 1.2082623830065131
  landing: 0.1523898895829916
  view-data: 0.2397960852831602
