times:
  edit-metadata: 1.3476592358201742
  landing: 0.1380693633109331
  view-data: 0.3261795658618212
