times:
  edit-metadata: 1.279030242934823
  landing: 0.023792030289769173
  view-data: 0.028424984775483608
