times:
  edit-metadata: 1.6832818072289228
  landing: 0.02333288174122572
  view-data: 0.023292435333132744
