times:
  edit-metadata: 1.8298931922763586
  landing: 0.26191800832748413
  view-data: 0.06127086281776428
