times:
  edit-metadata: 1.2765451082959771
  landing: 0.13639009464532137
  view-data: 0.38243740051984787
