times:
  edit-metadata: 0.5297007071785629
  landing: 0.0422234321013093
  view-data: 0.20563127240166068
