times:
  edit-metadata: 1.3150982111692429
  landing: 0.12578965723514557
  view-data: 0.02343549020588398
