times:
  edit-metadata: 1.7083134446293116
  landing: 0.18652198277413845
  view-data: 0.3196700569242239
