times:
  edit-metadata: 1.3649539612233639
  landing: 0.1297661680728197
  view-data: 0.025636805221438408
