times:
  edit-metadata: 1.4956373162567616
  landing: 0.13245437666773796
  view-data: 0.5780860353261232
