times:
  edit-metadata: 1.2382770422846079
  landing: 0.019963638857007027
  view-data: 0.027676086872816086
