times:
  edit-metadata: 1.4456881675869226
  landing: 0.18391339108347893
  view-data: 0.3604848328977823
