times:
  edit-metadata: 0.45639956602826715
  landing: 0.07359086535871029
  view-data: 0.2654638118110597
