times:
  edit-metadata: 1.3022575452923775
  landing: 0.244095366448164
  view-data: 0.1273721568286419
