times:
  edit-metadata: 0.4297669529914856
  landing: 0.04275546595454216
  view-data: 0.20514348521828651
