times:
  edit-metadata: 1.3337515629827976
  landing: 0.20364379324018955
  view-data: 0.026398560032248497
