times:
  edit-metadata: 1.2283321730792522
  landing: 0.021709988825023174
  view-data: 0.025718330405652523
