times:
  edit-metadata: 0.5141177722252905
  landing: 0.043546468019485474
  view-data: 0.21104812901467085
