times:
  edit-metadata: 1.3576557356864214
  landing: 0.021314295008778572
  view-data: 0.024223648011684418
