times:
  edit-metadata: 0.4073985954746604
  landing: 0.039985972456634045
  view-data: 0.19456251803785563
