times:
  edit-metadata: 0.38124755769968033
  landing: 0.04982063826173544
  view-data: 0.21409410052001476
