times:
  edit-metadata: 1.340241220779717
  landing: 0.020716886967420578
  view-data: 0.023962742649018764
