times:
  edit-metadata: 1.3737128432840109
  landing: 0.1916254973039031
  view-data: 0.2428636271506548
