times:
  edit-metadata: 1.336139464750886
  landing: 0.12255469150841236
  view-data: 0.3201871272176504
