times:
  edit-metadata: 1.2569569125771523
  landing: 0.02094545215368271
  view-data: 0.024604255333542824
