times:
  edit-metadata: 1.2814554050564766
  landing: 0.11963233910501003
  view-data: 0.3701897505670786
