times:
  edit-metadata: 1.298828192986548
  landing: 0.020179642364382744
  view-data: 0.1375280860811472
