times:
  edit-metadata: 1.4565290287137032
  landing: 0.021815292537212372
  view-data: 0.024936284869909286
