times:
  edit-metadata: 0.38197264075279236
  landing: 0.04201273340731859
  view-data: 0.3403646079823375
