times:
  edit-metadata: 1.3221233589574695
  landing: 0.020253914408385754
  view-data: 0.4119199886918068
