times:
  edit-metadata: 1.4859982077032328
  landing: 0.019257351756095886
  view-data: 0.02968267910182476
