times:
  edit-metadata: 1.5346546471118927
  landing: 0.20814308896660805
  view-data: 0.3157188408076763
