times:
  edit-metadata: 1.277566459029913
  landing: 0.02262244839221239
  view-data: 0.09675889369100332
