times:
  edit-metadata: 1.2093940479680896
  landing: 0.11882462352514267
  view-data: 0.12446944881230593
