times:
  edit-metadata: 1.306971237063408
  landing: 0.020850922912359238
  view-data: 0.5788423474878073
