times:
  edit-metadata: 1.2701147012412548
  landing: 0.021488292142748833
  view-data: 0.026600096374750137
