times:
  edit-metadata: 1.2437283182516694
  landing: 0.02258926536887884
  view-data: 0.4090221729129553
