times:
  edit-metadata: 1.3658947106450796
  landing: 0.11753414943814278
  view-data: 0.025057531893253326
