times:
  edit-metadata: 0.6762278228998184
  landing: 0.07735060201957822
  view-data: 0.21018024999648333
