times:
  edit-metadata: 1.2623026836663485
  landing: 0.10905854776501656
  view-data: 0.026656202971935272
