times:
  edit-metadata: 0.6568799936212599
  landing: 0.05609413608908653
  view-data: 0.29391023702919483
