times:
  edit-metadata: 1.7041162252426147
  landing: 0.1760070826858282
  view-data: 0.34399460442364216
