times:
  edit-metadata: 1.33635083027184
  landing: 0.13095827121287584
  view-data: 0.13998226914554834
