times:
  edit-metadata: 1.3723708298057318
  landing: 0.183289160951972
  view-data: 0.025572726503014565
