times:
  edit-metadata: 0.38786087092012167
  landing: 0.0409786649979651
  view-data: 0.5592484497465193
