times:
  edit-metadata: 1.3559895809739828
  landing: 0.019796695560216904
  view-data: 0.10155702009797096
