times:
  edit-metadata: 0.5122586949728429
  landing: 0.07004885887727141
  view-data: 0.216755713801831
