times:
  edit-metadata: 0.3939946638420224
  landing: 0.04474880639463663
  view-data: 0.33307626750320196
