times:
  edit-metadata: 1.2419483251869678
  landing: 0.020033979788422585
  view-data: 0.12248428910970688
