times:
  edit-metadata: 1.3533148122951388
  landing: 0.022406146861612797
  view-data: 0.4089724710211158
