times:
  edit-metadata: 1.3190407883375883
  landing: 0.0178187545388937
  view-data: 0.31079420261085033
