times:
  edit-metadata: 1.289936339482665
  landing: 0.020281080156564713
  view-data: 0.203216596506536
