times:
  edit-metadata: 0.7316762399859726
  landing: 0.07298568915575743
  view-data: 0.2076001400128007
