times:
  edit-metadata: 1.4320377837866545
  landing: 0.021016746759414673
  view-data: 0.12193290330469608
