times:
  edit-metadata: 0.3820024412125349
  landing: 0.04455499351024628
  view-data: 0.19680930115282536
