times:
  edit-metadata: 1.4211061261594296
  landing: 0.02059771679341793
  view-data: 0.02949678525328636
