times:
  edit-metadata: 1.2370502799749374
  landing: 0.020462599582970142
  view-data: 0.12327263131737709
