times:
  edit-metadata: 1.2790465764701366
  landing: 0.020327948033809662
  view-data: 0.13881638646125793
