times:
  edit-metadata: 1.5048092529177666
  landing: 0.23508885502815247
  view-data: 0.40071851573884487
