times:
  edit-metadata: 1.2327566659078002
  landing: 0.1370686860755086
  view-data: 0.024652903899550438
