times:
  edit-metadata: 1.3713908158242702
  landing: 0.18784202821552753
  view-data: 0.02379762753844261
