times:
  edit-metadata: 1.2362461304292083
  landing: 0.018019485287368298
  view-data: 0.21832651644945145
