times:
  edit-metadata: 1.789032682776451
  landing: 0.27283005230128765
  view-data: 0.45605904795229435
