times:
  edit-metadata: 1.2404199307784438
  landing: 0.02200915478169918
  view-data: 0.025466812774538994
