times:
  edit-metadata: 1.676121136173606
  landing: 0.20033319294452667
  view-data: 0.18038346990942955
