times:
  edit-metadata: 1.221911871805787
  landing: 0.022159768268465996
  view-data: 0.030643107369542122
