times:
  edit-metadata: 1.2921406831592321
  landing: 0.018346918746829033
  view-data: 0.10423539951443672
