times:
  edit-metadata: 1.2857070621103048
  landing: 0.12135946564376354
  view-data: 0.023480622097849846
