times:
  edit-metadata: 1.3217191454023123
  landing: 0.019167207181453705
  view-data: 0.3316620532423258
