times:
  edit-metadata: 1.3049711994826794
  landing: 0.01871543936431408
  view-data: 0.02532034181058407
