times:
  edit-metadata: 1.3286745194345713
  landing: 0.11918938532471657
  view-data: 0.3138439618051052
