times:
  edit-metadata: 1.330755996517837
  landing: 0.18495395593345165
  view-data: 0.12213667389005423
