times:
  edit-metadata: 1.3925090171396732
  landing: 0.018597286194562912
  view-data: 0.02364846132695675
