times:
  edit-metadata: 1.311597116291523
  landing: 0.15812500938773155
  view-data: 0.31589976139366627
