times:
  edit-metadata: 0.6987815271131694
  landing: 0.06059559201821685
  view-data: 0.29785656509920955
