times:
  edit-metadata: 1.3172137988731265
  landing: 0.21461402531713247
  view-data: 0.4102266877889633
