times:
  edit-metadata: 1.2598010683432221
  landing: 0.0182967372238636
  view-data: 0.10586837027221918
