times:
  edit-metadata: 1.2724610976874828
  landing: 0.21152088977396488
  view-data: 0.3199808932840824
