times:
  edit-metadata: 0.4961622850969434
  landing: 0.06322315009310842
  view-data: 0.2123721051029861
