times:
  edit-metadata: 1.3270315658301115
  landing: 0.020978447049856186
  view-data: 0.13994604721665382
