times:
  edit-metadata: 1.6597427958622575
  landing: 0.04618836101144552
  view-data: 0.023937066085636616
