times:
  edit-metadata: 1.3436052240431309
  landing: 0.033859195187687874
  view-data: 0.02348713018000126
