times:
  edit-metadata: 1.3630891740322113
  landing: 0.11241279728710651
  view-data: 0.024683760479092598
