times:
  edit-metadata: 0.499999376013875
  landing: 0.142899164929986
  view-data: 0.22624162398278713
