times:
  edit-metadata: 1.3609730377793312
  landing: 0.023212287575006485
  view-data: 0.027826115489006042
