times:
  edit-metadata: 1.2420149818062782
  landing: 0.023517091758549213
  view-data: 0.023342269472777843
