times:
  edit-metadata: 1.5990917459130287
  landing: 0.20139282755553722
  view-data: 0.3648000434041023
