times:
  edit-metadata: 1.5301155354827642
  landing: 0.2490080613642931
  view-data: 0.4174526799470186
