times:
  edit-metadata: 0.37387364031746984
  landing: 0.041443485766649246
  view-data: 0.3413805109448731
