times:
  edit-metadata: 1.3604596918448806
  landing: 0.019165215082466602
  view-data: 0.024834644980728626
