times:
  edit-metadata: 1.4403954949229956
  landing: 0.27913290821015835
  view-data: 0.02652941271662712
