times:
  edit-metadata: 1.331471297889948
  landing: 0.23933949880301952
  view-data: 0.4092404153198004
