times:
  edit-metadata: 1.4497363287955523
  landing: 0.23577030189335346
  view-data: 0.27904425002634525
