times:
  edit-metadata: 1.3833178840577602
  landing: 0.019707243889570236
  view-data: 0.023057670332491398
