times:
  edit-metadata: 1.2299005798995495
  landing: 0.02064448408782482
  view-data: 0.02373349480330944
