times:
  edit-metadata: 1.2997332513332367
  landing: 0.19267006777226925
  view-data: 0.026297999545931816
