times:
  edit-metadata: 1.2789961379021406
  landing: 0.24687519390136003
  view-data: 0.21865757554769516
