times:
  edit-metadata: 1.2469212524592876
  landing: 0.023907646536827087
  view-data: 0.024875493720173836
