times:
  edit-metadata: 1.3089249469339848
  landing: 0.15644749626517296
  view-data: 0.2719811201095581
