times:
  edit-metadata: 0.40266512613743544
  landing: 0.040512639097869396
  view-data: 0.3514312272891402
