times:
  edit-metadata: 1.2260957518592477
  landing: 0.019876495003700256
  view-data: 0.21741429716348648
