times:
  edit-metadata: 1.294601029716432
  landing: 0.0194077230989933
  view-data: 0.13220915012061596
