times:
  edit-metadata: 0.5750078419223428
  landing: 0.12346846936270595
  view-data: 0.21644758014008403
