times:
  edit-metadata: 1.3179024187847972
  landing: 0.21977695357054472
  view-data: 0.4253493845462799
