times:
  edit-metadata: 0.5240071238949895
  landing: 0.061830713879317045
  view-data: 0.2028321921825409
