times:
  edit-metadata: 1.229495913721621
  landing: 0.020677344873547554
  view-data: 0.13841144368052483
