times:
  edit-metadata: 1.5852909553796053
  landing: 0.21562420204281807
  view-data: 0.37729370780289173
