times:
  edit-metadata: 1.810540040023625
  landing: 0.29787346720695496
  view-data: 0.4199716988950968
