times:
  edit-metadata: 1.4441644567996264
  landing: 0.29852939024567604
  view-data: 0.16360991075634956
