times:
  edit-metadata: 1.3247978677973151
  landing: 0.023217394948005676
  view-data: 0.4094617357477546
