times:
  edit-metadata: 1.523995639756322
  landing: 0.1613295916467905
  view-data: 0.43202710524201393
