times:
  edit-metadata: 1.3417192064225674
  landing: 0.020291521213948727
  view-data: 0.41676180623471737
