times:
  edit-metadata: 0.37739190366119146
  landing: 0.04308770410716534
  view-data: 0.457216908223927
