times:
  edit-metadata: 1.3598518911749125
  landing: 0.021936919540166855
  view-data: 0.14009497687220573
