times:
  edit-metadata: 1.4814123660326004
  landing: 0.021095070987939835
  view-data: 0.1563879642635584
