times:
  edit-metadata: 1.2866689655929804
  landing: 0.019544735550880432
  view-data: 0.3675702419131994
