times:
  edit-metadata: 0.37851664889603853
  landing: 0.04440756794065237
  view-data: 0.2921964284032583
