times:
  edit-metadata: 1.2748969532549381
  landing: 0.0219232439994812
  view-data: 0.41356407944113016
