times:
  edit-metadata: 0.48473456129431725
  landing: 0.07660737494006753
  view-data: 0.21122983284294605
