times:
  edit-metadata: 1.6081773210316896
  landing: 0.023707138374447823
  view-data: 0.031032973900437355
