times:
  edit-metadata: 1.3070663241669536
  landing: 0.279662998393178
  view-data: 0.23902681469917297
