times:
  edit-metadata: 1.2451469814404845
  landing: 0.0209956681355834
  view-data: 0.023793188855051994
