times:
  edit-metadata: 1.327459154650569
  landing: 0.14668121188879013
  view-data: 0.024068009108304977
