times:
  edit-metadata: 1.5259282365441322
  landing: 0.14362277276813984
  view-data: 0.3648134879767895
