times:
  edit-metadata: 1.3051622919738293
  landing: 0.1800233433023095
  view-data: 0.024901296943426132
