times:
  edit-metadata: 0.5306921708397567
  landing: 0.05336966086179018
  view-data: 0.21514454390853643
