times:
  edit-metadata: 1.351998696103692
  landing: 0.021197564899921417
  view-data: 0.027713151648640633
