times:
  edit-metadata: 1.3055420378223062
  landing: 0.20058891084045172
  view-data: 0.14821056090295315
