times:
  edit-metadata: 1.269701648503542
  landing: 0.02085232362151146
  view-data: 0.10067082941532135
