times:
  edit-metadata: 1.324669967405498
  landing: 0.13003284856677055
  view-data: 0.02443445473909378
