times:
  edit-metadata: 0.42182018235325813
  landing: 0.04648572579026222
  view-data: 0.33271902427077293
