times:
  edit-metadata: 1.3067860156297684
  landing: 0.1293737143278122
  view-data: 0.3025560863316059
