times:
  edit-metadata: 0.38608764111995697
  landing: 0.04152784589678049
  view-data: 0.2071994636207819
