times:
  edit-metadata: 1.2829729840159416
  landing: 0.02403433993458748
  view-data: 0.2820249833166599
