times:
  edit-metadata: 1.3656120654195547
  landing: 0.2132831420749426
  view-data: 0.23403664492070675
