times:
  edit-metadata: 1.361055708490312
  landing: 0.021242513321340084
  view-data: 0.024204131215810776
