times:
  edit-metadata: 1.2835796419531107
  landing: 0.21947039104998112
  view-data: 0.2779086120426655
