times:
  edit-metadata: 0.37674245797097683
  landing: 0.04527407372370362
  view-data: 0.19762954069301486
