times:
  edit-metadata: 1.3229293311014771
  landing: 0.12143601011484861
  view-data: 0.24643204919993877
