times:
  edit-metadata: 0.39694616850465536
  landing: 0.049329737201333046
  view-data: 0.1949714981019497
