times:
  edit-metadata: 1.3337344322353601
  landing: 0.25149952806532383
  view-data: 0.14202242717146873
