times:
  edit-metadata: 0.5674081449396908
  landing: 0.07453621504828334
  view-data: 0.21440822863951325
