times:
  edit-metadata: 0.43745183292776346
  landing: 0.04197569331154227
  view-data: 0.3418398518115282
