times:
  edit-metadata: 0.44009909220039845
  landing: 0.052860964089632034
  view-data: 0.20483042299747467
