times:
  edit-metadata: 0.44408918637782335
  landing: 0.04802809562534094
  view-data: 0.4375504544004798
