times:
  edit-metadata: 0.446730628143996
  landing: 0.045956782065331936
  view-data: 0.20125032681971788
