times:
  edit-metadata: 0.45480313152074814
  landing: 0.0496332086622715
  view-data: 0.4673187332227826
