times:
  edit-metadata: 0.44864002289250493
  landing: 0.04334361292421818
  view-data: 0.42522251093760133
