times:
  edit-metadata: 0.4618381420150399
  landing: 0.051595560275018215
  view-data: 0.5720468973740935
