times:
  edit-metadata: 0.4521425082348287
  landing: 0.04115717625245452
  view-data: 0.32266951678320765
