times:
  edit-metadata: 0.4621876319870353
  landing: 0.046714735217392445
  view-data: 0.31428932677954435
