times:
  edit-metadata: 0.4368853480555117
  landing: 0.04332587216049433
  view-data: 0.3440787489525974
