times:
  edit-metadata: 0.903470145072788
  landing: 0.1352609577588737
  view-data: 0.30044391425326467
