times:
  edit-metadata: 0.7177668381482363
  landing: 0.0742046870291233
  view-data: 0.24004934122785926
