times:
  edit-metadata: 0.9596910839900374
  landing: 0.08064234862104058
  view-data: 0.2141042212024331
