times:
  edit-metadata: 1.614083455875516
  landing: 0.02005160227417946
  view-data: 0.34520444087684155
