times:
  edit-metadata: 0.7445839801803231
  landing: 0.14468996273353696
  view-data: 0.2910776571370661
