times:
  edit-metadata: 0.6297644362784922
  landing: 0.10989149054512382
  view-data: 0.2920609703287482
