times:
  edit-metadata: 0.8183518378064036
  landing: 0.06139444001019001
  view-data: 0.23980939807370305
