times:
  edit-metadata: 0.6551657300442457
  landing: 0.04888487281277776
  view-data: 0.3269364289008081
