times:
  edit-metadata: 1.7210185039875796
  landing: 0.15961586899356917
  view-data: 0.647744399990188
