times:
  edit-metadata: 0.6808560322970152
  landing: 0.046103534288704395
  view-data: 0.2968765487894416
