times:
  edit-metadata: 1.6300026532262564
  landing: 0.26725196465849876
  view-data: 0.03278345800936222
