times:
  edit-metadata: 1.6467020269483328
  landing: 0.17192517966032028
  view-data: 0.3768186364322901
