times:
  edit-metadata: 0.6043542828410864
  landing: 0.05846017086878419
  view-data: 0.20736358081921935
