times:
  edit-metadata: 0.7477535903453827
  landing: 0.09863330330699682
  view-data: 0.2423427659086883
