times:
  edit-metadata: 0.6884139101020992
  landing: 0.11005974793806672
  view-data: 0.20622301939874887
