times:
  edit-metadata: 0.567786255851388
  landing: 0.07678350200876594
  view-data: 0.20686769904568791
