times:
  edit-metadata: 0.5849107261747122
  landing: 0.04749183962121606
  view-data: 0.21633053664118052
