times:
  edit-metadata: 0.556838202290237
  landing: 0.05867817811667919
  view-data: 0.22068817215040326
