times:
  edit-metadata: 0.8563091149553657
  landing: 0.04621394583955407
  view-data: 0.3098841169849038
