times:
  edit-metadata: 0.8075553462840617
  landing: 0.15923108719289303
  view-data: 0.21495394734665751
