times:
  edit-metadata: 0.7732396661303937
  landing: 0.08216292224824429
  view-data: 0.21520048705860972
