times:
  edit-metadata: 0.5958731449209154
  landing: 0.059273785911500454
  view-data: 0.219769564922899
