times:
  edit-metadata: 0.585584401153028
  landing: 0.0733938473276794
  view-data: 0.21406496223062277
