times:
  edit-metadata: 0.6112862578593194
  landing: 0.20774515066295862
  view-data: 0.21355458768084645
