times:
  edit-metadata: 1.6084522530436516
  landing: 0.17879199236631393
  view-data: 0.3858308997005224
