times:
  edit-metadata: 0.5741291176527739
  landing: 0.057601363863795996
  view-data: 0.2485875659622252
