times:
  edit-metadata: 0.591818586923182
  landing: 0.04911231808364391
  view-data: 0.2145887860096991
