times:
  edit-metadata: 0.5731508820317686
  landing: 0.0588003802113235
  view-data: 0.20972838578745723
