times:
  edit-metadata: 0.5819016541354358
  landing: 0.07763193361461163
  view-data: 0.22333387937396765
