times:
  edit-metadata: 0.5842286050319672
  landing: 0.054456443060189486
  view-data: 0.21180145116522908
