times:
  edit-metadata: 0.5557558853179216
  landing: 0.1366736995987594
  view-data: 0.207621106877923
