times:
  edit-metadata: 0.7762991287745535
  landing: 0.12741690827533603
  view-data: 0.20902843307703733
