times:
  edit-metadata: 1.6182839833199978
  landing: 0.23876513727009296
  view-data: 0.024572640657424927
