times:
  edit-metadata: 1.2863067649304867
  landing: 0.021070724353194237
  view-data: 0.12511689588427544
