times:
  edit-metadata: 1.463447343558073
  landing: 0.019161896780133247
  view-data: 0.12312200106680393
