times:
  edit-metadata: 1.3584301173686981
  landing: 0.11929188668727875
  view-data: 0.02444147691130638
