times:
  edit-metadata: 1.4212432941421866
  landing: 0.020496570505201817
  view-data: 0.47044114768505096
