times:
  edit-metadata: 1.9997236598283052
  landing: 0.20795650407671928
  view-data: 0.3807284403592348
