times:
  edit-metadata: 0.7473511369898915
  landing: 0.04791331710293889
  view-data: 0.2877263519912958
