times:
  edit-metadata: 1.4231724683195353
  landing: 0.02001691609621048
  view-data: 0.16831733658909798
