times:
  edit-metadata: 0.5084071848541498
  landing: 0.049352731090039015
  view-data: 0.20449804235249758
