times:
  edit-metadata: 1.399932999163866
  landing: 0.019778834655880928
  view-data: 0.13772795908153057
