times:
  edit-metadata: 1.3989088535308838
  landing: 0.22416539583355188
  view-data: 0.11930710356682539
