times:
  edit-metadata: 1.3189353849738836
  landing: 0.02071378193795681
  view-data: 0.29657379910349846
