times:
  edit-metadata: 1.4335285127162933
  landing: 0.02439303696155548
  view-data: 0.025548359379172325
