times:
  edit-metadata: 1.3302967548370361
  landing: 0.020245233550667763
  view-data: 0.1285818461328745
