times:
  edit-metadata: 1.249232984147966
  landing: 0.02221334632486105
  view-data: 0.02640022151172161
