times:
  edit-metadata: 1.3842366263270378
  landing: 0.02434360422194004
  view-data: 0.02420210652053356
