times:
  edit-metadata: 1.3553044218569994
  landing: 0.021436067298054695
  view-data: 0.12665063701570034
