times:
  edit-metadata: 1.406679118052125
  landing: 0.11862129159271717
  view-data: 0.34144460037350655
