times:
  edit-metadata: 1.4085420370101929
  landing: 0.0195324569940567
  view-data: 0.14150261133909225
