times:
  edit-metadata: 1.6875920034945011
  landing: 0.39356864243745804
  view-data: 0.19923898577690125
