times:
  edit-metadata: 1.3134361691772938
  landing: 0.022704659029841423
  view-data: 0.28360016644001007
