times:
  edit-metadata: 0.5480386395938694
  landing: 0.06332315737381577
  view-data: 0.20962156495079398
