times:
  edit-metadata: 1.3675145767629147
  landing: 0.14276364631950855
  view-data: 0.3435113113373518
