times:
  edit-metadata: 1.3062524888664484
  landing: 0.019192250445485115
  view-data: 0.027028201147913933
