times:
  edit-metadata: 1.287370877340436
  landing: 0.020529193803668022
  view-data: 0.12589788436889648
