times:
  edit-metadata: 1.3045340795069933
  landing: 0.1269188318401575
  view-data: 0.30483464151620865
