times:
  edit-metadata: 1.4507444724440575
  landing: 0.25160582549870014
  view-data: 0.21675950847566128
