times:
  edit-metadata: 0.7436638157814741
  landing: 0.05226805293932557
  view-data: 0.3067363682202995
