times:
  edit-metadata: 1.7618404272943735
  landing: 0.19668902084231377
  view-data: 0.4985275622457266
