times:
  edit-metadata: 1.5130903460085392
  landing: 0.17906325869262218
  view-data: 0.14476870000362396
