times:
  edit-metadata: 1.3865094427019358
  landing: 0.021922755986452103
  view-data: 0.2954514492303133
