times:
  edit-metadata: 0.4878942328505218
  landing: 0.06437929812818766
  view-data: 0.21263208193704486
