times:
  edit-metadata: 1.399430138990283
  landing: 0.10192497447133064
  view-data: 0.02649463340640068
