times:
  edit-metadata: 1.3393644401803613
  landing: 0.17336743976920843
  view-data: 0.025744833052158356
