times:
  edit-metadata: 1.3561318013817072
  landing: 0.020512033253908157
  view-data: 0.026916546747088432
