times:
  edit-metadata: 0.48085087910294533
  landing: 0.1462296643294394
  view-data: 0.30148449912667274
