times:
  edit-metadata: 1.3126940187066793
  landing: 0.020856138318777084
  view-data: 0.024474656209349632
