times:
  edit-metadata: 1.4356768261641264
  landing: 0.022157561033964157
  view-data: 0.11953824944794178
