times:
  edit-metadata: 0.5180246122181416
  landing: 0.044826108030974865
  view-data: 0.20545225637033582
