times:
  edit-metadata: 1.575100902467966
  landing: 0.2856376878917217
  view-data: 0.06041857413947582
