times:
  edit-metadata: 1.2862821109592915
  landing: 0.020484539680182934
  view-data: 0.1190701900050044
