times:
  edit-metadata: 1.2732291603460908
  landing: 0.20541252475231886
  view-data: 0.1245541675016284
