times:
  edit-metadata: 1.3384554609656334
  landing: 0.020881015807390213
  view-data: 0.026098426431417465
