times:
  edit-metadata: 1.303408844396472
  landing: 0.02105426974594593
  view-data: 0.026986779645085335
