times:
  edit-metadata: 1.362281246110797
  landing: 0.025480089709162712
  view-data: 0.13944673724472523
