times:
  edit-metadata: 1.2640019999817014
  landing: 0.16223335731774569
  view-data: 0.02535857167094946
