times:
  edit-metadata: 1.594462951645255
  landing: 0.25706072337925434
  view-data: 0.3595149889588356
