times:
  edit-metadata: 0.6061837291345
  landing: 0.04949542321264744
  view-data: 0.29252221528440714
