times:
  edit-metadata: 1.3127566948533058
  landing: 0.11794516444206238
  view-data: 0.13349002599716187
