times:
  edit-metadata: 1.353376692160964
  landing: 0.02090396173298359
  view-data: 0.34302287735044956
