times:
  edit-metadata: 1.4771240279078484
  landing: 0.3805813454091549
  view-data: 0.15727770142257214
