times:
  edit-metadata: 0.5298033161088824
  landing: 0.06851312378421426
  view-data: 0.2899367483332753
