times:
  edit-metadata: 1.346748474985361
  landing: 0.14278106950223446
  view-data: 0.1301432903856039
