times:
  edit-metadata: 1.3799883630126715
  landing: 0.02087501809000969
  view-data: 0.023964395746588707
