times:
  edit-metadata: 0.4885681439191103
  landing: 0.07740556495264173
  view-data: 0.2217198321595788
