times:
  edit-metadata: 1.3055694438517094
  landing: 0.02066541276872158
  view-data: 0.025669971480965614
