times:
  edit-metadata: 1.7686509788036346
  landing: 0.29067882150411606
  view-data: 0.450570878572762
