times:
  edit-metadata: 1.6772454716265202
  landing: 0.33771361969411373
  view-data: 0.4056013599038124
