times:
  edit-metadata: 1.348090197890997
  landing: 0.018971706740558147
  view-data: 0.022815454751253128
