times:
  edit-metadata: 0.4976307488977909
  landing: 0.1369849988259375
  view-data: 0.2721751108765602
