times:
  edit-metadata: 0.597720539662987
  landing: 0.09194483608007431
  view-data: 0.21541641326621175
