times:
  edit-metadata: 1.3730251733213663
  landing: 0.020460816100239754
  view-data: 0.02818780206143856
