times:
  edit-metadata: 0.5072411131113768
  landing: 0.04809520160779357
  view-data: 0.20781151577830315
