times:
  edit-metadata: 1.2440106812864542
  landing: 0.2235966781154275
  view-data: 0.42791739106178284
