times:
  edit-metadata: 1.335980348289013
  landing: 0.26141940243542194
  view-data: 0.39075283519923687
