times:
  edit-metadata: 0.5895004565827549
  landing: 0.04786443989723921
  view-data: 0.2284890408627689
