times:
  edit-metadata: 0.5006542918272316
  landing: 0.04609934473410249
  view-data: 0.2128853420726955
