times:
  edit-metadata: 1.6247904617339373
  landing: 0.0258572306483984
  view-data: 0.13869060948491096
