times:
  edit-metadata: 0.5034678066149354
  landing: 0.04610990080982447
  view-data: 0.21210645604878664
