times:
  edit-metadata: 1.4239116590470076
  landing: 0.13777827378362417
  view-data: 0.1341158002614975
