times:
  edit-metadata: 1.4813291747123003
  landing: 0.13348997570574284
  view-data: 0.374994657933712
