times:
  edit-metadata: 1.3934177793562412
  landing: 0.11945022270083427
  view-data: 0.3698679003864527
