times:
  edit-metadata: 0.7951753451488912
  landing: 0.0723596503958106
  view-data: 0.3229054771363735
