times:
  edit-metadata: 1.3904058896005154
  landing: 0.15206719748675823
  view-data: 0.305664025247097
