times:
  edit-metadata: 1.3228666614741087
  landing: 0.020370731130242348
  view-data: 0.3282580263912678
