times:
  edit-metadata: 1.6979952892288566
  landing: 0.0200947355479002
  view-data: 0.04348501190543175
