times:
  edit-metadata: 1.374109597876668
  landing: 0.18860561586916447
  view-data: 0.02300919219851494
