times:
  edit-metadata: 1.6057547256350517
  landing: 0.2432461939752102
  view-data: 0.40882678888738155
