times:
  edit-metadata: 1.27471783477813
  landing: 0.021015179343521595
  view-data: 0.023298495449125767
