times:
  edit-metadata: 1.400912992656231
  landing: 0.018661183305084705
  view-data: 0.431143457069993
