times:
  edit-metadata: 1.3124328907579184
  landing: 0.024758756160736084
  view-data: 0.2907951381057501
