times:
  edit-metadata: 1.6075648311525583
  landing: 0.021579807624220848
  view-data: 0.026292700320482254
