times:
  edit-metadata: 1.368142256513238
  landing: 0.02640228345990181
  view-data: 0.14567180536687374
