times:
  edit-metadata: 1.5437142550945282
  landing: 0.2154747098684311
  view-data: 0.15276652947068214
