times:
  edit-metadata: 1.4318017065525055
  landing: 0.021737631410360336
  view-data: 0.02327047474682331
