times:
  edit-metadata: 0.6410626722499728
  landing: 0.0913633150048554
  view-data: 0.30281997798010707
