times:
  edit-metadata: 1.3330348748713732
  landing: 0.02008591964840889
  view-data: 0.34692282788455486
