times:
  edit-metadata: 0.49505909997969866
  landing: 0.08454308519139886
  view-data: 0.2644853969104588
