times:
  edit-metadata: 1.6338455770164728
  landing: 0.022823428735136986
  view-data: 0.028493918478488922
