times:
  edit-metadata: 1.4099663887172937
  landing: 0.24703039601445198
  view-data: 0.14249025285243988
