times:
  edit-metadata: 1.2914165928959846
  landing: 0.02035670168697834
  view-data: 0.028560024686157703
