times:
  edit-metadata: 1.7384740114212036
  landing: 0.19952339120209217
  view-data: 0.20646016113460064
