times:
  edit-metadata: 2.0502907261252403
  landing: 0.28222193755209446
  view-data: 0.19739563390612602
