times:
  edit-metadata: 1.4240787718445063
  landing: 0.025029463693499565
  view-data: 0.31313266418874264
