times:
  edit-metadata: 1.4177260305732489
  landing: 0.025534015148878098
  view-data: 0.12014365755021572
