times:
  edit-metadata: 1.3794501572847366
  landing: 0.02134573832154274
  view-data: 0.3095534201711416
