times:
  edit-metadata: 1.981470312923193
  landing: 0.3315239306539297
  view-data: 0.5868201460689306
