times:
  edit-metadata: 1.3027638597413898
  landing: 0.019593721255660057
  view-data: 0.10130874440073967
