times:
  edit-metadata: 1.3389355577528477
  landing: 0.19409682415425777
  view-data: 0.023618588224053383
