times:
  edit-metadata: 1.3631110917776823
  landing: 0.018761226907372475
  view-data: 0.030707230791449547
