times:
  edit-metadata: 1.5103016439825296
  landing: 0.18952587246894836
  view-data: 0.024473413825035095
