times:
  edit-metadata: 1.5180928632616997
  landing: 0.2862295173108578
  view-data: 0.46088529750704765
