times:
  edit-metadata: 1.327213704586029
  landing: 0.019377415999770164
  view-data: 0.026487288996577263
