times:
  edit-metadata: 1.5562150496989489
  landing: 0.034612128511071205
  view-data: 0.3694722317159176
