times:
  edit-metadata: 1.3661810141056776
  landing: 0.12380569241940975
  view-data: 0.3940721955150366
