times:
  edit-metadata: 1.389216672629118
  landing: 0.02168569713830948
  view-data: 0.27773858793079853
