times:
  edit-metadata: 1.6524475906044245
  landing: 0.28872461430728436
  view-data: 0.27456075698137283
