times:
  edit-metadata: 0.5330140441656113
  landing: 0.04572599893435836
  view-data: 0.20927624264732003
