times:
  edit-metadata: 1.4569536847993731
  landing: 0.1279268255457282
  view-data: 0.12618736270815134
