times:
  edit-metadata: 1.510503264144063
  landing: 0.1306451763957739
  view-data: 0.3377598412334919
