times:
  edit-metadata: 1.3951243720948696
  landing: 0.22595776244997978
  view-data: 0.31273946538567543
