times:
  edit-metadata: 1.3783974163234234
  landing: 0.2764277085661888
  view-data: 0.024423489347100258
