times:
  edit-metadata: 1.4940274246037006
  landing: 0.020058318972587585
  view-data: 0.024126948788762093
