times:
  edit-metadata: 1.9778728717938066
  landing: 0.31050959043204784
  view-data: 0.574512867256999
