times:
  edit-metadata: 1.5679731108248234
  landing: 0.02047319896519184
  view-data: 0.14116422645747662
