times:
  edit-metadata: 1.7914036996662617
  landing: 0.2763142045587301
  view-data: 0.4300089441239834
