times:
  edit-metadata: 1.3910321425646544
  landing: 0.24230249039828777
  view-data: 0.1230628564953804
