times:
  edit-metadata: 2.319137826561928
  landing: 0.2103448584675789
  view-data: 0.3071849159896374
