times:
  edit-metadata: 1.313173757866025
  landing: 0.02028938103467226
  view-data: 0.36823857855051756
