times:
  edit-metadata: 1.574118411168456
  landing: 0.37320043705403805
  view-data: 0.37854370661079884
