times:
  edit-metadata: 1.3150750566273928
  landing: 0.019944844767451286
  view-data: 0.027196932584047318
