times:
  edit-metadata: 1.3667973093688488
  landing: 0.11598843242973089
  view-data: 0.02652093395590782
