times:
  edit-metadata: 1.6359501238912344
  landing: 0.2460882067680359
  view-data: 0.1609472520649433
