times:
  edit-metadata: 1.7595965545624495
  landing: 0.021792950108647346
  view-data: 0.02296324260532856
