times:
  edit-metadata: 1.3456821721047163
  landing: 0.023406654596328735
  view-data: 0.3147637825459242
