times:
  edit-metadata: 1.703788435086608
  landing: 0.21129703521728516
  view-data: 0.31618846021592617
