times:
  edit-metadata: 0.4991500759497285
  landing: 0.11821066727861762
  view-data: 0.2565507451072335
