times:
  edit-metadata: 1.3716629166156054
  landing: 0.02209973894059658
  view-data: 0.024217884987592697
