times:
  edit-metadata: 1.3152319341897964
  landing: 0.019314268603920937
  view-data: 0.023485476151108742
