times:
  edit-metadata: 0.7052446277812123
  landing: 0.0888606971129775
  view-data: 0.2157240747474134
