times:
  edit-metadata: 1.5467690229415894
  landing: 0.15500083193182945
  view-data: 0.15388083457946777
