times:
  edit-metadata: 1.493179563432932
  landing: 0.2365623638033867
  view-data: 0.5736230965703726
