times:
  edit-metadata: 0.7083088690415025
  landing: 0.20487060025334358
  view-data: 0.26730205910280347
