times:
  edit-metadata: 1.3191559165716171
  landing: 0.2114316876977682
  view-data: 0.02514461614191532
