times:
  edit-metadata: 1.480340687558055
  landing: 0.22781563363969326
  view-data: 0.030407749116420746
