times:
  edit-metadata: 1.4201440010219812
  landing: 0.16468032449483871
  view-data: 0.15708424896001816
