times:
  edit-metadata: 1.3793731108307838
  landing: 0.0198361873626709
  view-data: 0.025723597034811974
