times:
  edit-metadata: 1.3948580883443356
  landing: 0.02002646215260029
  view-data: 0.027625897899270058
