times:
  edit-metadata: 1.3660340588539839
  landing: 0.14687749929726124
  view-data: 0.10341280698776245
