times:
  edit-metadata: 1.4289381597191095
  landing: 0.11384718865156174
  view-data: 0.024253299459815025
