times:
  edit-metadata: 1.328994220122695
  landing: 0.021156296133995056
  view-data: 0.025913335382938385
