times:
  edit-metadata: 1.3160136062651873
  landing: 0.02166270650923252
  view-data: 0.02683575265109539
