times:
  edit-metadata: 1.299949986860156
  landing: 0.02122783660888672
  view-data: 0.025805460289120674
