times:
  edit-metadata: 1.3496788870543242
  landing: 0.022032605484128
  view-data: 0.12548401951789856
