times:
  edit-metadata: 1.326780578121543
  landing: 0.2526491302996874
  view-data: 0.022379640489816666
