times:
  edit-metadata: 1.4634657287970185
  landing: 0.1915313107892871
  view-data: 0.022871489636600018
