times:
  edit-metadata: 1.4378466345369816
  landing: 0.02263120375573635
  view-data: 0.1469376366585493
