times:
  edit-metadata: 1.4343918673694134
  landing: 0.022290406748652458
  view-data: 0.3045759964734316
