times:
  edit-metadata: 1.3479001447558403
  landing: 0.018376773223280907
  view-data: 0.026046784594655037
