times:
  edit-metadata: 1.521467151120305
  landing: 0.022197436541318893
  view-data: 0.4409600365906954
