times:
  edit-metadata: 1.3283259738236666
  landing: 0.02181103825569153
  view-data: 0.28291046991944313
