times:
  edit-metadata: 1.385225534439087
  landing: 0.13840963132679462
  view-data: 0.47798557858914137
