times:
  edit-metadata: 1.4144265465438366
  landing: 0.15984502341598272
  view-data: 0.027608762495219707
