times:
  edit-metadata: 1.3310002144426107
  landing: 0.01914522796869278
  view-data: 0.1315204482525587
