times:
  edit-metadata: 1.3507753945887089
  landing: 0.023184295743703842
  view-data: 0.1257278062403202
