times:
  edit-metadata: 1.3533027032390237
  landing: 0.20693360082805157
  view-data: 0.13663271348923445
