times:
  edit-metadata: 0.47750856913626194
  landing: 0.0703527801670134
  view-data: 0.22151399729773402
