times:
  edit-metadata: 1.2632321659475565
  landing: 0.019360819831490517
  view-data: 0.028987063094973564
