times:
  edit-metadata: 0.7427849029190838
  landing: 0.20206239772960544
  view-data: 0.219679722096771
