times:
  edit-metadata: 1.696301806718111
  landing: 0.02305536065250635
  view-data: 0.023228458128869534
