times:
  edit-metadata: 1.384827476926148
  landing: 0.018674268387258053
  view-data: 0.13115713838487864
