times:
  edit-metadata: 1.3189090266823769
  landing: 0.019405219703912735
  view-data: 0.022573010995984077
