times:
  edit-metadata: 1.3543961476534605
  landing: 0.020260484889149666
  view-data: 0.02439502440392971
