times:
  edit-metadata: 1.5176855493336916
  landing: 0.14476675912737846
  view-data: 0.4185503367334604
