times:
  edit-metadata: 1.3701797295361757
  landing: 0.020839719101786613
  view-data: 0.1278255693614483
