times:
  edit-metadata: 0.585717043839395
  landing: 0.06270044576376677
  view-data: 0.2051339540630579
