times:
  edit-metadata: 0.6617018110118806
  landing: 0.13407302601262927
  view-data: 0.20903468318283558
