times:
  edit-metadata: 1.3246438708156347
  landing: 0.23766334634274244
  view-data: 0.2630726611241698
