times:
  edit-metadata: 1.3968076147139072
  landing: 0.1363531406968832
  view-data: 0.026300953701138496
