times:
  edit-metadata: 0.7405142448842525
  landing: 0.07312169298529625
  view-data: 0.23596035689115524
