times:
  edit-metadata: 0.8761476553045213
  landing: 0.07527411915361881
  view-data: 0.2716225916519761
