times:
  edit-metadata: 0.7330519258975983
  landing: 0.05027091410011053
  view-data: 0.21713789692148566
