times:
  edit-metadata: 0.7360831149853766
  landing: 0.09670275403186679
  view-data: 0.2422694838605821
