times:
  edit-metadata: 0.693897760938853
  landing: 0.05745780002325773
  view-data: 0.2263457328081131
