times:
  edit-metadata: 0.7078024325892329
  landing: 0.07321922807022929
  view-data: 0.2166217011399567
