times:
  edit-metadata: 0.8684580633416772
  landing: 0.16432892624288797
  view-data: 0.3263130448758602
