times:
  edit-metadata: 0.7628594278357923
  landing: 0.05636371811851859
  view-data: 0.22762342542409897
