times:
  edit-metadata: 1.0904565621167421
  landing: 0.06518841674551368
  view-data: 0.31620683101937175
