times:
  edit-metadata: 0.9084795201197267
  landing: 0.05604712897911668
  view-data: 0.25726029882207513
