times:
  edit-metadata: 0.8297771802172065
  landing: 0.05509873479604721
  view-data: 0.29393893014639616
