times:
  edit-metadata: 0.8535929871723056
  landing: 0.10062096593901515
  view-data: 0.2593735116533935
