times:
  edit-metadata: 1.0389758618548512
  landing: 0.07900834316387773
  view-data: 0.22630262793973088
