times:
  edit-metadata: 0.7053480930626392
  landing: 0.08069523423910141
  view-data: 0.2662350758910179
