times:
  edit-metadata: 0.734399494715035
  landing: 0.06129316193982959
  view-data: 0.22896068496629596
