times:
  edit-metadata: 1.691667452454567
  landing: 0.23571246303617954
  view-data: 0.3361101634800434
