times:
  edit-metadata: 1.9279335048049688
  landing: 0.2861783653497696
  view-data: 0.37794749066233635
