times:
  edit-metadata: 0.7843491383828223
  landing: 0.15533897513523698
  view-data: 0.2236660779453814
