times:
  edit-metadata: 0.7125206012278795
  landing: 0.13524761563166976
  view-data: 0.23251717211678624
