times:
  edit-metadata: 0.8572143628261983
  landing: 0.11592911276966333
  view-data: 0.3479456417262554
