times:
  edit-metadata: 0.9065928952768445
  landing: 0.060208569280803204
  view-data: 0.32673130091279745
