times:
  edit-metadata: 0.7483096099458635
  landing: 0.0794578711502254
  view-data: 0.3302962090820074
