times:
  edit-metadata: 0.7413983619771898
  landing: 0.05428945738822222
  view-data: 0.2412687661126256
