times:
  edit-metadata: 0.9488388430327177
  landing: 0.1442922749556601
  view-data: 0.22480068542063236
