times:
  edit-metadata: 0.8694578460417688
  landing: 0.10929128993302584
  view-data: 0.22131312265992165
