times:
  edit-metadata: 1.782434506341815
  landing: 0.20879564061760902
  view-data: 0.1774827167391777
