times:
  edit-metadata: 1.8811524976044893
  landing: 0.2451274637132883
  view-data: 0.5836593117564917
