times:
  edit-metadata: 0.765627461951226
  landing: 0.06055389391258359
  view-data: 0.2194504700601101
