times:
  edit-metadata: 0.8667695499025285
  landing: 0.06495512137189507
  view-data: 0.28087561624124646
