times:
  edit-metadata: 1.0783919249661267
  landing: 0.06531769223511219
  view-data: 0.22677848674356937
