times:
  edit-metadata: 0.938997573684901
  landing: 0.057663459330797195
  view-data: 0.23945550294592977
