times:
  edit-metadata: 1.27414277382195
  landing: 0.026368779130280018
  view-data: 0.41248871851712465
