times:
  edit-metadata: 1.266996624879539
  landing: 0.021788233891129494
  view-data: 0.023812158964574337
