times:
  edit-metadata: 2.111627984791994
  landing: 0.18069413676857948
  view-data: 0.3926614038646221
