times:
  edit-metadata: 1.3563255248591304
  landing: 0.02031325362622738
  view-data: 0.027190017513930798
