times:
  edit-metadata: 1.39810102712363
  landing: 0.20761218201369047
  view-data: 0.02280429657548666
