times:
  edit-metadata: 1.338356123000267
  landing: 0.022221589999389835
  view-data: 0.024713905004318804
