times:
  edit-metadata: 0.6258304677903652
  landing: 0.1582487248815596
  view-data: 0.23001167690381408
