times:
  edit-metadata: 1.285938112065196
  landing: 0.020445691421628
  view-data: 0.024297120049595833
