times:
  edit-metadata: 1.3678124332800508
  landing: 0.022076944820582867
  view-data: 0.11611482687294483
