times:
  edit-metadata: 1.4796428568661213
  landing: 0.023211412131786346
  view-data: 0.02286023087799549
