times:
  edit-metadata: 0.5304967421106994
  landing: 0.15465652011334896
  view-data: 0.21404842240735888
