times:
  edit-metadata: 1.2906034104526043
  landing: 0.02001100964844227
  view-data: 0.02323763817548752
