times:
  edit-metadata: 1.7066007908433676
  landing: 0.02171976864337921
  view-data: 0.0306114312261343
