times:
  edit-metadata: 1.3719378560781479
  landing: 0.021631380543112755
  view-data: 0.026604147627949715
