times:
  edit-metadata: 0.5569342216476798
  landing: 0.05554906232282519
  view-data: 0.24472785694524646
