times:
  edit-metadata: 1.4379810262471437
  landing: 0.157314820215106
  view-data: 0.3198574837297201
