times:
  edit-metadata: 1.4032643996179104
  landing: 0.022929619997739792
  view-data: 0.12532886490225792
