times:
  edit-metadata: 1.2886212281882763
  landing: 0.021094253286719322
  view-data: 0.029391623102128506
