times:
  edit-metadata: 1.3159656142815948
  landing: 0.02169967256486416
  view-data: 0.12567133363336325
