times:
  edit-metadata: 0.833181977737695
  landing: 0.04929705476388335
  view-data: 0.3002464137971401
