times:
  edit-metadata: 0.5201348513364792
  landing: 0.04475072119385004
  view-data: 0.1984659368172288
