times:
  edit-metadata: 1.310985584743321
  landing: 0.019788886420428753
  view-data: 0.024920888245105743
