times:
  edit-metadata: 1.398970577865839
  landing: 0.14973025862127542
  view-data: 0.02242679614573717
