times:
  edit-metadata: 1.5447213929146528
  landing: 0.29022623784840107
  view-data: 0.03272640332579613
