times:
  edit-metadata: 1.3446216527372599
  landing: 0.02084570936858654
  view-data: 0.11823744606226683
