times:
  edit-metadata: 1.3329169936478138
  landing: 0.11775996256619692
  view-data: 0.1758294329047203
