times:
  edit-metadata: 1.427441542968154
  landing: 0.021829253062605858
  view-data: 0.30098346062004566
