times:
  edit-metadata: 1.3572542173787951
  landing: 0.022430866956710815
  view-data: 0.02463709097355604
