times:
  edit-metadata: 1.3984511326998472
  landing: 0.022811399772763252
  view-data: 0.14202570356428623
