times:
  edit-metadata: 0.5185166317969561
  landing: 0.04256152641028166
  view-data: 0.20310390647500753
