times:
  edit-metadata: 1.304364643059671
  landing: 0.02161932922899723
  view-data: 0.12587387207895517
