times:
  edit-metadata: 1.517614871263504
  landing: 0.17663639225065708
  view-data: 0.43210080079734325
