times:
  edit-metadata: 1.3889043219387531
  landing: 0.01864258013665676
  view-data: 0.025021260604262352
