times:
  edit-metadata: 1.2841577660292387
  landing: 0.021287142299115658
  view-data: 0.12433399353176355
