times:
  edit-metadata: 1.3430753685534
  landing: 0.13374797254800797
  view-data: 0.3451033718883991
