times:
  edit-metadata: 1.3823294509202242
  landing: 0.23827172257006168
  view-data: 0.023794736713171005
