times:
  edit-metadata: 1.3173917243257165
  landing: 0.12847595755010843
  view-data: 0.13247916102409363
