times:
  edit-metadata: 0.6769053866155446
  landing: 0.06481753708794713
  view-data: 0.2149594551883638
