times:
  edit-metadata: 1.3108213674277067
  landing: 0.01986199989914894
  view-data: 0.028855666518211365
