times:
  edit-metadata: 1.476019537076354
  landing: 0.019984599202871323
  view-data: 0.02274550311267376
