times:
  edit-metadata: 1.4203628217801452
  landing: 0.02313748002052307
  view-data: 0.31642458867281675
