times:
  edit-metadata: 2.1061951499432325
  landing: 0.2676704805344343
  view-data: 0.2363909250125289
