times:
  edit-metadata: 1.269976556301117
  landing: 0.023097879253327847
  view-data: 0.12228670064359903
