times:
  edit-metadata: 1.3993471842259169
  landing: 0.1959131881594658
  view-data: 0.12829886376857758
