times:
  edit-metadata: 1.3381371013820171
  landing: 0.022303055971860886
  view-data: 0.028071364387869835
