times:
  edit-metadata: 1.2773148464038968
  landing: 0.021652421914041042
  view-data: 0.10286264307796955
