times:
  edit-metadata: 1.2840631725266576
  landing: 0.021161136217415333
  view-data: 0.024927830323576927
