times:
  edit-metadata: 1.4239344242960215
  landing: 0.16818853095173836
  view-data: 0.025807389989495277
