times:
  edit-metadata: 1.3203166043385863
  landing: 0.020928102545440197
  view-data: 0.02464856207370758
