times:
  edit-metadata: 0.5370507892221212
  landing: 0.048995889723300934
  view-data: 0.31439847219735384
