times:
  edit-metadata: 1.3451648745685816
  landing: 0.020758364349603653
  view-data: 0.23163200542330742
