times:
  edit-metadata: 1.328668650239706
  landing: 0.02352328412234783
  view-data: 0.02702884003520012
