times:
  edit-metadata: 1.736341904848814
  landing: 0.05379219353199005
  view-data: 0.3707167003303766
