times:
  edit-metadata: 1.29341028816998
  landing: 0.022809539921581745
  view-data: 0.1293992968276143
