times:
  edit-metadata: 1.2900259429588914
  landing: 0.1318228356540203
  view-data: 0.026675271801650524
