times:
  edit-metadata: 1.365654468536377
  landing: 0.11609428096562624
  view-data: 0.12219774629920721
