times:
  edit-metadata: 1.3828077614307404
  landing: 0.020558079704642296
  view-data: 0.1538973543792963
