times:
  edit-metadata: 1.2862287815660238
  landing: 0.1288930205628276
  view-data: 0.4502471759915352
