times:
  edit-metadata: 1.3756688348948956
  landing: 0.12690921127796173
  view-data: 0.23247404303401709
