times:
  edit-metadata: 1.4518686104565859
  landing: 0.14787959679961205
  view-data: 0.024372698739171028
