times:
  edit-metadata: 1.3403686555102468
  landing: 0.12087401282042265
  view-data: 0.46707671135663986
