times:
  edit-metadata: 1.447664849460125
  landing: 0.27902443148195744
  view-data: 0.1891283169388771
