times:
  edit-metadata: 0.7834312599152327
  landing: 0.04893179330974817
  view-data: 0.20449527259916067
