times:
  edit-metadata: 1.704043773934245
  landing: 0.02008518297225237
  view-data: 0.14938149135559797
