times:
  edit-metadata: 1.2782224183902144
  landing: 0.21447598841041327
  view-data: 0.11929814610630274
