times:
  edit-metadata: 1.3192067984491587
  landing: 0.01951901987195015
  view-data: 0.34340603090822697
