times:
  edit-metadata: 0.5152576062828302
  landing: 0.04335458483546972
  view-data: 0.19268645998090506
