times:
  edit-metadata: 1.373134320601821
  landing: 0.28399461414664984
  view-data: 0.3715919107198715
