times:
  edit-metadata: 0.5120942955836654
  landing: 0.053703946992754936
  view-data: 0.20306806918233633
