times:
  edit-metadata: 1.3713730107992887
  landing: 0.02007066272199154
  view-data: 0.3505819793790579
