times:
  edit-metadata: 0.5011891108006239
  landing: 0.05081918742507696
  view-data: 0.3346420703455806
