times:
  edit-metadata: 1.285252216272056
  landing: 0.02054084837436676
  view-data: 0.12239246629178524
