times:
  edit-metadata: 1.3068261295557022
  landing: 0.022015615366399288
  view-data: 0.10151729173958302
