times:
  edit-metadata: 1.3591978838667274
  landing: 0.020102886483073235
  view-data: 0.12252387497574091
