times:
  edit-metadata: 1.3423623852431774
  landing: 0.12009311188012362
  view-data: 0.023507350124418736
