times:
  edit-metadata: 0.5149414576590061
  landing: 0.0463523231446743
  view-data: 0.21242638025432825
