times:
  edit-metadata: 1.3017732594162226
  landing: 0.02503262273967266
  view-data: 0.026873217895627022
