times:
  edit-metadata: 0.5151960337534547
  landing: 0.04806596040725708
  view-data: 0.3215814344584942
