times:
  edit-metadata: 1.4849967304617167
  landing: 0.14587290585041046
  view-data: 0.43852980248630047
