times:
  edit-metadata: 1.5033718086779118
  landing: 0.17202994413673878
  view-data: 0.024179989472031593
