times:
  edit-metadata: 1.4540751557797194
  landing: 0.02837459184229374
  view-data: 0.19245132058858871
