times:
  edit-metadata: 1.3240990601480007
  landing: 0.01955329068005085
  view-data: 0.023134339600801468
