times:
  edit-metadata: 1.2758395476266742
  landing: 0.01975405216217041
  view-data: 0.028357191011309624
