times:
  edit-metadata: 1.4299147594720125
  landing: 0.022480390965938568
  view-data: 0.026348210871219635
