times:
  edit-metadata: 0.5012965658679605
  landing: 0.05149514228105545
  view-data: 0.3003715071827173
