times:
  edit-metadata: 1.4526514075696468
  landing: 0.1816271524876356
  view-data: 0.30592044442892075
