times:
  edit-metadata: 1.5289262235164642
  landing: 0.020200343802571297
  view-data: 0.4202880337834358
