times:
  edit-metadata: 1.265579148195684
  landing: 0.02214940544217825
  view-data: 0.027601423673331738
