times:
  edit-metadata: 0.7140702488832176
  landing: 0.11626800382509828
  view-data: 0.20754717011004686
