times:
  edit-metadata: 1.3372702822089195
  landing: 0.021539240144193172
  view-data: 0.02517986111342907
