times:
  edit-metadata: 0.4819344263523817
  landing: 0.045538244768977165
  view-data: 0.20261371787637472
