times:
  edit-metadata: 1.676342025399208
  landing: 0.2330647949129343
  view-data: 0.4407131653279066
