times:
  edit-metadata: 1.2613509250804782
  landing: 0.021604694426059723
  view-data: 0.12054895050823689
