times:
  edit-metadata: 1.2999475672841072
  landing: 0.2189832702279091
  view-data: 0.02701122872531414
