times:
  edit-metadata: 1.3455506889149547
  landing: 0.021334237419068813
  view-data: 0.02454855479300022
