times:
  edit-metadata: 1.7257914394140244
  landing: 0.19633697532117367
  view-data: 0.18678521923720837
