times:
  edit-metadata: 1.3771863896399736
  landing: 0.1253805859014392
  view-data: 0.34444838017225266
