times:
  edit-metadata: 1.2950652046129107
  landing: 0.020914386957883835
  view-data: 0.13369373232126236
