times:
  edit-metadata: 1.5386762265115976
  landing: 0.2204833012074232
  view-data: 0.02668357826769352
