times:
  edit-metadata: 1.662119260057807
  landing: 0.15514309145510197
  view-data: 0.02565043978393078
