times:
  edit-metadata: 1.424277188256383
  landing: 0.12821086309850216
  view-data: 0.39810252375900745
