times:
  edit-metadata: 1.3486308362334967
  landing: 0.22759170830249786
  view-data: 0.36174500919878483
