times:
  edit-metadata: 1.3424850823357701
  landing: 0.020760959945619106
  view-data: 0.12086470704525709
