times:
  edit-metadata: 0.6470075282268226
  landing: 0.14269852498546243
  view-data: 0.25189876463264227
