times:
  edit-metadata: 1.298664566129446
  landing: 0.020510959438979626
  view-data: 0.45472622383385897
