times:
  edit-metadata: 1.2751532746478915
  landing: 0.04596289061009884
  view-data: 0.028538173995912075
