times:
  edit-metadata: 1.372158708050847
  landing: 0.16624622605741024
  view-data: 0.11967460718005896
