times:
  edit-metadata: 1.4232256822288036
  landing: 0.1510763056576252
  view-data: 0.3170418404042721
