times:
  edit-metadata: 1.2668963922187686
  landing: 0.02176781091839075
  view-data: 0.1184684494510293
