times:
  edit-metadata: 1.3721094066277146
  landing: 0.018849948421120644
  view-data: 0.025182072073221207
