times:
  edit-metadata: 1.41724987141788
  landing: 0.3370343707501888
  view-data: 0.02988852560520172
