times:
  edit-metadata: 1.3577857092022896
  landing: 0.09296817611902952
  view-data: 0.023236911743879318
