times:
  edit-metadata: 1.641840840689838
  landing: 0.13542863260954618
  view-data: 0.15285424049943686
