times:
  edit-metadata: 1.4160319985821843
  landing: 0.021488194353878498
  view-data: 0.029562213458120823
