times:
  edit-metadata: 1.306858440861106
  landing: 0.022943079471588135
  view-data: 0.03471386432647705
