times:
  edit-metadata: 1.3676209971308708
  landing: 0.1991637721657753
  view-data: 0.26062892843037844
