times:
  edit-metadata: 1.326820183545351
  landing: 0.02282726764678955
  view-data: 0.576873280107975
