times:
  edit-metadata: 1.2626060396432877
  landing: 0.11699724290519953
  view-data: 0.023552773520350456
