times:
  edit-metadata: 1.6721093226224184
  landing: 0.026593264192342758
  view-data: 0.1421938855201006
