times:
  edit-metadata: 0.4766899337992072
  landing: 0.04355902876704931
  view-data: 0.19222419243305922
