times:
  edit-metadata: 0.484673080034554
  landing: 0.048776065930724144
  view-data: 0.19010160770267248
