times:
  edit-metadata: 0.5287647759541869
  landing: 0.047438482753932476
  view-data: 0.2134504448622465
