times:
  edit-metadata: 1.4622305370867252
  landing: 0.13192876614630222
  view-data: 0.026733575388789177
