times:
  edit-metadata: 1.290128542110324
  landing: 0.024196624755859375
  view-data: 0.026559913530945778
