times:
  edit-metadata: 0.4909767974168062
  landing: 0.050539759919047356
  view-data: 0.22506451699882746
