times:
  edit-metadata: 1.357422150671482
  landing: 0.02195516973733902
  view-data: 0.10061207134276628
