times:
  edit-metadata: 1.526259345933795
  landing: 0.16403706185519695
  view-data: 0.4401828171685338
