times:
  edit-metadata: 1.2954564038664103
  landing: 0.020582575350999832
  view-data: 0.02419443242251873
