times:
  edit-metadata: 0.7675774530507624
  landing: 0.12261394504457712
  view-data: 0.23243927489966154
