times:
  edit-metadata: 1.2458081226795912
  landing: 0.021884674206376076
  view-data: 0.12312040105462074
