times:
  edit-metadata: 0.7189217316918075
  landing: 0.14153156289830804
  view-data: 0.2916808151639998
