times:
  edit-metadata: 1.3483396414667368
  landing: 0.020734482444822788
  view-data: 0.027181843295693398
