times:
  edit-metadata: 1.2784783588722348
  landing: 0.11542038153856993
  view-data: 0.025292226113379
