times:
  edit-metadata: 0.5586046371608973
  landing: 0.043700283858925104
  view-data: 0.21659283386543393
