times:
  edit-metadata: 1.2764935996383429
  landing: 0.023497652262449265
  view-data: 0.026267552748322487
