times:
  edit-metadata: 1.6558431889861822
  landing: 0.17646436020731926
  view-data: 0.3657265920192003
