times:
  edit-metadata: 1.325321365147829
  landing: 0.019954165443778038
  view-data: 0.02884174045175314
