times:
  edit-metadata: 1.4628042373806238
  landing: 0.024346841499209404
  view-data: 0.3352902866899967
