times:
  edit-metadata: 1.2925592688843608
  landing: 0.01996490079909563
  view-data: 0.025895265862345695
