times:
  edit-metadata: 1.3323999661952257
  landing: 0.022020967677235603
  view-data: 0.02451971173286438
