times:
  edit-metadata: 1.2748177330940962
  landing: 0.02219775691628456
  view-data: 0.024435529485344887
