times:
  edit-metadata: 1.287641106173396
  landing: 0.022440520115196705
  view-data: 0.12175899092108011
