times:
  edit-metadata: 0.5029556704685092
  landing: 0.04330066591501236
  view-data: 0.5392978312447667
