times:
  edit-metadata: 1.3985477481037378
  landing: 0.020361056551337242
  view-data: 0.1288402145728469
