times:
  edit-metadata: 0.5970934093929827
  landing: 0.0581048340536654
  view-data: 0.3135641780681908
