times:
  edit-metadata: 1.5603171363472939
  landing: 0.14817792922258377
  view-data: 0.025141887366771698
