times:
  edit-metadata: 0.47870680410414934
  landing: 0.04617251828312874
  view-data: 0.6158679509535432
