times:
  edit-metadata: 0.5503882556222379
  landing: 0.05589387007057667
  view-data: 0.21139201009646058
