times:
  edit-metadata: 0.5215048175305128
  landing: 0.06670342292636633
  view-data: 0.33944769855588675
