times:
  edit-metadata: 1.2785425707697868
  landing: 0.1409839065745473
  view-data: 0.026720138266682625
