times:
  edit-metadata: 1.4206686113029718
  landing: 0.020242121070623398
  view-data: 0.3641208168119192
