times:
  edit-metadata: 1.2745873453095555
  landing: 0.021961873397231102
  view-data: 0.024644820019602776
