times:
  edit-metadata: 0.47402813006192446
  landing: 0.04513194225728512
  view-data: 0.2995876781642437
