times:
  edit-metadata: 1.2932411078363657
  landing: 0.0195951908826828
  view-data: 0.31097552366554737
