times:
  edit-metadata: 1.387761054560542
  landing: 0.02093377895653248
  view-data: 0.02626219391822815
