times:
  edit-metadata: 1.2800080310553312
  landing: 0.025417009368538857
  view-data: 0.026569613255560398
