times:
  edit-metadata: 1.3542394451797009
  landing: 0.01966891624033451
  view-data: 0.1408351082354784
