times:
  edit-metadata: 1.3330502230674028
  landing: 0.023211078718304634
  view-data: 0.026963192969560623
