times:
  edit-metadata: 1.402298771776259
  landing: 0.02004022430628538
  view-data: 0.43955858796834946
