times:
  edit-metadata: 1.3188130110502243
  landing: 0.020962931215763092
  view-data: 0.026972075924277306
