times:
  edit-metadata: 0.48040339164435863
  landing: 0.04765636194497347
  view-data: 0.19898610096424818
