times:
  edit-metadata: 2.064518164843321
  landing: 0.37727691791951656
  view-data: 0.21747693978250027
