times:
  edit-metadata: 0.6069887299090624
  landing: 0.0985828717239201
  view-data: 0.305344729218632
