times:
  edit-metadata: 1.601593341678381
  landing: 0.15872501395642757
  view-data: 0.3211204316467047
