times:
  edit-metadata: 0.4952569711022079
  landing: 0.041627662256360054
  view-data: 0.3358914419077337
