times:
  edit-metadata: 1.3827808536589146
  landing: 0.02573218196630478
  view-data: 0.3194683473557234
