times:
  edit-metadata: 1.3577235527336597
  landing: 0.24535565357655287
  view-data: 0.49132631067186594
