times:
  edit-metadata: 1.2910893550142646
  landing: 0.1940661510452628
  view-data: 0.025637873448431492
