times:
  edit-metadata: 0.5209712963551283
  landing: 0.04080399498343468
  view-data: 0.21555498987436295
