times:
  edit-metadata: 1.30056413076818
  landing: 0.02270400896668434
  view-data: 0.026185767725110054
