times:
  edit-metadata: 1.2669096514582634
  landing: 0.018893808126449585
  view-data: 0.12144151329994202
