times:
  edit-metadata: 1.3425707817077637
  landing: 0.11285631731152534
  view-data: 0.13075480796396732
