times:
  edit-metadata: 1.2802911009639502
  landing: 0.02331012487411499
  view-data: 0.023744728416204453
