times:
  edit-metadata: 0.48717185761779547
  landing: 0.05245244596153498
  view-data: 0.18533505406230688
