times:
  edit-metadata: 1.3592157438397408
  landing: 0.023558746092021465
  view-data: 0.11594745703041553
