times:
  edit-metadata: 1.463277282193303
  landing: 0.200392734259367
  view-data: 0.36573052406311035
