times:
  edit-metadata: 0.7382523990236223
  landing: 0.06192875327542424
  view-data: 0.29975740518420935
