times:
  edit-metadata: 0.5494832298718393
  landing: 0.05864063324406743
  view-data: 0.2160580321215093
