times:
  edit-metadata: 1.3567945444956422
  landing: 0.144473890773952
  view-data: 0.034210240468382835
