times:
  edit-metadata: 1.3340832684189081
  landing: 0.17096535116434097
  view-data: 0.27179799415171146
