times:
  edit-metadata: 1.3442821241915226
  landing: 0.20177829265594482
  view-data: 0.02480442449450493
