times:
  edit-metadata: 1.2620194712653756
  landing: 0.021576857194304466
  view-data: 0.122569658793509
