times:
  edit-metadata: 1.2826421801000834
  landing: 0.02310979552567005
  view-data: 0.025720621459186077
