times:
  edit-metadata: 1.4174546236172318
  landing: 0.020271092653274536
  view-data: 0.032844703644514084
