times:
  edit-metadata: 1.280915828421712
  landing: 0.17728358320891857
  view-data: 0.023165571503341198
