times:
  edit-metadata: 1.296664317138493
  landing: 0.02339873928576708
  view-data: 0.024898840114474297
