times:
  edit-metadata: 0.569211598020047
  landing: 0.053220043890178204
  view-data: 0.21037412900477648
