times:
  edit-metadata: 1.4721060963347554
  landing: 0.019844330847263336
  view-data: 0.02514429483562708
