times:
  edit-metadata: 1.3041984140872955
  landing: 0.0214791065081954
  view-data: 0.026271936483681202
