times:
  edit-metadata: 1.251085384748876
  landing: 0.11958518344908953
  view-data: 0.4246814316138625
