times:
  edit-metadata: 1.2705371724441648
  landing: 0.01902347058057785
  view-data: 0.027926253154873848
