times:
  edit-metadata: 1.5021102465689182
  landing: 0.13778170943260193
  view-data: 0.12684056349098682
