times:
  edit-metadata: 1.5174305699765682
  landing: 0.43009583093225956
  view-data: 0.054351987317204475
