times:
  edit-metadata: 0.5071881520561874
  landing: 0.04759508138522506
  view-data: 0.32728753611445427
