times:
  edit-metadata: 1.3863598378375173
  landing: 0.1857336452230811
  view-data: 0.23200982995331287
