times:
  edit-metadata: 0.5145335476845503
  landing: 0.04311545938253403
  view-data: 0.21897075418382883
