times:
  edit-metadata: 0.49066129978746176
  landing: 0.05205998383462429
  view-data: 0.3297692947089672
