times:
  edit-metadata: 1.3434688784182072
  landing: 0.019609423354268074
  view-data: 0.02784867212176323
