times:
  edit-metadata: 1.4958018064498901
  landing: 0.19725746475160122
  view-data: 0.37291576340794563
