times:
  edit-metadata: 3.0227630473673344
  landing: 0.05022289790213108
  view-data: 0.1057744100689888
