times:
  edit-metadata: 1.2916855588555336
  landing: 0.021559459157288074
  view-data: 0.4113424066454172
