times:
  edit-metadata: 0.512596788816154
  landing: 0.04659151006489992
  view-data: 0.21392175368964672
