times:
  edit-metadata: 1.2524910643696785
  landing: 0.022721605375409126
  view-data: 0.026388096623122692
