times:
  edit-metadata: 1.360148098319769
  landing: 0.018395839259028435
  view-data: 0.3132633026689291
