times:
  edit-metadata: 1.3426086716353893
  landing: 0.24287042021751404
  view-data: 0.1495868880301714
