times:
  edit-metadata: 1.4463479649275541
  landing: 0.2778111267834902
  view-data: 0.024836013093590736
