times:
  edit-metadata: 1.268844660371542
  landing: 0.02352470811456442
  view-data: 0.02569738868623972
