times:
  edit-metadata: 1.3294780142605305
  landing: 0.20335772447288036
  view-data: 0.027033694088459015
