times:
  edit-metadata: 1.6727025508880615
  landing: 0.3154387045651674
  view-data: 0.37967008352279663
