times:
  edit-metadata: 1.2731377854943275
  landing: 0.02292474266141653
  view-data: 0.024630572646856308
