times:
  edit-metadata: 0.5235317256301641
  landing: 0.041407329961657524
  view-data: 0.338055906817317
