times:
  edit-metadata: 1.3468803614377975
  landing: 0.02128865383565426
  view-data: 0.13343100808560848
