times:
  edit-metadata: 1.2738028010353446
  landing: 0.020294327288866043
  view-data: 0.026476857252418995
