times:
  edit-metadata: 0.5200275252573192
  landing: 0.04344922676682472
  view-data: 0.19661671295762062
