times:
  edit-metadata: 1.7764631739992183
  landing: 0.1646441960183438
  view-data: 0.5649266699911095
