times:
  edit-metadata: 1.3336235247552395
  landing: 0.02489924058318138
  view-data: 0.1361190266907215
