times:
  edit-metadata: 1.5093182045966387
  landing: 0.1601827833801508
  view-data: 0.3875192515552044
