times:
  edit-metadata: 0.5472462959587574
  landing: 0.04879101598635316
  view-data: 0.21980123640969396
