times:
  edit-metadata: 1.2584973378106952
  landing: 0.02312246896326542
  view-data: 0.12018575519323349
