times:
  edit-metadata: 1.4386229626834393
  landing: 0.02340676076710224
  view-data: 0.026377901434898376
