times:
  edit-metadata: 1.287420175038278
  landing: 0.018981448374688625
  view-data: 0.12511937879025936
