times:
  edit-metadata: 0.6660897429101169
  landing: 0.05692309280857444
  view-data: 0.29045933997258544
