times:
  edit-metadata: 1.549409531056881
  landing: 0.21247155405580997
  view-data: 0.2718197051435709
