times:
  edit-metadata: 1.4011109350249171
  landing: 0.018583329394459724
  view-data: 0.023655036464333534
