times:
  edit-metadata: 0.48907019942998886
  landing: 0.04568796884268522
  view-data: 0.1991089889779687
