times:
  edit-metadata: 1.2880479516461492
  landing: 0.0209485050290823
  view-data: 0.12440388184040785
