times:
  edit-metadata: 1.375683918595314
  landing: 0.02298411726951599
  view-data: 0.02994843479245901
