times:
  edit-metadata: 0.5506978053599596
  landing: 0.047844726126641035
  view-data: 0.21862753992900252
