times:
  edit-metadata: 1.3788877706974745
  landing: 0.020679468289017677
  view-data: 0.13494849763810635
