times:
  edit-metadata: 0.498522374778986
  landing: 0.04669413063675165
  view-data: 0.22507193591445684
