times:
  edit-metadata: 0.5062184724956751
  landing: 0.04529736656695604
  view-data: 0.2116567101329565
