times:
  edit-metadata: 1.269398526288569
  landing: 0.02067412156611681
  view-data: 0.025311177596449852
