times:
  edit-metadata: 0.6424910929054022
  landing: 0.08228294271975756
  view-data: 0.21093526808544993
