times:
  edit-metadata: 1.9638698492199183
  landing: 0.14838250912725925
  view-data: 0.26581875793635845
