times:
  edit-metadata: 1.300487570464611
  landing: 0.021834570914506912
  view-data: 0.024723324924707413
