times:
  edit-metadata: 1.2752762427553535
  landing: 0.11946834996342659
  view-data: 0.4170608064159751
