times:
  edit-metadata: 1.5769091360270977
  landing: 0.025252636522054672
  view-data: 0.33187127485871315
