times:
  edit-metadata: 0.5601511071436107
  landing: 0.05717427609488368
  view-data: 0.21860748901963234
