times:
  edit-metadata: 1.3055098447948694
  landing: 0.02150275744497776
  view-data: 0.02452528476715088
