times:
  edit-metadata: 1.2952424213290215
  landing: 0.022681117057800293
  view-data: 0.027615446597337723
