times:
  edit-metadata: 1.3971365243196487
  landing: 0.13540844060480595
  view-data: 0.02494850754737854
