times:
  edit-metadata: 1.3886311706155539
  landing: 0.019983436912298203
  view-data: 0.1425345465540886
