times:
  edit-metadata: 1.5480285473167896
  landing: 0.29947156459093094
  view-data: 0.4698926080018282
