times:
  edit-metadata: 0.5470173330977559
  landing: 0.04673619382083416
  view-data: 0.31475081481039524
