times:
  edit-metadata: 1.294406607747078
  landing: 0.019001806154847145
  view-data: 0.026654208078980446
