times:
  edit-metadata: 1.282956269569695
  landing: 0.021991551853716373
  view-data: 0.4195912880823016
