times:
  edit-metadata: 1.2957855332642794
  landing: 0.02064097672700882
  view-data: 0.04442236199975014
