times:
  edit-metadata: 1.303285519592464
  landing: 0.02250484935939312
  view-data: 0.12112405430525541
