times:
  edit-metadata: 1.4529590755701065
  landing: 0.1389504512771964
  view-data: 0.02241470944136381
