times:
  edit-metadata: 1.272747641429305
  landing: 0.020389625802636147
  view-data: 0.10168247949331999
