times:
  edit-metadata: 1.2721423283219337
  landing: 0.19605833292007446
  view-data: 0.2258328702300787
