times:
  edit-metadata: 1.4190495945513248
  landing: 0.19150434248149395
  view-data: 0.023859284818172455
