times:
  edit-metadata: 1.288660272024572
  landing: 0.021458067931234837
  view-data: 0.026778866536915302
