times:
  edit-metadata: 1.3620608169585466
  landing: 0.01870834268629551
  view-data: 0.14318585023283958
