times:
  edit-metadata: 1.2677616328001022
  landing: 0.023581750690937042
  view-data: 0.027095315046608448
