times:
  edit-metadata: 1.2701140735298395
  landing: 0.02133155334740877
  view-data: 0.025878637097775936
