times:
  edit-metadata: 1.4020794294774532
  landing: 0.021799860522150993
  view-data: 0.371853644028306
