times:
  edit-metadata: 1.3351388536393642
  landing: 0.027173465117812157
  view-data: 0.12402682565152645
