times:
  edit-metadata: 0.4825349897146225
  landing: 0.03845896665006876
  view-data: 0.21208253223448992
