times:
  edit-metadata: 1.549023699015379
  landing: 0.1954769678413868
  view-data: 0.3295849412679672
