times:
  edit-metadata: 1.4503128472715616
  landing: 0.020203612744808197
  view-data: 0.031437208876013756
