times:
  edit-metadata: 1.2704205801710486
  landing: 0.0967459362000227
  view-data: 0.02544152084738016
