times:
  edit-metadata: 1.3349970933049917
  landing: 0.023009750060737133
  view-data: 0.024312157183885574
