times:
  edit-metadata: 0.6897436468861997
  landing: 0.049687481950968504
  view-data: 0.33495457097887993
