times:
  edit-metadata: 0.7706215437501669
  landing: 0.07010255102068186
  view-data: 0.21897623129189014
