times:
  edit-metadata: 1.2689337180927396
  landing: 0.022281628102064133
  view-data: 0.024672538973391056
