times:
  edit-metadata: 1.3447302635759115
  landing: 0.1245079804211855
  view-data: 0.027362173423171043
