times:
  edit-metadata: 1.2991750091314316
  landing: 0.13386331219226122
  view-data: 0.2279621884226799
