times:
  edit-metadata: 1.7938347794115543
  landing: 0.14562751352787018
  view-data: 0.1686665490269661
