times:
  edit-metadata: 1.4859037771821022
  landing: 0.21839532628655434
  view-data: 0.050074897706508636
