times:
  edit-metadata: 0.4955381080508232
  landing: 0.050728483125567436
  view-data: 0.24112417455762625
