times:
  edit-metadata: 1.356126407161355
  landing: 0.021536892279982567
  view-data: 0.13659477606415749
