times:
  edit-metadata: 1.465015696361661
  landing: 0.024421606212854385
  view-data: 0.3221561424434185
