times:
  edit-metadata: 0.5732608381658792
  landing: 0.054183293133974075
  view-data: 0.23229444213211536
