times:
  edit-metadata: 1.4277152940630913
  landing: 0.15987307019531727
  view-data: 0.31556118093430996
