times:
  edit-metadata: 1.3548345863819122
  landing: 0.020313058979809284
  view-data: 0.1230732137337327
