times:
  edit-metadata: 1.406741339713335
  landing: 0.12100218050181866
  view-data: 0.025886308401823044
