times:
  edit-metadata: 1.3066944563761353
  landing: 0.02026376686990261
  view-data: 0.024612084962427616
