times:
  edit-metadata: 1.3228376302868128
  landing: 0.022272322326898575
  view-data: 0.02711624000221491
