times:
  edit-metadata: 0.4990870002657175
  landing: 0.05230806954205036
  view-data: 0.22085664980113506
