times:
  edit-metadata: 1.28420848865062
  landing: 0.020436580292880535
  view-data: 0.11790539510548115
