times:
  edit-metadata: 1.575334632769227
  landing: 0.0225997194647789
  view-data: 0.36744212731719017
