times:
  edit-metadata: 1.2561624245718122
  landing: 0.119766547344625
  view-data: 0.12291085906326771
