times:
  edit-metadata: 1.3425343874841928
  landing: 0.19762440212070942
  view-data: 0.12283605337142944
