times:
  edit-metadata: 1.3491949941962957
  landing: 0.020746389403939247
  view-data: 0.02508726716041565
