times:
  edit-metadata: 1.5859579630196095
  landing: 0.1941278725862503
  view-data: 0.37730524875223637
