times:
  edit-metadata: 1.273660977371037
  landing: 0.022113284096121788
  view-data: 0.025314106605947018
