times:
  edit-metadata: 1.3052107458934188
  landing: 0.021191392093896866
  view-data: 0.027655080892145634
