times:
  edit-metadata: 0.5168537450954318
  landing: 0.04059412702918053
  view-data: 0.1920176651328802
