times:
  edit-metadata: 1.2726175673305988
  landing: 0.02083099354058504
  view-data: 0.1105556795373559
