times:
  edit-metadata: 1.465673616155982
  landing: 0.019257793202996254
  view-data: 0.1709025874733925
