times:
  edit-metadata: 0.5591054335236549
  landing: 0.0448463661596179
  view-data: 0.42697266954928637
