times:
  edit-metadata: 0.7413553227670491
  landing: 0.049139346927404404
  view-data: 0.21234597079455853
