times:
  edit-metadata: 0.7586541739292443
  landing: 0.049549530260264874
  view-data: 0.2178276269696653
