times:
  edit-metadata: 1.3635867275297642
  landing: 0.14376703277230263
  view-data: 0.027975240722298622
