times:
  edit-metadata: 1.4230514224618673
  landing: 0.021631505340337753
  view-data: 0.025067748501896858
