times:
  edit-metadata: 1.464635655283928
  landing: 0.02780916355550289
  view-data: 0.025945214554667473
