times:
  edit-metadata: 1.4276926051825285
  landing: 0.14363980665802956
  view-data: 0.024716351181268692
