times:
  edit-metadata: 0.7843450191430748
  landing: 0.11043832823634148
  view-data: 0.27469178987666965
