times:
  edit-metadata: 1.4169457163661718
  landing: 0.0200987309217453
  view-data: 0.2765472922474146
