times:
  edit-metadata: 1.386723343282938
  landing: 0.13481848128139973
  view-data: 0.023227084428071976
