times:
  edit-metadata: 1.5667232554405928
  landing: 0.019063178449869156
  view-data: 0.35537945851683617
