times:
  edit-metadata: 1.570430088788271
  landing: 0.1736656054854393
  view-data: 0.04183855280280113
