times:
  edit-metadata: 0.5948702809400856
  landing: 0.14972243690863252
  view-data: 0.21551018208265305
