times:
  edit-metadata: 1.655528025701642
  landing: 0.09492373652756214
  view-data: 0.2830255888402462
