times:
  edit-metadata: 1.8742298390716314
  landing: 0.020787840709090233
  view-data: 0.03367370553314686
