times:
  edit-metadata: 1.4572520814836025
  landing: 0.12120474502444267
  view-data: 0.1255104672163725
