times:
  edit-metadata: 1.8826975412666798
  landing: 0.14663068018853664
  view-data: 0.19622133113443851
