times:
  edit-metadata: 1.49607053399086
  landing: 0.02146138995885849
  view-data: 0.13027862645685673
