times:
  edit-metadata: 1.6817986015230417
  landing: 0.05683358013629913
  view-data: 0.45214879885315895
