times:
  edit-metadata: 1.6735701858997345
  landing: 0.023004960268735886
  view-data: 0.036258358508348465
