times:
  edit-metadata: 0.8514031399972737
  landing: 0.06627343688160181
  view-data: 0.2099478249438107
