times:
  edit-metadata: 1.481507197022438
  landing: 0.022971220314502716
  view-data: 0.05404430627822876
