times:
  edit-metadata: 1.5032719168812037
  landing: 0.12584254704415798
  view-data: 0.2768504209816456
