times:
  edit-metadata: 1.495848411694169
  landing: 0.020447159186005592
  view-data: 0.12614021077752113
