times:
  edit-metadata: 1.5807074699550867
  landing: 0.1953888814896345
  view-data: 0.027076710015535355
