times:
  edit-metadata: 0.5411961008794606
  landing: 0.07225689524784684
  view-data: 0.21228829910978675
