times:
  edit-metadata: 1.9825258189812303
  landing: 0.25923230964690447
  view-data: 0.36203854996711016
