times:
  edit-metadata: 1.832810228690505
  landing: 0.160323740914464
  view-data: 0.418286195024848
