times:
  edit-metadata: 1.457279957830906
  landing: 0.020227011293172836
  view-data: 0.02552475593984127
