times:
  edit-metadata: 0.5837437519803643
  landing: 0.12178264930844307
  view-data: 0.21862250799313188
