times:
  edit-metadata: 1.797102253884077
  landing: 0.020433718338608742
  view-data: 0.20599941536784172
