times:
  edit-metadata: 1.46125447191298
  landing: 0.018616031855344772
  view-data: 0.024963954463601112
