times:
  edit-metadata: 0.5294292788021266
  landing: 0.0668943366035819
  view-data: 0.21812011301517487
