times:
  edit-metadata: 1.5539878215640783
  landing: 0.021629251539707184
  view-data: 0.032445719465613365
