times:
  edit-metadata: 1.5587384384125471
  landing: 0.34193182922899723
  view-data: 0.33881963044404984
