times:
  edit-metadata: 1.45292329788208
  landing: 0.1412607654929161
  view-data: 0.02408449538052082
