times:
  edit-metadata: 1.7175515834242105
  landing: 0.26726967468857765
  view-data: 0.30836937204003334
