times:
  edit-metadata: 1.4593390095978975
  landing: 0.020336443558335304
  view-data: 0.027550727128982544
