times:
  edit-metadata: 1.393663927912712
  landing: 0.02637222409248352
  view-data: 0.027798689901828766
