times:
  edit-metadata: 1.4157256428152323
  landing: 0.019512563943862915
  view-data: 0.29423045367002487
