times:
  edit-metadata: 1.5452726874500513
  landing: 0.22833811305463314
  view-data: 0.40388029627501965
