times:
  edit-metadata: 1.8514384478330612
  landing: 0.16887769475579262
  view-data: 0.2163974530994892
