times:
  edit-metadata: 1.723463675007224
  landing: 0.16501260362565517
  view-data: 0.449180256575346
