times:
  edit-metadata: 1.3949331138283014
  landing: 0.12298522889614105
  view-data: 0.02693898417055607
