times:
  edit-metadata: 0.5328089538961649
  landing: 0.07147043105214834
  view-data: 0.2232428570277989
