times:
  edit-metadata: 0.5433019171468914
  landing: 0.0735690169967711
  view-data: 0.2061132900416851
