times:
  edit-metadata: 0.8441177341155708
  landing: 0.06627480499446392
  view-data: 0.20176153117790818
