times:
  edit-metadata: 1.6620131079107523
  landing: 0.032104067504405975
  view-data: 0.36548489704728127
