times:
  edit-metadata: 1.3933026678860188
  landing: 0.021856138482689857
  view-data: 0.12455205619335175
