times:
  edit-metadata: 1.4513146188110113
  landing: 0.14081088826060295
  view-data: 0.029523814097046852
