times:
  edit-metadata: 0.5363989854231477
  landing: 0.06910450709983706
  view-data: 0.21198819670826197
