times:
  edit-metadata: 1.5473560206592083
  landing: 0.3059075679630041
  view-data: 0.17830846644937992
