times:
  edit-metadata: 1.496559750288725
  landing: 0.020227577537298203
  view-data: 0.02313045784831047
