times:
  edit-metadata: 1.3760429881513119
  landing: 0.01970801129937172
  view-data: 0.022992758080363274
