times:
  edit-metadata: 0.5119897020049393
  landing: 0.07240040460601449
  view-data: 0.2091560596600175
