times:
  edit-metadata: 1.5455233678221703
  landing: 0.24385210499167442
  view-data: 0.14844616502523422
