times:
  edit-metadata: 1.3979871068149805
  landing: 0.02327287569642067
  view-data: 0.11958472058176994
