times:
  edit-metadata: 0.5125382859259844
  landing: 0.08008512714877725
  view-data: 0.22453100001439452
