times:
  edit-metadata: 1.6922424416989088
  landing: 0.1689240001142025
  view-data: 0.4221939593553543
