times:
  edit-metadata: 1.546156506985426
  landing: 0.22196167521178722
  view-data: 0.3613683246076107
