times:
  edit-metadata: 1.4876970294862986
  landing: 0.024285266175866127
  view-data: 0.02522733062505722
