times:
  edit-metadata: 1.4322713883593678
  landing: 0.02042469847947359
  view-data: 0.022580151446163654
