times:
  edit-metadata: 0.7536908430047333
  landing: 0.07081808289512992
  view-data: 0.2076032217592001
