times:
  edit-metadata: 1.4656637273728848
  landing: 0.13529075868427753
  view-data: 0.43190099857747555
