times:
  edit-metadata: 1.4591456465423107
  landing: 0.12315216846764088
  view-data: 0.35594417341053486
