times:
  edit-metadata: 1.8884810209274292
  landing: 0.2475375160574913
  view-data: 0.19746710918843746
