times:
  edit-metadata: 1.5137658901512623
  landing: 0.21227215230464935
  view-data: 0.39717738702893257
