times:
  edit-metadata: 0.5452435710467398
  landing: 0.07570751383900642
  view-data: 0.2883511781692505
