times:
  edit-metadata: 1.4596276246011257
  landing: 0.1344249676913023
  view-data: 0.10600580088794231
