times:
  edit-metadata: 1.5683125648647547
  landing: 0.025316711515188217
  view-data: 0.46426580287516117
