times:
  edit-metadata: 1.5273853596299887
  landing: 0.01969870552420616
  view-data: 0.024487685412168503
