times:
  edit-metadata: 1.4709474947303534
  landing: 0.01918635331094265
  view-data: 0.023175815120339394
