times:
  edit-metadata: 0.5767435212619603
  landing: 0.12088931212201715
  view-data: 0.209560657851398
