times:
  edit-metadata: 1.6078735683113337
  landing: 0.2924329396337271
  view-data: 0.026218585669994354
