times:
  edit-metadata: 1.6570338997989893
  landing: 0.02146046981215477
  view-data: 0.025540923699736595
