times:
  edit-metadata: 1.4051659777760506
  landing: 0.1963791400194168
  view-data: 0.2912693973630667
