times:
  edit-metadata: 1.4305738601833582
  landing: 0.2332934383302927
  view-data: 0.105329729616642
