times:
  edit-metadata: 1.457659862935543
  landing: 0.018822340294718742
  view-data: 0.025619331747293472
