times:
  edit-metadata: 1.4220595955848694
  landing: 0.106606001034379
  view-data: 0.10697916522622108
