times:
  edit-metadata: 1.462195586413145
  landing: 0.020121781155467033
  view-data: 0.028769630938768387
