times:
  edit-metadata: 0.6000919500365853
  landing: 0.09638895513489842
  view-data: 0.20474281394854188
