times:
  edit-metadata: 1.417552076280117
  landing: 0.1918887048959732
  view-data: 0.13952313363552094
