times:
  edit-metadata: 1.8267351761460304
  landing: 0.021580170840024948
  view-data: 0.025934239849448204
