times:
  edit-metadata: 1.880484839901328
  landing: 0.25028062239289284
  view-data: 0.06046400032937527
