times:
  edit-metadata: 1.4076662678271532
  landing: 0.021515563130378723
  view-data: 0.025273200124502182
