times:
  edit-metadata: 1.438012870028615
  landing: 0.20886888355016708
  view-data: 0.025717297568917274
