times:
  edit-metadata: 1.4327138885855675
  landing: 0.15000182576477528
  view-data: 0.02467719279229641
