times:
  edit-metadata: 1.4538517743349075
  landing: 0.1308273859322071
  view-data: 0.1266043707728386
