times:
  edit-metadata: 1.591030577197671
  landing: 0.17702080495655537
  view-data: 0.15129018388688564
