times:
  edit-metadata: 1.7169690523296595
  landing: 0.35543125681579113
  view-data: 0.7503434624522924
