times:
  edit-metadata: 1.4761528596282005
  landing: 0.019533857703208923
  view-data: 0.027095112949609756
