times:
  edit-metadata: 1.4416545182466507
  landing: 0.021930767223238945
  view-data: 0.025571657344698906
