times:
  edit-metadata: 0.6994306738488376
  landing: 0.12803891208022833
  view-data: 0.21736260410398245
