times:
  edit-metadata: 1.4214618373662233
  landing: 0.019606996327638626
  view-data: 0.023436209186911583
