times:
  edit-metadata: 1.6044153831899166
  landing: 0.20850331149995327
  view-data: 0.025716807693243027
