times:
  edit-metadata: 1.6123260650783777
  landing: 0.36293760128319263
  view-data: 0.16558941639959812
