times:
  edit-metadata: 1.7851636819541454
  landing: 0.38491983525455
  view-data: 0.024990692734718323
