times:
  edit-metadata: 1.3898545242846012
  landing: 0.13088909909129143
  view-data: 0.1030299998819828
