times:
  edit-metadata: 0.6239088750444353
  landing: 0.05881202081218362
  view-data: 0.27700329618528485
