times:
  edit-metadata: 0.7862150338478386
  landing: 0.06438650470227003
  view-data: 0.21419823030009866
