times:
  edit-metadata: 1.5236693304032087
  landing: 0.2950753401964903
  view-data: 0.13914592936635017
