times:
  edit-metadata: 1.4265455566346645
  landing: 0.15471654199063778
  view-data: 0.1444753184914589
