times:
  edit-metadata: 0.7323841759935021
  landing: 0.13353037415072322
  view-data: 0.2092863447032869
