times:
  edit-metadata: 1.4347525034099817
  landing: 0.02442304417490959
  view-data: 0.026131849735975266
