times:
  edit-metadata: 1.504324221983552
  landing: 0.02035697177052498
  view-data: 0.024392882362008095
