times:
  edit-metadata: 0.5317970481701195
  landing: 0.09024643106386065
  view-data: 0.21906474279239774
