times:
  edit-metadata: 1.558752516284585
  landing: 0.14878522790968418
  view-data: 0.02509750798344612
