times:
  edit-metadata: 1.5039302799850702
  landing: 0.16399994865059853
  view-data: 0.2975613307207823
