times:
  edit-metadata: 2.3789771366864443
  landing: 0.022035963833332062
  view-data: 0.14456639625132084
