times:
  edit-metadata: 1.4808271955698729
  landing: 0.12002780474722385
  view-data: 0.33400433510541916
