times:
  edit-metadata: 0.551440681796521
  landing: 0.07399292709305882
  view-data: 0.21361686289310455
