times:
  edit-metadata: 1.4761300291866064
  landing: 0.15012526791542768
  view-data: 0.024941078387200832
