times:
  edit-metadata: 1.6140247080475092
  landing: 0.2664784938097
  view-data: 0.35167719423770905
