times:
  edit-metadata: 1.4852042831480503
  landing: 0.022462787106633186
  view-data: 0.024329500272870064
