times:
  edit-metadata: 1.4592517837882042
  landing: 0.023225920274853706
  view-data: 0.10344985872507095
