times:
  edit-metadata: 2.049562791362405
  landing: 0.14711865223944187
  view-data: 0.19777292385697365
