times:
  edit-metadata: 1.475748984143138
  landing: 0.02112210914492607
  view-data: 0.3192341849207878
