times:
  edit-metadata: 1.4837843775749207
  landing: 0.12880037352442741
  view-data: 0.12836303561925888
