times:
  edit-metadata: 1.5499593000859022
  landing: 0.2548188380897045
  view-data: 0.30343247950077057
