times:
  edit-metadata: 1.748814893886447
  landing: 0.3834672924131155
  view-data: 0.38067945651710033
