times:
  edit-metadata: 1.4063566885888577
  landing: 0.1483861841261387
  view-data: 0.02450261451303959
