times:
  edit-metadata: 0.5981983770616353
  landing: 0.12410649377852678
  view-data: 0.20985504612326622
