times:
  edit-metadata: 1.5618049148470163
  landing: 0.12852203100919724
  view-data: 0.02350851334631443
