times:
  edit-metadata: 1.4073405526578426
  landing: 0.02114173397421837
  view-data: 0.023909807205200195
