times:
  edit-metadata: 1.5928405914455652
  landing: 0.3345030490309
  view-data: 0.35089123994112015
