times:
  edit-metadata: 1.3774461634457111
  landing: 0.23204794898629189
  view-data: 0.022910593077540398
