times:
  edit-metadata: 0.7311026556417346
  landing: 0.11652865167707205
  view-data: 0.2908622547984123
