times:
  edit-metadata: 1.4530401080846786
  landing: 0.021647032350301743
  view-data: 0.33737749233841896
