times:
  edit-metadata: 1.6870151478797197
  landing: 0.019830474629998207
  view-data: 0.05512337014079094
