times:
  edit-metadata: 1.465226573869586
  landing: 0.1480849338695407
  view-data: 0.3145394502207637
