times:
  edit-metadata: 1.450026335194707
  landing: 0.025177691131830215
  view-data: 0.02315312810242176
