times:
  edit-metadata: 1.4163731168955564
  landing: 0.02264530397951603
  view-data: 0.024932285770773888
