times:
  edit-metadata: 1.6417934037745
  landing: 0.14903840236365795
  view-data: 0.3573404382914305
