times:
  edit-metadata: 1.4848712924867868
  landing: 0.021525505930185318
  view-data: 0.027980517596006393
