times:
  edit-metadata: 1.5815153885632753
  landing: 0.2453280184417963
  view-data: 0.45355306193232536
