times:
  edit-metadata: 1.473038710653782
  landing: 0.02098834328353405
  view-data: 0.027603507041931152
