times:
  edit-metadata: 1.5189950335770845
  landing: 0.26616943068802357
  view-data: 0.14992461912333965
