times:
  edit-metadata: 1.4786095190793276
  landing: 0.11981883086264133
  view-data: 0.028205061331391335
