times:
  edit-metadata: 1.4642793964594603
  landing: 0.1664333026856184
  view-data: 0.1408463828265667
