times:
  edit-metadata: 0.5525586977601051
  landing: 0.07441659877076745
  view-data: 0.21169856702908874
