times:
  edit-metadata: 0.9471111106686294
  landing: 0.07034415099769831
  view-data: 0.21158467372879386
