times:
  edit-metadata: 1.4770578388124704
  landing: 0.02308073826134205
  view-data: 0.02520870976150036
