times:
  edit-metadata: 1.4147380702197552
  landing: 0.019424501806497574
  view-data: 0.028653400018811226
