times:
  edit-metadata: 1.473497038707137
  landing: 0.20746214129030704
  view-data: 0.12536792270839214
