times:
  edit-metadata: 1.4797587487846613
  landing: 0.2077475655823946
  view-data: 0.13773222640156746
