times:
  edit-metadata: 0.7043242733925581
  landing: 0.06629636790603399
  view-data: 0.28227831330150366
