times:
  edit-metadata: 1.9611382614821196
  landing: 0.15214666165411472
  view-data: 0.3328919168561697
