times:
  edit-metadata: 1.9785618353635073
  landing: 0.22217082418501377
  view-data: 0.33870252408087254
