times:
  edit-metadata: 1.6878822138532996
  landing: 0.23164344765245914
  view-data: 0.32624592538923025
