times:
  edit-metadata: 1.5022368915379047
  landing: 0.0195166552439332
  view-data: 0.11800659261643887
