times:
  edit-metadata: 1.6570516247302294
  landing: 0.23298761621117592
  view-data: 0.3888315800577402
