times:
  edit-metadata: 1.4753495566546917
  landing: 0.14706034027040005
  view-data: 0.02704383246600628
