times:
  edit-metadata: 0.5836126580834389
  landing: 0.0459612850099802
  view-data: 0.21706408634781837
