times:
  edit-metadata: 1.4276078287512064
  landing: 0.02197491005063057
  view-data: 0.026135649532079697
