times:
  edit-metadata: 0.8857362102717161
  landing: 0.06694298703223467
  view-data: 0.3028623820282519
