times:
  edit-metadata: 1.5057394206523895
  landing: 0.02032656781375408
  view-data: 0.023526258766651154
