times:
  edit-metadata: 1.7234381008893251
  landing: 0.15341501124203205
  view-data: 0.5010657534003258
