times:
  edit-metadata: 2.0320533849298954
  landing: 0.3153787236660719
  view-data: 0.1737765520811081
