times:
  edit-metadata: 1.8144961297512054
  landing: 0.16064801812171936
  view-data: 0.3263506181538105
