times:
  edit-metadata: 1.5571133568882942
  landing: 0.020556390285491943
  view-data: 0.32791565358638763
