times:
  edit-metadata: 1.461687395349145
  landing: 0.1923166885972023
  view-data: 0.32794799841940403
