times:
  edit-metadata: 2.396838393062353
  landing: 0.16644337587058544
  view-data: 0.19927101023495197
