times:
  edit-metadata: 1.4519186187535524
  landing: 0.16088374145328999
  view-data: 0.026630237698554993
