times:
  edit-metadata: 2.0044693872332573
  landing: 0.02178754098713398
  view-data: 0.024783972650766373
