times:
  edit-metadata: 1.8906681835651398
  landing: 0.15590691938996315
  view-data: 0.15457745641469955
