times:
  edit-metadata: 1.4585361648350954
  landing: 0.020392045378684998
  view-data: 0.02671612985432148
