times:
  edit-metadata: 1.798919703811407
  landing: 0.5252497233450413
  view-data: 0.30995513312518597
