times:
  edit-metadata: 0.8267914610914886
  landing: 0.05727926082909107
  view-data: 0.31644007097929716
