times:
  edit-metadata: 1.7794937044382095
  landing: 0.23606060445308685
  view-data: 0.32655123993754387
