times:
  edit-metadata: 1.4474012088030577
  landing: 0.018318772315979004
  view-data: 0.12228923104703426
