times:
  edit-metadata: 1.7189397532492876
  landing: 0.1492463555186987
  view-data: 0.14918108098208904
