times:
  edit-metadata: 1.5054272096604109
  landing: 0.020931183360517025
  view-data: 0.1236703097820282
