times:
  edit-metadata: 0.6633834443055093
  landing: 0.05981832882389426
  view-data: 0.22667040303349495
