times:
  edit-metadata: 1.4307567086070776
  landing: 0.02241088356822729
  view-data: 0.02920499723404646
