times:
  edit-metadata: 1.4627721086144447
  landing: 0.022760825231671333
  view-data: 0.02530042454600334
