times:
  edit-metadata: 1.464332134462893
  landing: 0.019084286876022816
  view-data: 0.4774134559556842
