times:
  edit-metadata: 1.8338313587009907
  landing: 0.22804530523717403
  view-data: 0.39102519303560257
