times:
  edit-metadata: 2.180975815281272
  landing: 0.17161192372441292
  view-data: 0.48181451484560966
