times:
  edit-metadata: 1.475580608472228
  landing: 0.14382462948560715
  view-data: 0.31492199189960957
