times:
  edit-metadata: 1.493547035381198
  landing: 0.020190931856632233
  view-data: 0.02394135668873787
