times:
  edit-metadata: 1.5778525844216347
  landing: 0.021148163825273514
  view-data: 0.02666730247437954
