times:
  edit-metadata: 1.4017989998683333
  landing: 0.023013371974229813
  view-data: 0.0251635629683733
