times:
  edit-metadata: 1.5994529183954
  landing: 0.019307165406644344
  view-data: 0.054041069000959396
