times:
  edit-metadata: 1.5682092513889074
  landing: 0.3328779358416796
  view-data: 0.3591269087046385
