times:
  edit-metadata: 1.7303169127553701
  landing: 0.2468999046832323
  view-data: 0.32649040408432484
