times:
  edit-metadata: 1.5064174570143223
  landing: 0.021525029093027115
  view-data: 0.12073316425085068
