times:
  edit-metadata: 0.6996671138331294
  landing: 0.06518453313037753
  view-data: 0.3035960039123893
