times:
  edit-metadata: 1.4741671178489923
  landing: 0.019839024171233177
  view-data: 0.13701703771948814
