times:
  edit-metadata: 1.7845124434679747
  landing: 0.2575346641242504
  view-data: 0.30554273910820484
