times:
  edit-metadata: 1.4796919412910938
  landing: 0.022331833839416504
  view-data: 0.02343691699206829
