times:
  edit-metadata: 1.433110537007451
  landing: 0.018185557797551155
  view-data: 0.025565987452864647
