times:
  edit-metadata: 1.4500027410686016
  landing: 0.14837129414081573
  view-data: 0.0263527799397707
