times:
  edit-metadata: 1.4323102552443743
  landing: 0.02116406336426735
  view-data: 0.1287347637116909
