times:
  edit-metadata: 1.4685084968805313
  landing: 0.1611363161355257
  view-data: 0.02452641911804676
