times:
  edit-metadata: 0.5914462632499635
  landing: 0.04631082760170102
  view-data: 0.22245441284030676
