times:
  edit-metadata: 1.4940149672329426
  landing: 0.02478107437491417
  view-data: 0.027324993163347244
