times:
  edit-metadata: 1.4325131187215447
  landing: 0.1137036569416523
  view-data: 0.147681824862957
