times:
  edit-metadata: 0.5713141830638051
  landing: 0.058559431694447994
  view-data: 0.21921727200970054
