times:
  edit-metadata: 1.6091822180896997
  landing: 0.22012452222406864
  view-data: 0.3982174452394247
