times:
  edit-metadata: 1.4581420049071312
  landing: 0.020589953288435936
  view-data: 0.025536049157381058
