times:
  edit-metadata: 1.8789890091866255
  landing: 0.24560951255261898
  view-data: 0.14899357594549656
