times:
  edit-metadata: 1.4394296910613775
  landing: 0.15871403086930513
  view-data: 0.1335003338754177
