times:
  edit-metadata: 0.6234276439063251
  landing: 0.11967081017792225
  view-data: 0.2320072208531201
