times:
  edit-metadata: 1.454738825559616
  landing: 0.019605493173003197
  view-data: 0.12311968766152859
