times:
  edit-metadata: 0.5719855576753616
  landing: 0.046430021058768034
  view-data: 0.21623438596725464
