times:
  edit-metadata: 1.483009135350585
  landing: 0.019137343391776085
  view-data: 0.03019377961754799
