times:
  edit-metadata: 1.5900946762412786
  landing: 0.15533651039004326
  view-data: 0.027742011472582817
