times:
  edit-metadata: 1.4154791133478284
  landing: 0.21367563772946596
  view-data: 0.45890728011727333
