times:
  edit-metadata: 1.4441794157028198
  landing: 0.022971659898757935
  view-data: 0.026164846494793892
