times:
  edit-metadata: 1.547591183334589
  landing: 0.3145839683711529
  view-data: 0.2717400286346674
