times:
  edit-metadata: 1.4845976997166872
  landing: 0.09427840448915958
  view-data: 0.13840506598353386
