times:
  edit-metadata: 1.5138192772865295
  landing: 0.020121360197663307
  view-data: 0.026592738926410675
