times:
  edit-metadata: 1.4408004824072123
  landing: 0.15163185074925423
  view-data: 0.02403293550014496
