times:
  edit-metadata: 0.6724125309847295
  landing: 0.10877626622095704
  view-data: 0.22780565591529012
