times:
  edit-metadata: 1.4336952744051814
  landing: 0.0199283417314291
  view-data: 0.022199735045433044
