times:
  edit-metadata: 1.4778861161321402
  landing: 0.11598193645477295
  view-data: 0.026720985770225525
