times:
  edit-metadata: 1.7277498077601194
  landing: 0.2611264418810606
  view-data: 0.025914935395121574
