times:
  edit-metadata: 1.6551662366837263
  landing: 0.022861052304506302
  view-data: 0.4016456790268421
