times:
  edit-metadata: 1.4000688754022121
  landing: 0.11611630767583847
  view-data: 0.12958399206399918
