times:
  edit-metadata: 1.6610664520412683
  landing: 0.14797773212194443
  view-data: 0.5604916550219059
