times:
  edit-metadata: 1.4326621443033218
  landing: 0.020285936072468758
  view-data: 0.4796894621104002
