times:
  edit-metadata: 1.5487186070531607
  landing: 0.022645028308033943
  view-data: 0.027992958202958107
