times:
  edit-metadata: 1.4078294029459357
  landing: 0.020053931511938572
  view-data: 0.3290433920919895
