times:
  edit-metadata: 0.7395873637869954
  landing: 0.057426768355071545
  view-data: 0.20836727414280176
