times:
  edit-metadata: 1.4431744050234556
  landing: 0.020526250824332237
  view-data: 0.02690076269209385
