times:
  edit-metadata: 1.4228856032714248
  landing: 0.02043913211673498
  view-data: 0.4513250142335892
