times:
  edit-metadata: 1.5825929399579763
  landing: 0.22726234793663025
  view-data: 0.4349186234176159
