times:
  edit-metadata: 1.3733760137110949
  landing: 0.021672653034329414
  view-data: 0.13199949637055397
