times:
  edit-metadata: 0.8632639357820153
  landing: 0.03976104594767094
  view-data: 0.3066312689334154
