times:
  edit-metadata: 1.6703068148344755
  landing: 0.023139648139476776
  view-data: 0.14817161858081818
