times:
  edit-metadata: 1.4299368672072887
  landing: 0.021391263231635094
  view-data: 0.025663694366812706
