times:
  edit-metadata: 0.5741398739628494
  landing: 0.0516341682523489
  view-data: 0.22066761972382665
