times:
  edit-metadata: 1.5885570999234915
  landing: 0.11742429621517658
  view-data: 0.30268539674580097
