times:
  edit-metadata: 1.4090113816782832
  landing: 0.1274418057873845
  view-data: 0.4811459006741643
