times:
  edit-metadata: 1.502855595201254
  landing: 0.017999103292822838
  view-data: 0.13397866673767567
