times:
  edit-metadata: 1.511501744389534
  landing: 0.022140849381685257
  view-data: 0.027505315840244293
