times:
  edit-metadata: 2.60085322894156
  landing: 0.6420609876513481
  view-data: 0.50235890224576
