times:
  edit-metadata: 1.5013668118044734
  landing: 0.019278881140053272
  view-data: 0.3120106905698776
