times:
  edit-metadata: 1.397696241736412
  landing: 0.18198788538575172
  view-data: 0.027539759874343872
