times:
  edit-metadata: 1.5845034644007683
  landing: 0.02350505255162716
  view-data: 0.35459538735449314
