times:
  edit-metadata: 1.572356534190476
  landing: 0.24487490486353636
  view-data: 0.12840135395526886
