times:
  edit-metadata: 1.5205067228525877
  landing: 0.14630001038312912
  view-data: 0.12234027124941349
