times:
  edit-metadata: 1.7798486091196537
  landing: 0.18066483922302723
  view-data: 0.02530425600707531
