times:
  edit-metadata: 1.5128420051187277
  landing: 0.13298906199634075
  view-data: 0.14371558465063572
