times:
  edit-metadata: 1.641369122080505
  landing: 0.13397019263356924
  view-data: 0.022990886121988297
