times:
  edit-metadata: 1.7704328056424856
  landing: 0.2555812653154135
  view-data: 0.02874467894434929
