times:
  edit-metadata: 1.4482203498482704
  landing: 0.020083419978618622
  view-data: 0.027489295229315758
