times:
  edit-metadata: 1.5949810240417719
  landing: 0.272276371717453
  view-data: 0.4991278927773237
