times:
  edit-metadata: 0.5636213021352887
  landing: 0.049662766978144646
  view-data: 0.219213361851871
