times:
  edit-metadata: 1.5095260702073574
  landing: 0.021562477573752403
  view-data: 0.02473440393805504
