times:
  edit-metadata: 1.5118980258703232
  landing: 0.15143363177776337
  view-data: 0.02355906367301941
