times:
  edit-metadata: 1.4587559811770916
  landing: 0.13403117656707764
  view-data: 0.32763697020709515
