times:
  edit-metadata: 1.4971546418964863
  landing: 0.021055379882454872
  view-data: 0.025098586454987526
