times:
  edit-metadata: 1.5707550812512636
  landing: 0.14307504892349243
  view-data: 0.02390643209218979
