times:
  edit-metadata: 0.5775483720935881
  landing: 0.1214122693054378
  view-data: 0.22742375498637557
