times:
  edit-metadata: 1.8938454985618591
  landing: 0.01977604255080223
  view-data: 0.0235774926841259
