times:
  edit-metadata: 1.6327854730188847
  landing: 0.0201788991689682
  view-data: 0.030431857332587242
