times:
  edit-metadata: 1.456446448341012
  landing: 0.18028480932116508
  view-data: 0.25798469595611095
