times:
  edit-metadata: 0.6668652589432895
  landing: 0.05916440486907959
  view-data: 0.31779661076143384
