times:
  edit-metadata: 1.4352500103414059
  landing: 0.20955702848732471
  view-data: 0.022245479747653008
