times:
  edit-metadata: 1.6235452983528376
  landing: 0.16193911619484425
  view-data: 0.1514220740646124
