times:
  edit-metadata: 1.465747794136405
  landing: 0.02170308493077755
  view-data: 0.13138584420084953
