times:
  edit-metadata: 1.8448259886354208
  landing: 0.16365203261375427
  view-data: 0.027344830334186554
