times:
  edit-metadata: 1.416036680340767
  landing: 0.022127516567707062
  view-data: 0.41539338789880276
