times:
  edit-metadata: 1.452836073935032
  landing: 0.02306162565946579
  view-data: 0.023967688903212547
