times:
  edit-metadata: 1.613094074651599
  landing: 0.2240798957645893
  view-data: 0.27387639321386814
