times:
  edit-metadata: 1.4373542610555887
  landing: 0.0226114634424448
  view-data: 0.09971592761576176
