times:
  edit-metadata: 1.8193853236734867
  landing: 0.13171779178082943
  view-data: 0.3501334395259619
