times:
  edit-metadata: 1.8859632834792137
  landing: 0.35492282919585705
  view-data: 0.3365625273436308
