times:
  edit-metadata: 0.569601004011929
  landing: 0.06565626710653305
  view-data: 0.22395156929269433
