times:
  edit-metadata: 1.4266566606238484
  landing: 0.02089754119515419
  view-data: 0.2352278744801879
