times:
  edit-metadata: 1.521867547184229
  landing: 0.18291073851287365
  view-data: 0.023583855479955673
