times:
  edit-metadata: 1.405338822863996
  landing: 0.19029507879167795
  view-data: 0.3907282752916217
