times:
  edit-metadata: 1.5050643309950829
  landing: 0.02026677504181862
  view-data: 0.027377085760235786
