times:
  edit-metadata: 1.496096771210432
  landing: 0.022855151444673538
  view-data: 0.02425960823893547
