times:
  edit-metadata: 0.7101974049583077
  landing: 0.05971386283636093
  view-data: 0.27892108587548137
