times:
  edit-metadata: 0.5718340631574392
  landing: 0.08003828208893538
  view-data: 0.30624340008944273
