times:
  edit-metadata: 1.634854981675744
  landing: 0.1917200032621622
  view-data: 0.34686313569545746
