times:
  edit-metadata: 0.5855323681607842
  landing: 0.0405489350669086
  view-data: 0.21262316731736064
