times:
  edit-metadata: 1.4340850999578834
  landing: 0.019872095435857773
  view-data: 0.43494732677936554
