times:
  edit-metadata: 0.7565197460353374
  landing: 0.037303493823856115
  view-data: 0.25379937468096614
