times:
  edit-metadata: 1.4988015815615654
  landing: 0.021780984476208687
  view-data: 0.14420735277235508
