times:
  edit-metadata: 1.4573727641254663
  landing: 0.020846552215516567
  view-data: 0.025322200730443
