times:
  edit-metadata: 1.582480439916253
  landing: 0.029857568442821503
  view-data: 0.02800559066236019
