times:
  edit-metadata: 0.625316325109452
  landing: 0.07920615701004863
  view-data: 0.23688865220174193
