times:
  edit-metadata: 1.4507784470915794
  landing: 0.12705230340361595
  view-data: 0.024564186111092567
