times:
  edit-metadata: 1.8527144603431225
  landing: 0.37932201847434044
  view-data: 0.32145207189023495
