times:
  edit-metadata: 0.7463320908136666
  landing: 0.08972037583589554
  view-data: 0.2148407669737935
