times:
  edit-metadata: 1.9219869039952755
  landing: 0.41235446371138096
  view-data: 0.42423223704099655
