times:
  edit-metadata: 1.5057794749736786
  landing: 0.019112661480903625
  view-data: 0.026717644184827805
