times:
  edit-metadata: 1.5817442499101162
  landing: 0.02359233796596527
  view-data: 0.025815997272729874
