times:
  edit-metadata: 0.6813146793283522
  landing: 0.044708048924803734
  view-data: 0.31794163305312395
