times:
  edit-metadata: 1.4479212202131748
  landing: 0.02124820463359356
  view-data: 0.12569092959165573
