times:
  edit-metadata: 1.8479479737579823
  landing: 0.14348751492798328
  view-data: 0.1554081905633211
