times:
  edit-metadata: 1.4305055979639292
  landing: 0.021713335067033768
  view-data: 0.02671593241393566
