times:
  edit-metadata: 0.6769126928411424
  landing: 0.08073111483827233
  view-data: 0.2118067890405655
