times:
  edit-metadata: 1.5170088727027178
  landing: 0.1691393256187439
  view-data: 0.408493310213089
