times:
  edit-metadata: 1.5237304084002972
  landing: 0.11462299712002277
  view-data: 0.024404218420386314
