times:
  edit-metadata: 1.4994963482022285
  landing: 0.02099798433482647
  view-data: 0.025460757315158844
