times:
  edit-metadata: 1.5075914524495602
  landing: 0.02450934611260891
  view-data: 0.02417542040348053
