times:
  edit-metadata: 1.618867540732026
  landing: 0.17574353329837322
  view-data: 0.15398051775991917
