times:
  edit-metadata: 1.5240495232865214
  landing: 0.0185673451051116
  view-data: 0.02523697167634964
