times:
  edit-metadata: 1.6385826840996742
  landing: 0.02042275108397007
  view-data: 0.14285369589924812
