times:
  edit-metadata: 1.4206064846366644
  landing: 0.02089630626142025
  view-data: 0.1286423932760954
