times:
  edit-metadata: 1.5275564994663
  landing: 0.21689285710453987
  view-data: 0.38803159072995186
