times:
  edit-metadata: 2.0571958515793085
  landing: 0.43108700029551983
  view-data: 0.45514338836073875
