times:
  edit-metadata: 1.480882789939642
  landing: 0.021236879751086235
  view-data: 0.02506631426513195
