times:
  edit-metadata: 1.5032697971910238
  landing: 0.22641829028725624
  view-data: 0.026105184108018875
