times:
  edit-metadata: 1.482203483581543
  landing: 0.11808911710977554
  view-data: 0.12886234000325203
