times:
  edit-metadata: 1.397262953221798
  landing: 0.024832083843648434
  view-data: 0.024177951738238335
