times:
  edit-metadata: 0.555968081112951
  landing: 0.043828085064888
  view-data: 0.21083061210811138
