times:
  edit-metadata: 0.6785543099977076
  landing: 0.05404557380825281
  view-data: 0.22346002096310258
