times:
  edit-metadata: 1.4105666354298592
  landing: 0.019931882619857788
  view-data: 0.023118186742067337
