times:
  edit-metadata: 1.4508499279618263
  landing: 0.020138932392001152
  view-data: 0.028071846812963486
