times:
  edit-metadata: 0.5330054275691509
  landing: 0.07311692694202065
  view-data: 0.2219263562001288
