times:
  edit-metadata: 1.657859142869711
  landing: 0.29477236419916153
  view-data: 0.5894433967769146
