times:
  edit-metadata: 1.587451495230198
  landing: 0.21896309219300747
  view-data: 0.14806902036070824
