times:
  edit-metadata: 1.4521050183102489
  landing: 0.20403217617422342
  view-data: 0.023391558788716793
