times:
  edit-metadata: 0.5980773558840156
  landing: 0.10126852104440331
  view-data: 0.2233517300337553
