times:
  edit-metadata: 0.7900430941954255
  landing: 0.06615901226177812
  view-data: 0.35894276294857264
