times:
  edit-metadata: 0.9411833602935076
  landing: 0.04493821179494262
  view-data: 0.20648498088121414
