times:
  edit-metadata: 0.5958878421224654
  landing: 0.14358699414879084
  view-data: 0.21420453302562237
