times:
  edit-metadata: 1.7936550602316856
  landing: 0.018294334411621094
  view-data: 0.022348674945533276
