times:
  edit-metadata: 1.4793871566653252
  landing: 0.01885126903653145
  view-data: 0.02254176326096058
