times:
  edit-metadata: 1.661617936566472
  landing: 0.19163849763572216
  view-data: 0.5107061751186848
