times:
  edit-metadata: 1.4876079931855202
  landing: 0.18064851127564907
  view-data: 0.401170302182436
