times:
  edit-metadata: 1.7618037797510624
  landing: 0.1386933047324419
  view-data: 0.0221742931753397
