times:
  edit-metadata: 1.3664066921919584
  landing: 0.020107991993427277
  view-data: 0.30552857369184494
