times:
  edit-metadata: 1.739291438832879
  landing: 0.39522700011730194
  view-data: 0.4150014966726303
