times:
  edit-metadata: 0.5523878219537437
  landing: 0.07851007394492626
  view-data: 0.2127073328010738
