times:
  edit-metadata: 1.3838817495852709
  landing: 0.12807181663811207
  view-data: 0.025547323748469353
