times:
  edit-metadata: 1.480699509382248
  landing: 0.027947699651122093
  view-data: 0.02732415497303009
