times:
  edit-metadata: 1.4741119034588337
  landing: 0.020460233092308044
  view-data: 0.4141911044716835
