times:
  edit-metadata: 1.3282876582816243
  landing: 0.019571013748645782
  view-data: 0.026005850173532963
