times:
  edit-metadata: 0.5177364493720233
  landing: 0.06821738090366125
  view-data: 0.20383570110425353
