times:
  edit-metadata: 1.4270683079957962
  landing: 0.2182194832712412
  view-data: 0.022277044132351875
