times:
  edit-metadata: 1.5798206273466349
  landing: 0.16436578892171383
  view-data: 0.13266307301819324
