times:
  edit-metadata: 1.371794605627656
  landing: 0.019649766385555267
  view-data: 0.13138818368315697
