times:
  edit-metadata: 1.3441997170448303
  landing: 0.14760207757353783
  view-data: 0.023285722360014915
