times:
  edit-metadata: 1.398003488779068
  landing: 0.019334117881953716
  view-data: 0.32480598986148834
