times:
  edit-metadata: 1.4901376012712717
  landing: 0.020217493176460266
  view-data: 0.300556693226099
