times:
  edit-metadata: 1.3345502465963364
  landing: 0.02161996439099312
  view-data: 0.025626564398407936
