times:
  edit-metadata: 1.4948180355131626
  landing: 0.01960521563887596
  view-data: 0.12556003592908382
