times:
  edit-metadata: 1.6023234836757183
  landing: 0.18318448401987553
  view-data: 0.14203636907041073
