times:
  edit-metadata: 1.3498438652604818
  landing: 0.01940087415277958
  view-data: 0.025321681052446365
