times:
  edit-metadata: 1.3906652657315135
  landing: 0.019549676217138767
  view-data: 0.025299844332039356
