times:
  edit-metadata: 1.4365437980741262
  landing: 0.11716650892049074
  view-data: 0.13040308002382517
