times:
  edit-metadata: 1.548659896478057
  landing: 0.22196458652615547
  view-data: 0.47612029779702425
