times:
  edit-metadata: 0.8501687259413302
  landing: 0.06333203194662929
  view-data: 0.20852223178371787
