times:
  edit-metadata: 1.3606893857941031
  landing: 0.1321728453040123
  view-data: 0.11800090409815311
