times:
  edit-metadata: 1.8076688274741173
  landing: 0.2824134882539511
  view-data: 0.026751907542347908
