times:
  edit-metadata: 0.5502365189604461
  landing: 0.0678469929844141
  view-data: 0.21528720017522573
