times:
  edit-metadata: 1.382292240858078
  landing: 0.02413964830338955
  view-data: 0.12570024840533733
