times:
  edit-metadata: 1.3666411433368921
  landing: 0.020732056349515915
  view-data: 0.024668829515576363
