times:
  edit-metadata: 0.7827603258192539
  landing: 0.0635183323174715
  view-data: 0.22690135007724166
