times:
  edit-metadata: 0.5660371319390833
  landing: 0.047879228834062815
  view-data: 0.2240394400432706
