times:
  edit-metadata: 1.3918558359146118
  landing: 0.12364563532173634
  view-data: 0.026826748624444008
