times:
  edit-metadata: 1.4124880488961935
  landing: 0.027106452733278275
  view-data: 0.026128211989998817
