times:
  edit-metadata: 1.4347967961803079
  landing: 0.1871172897517681
  view-data: 0.02811515238136053
