times:
  edit-metadata: 1.3490693662315607
  landing: 0.12118867225944996
  view-data: 0.026102276518940926
