times:
  edit-metadata: 1.4516520220786333
  landing: 0.018725496716797352
  view-data: 0.023689993657171726
