times:
  edit-metadata: 1.7892713602632284
  landing: 0.35964701510965824
  view-data: 0.394649101421237
