times:
  edit-metadata: 1.4618792105466127
  landing: 0.02201678976416588
  view-data: 0.027976810932159424
