times:
  edit-metadata: 3.0094067752361298
  landing: 0.39150416292250156
  view-data: 0.34543106332421303
