times:
  edit-metadata: 1.4097314663231373
  landing: 0.021388599649071693
  view-data: 0.025906693190336227
