times:
  edit-metadata: 1.394100857898593
  landing: 0.020357253029942513
  view-data: 0.026435358449816704
