times:
  edit-metadata: 1.387824410572648
  landing: 0.11635607853531837
  view-data: 0.3047436736524105
