times:
  edit-metadata: 1.4111292520537972
  landing: 0.020191526040434837
  view-data: 0.025144796818494797
