times:
  edit-metadata: 1.3588039427995682
  landing: 0.025093546137213707
  view-data: 0.026740603148937225
