times:
  edit-metadata: 0.5699325511232018
  landing: 0.048382563050836325
  view-data: 0.31962749594822526
