times:
  edit-metadata: 1.5554335843771696
  landing: 0.13274578005075455
  view-data: 0.025631679221987724
