times:
  edit-metadata: 1.3512331880629063
  landing: 0.1911739706993103
  view-data: 0.025948351249098778
