times:
  edit-metadata: 1.530122841708362
  landing: 0.1363523956388235
  view-data: 0.13393818680197
