times:
  edit-metadata: 1.3669689744710922
  landing: 0.02342965453863144
  view-data: 0.024167640134692192
