times:
  edit-metadata: 0.7362466347403824
  landing: 0.09224053518846631
  view-data: 0.21134231379255652
