times:
  edit-metadata: 1.712034510448575
  landing: 0.16120563074946404
  view-data: 0.3651817198842764
