times:
  edit-metadata: 0.7144137150608003
  landing: 0.16328069800511003
  view-data: 0.30736341793090105
