times:
  edit-metadata: 1.5792196802794933
  landing: 0.20086957328021526
  view-data: 0.3003584071993828
