times:
  edit-metadata: 1.4205037951469421
  landing: 0.12300771102309227
  view-data: 0.02356779109686613
