times:
  edit-metadata: 1.4857719838619232
  landing: 0.18449796829372644
  view-data: 0.4528495017439127
