times:
  edit-metadata: 1.6167501509189606
  landing: 0.28668891079723835
  view-data: 0.2993203718215227
