times:
  edit-metadata: 0.5264654471538961
  landing: 0.06418460188433528
  view-data: 0.20694444281980395
