times:
  edit-metadata: 3.1707208305597305
  landing: 0.019816851243376732
  view-data: 0.14888371527194977
