times:
  edit-metadata: 0.5313770691864192
  landing: 0.08712434442713857
  view-data: 0.28141628112643957
