times:
  edit-metadata: 1.4164309799671173
  landing: 0.023351533338427544
  view-data: 0.026969552040100098
