times:
  edit-metadata: 1.373354883864522
  landing: 0.19902032054960728
  view-data: 0.28674404323101044
