times:
  edit-metadata: 1.4030104093253613
  landing: 0.020662730559706688
  view-data: 0.026151206344366074
