times:
  edit-metadata: 1.71394906565547
  landing: 0.01907701976597309
  view-data: 0.4426395036280155
