times:
  edit-metadata: 1.6712489882484078
  landing: 0.11298486962914467
  view-data: 0.1118966843932867
