times:
  edit-metadata: 1.4787621032446623
  landing: 0.021090073511004448
  view-data: 0.2850927021354437
