times:
  edit-metadata: 1.3538925861939788
  landing: 0.2077335463836789
  view-data: 0.13227529078722
