times:
  edit-metadata: 1.5209397673606873
  landing: 0.28421623073518276
  view-data: 0.026342377066612244
