times:
  edit-metadata: 1.3347689481452107
  landing: 0.020988873206079006
  view-data: 0.3155838316306472
