times:
  edit-metadata: 1.3852223623543978
  landing: 0.019583512097597122
  view-data: 0.31434755213558674
