times:
  edit-metadata: 2.011643808335066
  landing: 0.22243365086615086
  view-data: 0.45006170496344566
