times:
  edit-metadata: 0.543192486744374
  landing: 0.06694322172552347
  view-data: 0.2179104220122099
