times:
  edit-metadata: 1.3709896299988031
  landing: 0.02164122648537159
  view-data: 0.028674732893705368
