times:
  edit-metadata: 1.876658534631133
  landing: 0.315405635163188
  view-data: 0.36105899699032307
