times:
  edit-metadata: 1.556930337101221
  landing: 0.19453799538314342
  view-data: 0.024616103619337082
