times:
  edit-metadata: 1.3571589924395084
  landing: 0.019460884854197502
  view-data: 0.02345113456249237
