times:
  edit-metadata: 1.4600328523665667
  landing: 0.21890434436500072
  view-data: 0.16762182861566544
