times:
  edit-metadata: 1.4292187839746475
  landing: 0.21643499098718166
  view-data: 0.31128114461898804
