times:
  edit-metadata: 0.5413667620159686
  landing: 0.040448011830449104
  view-data: 0.21751315612345934
