times:
  edit-metadata: 1.3506657369434834
  landing: 0.02192826382815838
  view-data: 0.12625429034233093
