times:
  edit-metadata: 1.3518149312585592
  landing: 0.018716360442340374
  view-data: 0.11750826705247164
