times:
  edit-metadata: 1.4687145315110683
  landing: 0.2364381430670619
  view-data: 0.09250286780297756
