times:
  edit-metadata: 0.6381882098503411
  landing: 0.06273112818598747
  view-data: 0.265222460962832
