times:
  edit-metadata: 1.4288878627121449
  landing: 0.059681352227926254
  view-data: 0.12858554907143116
