times:
  edit-metadata: 0.7295943219214678
  landing: 0.08888750383630395
  view-data: 0.35742024471983314
