times:
  edit-metadata: 1.5085816532373428
  landing: 0.018802454695105553
  view-data: 0.15420090779662132
