times:
  edit-metadata: 1.4109862614423037
  landing: 0.02134283259510994
  view-data: 0.026132917031645775
