times:
  edit-metadata: 1.4140816740691662
  landing: 0.17457834258675575
  view-data: 0.02613084204494953
