times:
  edit-metadata: 1.3916026148945093
  landing: 0.01905275136232376
  view-data: 0.3090141098946333
