times:
  edit-metadata: 1.499743415042758
  landing: 0.02373022772371769
  view-data: 0.02884683571755886
