times:
  edit-metadata: 1.41708873398602
  landing: 0.021230826154351234
  view-data: 0.02531254105269909
