times:
  edit-metadata: 1.3595214392989874
  landing: 0.1997885499149561
  view-data: 0.026775766164064407
