times:
  edit-metadata: 1.499061037786305
  landing: 0.1384068839251995
  view-data: 0.44086479395627975
