times:
  edit-metadata: 1.3249226184561849
  landing: 0.01979588344693184
  view-data: 0.024622155353426933
