times:
  edit-metadata: 0.7153641316108406
  landing: 0.05323323095217347
  view-data: 0.2755328449420631
