times:
  edit-metadata: 1.5502726715058088
  landing: 0.02101842314004898
  view-data: 0.35262351483106613
