times:
  edit-metadata: 1.4090223219245672
  landing: 0.019853901118040085
  view-data: 0.023538172245025635
