times:
  edit-metadata: 1.7756448946893215
  landing: 0.4627780057489872
  view-data: 0.02367834933102131
