times:
  edit-metadata: 1.3955225050449371
  landing: 0.022821011021733284
  view-data: 0.02517521195113659
