times:
  edit-metadata: 1.3486030511558056
  landing: 0.1477006059139967
  view-data: 0.029056381434202194
