times:
  edit-metadata: 1.636789908632636
  landing: 0.02417052909731865
  view-data: 0.029109764844179153
