times:
  edit-metadata: 1.8011445757001638
  landing: 0.028784053400158882
  view-data: 0.024592434987425804
