times:
  edit-metadata: 0.5301774721592665
  landing: 0.06928840512409806
  view-data: 0.21749844076111913
