times:
  edit-metadata: 1.5385634545236826
  landing: 0.25563311390578747
  view-data: 0.3349568136036396
