times:
  edit-metadata: 1.5476383306086063
  landing: 0.14762752503156662
  view-data: 0.23663310520350933
