times:
  edit-metadata: 0.6101073203608394
  landing: 0.05460698436945677
  view-data: 0.27871184842661023
