times:
  edit-metadata: 1.3900536205619574
  landing: 0.018721062690019608
  view-data: 0.1422794573009014
