times:
  edit-metadata: 1.544492531567812
  landing: 0.2895114943385124
  view-data: 0.02715446613729
