times:
  edit-metadata: 1.367520771920681
  landing: 0.11470404081046581
  view-data: 0.12172967195510864
