times:
  edit-metadata: 1.350408112630248
  landing: 0.14379595313221216
  view-data: 0.02593498770147562
