times:
  edit-metadata: 1.5216068346053362
  landing: 0.3570272084325552
  view-data: 0.024594107642769814
