times:
  edit-metadata: 1.684908440336585
  landing: 0.18398938700556755
  view-data: 0.5012530516833067
