times:
  edit-metadata: 1.5913319066166878
  landing: 0.287362820468843
  view-data: 0.4291667966172099
