times:
  edit-metadata: 2.139471907168627
  landing: 0.40891718305647373
  view-data: 0.4787115640938282
