times:
  edit-metadata: 0.7120374538935721
  landing: 0.10976656898856163
  view-data: 0.21798869175836444
