times:
  edit-metadata: 1.3494722582399845
  landing: 0.020307786762714386
  view-data: 0.029839811846613884
