times:
  edit-metadata: 1.3871112130582333
  landing: 0.01876077987253666
  view-data: 0.1555216833949089
