times:
  edit-metadata: 1.5650281496345997
  landing: 0.28684995137155056
  view-data: 0.35787605307996273
