times:
  edit-metadata: 1.4267987199127674
  landing: 0.29191367514431477
  view-data: 0.41079518385231495
