times:
  edit-metadata: 1.3555900268256664
  landing: 0.022409824654459953
  view-data: 0.1209369171410799
