times:
  edit-metadata: 1.6949894800782204
  landing: 0.8705096244812012
  view-data: 0.18158388696610928
