times:
  edit-metadata: 0.6697807060554624
  landing: 0.08515300927683711
  view-data: 0.20110976975411177
