times:
  edit-metadata: 1.3223123895004392
  landing: 0.02020855713635683
  view-data: 0.4228247692808509
