times:
  edit-metadata: 1.4142779894173145
  landing: 0.02054894156754017
  view-data: 0.10326527059078217
