times:
  edit-metadata: 1.4803642462939024
  landing: 0.022772882133722305
  view-data: 0.025979546830058098
