times:
  edit-metadata: 1.4460252141579986
  landing: 0.19597820658236742
  view-data: 0.023127960972487926
