times:
  edit-metadata: 1.339036587625742
  landing: 0.022831104695796967
  view-data: 0.03189271315932274
