times:
  edit-metadata: 1.3558994885534048
  landing: 0.19800540804862976
  view-data: 0.024757858365774155
