times:
  edit-metadata: 1.4316825848072767
  landing: 0.022989651188254356
  view-data: 0.025361353531479836
