times:
  edit-metadata: 1.3601393345743418
  landing: 0.02263316884636879
  view-data: 0.024379679933190346
