times:
  edit-metadata: 1.5118109919130802
  landing: 0.022036125883460045
  view-data: 0.02412392757833004
