times:
  edit-metadata: 1.3973375149071217
  landing: 0.019251547753810883
  view-data: 0.02245732583105564
