times:
  edit-metadata: 1.7467404529452324
  landing: 0.26535049453377724
  view-data: 0.29247881285846233
