times:
  edit-metadata: 1.3543831817805767
  landing: 0.12329055182635784
  view-data: 0.027379104867577553
