times:
  edit-metadata: 1.4949522642418742
  landing: 0.22838964965194464
  view-data: 0.3998169871047139
