times:
  edit-metadata: 1.3832103479653597
  landing: 0.019057128578424454
  view-data: 0.024000607430934906
