times:
  edit-metadata: 1.4092824719846249
  landing: 0.0203439649194479
  view-data: 0.348246892914176
