times:
  edit-metadata: 1.5283931344747543
  landing: 0.19001120328903198
  view-data: 0.12783402018249035
