times:
  edit-metadata: 1.6383134052157402
  landing: 0.1319291889667511
  view-data: 0.3109483029693365
