times:
  edit-metadata: 1.414710845798254
  landing: 0.1426662988960743
  view-data: 0.30586192198097706
