times:
  edit-metadata: 1.35235008969903
  landing: 0.02225251868367195
  view-data: 0.10583911836147308
