times:
  edit-metadata: 1.6128674428910017
  landing: 0.33975264243781567
  view-data: 0.4267228692770004
