times:
  edit-metadata: 1.554902708157897
  landing: 0.2928886357694864
  view-data: 0.2910757716745138
