times:
  edit-metadata: 1.361710138618946
  landing: 0.02058396115899086
  view-data: 0.023719897493720055
