times:
  edit-metadata: 1.3158253133296967
  landing: 0.024710852652788162
  view-data: 0.11362883634865284
