times:
  edit-metadata: 1.4267299585044384
  landing: 0.141572336666286
  view-data: 0.25002765096724033
