times:
  edit-metadata: 1.4156817700713873
  landing: 0.02213650569319725
  view-data: 0.3288404829800129
