times:
  edit-metadata: 1.4007892273366451
  landing: 0.01902700774371624
  view-data: 0.02655809186398983
