times:
  edit-metadata: 1.3561668135225773
  landing: 0.021472206339240074
  view-data: 0.027256036177277565
