times:
  edit-metadata: 1.3902869019657373
  landing: 0.022355811670422554
  view-data: 0.026347454637289047
