times:
  edit-metadata: 1.3951845346018672
  landing: 0.01944518368691206
  view-data: 0.23382888361811638
