times:
  edit-metadata: 1.3335585724562407
  landing: 0.020204450003802776
  view-data: 0.025353563018143177
