times:
  edit-metadata: 0.8825648128986359
  landing: 0.04525283211842179
  view-data: 0.20525862416252494
