times:
  edit-metadata: 1.6425391044467688
  landing: 0.029557891190052032
  view-data: 0.368012061342597
