times:
  edit-metadata: 0.7982360729947686
  landing: 0.0872537037357688
  view-data: 0.20804371777921915
