times:
  edit-metadata: 1.375482264906168
  landing: 0.021571338176727295
  view-data: 0.3203374743461609
