times:
  edit-metadata: 1.5397691018879414
  landing: 0.14770688861608505
  view-data: 0.4017698708921671
