times:
  edit-metadata: 1.4125788137316704
  landing: 0.2319312784820795
  view-data: 0.13546097837388515
