times:
  edit-metadata: 1.4116724338382483
  landing: 0.23943394422531128
  view-data: 0.1316443830728531
