times:
  edit-metadata: 1.4571460485458374
  landing: 0.17791380174458027
  view-data: 0.3124002330005169
