times:
  edit-metadata: 1.5644464455544949
  landing: 0.24751649610698223
  view-data: 0.17519373446702957
