times:
  edit-metadata: 1.5022628717124462
  landing: 0.019332961179316044
  view-data: 0.024090567603707314
