times:
  edit-metadata: 1.6564267948269844
  landing: 0.019301224499940872
  view-data: 0.025185462087392807
