times:
  edit-metadata: 1.9451888501644135
  landing: 0.26946650445461273
  view-data: 0.33744500391185284
