times:
  edit-metadata: 2.15645351447165
  landing: 0.025393102318048477
  view-data: 0.17896507307887077
