times:
  edit-metadata: 1.669447704218328
  landing: 0.13745147548615932
  view-data: 0.14672199171036482
