times:
  edit-metadata: 2.098700510337949
  landing: 0.2624825853854418
  view-data: 0.3981841541826725
