times:
  edit-metadata: 2.2971758600324392
  landing: 0.19189085718244314
  view-data: 0.480441409163177
