times:
  edit-metadata: 1.7069829404354095
  landing: 0.020211799070239067
  view-data: 0.3188230451196432
