times:
  edit-metadata: 1.6636687237769365
  landing: 0.01979331485927105
  view-data: 0.022595107555389404
