times:
  edit-metadata: 1.735624736174941
  landing: 0.2236268538981676
  view-data: 0.13526049256324768
