times:
  edit-metadata: 1.7287011705338955
  landing: 0.141307613812387
  view-data: 0.14687641896307468
