times:
  edit-metadata: 2.4860194828361273
  landing: 0.41887266002595425
  view-data: 0.3402344938367605
