times:
  edit-metadata: 1.8161065801978111
  landing: 0.1474180594086647
  view-data: 0.027686549350619316
