times:
  edit-metadata: 0.9166319980286062
  landing: 0.13165361294522882
  view-data: 0.2528447462245822
