times:
  edit-metadata: 1.6502336170524359
  landing: 0.02049957402050495
  view-data: 0.027007292956113815
