times:
  edit-metadata: 0.7765509043820202
  landing: 0.07739368313923478
  view-data: 0.22425938304513693
