times:
  edit-metadata: 1.728623639792204
  landing: 0.1333236675709486
  view-data: 0.02503594383597374
