times:
  edit-metadata: 1.0450519733130932
  landing: 0.053307279013097286
  view-data: 0.2172120208851993
