times:
  edit-metadata: 1.6423300271853805
  landing: 0.12440197262912989
  view-data: 0.1150470208376646
