times:
  edit-metadata: 0.9785135160200298
  landing: 0.07630401477217674
  view-data: 0.325935963075608
