times:
  edit-metadata: 2.2459993064403534
  landing: 0.24796021543443203
  view-data: 0.3005580361932516
