times:
  edit-metadata: 1.868804031983018
  landing: 0.01885309536010027
  view-data: 0.13608545903116465
