times:
  edit-metadata: 1.7272828239947557
  landing: 0.14935735426843166
  view-data: 0.026365648955106735
