times:
  edit-metadata: 1.6566283022984862
  landing: 0.022471867501735687
  view-data: 0.027783570811152458
