times:
  edit-metadata: 1.6032130001112819
  landing: 0.13562062848359346
  view-data: 0.432265929877758
