times:
  edit-metadata: 1.921806138008833
  landing: 0.17017431929707527
  view-data: 0.40793381072580814
