times:
  edit-metadata: 1.8740069959312677
  landing: 0.13261335901916027
  view-data: 0.40712875314056873
