times:
  edit-metadata: 1.6720636393874884
  landing: 0.022591937333345413
  view-data: 0.02553035132586956
