times:
  edit-metadata: 1.8404535483568907
  landing: 0.2788660190999508
  view-data: 0.31643691658973694
