times:
  edit-metadata: 2.2824165280908346
  landing: 0.4190092012286186
  view-data: 0.3496559448540211
