times:
  edit-metadata: 1.6543533811345696
  landing: 0.01999837812036276
  view-data: 0.27998518105596304
