times:
  edit-metadata: 2.3561817929148674
  landing: 0.02195918746292591
  view-data: 0.1679558139294386
