times:
  edit-metadata: 1.7067920416593552
  landing: 0.1936382446438074
  view-data: 0.023569252341985703
