times:
  edit-metadata: 1.6910840570926666
  landing: 0.1393400076776743
  view-data: 0.4277446046471596
