times:
  edit-metadata: 0.8931608251295984
  landing: 0.06635925592854619
  view-data: 0.23610651260241866
