times:
  edit-metadata: 1.7153404746204615
  landing: 0.020177189260721207
  view-data: 0.331658486276865
