times:
  edit-metadata: 1.807750254869461
  landing: 0.019175609573721886
  view-data: 0.023205239325761795
