times:
  edit-metadata: 1.760098883882165
  landing: 0.1994417179375887
  view-data: 0.37272024899721146
