times:
  edit-metadata: 1.7252754606306553
  landing: 0.02217375487089157
  view-data: 0.032424695789813995
