times:
  edit-metadata: 1.7115270383656025
  landing: 0.13176424242556095
  view-data: 0.022400952875614166
