times:
  edit-metadata: 1.5999786332249641
  landing: 0.023315906524658203
  view-data: 0.02616313472390175
