times:
  edit-metadata: 1.21342500904575
  landing: 0.04670331906527281
  view-data: 0.2359295948408544
