times:
  edit-metadata: 1.713799150660634
  landing: 0.020977547392249107
  view-data: 0.02780008129775524
