times:
  edit-metadata: 1.8117610216140747
  landing: 0.02237146534025669
  view-data: 0.02415512129664421
