times:
  edit-metadata: 1.7353487946093082
  landing: 0.11339336819946766
  view-data: 0.023035641759634018
