times:
  edit-metadata: 2.160179750993848
  landing: 0.32007929868996143
  view-data: 0.4094832167029381
