times:
  edit-metadata: 2.133877418935299
  landing: 0.24955814890563488
  view-data: 0.39211622439324856
