times:
  edit-metadata: 1.7287077587097883
  landing: 0.02318364381790161
  view-data: 0.29244198091328144
