times:
  edit-metadata: 1.6285128965973854
  landing: 0.12129583396017551
  view-data: 0.025228226557374
