times:
  edit-metadata: 2.4063884168863297
  landing: 0.32988460920751095
  view-data: 0.433296125382185
