times:
  edit-metadata: 1.9017397463321686
  landing: 0.26821301504969597
  view-data: 0.3599762115627527
