times:
  edit-metadata: 1.9585207998752594
  landing: 0.0214958768337965
  view-data: 0.33781509287655354
