times:
  edit-metadata: 1.7710940167307854
  landing: 0.1616392321884632
  view-data: 0.5521819349378347
