times:
  edit-metadata: 1.7323401886969805
  landing: 0.18017683736979961
  view-data: 0.13633929938077927
