times:
  edit-metadata: 1.8665537517517805
  landing: 0.1315195057541132
  view-data: 0.12538726814091206
