times:
  edit-metadata: 1.8067670669406652
  landing: 0.21923615038394928
  view-data: 0.5216080918908119
