times:
  edit-metadata: 1.673412493430078
  landing: 0.22068503312766552
  view-data: 0.13605848792940378
