times:
  edit-metadata: 0.75303805898875
  landing: 0.05872276099398732
  view-data: 0.20929572079330683
