times:
  edit-metadata: 1.8076931722462177
  landing: 0.14583049342036247
  view-data: 0.30886952951550484
