times:
  edit-metadata: 1.6540531041100621
  landing: 0.022998650558292866
  view-data: 0.47128398157656193
