times:
  edit-metadata: 0.869865357875824
  landing: 0.19515243684872985
  view-data: 0.3310902640223503
