times:
  edit-metadata: 1.6817527320235968
  landing: 0.02140827104449272
  view-data: 0.028164340183138847
