times:
  edit-metadata: 1.6324284560978413
  landing: 0.19442939013242722
  view-data: 0.41743979416787624
