times:
  edit-metadata: 1.6613293197005987
  landing: 0.11838271841406822
  view-data: 0.02351227030158043
