times:
  edit-metadata: 1.674260986968875
  landing: 0.018452739343047142
  view-data: 0.02670928929001093
