times:
  edit-metadata: 1.7377547770738602
  landing: 0.11744600720703602
  view-data: 0.02496345527470112
