times:
  edit-metadata: 1.804351208731532
  landing: 0.19630023185163736
  view-data: 0.39370354264974594
