times:
  edit-metadata: 1.761415883898735
  landing: 0.022398823872208595
  view-data: 0.025288373231887817
