times:
  edit-metadata: 1.7270164545625448
  landing: 0.018785441294312477
  view-data: 0.12071836739778519
