times:
  edit-metadata: 0.9798220628872514
  landing: 0.18427461897954345
  view-data: 0.22435242217034101
