times:
  edit-metadata: 1.670674149878323
  landing: 0.021270508877933025
  view-data: 0.028112574480473995
