times:
  edit-metadata: 0.7690056259743869
  landing: 0.12347625102847815
  view-data: 0.31325630098581314
