times:
  edit-metadata: 1.739261120557785
  landing: 0.12843217141926289
  view-data: 0.12310319766402245
