times:
  edit-metadata: 1.090817621909082
  landing: 0.05887429602444172
  view-data: 0.247952276840806
