times:
  edit-metadata: 1.6731130722910166
  landing: 0.020979400724172592
  view-data: 0.02713715098798275
