times:
  edit-metadata: 1.109451247844845
  landing: 0.06357583962380886
  view-data: 0.2171307960525155
