times:
  edit-metadata: 1.9615630581974983
  landing: 0.19698818400502205
  view-data: 0.029350847005844116
