times:
  edit-metadata: 1.6679368820041418
  landing: 0.1792499516159296
  view-data: 0.10241900384426117
