times:
  edit-metadata: 2.0383853390812874
  landing: 0.15964484214782715
  view-data: 0.030688567087054253
