times:
  edit-metadata: 2.048914136365056
  landing: 0.0335676372051239
  view-data: 0.27843211963772774
