times:
  edit-metadata: 1.7719423733651638
  landing: 0.022807549685239792
  view-data: 0.03194671496748924
