times:
  edit-metadata: 2.0781159475445747
  landing: 0.16009651124477386
  view-data: 0.1504561621695757
