times:
  edit-metadata: 1.8048152728006244
  landing: 0.26380569487810135
  view-data: 0.24638989847153425
