times:
  edit-metadata: 1.8071679286658764
  landing: 0.12008553370833397
  view-data: 0.32513613253831863
