times:
  edit-metadata: 1.021830087993294
  landing: 0.04031810909509659
  view-data: 0.21825313195586205
