times:
  edit-metadata: 0.7343433862552047
  landing: 0.07864157296717167
  view-data: 0.22420353908091784
