times:
  edit-metadata: 1.6423480156809092
  landing: 0.02202000468969345
  view-data: 0.1223699115216732
