times:
  edit-metadata: 1.7177381962537766
  landing: 0.021451031789183617
  view-data: 0.30728126503527164
