times:
  edit-metadata: 1.6515424493700266
  landing: 0.021208589896559715
  view-data: 0.024578219279646873
