times:
  edit-metadata: 0.7183042299002409
  landing: 0.0691872420720756
  view-data: 0.2181605687364936
