times:
  edit-metadata: 1.9212879315018654
  landing: 0.06022999808192253
  view-data: 0.3542679063975811
