times:
  edit-metadata: 1.87686581723392
  landing: 0.15555823035538197
  view-data: 0.4159579258412123
