times:
  edit-metadata: 1.717566929757595
  landing: 0.022260868921875954
  view-data: 0.0259413979947567
