times:
  edit-metadata: 2.3628746680915356
  landing: 0.16125586442649364
  view-data: 0.025134308263659477
