times:
  edit-metadata: 1.7535590808838606
  landing: 0.020130889490246773
  view-data: 0.023163791745901108
