times:
  edit-metadata: 1.6577075589448214
  landing: 0.019724680110812187
  view-data: 0.12161700241267681
