times:
  edit-metadata: 0.7497297711670399
  landing: 0.06684689596295357
  view-data: 0.22463119588792324
