times:
  edit-metadata: 2.4435466080904007
  landing: 0.27374355867505074
  view-data: 0.03193643316626549
