times:
  edit-metadata: 2.906011624261737
  landing: 0.26078651286661625
  view-data: 0.24348732270300388
