times:
  edit-metadata: 1.625393059104681
  landing: 0.022861149162054062
  view-data: 0.12354716286063194
