times:
  edit-metadata: 1.6755214724689722
  landing: 0.019497690722346306
  view-data: 0.024133723229169846
