times:
  edit-metadata: 2.006585009396076
  landing: 0.13032888807356358
  view-data: 0.5596040561795235
