times:
  edit-metadata: 1.7543606869876385
  landing: 0.020667605102062225
  view-data: 0.02350822277367115
