times:
  edit-metadata: 1.7917164023965597
  landing: 0.02436499111354351
  view-data: 0.025046423077583313
