times:
  edit-metadata: 1.6697418726980686
  landing: 0.021213479340076447
  view-data: 0.027188122272491455
