times:
  edit-metadata: 1.7173989284783602
  landing: 0.022337086498737335
  view-data: 0.028002828359603882
