times:
  edit-metadata: 1.8535719458013773
  landing: 0.2541317529976368
  view-data: 0.3524608910083771
