times:
  edit-metadata: 2.4998491425067186
  landing: 0.18274695705622435
  view-data: 0.1615933096036315
