times:
  edit-metadata: 1.7123563680797815
  landing: 0.1425765808671713
  view-data: 0.023320544511079788
