times:
  edit-metadata: 2.059580024331808
  landing: 0.29491040483117104
  view-data: 0.3214747402817011
