times:
  edit-metadata: 1.9087692871689796
  landing: 0.021481139585375786
  view-data: 0.10381301864981651
