times:
  edit-metadata: 1.6378851756453514
  landing: 0.02034929860383272
  view-data: 0.02600194700062275
