times:
  edit-metadata: 1.7467640256509185
  landing: 0.16953793726861477
  view-data: 0.1417748900130391
