times:
  edit-metadata: 1.6143254144117236
  landing: 0.168123965151608
  view-data: 0.3550321711227298
