times:
  edit-metadata: 1.6802341230213642
  landing: 0.1195309367030859
  view-data: 0.09967069327831268
