times:
  edit-metadata: 1.789092905819416
  landing: 0.0211164727807045
  view-data: 0.024862993508577347
