times:
  edit-metadata: 1.6795834340155125
  landing: 0.04758308548480272
  view-data: 0.4813720406964421
