times:
  edit-metadata: 1.6481255572289228
  landing: 0.020936360582709312
  view-data: 0.11846723593771458
