times:
  edit-metadata: 1.6297519225627184
  landing: 0.020927568897604942
  view-data: 0.02571660839021206
