times:
  edit-metadata: 0.8840192789211869
  landing: 0.05119476793333888
  view-data: 0.2249354892410338
