times:
  edit-metadata: 1.701065738685429
  landing: 0.2351732049137354
  view-data: 0.1402853885665536
