times:
  edit-metadata: 1.7774370508268476
  landing: 0.018706324510276318
  view-data: 0.13268354907631874
