times:
  edit-metadata: 1.6185978408902884
  landing: 0.020489685237407684
  view-data: 0.026421204209327698
