times:
  edit-metadata: 0.9994264356791973
  landing: 0.06455773394554853
  view-data: 0.23366010980680585
