times:
  edit-metadata: 2.058977659791708
  landing: 0.2904523182660341
  view-data: 0.4078709315508604
