times:
  edit-metadata: 1.852872185409069
  landing: 0.14315151423215866
  view-data: 0.02964000590145588
