times:
  edit-metadata: 0.9401685423217714
  landing: 0.07583086984232068
  view-data: 0.22931273328140378
