times:
  edit-metadata: 1.660664888098836
  landing: 0.020146140828728676
  view-data: 0.12346847727894783
