times:
  edit-metadata: 2.0301496759057045
  landing: 0.2144133821129799
  view-data: 0.3276868723332882
