times:
  edit-metadata: 2.024846628308296
  landing: 0.01960955746471882
  view-data: 0.3638949152082205
