times:
  edit-metadata: 1.8072395380586386
  landing: 0.2802054136991501
  view-data: 0.1370632741600275
