times:
  edit-metadata: 1.8377523683011532
  landing: 0.02152089774608612
  view-data: 0.029139894992113113
