times:
  edit-metadata: 1.6864751372486353
  landing: 0.020728858187794685
  view-data: 0.13065620325505733
