times:
  edit-metadata: 1.7029715329408646
  landing: 0.19750848691910505
  view-data: 0.027780254371464252
