times:
  edit-metadata: 1.5664186934009194
  landing: 0.020486549474298954
  view-data: 0.022782238200306892
