times:
  edit-metadata: 2.0429144203662872
  landing: 0.2673896476626396
  view-data: 0.1346113719046116
