times:
  edit-metadata: 1.7660791743546724
  landing: 0.02144000679254532
  view-data: 0.4291599541902542
