times:
  edit-metadata: 1.6894696652889252
  landing: 0.019931640475988388
  view-data: 0.02509518526494503
