times:
  edit-metadata: 1.0197742260061204
  landing: 0.08323092479258776
  view-data: 0.32915458688512444
