times:
  edit-metadata: 1.768862148746848
  landing: 0.12850981950759888
  view-data: 0.13058779574930668
