times:
  edit-metadata: 1.6994052845984697
  landing: 0.02081829495728016
  view-data: 0.12340154312551022
