times:
  edit-metadata: 1.9213933143764734
  landing: 0.2999041825532913
  view-data: 0.13776949048042297
