times:
  edit-metadata: 1.6886040940880775
  landing: 0.02206357754766941
  view-data: 0.2945271134376526
