times:
  edit-metadata: 0.8461837749928236
  landing: 0.04741880111396313
  view-data: 0.26510764891281724
