times:
  edit-metadata: 1.7164423577487469
  landing: 0.02227797731757164
  view-data: 0.02363666146993637
