times:
  edit-metadata: 1.7170841693878174
  landing: 0.13829288259148598
  view-data: 0.023972421884536743
