times:
  edit-metadata: 1.6391598479822278
  landing: 0.020137342624366283
  view-data: 0.023045376874506474
