times:
  edit-metadata: 1.684234619140625
  landing: 0.02310136705636978
  view-data: 0.02201935276389122
