times:
  edit-metadata: 2.3222818076610565
  landing: 0.22667335346341133
  view-data: 0.14749979227781296
