times:
  edit-metadata: 0.7321059759706259
  landing: 0.05611454090103507
  view-data: 0.22830652398988605
