times:
  edit-metadata: 1.9182289261370897
  landing: 0.02193644270300865
  view-data: 0.3577559031546116
