times:
  edit-metadata: 0.8259860971011221
  landing: 0.05806791177019477
  view-data: 0.2223301767371595
