times:
  edit-metadata: 1.712020680308342
  landing: 0.16920582205057144
  view-data: 0.31372873298823833
