times:
  edit-metadata: 0.7522418973967433
  landing: 0.06925144232809544
  view-data: 0.22865270916372538
