times:
  edit-metadata: 1.665344774723053
  landing: 0.02272399514913559
  view-data: 0.30081972666084766
