times:
  edit-metadata: 1.6940075643360615
  landing: 0.16945902816951275
  view-data: 0.026280971243977547
