times:
  edit-metadata: 1.6818550899624825
  landing: 0.021481968462467194
  view-data: 0.025599300861358643
