times:
  edit-metadata: 3.24190990626812
  landing: 0.14710072427988052
  view-data: 0.03530830889940262
