times:
  edit-metadata: 1.703759340569377
  landing: 0.14362962916493416
  view-data: 0.31699665263295174
