times:
  edit-metadata: 1.7865545004606247
  landing: 0.020816128700971603
  view-data: 0.3219413850456476
