times:
  edit-metadata: 0.7735093547962606
  landing: 0.06305408990010619
  view-data: 0.22372813522815704
