times:
  edit-metadata: 0.8880919381044805
  landing: 0.07912846514955163
  view-data: 0.26057467237114906
