times:
  edit-metadata: 0.7371631800197065
  landing: 0.06697071203961968
  view-data: 0.23114434210583568
