times:
  edit-metadata: 1.7568350527435541
  landing: 0.022212261334061623
  view-data: 0.37783885188400745
