times:
  edit-metadata: 1.823066856712103
  landing: 0.020966868847608566
  view-data: 0.25995127856731415
