times:
  edit-metadata: 1.6422275453805923
  landing: 0.020826563239097595
  view-data: 0.025242052972316742
