times:
  edit-metadata: 1.7743924288079143
  landing: 0.018510546535253525
  view-data: 0.14510044734925032
