times:
  edit-metadata: 1.622188962996006
  landing: 0.022985296323895454
  view-data: 0.02780032344162464
