times:
  edit-metadata: 1.3753038849681616
  landing: 0.019378261640667915
  view-data: 0.23258338496088982
