times:
  edit-metadata: 1.439738997258246
  landing: 0.04932697769254446
  view-data: 0.023444626480340958
