times:
  edit-metadata: 0.7237478541210294
  landing: 0.06113056605681777
  view-data: 0.29552290216088295
