times:
  edit-metadata: 1.375633753836155
  landing: 0.14889587461948395
  view-data: 0.13028327375650406
