times:
  edit-metadata: 0.6135895028710365
  landing: 0.10649092821404338
  view-data: 0.2907472690567374
