times:
  edit-metadata: 1.643698874861002
  landing: 0.3222359027713537
  view-data: 0.15293206088244915
