times:
  edit-metadata: 1.3586414344608784
  landing: 0.023442547768354416
  view-data: 0.027568301185965538
