times:
  edit-metadata: 1.4531629551202059
  landing: 0.022484639659523964
  view-data: 0.12739029247313738
