times:
  edit-metadata: 1.6508124601095915
  landing: 0.03277459740638733
  view-data: 0.32014372013509274
