times:
  edit-metadata: 1.486581408418715
  landing: 0.16254969779402018
  view-data: 0.04809532593935728
