times:
  edit-metadata: 1.4093870222568512
  landing: 0.02027173899114132
  view-data: 0.02461537905037403
