times:
  edit-metadata: 1.3459622971713543
  landing: 0.02304217219352722
  view-data: 0.026698803529143333
