times:
  edit-metadata: 1.497051764279604
  landing: 0.23149624280631542
  view-data: 0.15940740890800953
