times:
  edit-metadata: 1.3878159392625093
  landing: 0.12452935986220837
  view-data: 0.02572038769721985
