times:
  edit-metadata: 1.9478455390781164
  landing: 0.4085253141820431
  view-data: 0.39381510205566883
