times:
  edit-metadata: 1.7091370671987534
  landing: 0.17903507500886917
  view-data: 0.4799996167421341
