times:
  edit-metadata: 0.6641524210572243
  landing: 0.07361506810411811
  view-data: 0.23685861704871058
