times:
  edit-metadata: 1.4396447502076626
  landing: 0.019486453384160995
  view-data: 0.02590719610452652
