times:
  edit-metadata: 1.509818159043789
  landing: 0.32163300924003124
  view-data: 0.16111618094146252
