times:
  edit-metadata: 1.8632639553397894
  landing: 0.14130304381251335
  view-data: 0.19095457531511784
