times:
  edit-metadata: 1.3236628994345665
  landing: 0.2371742958202958
  view-data: 0.42029636912047863
