times:
  edit-metadata: 1.3932182602584362
  landing: 0.13538786675781012
  view-data: 0.3815051047131419
