times:
  edit-metadata: 0.5263446243479848
  landing: 0.13512523286044598
  view-data: 0.264499852899462
