times:
  edit-metadata: 0.6461614710278809
  landing: 0.05482240719720721
  view-data: 0.2876677690073848
