times:
  edit-metadata: 1.3255741763859987
  landing: 0.021470535546541214
  view-data: 0.02528100647032261
