times:
  edit-metadata: 0.697454771026969
  landing: 0.06583991693332791
  view-data: 0.21048411028459668
