times:
  edit-metadata: 1.3716995557770133
  landing: 0.02452943753451109
  view-data: 0.028436314314603806
