times:
  edit-metadata: 1.3835849575698376
  landing: 0.022622879594564438
  view-data: 0.027381474152207375
