times:
  edit-metadata: 1.509056401439011
  landing: 0.18895605485886335
  view-data: 0.21914089564234018
