times:
  edit-metadata: 1.3720372645184398
  landing: 0.12261944822967052
  view-data: 0.025549049489200115
