times:
  edit-metadata: 1.3415549853816628
  landing: 0.15022321697324514
  view-data: 0.11695334687829018
