times:
  edit-metadata: 1.5391198880970478
  landing: 0.018977612257003784
  view-data: 0.024314677342772484
