times:
  edit-metadata: 1.814547585323453
  landing: 0.019488757476210594
  view-data: 0.02352936938405037
