times:
  edit-metadata: 1.3526300489902496
  landing: 0.12011178396642208
  view-data: 0.027978625148534775
