times:
  edit-metadata: 1.6654531955718994
  landing: 0.02231006696820259
  view-data: 0.21994465216994286
