times:
  edit-metadata: 1.4973796252161264
  landing: 0.02126685343682766
  view-data: 0.028913527727127075
