times:
  edit-metadata: 1.5610678363591433
  landing: 0.20184563845396042
  view-data: 0.41005812771618366
