times:
  edit-metadata: 0.7810142319649458
  landing: 0.10722272330895066
  view-data: 0.2756206737831235
