times:
  edit-metadata: 1.3527376055717468
  landing: 0.19595118053257465
  view-data: 0.12996771931648254
