times:
  edit-metadata: 1.438054621219635
  landing: 0.022367410361766815
  view-data: 0.023565692827105522
