times:
  edit-metadata: 1.322158564813435
  landing: 0.14060857146978378
  view-data: 0.024359856732189655
