times:
  edit-metadata: 1.3758832942694426
  landing: 0.02099396102130413
  view-data: 0.023242754861712456
