times:
  edit-metadata: 1.4837531354278326
  landing: 0.17170272022485733
  view-data: 0.17762061581015587
