times:
  edit-metadata: 1.3548253010958433
  landing: 0.01980346068739891
  view-data: 0.024936934933066368
