times:
  edit-metadata: 1.5255612209439278
  landing: 0.022064439952373505
  view-data: 0.028739435598254204
