times:
  edit-metadata: 1.5807194206863642
  landing: 0.2275495883077383
  view-data: 0.3840401843190193
