times:
  edit-metadata: 1.5678804982453585
  landing: 0.1752456035465002
  view-data: 0.3071925435215235
