times:
  edit-metadata: 1.373924132436514
  landing: 0.022500380873680115
  view-data: 0.41714635491371155
