times:
  edit-metadata: 1.4008869417011738
  landing: 0.020518800243735313
  view-data: 0.028724679723381996
