times:
  edit-metadata: 1.3946859017014503
  landing: 0.0191438440233469
  view-data: 0.13921171985566616
