times:
  edit-metadata: 1.7118465937674046
  landing: 0.2358908774331212
  view-data: 0.17942686658352613
