times:
  edit-metadata: 1.4324163030833006
  landing: 0.0217369943857193
  view-data: 0.3108432274311781
