times:
  edit-metadata: 1.3692846316844225
  landing: 0.15402257815003395
  view-data: 0.12417218275368214
