times:
  edit-metadata: 1.5556026119738817
  landing: 0.1919662021100521
  view-data: 0.02596840262413025
