times:
  edit-metadata: 1.452555064111948
  landing: 0.21032311208546162
  view-data: 0.02392595261335373
