times:
  edit-metadata: 1.3845654483884573
  landing: 0.20153242349624634
  view-data: 0.02423032745718956
