times:
  edit-metadata: 0.5534852799028158
  landing: 0.05056022014468908
  view-data: 0.20261513302102685
