times:
  edit-metadata: 1.530414728447795
  landing: 0.21875167079269886
  view-data: 0.35314262844622135
