times:
  edit-metadata: 0.5549604678526521
  landing: 0.10432804189622402
  view-data: 0.2077935952693224
