times:
  edit-metadata: 1.4045763798058033
  landing: 0.12821696512401104
  view-data: 0.16138871014118195
