times:
  edit-metadata: 1.4015975845977664
  landing: 0.21666388865560293
  view-data: 0.02249201200902462
