times:
  edit-metadata: 0.6610728683881462
  landing: 0.09989834763109684
  view-data: 0.2162122381851077
