times:
  edit-metadata: 0.7686594128608704
  landing: 0.09175799181684852
  view-data: 0.2193966801278293
