times:
  edit-metadata: 1.3643482234328985
  landing: 0.019597692415118217
  view-data: 0.28295426815748215
