times:
  edit-metadata: 1.343149097636342
  landing: 0.019908225163817406
  view-data: 0.02406059391796589
