times:
  edit-metadata: 3.058610267005861
  landing: 0.21903167499112897
  view-data: 0.22759941301774234
