times:
  edit-metadata: 1.4799989331513643
  landing: 0.21022824384272099
  view-data: 0.02741660736501217
