times:
  edit-metadata: 1.3443643767386675
  landing: 0.020537378266453743
  view-data: 0.12483692355453968
