times:
  edit-metadata: 1.550241170451045
  landing: 0.15010543167591095
  view-data: 0.026629021391272545
