times:
  edit-metadata: 1.4065303448587656
  landing: 0.18982425332069397
  view-data: 0.024021470919251442
