times:
  edit-metadata: 1.3735331017524004
  landing: 0.01934089884161949
  view-data: 0.23775416985154152
