times:
  edit-metadata: 1.335621165111661
  landing: 0.02198626473546028
  view-data: 0.10106343403458595
