times:
  edit-metadata: 1.3610450867563486
  landing: 0.02098352648317814
  view-data: 0.022504005581140518
