times:
  edit-metadata: 1.7516617681831121
  landing: 0.029552044346928596
  view-data: 0.03740696981549263
