times:
  edit-metadata: 0.790854562073946
  landing: 0.06317272735759616
  view-data: 0.2063881061039865
