times:
  edit-metadata: 0.5247344146482646
  landing: 0.07423197105526924
  view-data: 0.20438633719459176
