times:
  edit-metadata: 1.4757731594145298
  landing: 0.1390990586951375
  view-data: 0.11646611802279949
