times:
  edit-metadata: 1.7110044173896313
  landing: 0.21235011890530586
  view-data: 0.38016907311975956
