times:
  edit-metadata: 0.6664953315630555
  landing: 0.06782591808587313
  view-data: 0.29086125176399946
