times:
  edit-metadata: 1.456268111243844
  landing: 0.09887012839317322
  view-data: 0.21521594002842903
