times:
  edit-metadata: 1.4418519046157598
  landing: 0.19375954754650593
  view-data: 0.11972777545452118
