times:
  edit-metadata: 1.4305106177926064
  landing: 0.27029738016426563
  view-data: 0.02367791347205639
