times:
  edit-metadata: 2.0430334769189358
  landing: 0.1957596056163311
  view-data: 0.6426928620785475
