times:
  edit-metadata: 1.377721842378378
  landing: 0.05279464274644852
  view-data: 0.026802491396665573
