times:
  edit-metadata: 1.4401985481381416
  landing: 0.021967407315969467
  view-data: 0.13180983625352383
