times:
  edit-metadata: 1.4300933089107275
  landing: 0.020783228799700737
  view-data: 0.12260648235678673
