times:
  edit-metadata: 1.5767386797815561
  landing: 0.2792523354291916
  view-data: 0.44274878315627575
