times:
  edit-metadata: 1.3419987726956606
  landing: 0.10091348551213741
  view-data: 0.026142055168747902
