times:
  edit-metadata: 1.3539705853909254
  landing: 0.02138863131403923
  view-data: 0.4904786515980959
