times:
  edit-metadata: 1.3216999787837267
  landing: 0.15521031990647316
  view-data: 0.023480160161852837
