times:
  edit-metadata: 1.4762649275362492
  landing: 0.022123979404568672
  view-data: 0.33376520313322544
