times:
  edit-metadata: 1.4898768533021212
  landing: 0.16258303076028824
  view-data: 0.023646526038646698
