times:
  edit-metadata: 1.4710898716002703
  landing: 0.02168925292789936
  view-data: 0.02471456304192543
