times:
  edit-metadata: 0.5241841352544725
  landing: 0.07007926469668746
  view-data: 0.20303576905280352
