times:
  edit-metadata: 1.3669891115278006
  landing: 0.13069287315011024
  view-data: 0.025057176128029823
