times:
  edit-metadata: 1.3671507984399796
  landing: 0.021101869642734528
  view-data: 0.28057448007166386
