times:
  edit-metadata: 1.341620882973075
  landing: 0.11185187380760908
  view-data: 0.11800160445272923
