times:
  edit-metadata: 1.4088751431554556
  landing: 0.12716874293982983
  view-data: 0.1371546871960163
