times:
  edit-metadata: 1.715812861919403
  landing: 0.27728366293013096
  view-data: 0.024972205981612206
