times:
  edit-metadata: 0.5306197120808065
  landing: 0.06647674506530166
  view-data: 0.22838523797690868
