times:
  edit-metadata: 1.3325696028769016
  landing: 0.02031140774488449
  view-data: 0.12759796902537346
