times:
  edit-metadata: 1.3659078013151884
  landing: 0.13729641772806644
  view-data: 0.13752972334623337
