times:
  edit-metadata: 1.4178954176604748
  landing: 0.13535157684236765
  view-data: 0.023852583020925522
