times:
  edit-metadata: 0.5749326250515878
  landing: 0.05213130917400122
  view-data: 0.20491213677451015
