times:
  edit-metadata: 1.383557165041566
  landing: 0.02209658920764923
  view-data: 0.40752079151570797
