times:
  edit-metadata: 1.5423982627689838
  landing: 0.252248115837574
  view-data: 0.023754410445690155
