times:
  edit-metadata: 1.3496705442667007
  landing: 0.022641846910119057
  view-data: 0.025314567610621452
