times:
  edit-metadata: 1.3635243847966194
  landing: 0.023618634790182114
  view-data: 0.025456391274929047
