times:
  edit-metadata: 1.4069187305867672
  landing: 0.2513470742851496
  view-data: 0.4473063740879297
