times:
  edit-metadata: 1.4786687456071377
  landing: 0.022395431995391846
  view-data: 0.10125451162457466
