times:
  edit-metadata: 0.5191528908908367
  landing: 0.06805667979642749
  view-data: 0.20588437095284462
