times:
  edit-metadata: 0.5271045649424195
  landing: 0.07012446131557226
  view-data: 0.22783805476501584
