times:
  edit-metadata: 1.3487662747502327
  landing: 0.21542164497077465
  view-data: 0.3436686797067523
