times:
  edit-metadata: 1.5072566717863083
  landing: 0.021449828520417213
  view-data: 0.024463966488838196
