times:
  edit-metadata: 0.6529123149812222
  landing: 0.13332084892317653
  view-data: 0.2442655391059816
