times:
  edit-metadata: 1.366908386349678
  landing: 0.022653400897979736
  view-data: 0.37061196006834507
