times:
  edit-metadata: 1.6327402964234352
  landing: 0.3604734390974045
  view-data: 0.05380823835730553
