times:
  edit-metadata: 1.4413318913429976
  landing: 0.022720778360962868
  view-data: 0.022948873229324818
