times:
  edit-metadata: 1.5657579880207777
  landing: 0.13076335191726685
  view-data: 0.14308165200054646
