times:
  edit-metadata: 1.4647477455437183
  landing: 0.12407700158655643
  view-data: 0.02621494047343731
