times:
  edit-metadata: 1.3793823029845953
  landing: 0.021716592833399773
  view-data: 0.025595922023057938
