times:
  edit-metadata: 1.370432235300541
  landing: 0.0931699238717556
  view-data: 0.10608715936541557
