times:
  edit-metadata: 1.6276857405900955
  landing: 0.16937691159546375
  view-data: 0.3615365047007799
