times:
  edit-metadata: 1.3517795950174332
  landing: 0.021731851622462273
  view-data: 0.026498684659600258
