times:
  edit-metadata: 1.7684097420424223
  landing: 0.07082519121468067
  view-data: 0.1463940143585205
