times:
  edit-metadata: 1.582699976861477
  landing: 0.20213977247476578
  view-data: 0.31638150848448277
