times:
  edit-metadata: 1.4473518710583448
  landing: 0.019636157900094986
  view-data: 0.26891264505684376
