times:
  edit-metadata: 1.385172308422625
  landing: 0.19658376462757587
  view-data: 0.2673487588763237
