times:
  edit-metadata: 1.5108427796512842
  landing: 0.02146807126700878
  view-data: 0.025576340034604073
