times:
  edit-metadata: 1.7042630203068256
  landing: 0.3804999589920044
  view-data: 0.4148000627756119
