times:
  edit-metadata: 0.7834206530824304
  landing: 0.11991025833413005
  view-data: 0.28048804216086864
