times:
  edit-metadata: 1.3979469556361437
  landing: 0.02346520684659481
  view-data: 0.1484090369194746
