times:
  edit-metadata: 1.351246072910726
  landing: 0.020815019495785236
  view-data: 0.1327514974400401
