times:
  edit-metadata: 0.5983048197813332
  landing: 0.10186520498245955
  view-data: 0.21222412725910544
