times:
  edit-metadata: 1.830408789217472
  landing: 0.26459935307502747
  view-data: 0.16686267219483852
