times:
  edit-metadata: 0.5277567091397941
  landing: 0.06088252877816558
  view-data: 0.20450438978150487
