times:
  edit-metadata: 1.747042065486312
  landing: 0.19710803776979446
  view-data: 0.2631883565336466
