times:
  edit-metadata: 1.4705446939915419
  landing: 0.19284634105861187
  view-data: 0.02342173457145691
