times:
  edit-metadata: 1.338339138776064
  landing: 0.022310273721814156
  view-data: 0.12569445185363293
