times:
  edit-metadata: 1.4122333135455847
  landing: 0.11715419217944145
  view-data: 0.02577073872089386
