times:
  edit-metadata: 1.446287378668785
  landing: 0.021277986466884613
  view-data: 0.028247298672795296
