times:
  edit-metadata: 1.3619715375825763
  landing: 0.019381429068744183
  view-data: 0.10020908154547215
