times:
  edit-metadata: 1.6425301004201174
  landing: 0.23135998100042343
  view-data: 0.054482290521264076
