times:
  edit-metadata: 0.5604129871353507
  landing: 0.045854657888412476
  view-data: 0.21195789240300655
