times:
  edit-metadata: 1.5479519180953503
  landing: 0.1917288824915886
  view-data: 0.025610879063606262
