times:
  edit-metadata: 1.3445999911054969
  landing: 0.01987180206924677
  view-data: 0.12429373897612095
