times:
  edit-metadata: 1.5770989507436752
  landing: 0.2731296978890896
  view-data: 0.026387514546513557
