times:
  edit-metadata: 1.506333963945508
  landing: 0.16411841288208961
  view-data: 0.4092865400016308
