times:
  edit-metadata: 1.4362073726952076
  landing: 0.02244657836854458
  view-data: 0.12353675626218319
