times:
  edit-metadata: 1.4973291400820017
  landing: 0.1330176666378975
  view-data: 0.34079975448548794
