times:
  edit-metadata: 1.3386387769132853
  landing: 0.022399552166461945
  view-data: 0.10239378176629543
