times:
  edit-metadata: 0.5683635021559894
  landing: 0.07072759885340929
  view-data: 0.20674448227509856
