times:
  edit-metadata: 0.533616092056036
  landing: 0.06697425292804837
  view-data: 0.21151187689974904
