times:
  edit-metadata: 1.79922404140234
  landing: 0.4019525945186615
  view-data: 0.518708685413003
