times:
  edit-metadata: 1.5503664147108793
  landing: 0.024020329117774963
  view-data: 0.025007279589772224
