times:
  edit-metadata: 0.5767742502503097
  landing: 0.0869523067958653
  view-data: 0.20982743008062243
