times:
  edit-metadata: 1.6448167245835066
  landing: 0.2882554493844509
  view-data: 0.2890698090195656
