times:
  edit-metadata: 1.9711332712322474
  landing: 0.2996428217738867
  view-data: 0.15227949991822243
