times:
  edit-metadata: 1.801869809627533
  landing: 0.20271823182702065
  view-data: 0.16497987881302834
