times:
  edit-metadata: 1.4803040996193886
  landing: 0.15424484200775623
  view-data: 0.31396788731217384
