times:
  edit-metadata: 1.4286989150568843
  landing: 0.19517370034009218
  view-data: 0.023625819943845272
