times:
  edit-metadata: 1.3954977383837104
  landing: 0.16153802536427975
  view-data: 0.44183909241110086
