times:
  edit-metadata: 1.4821450375020504
  landing: 0.27991066314280033
  view-data: 0.02333574742078781
