times:
  edit-metadata: 1.3633865471929312
  landing: 0.022283054888248444
  view-data: 0.02495475299656391
