times:
  edit-metadata: 1.5551322102546692
  landing: 0.02455217018723488
  view-data: 0.16142082400619984
