times:
  edit-metadata: 1.3660791013389826
  landing: 0.021002471446990967
  view-data: 0.025617092847824097
