times:
  edit-metadata: 1.3235591240227222
  landing: 0.020170364528894424
  view-data: 0.025374284014105797
