times:
  edit-metadata: 1.5472101997584105
  landing: 0.2048138678073883
  view-data: 0.1504541877657175
