times:
  edit-metadata: 1.409806433133781
  landing: 0.01905649807304144
  view-data: 0.1424824120476842
