times:
  edit-metadata: 1.231035658158362
  landing: 0.020648540928959846
  view-data: 0.024092083796858788
