times:
  edit-metadata: 1.3107204549014568
  landing: 0.19613111577928066
  view-data: 0.34032039530575275
