times:
  edit-metadata: 1.2368141924962401
  landing: 0.024773462675511837
  view-data: 0.12251420319080353
