times:
  edit-metadata: 1.3113899920135736
  landing: 0.022361809387803078
  view-data: 0.026956146582961082
