times:
  edit-metadata: 1.2200634088367224
  landing: 0.021397607401013374
  view-data: 0.11831619683653116
