times:
  edit-metadata: 0.42053121887147427
  landing: 0.045062641613185406
  view-data: 0.5950000490993261
