times:
  edit-metadata: 1.364451164379716
  landing: 0.019964578561484814
  view-data: 0.21078320406377316
