times:
  edit-metadata: 0.4129771329462528
  landing: 0.04611059371381998
  view-data: 0.19271715264767408
