times:
  edit-metadata: 1.2581686740741134
  landing: 0.020571064203977585
  view-data: 0.025275257416069508
