times:
  edit-metadata: 1.2562226001173258
  landing: 0.02011855226010084
  view-data: 0.12727022543549538
