times:
  edit-metadata: 0.4894125582650304
  landing: 0.06180414790287614
  view-data: 0.2294338308274746
