times:
  edit-metadata: 0.41666610911488533
  landing: 0.049728705547749996
  view-data: 0.1951358448714018
