times:
  edit-metadata: 1.3336576977744699
  landing: 0.14345280919224024
  view-data: 0.47567765042185783
