times:
  edit-metadata: 1.2054141946136951
  landing: 0.021574221551418304
  view-data: 0.025690951384603977
