times:
  edit-metadata: 0.41076170466840267
  landing: 0.049185121431946754
  view-data: 0.20215772651135921
