times:
  edit-metadata: 0.4026492824777961
  landing: 0.040118603967130184
  view-data: 0.2300463868305087
