times:
  edit-metadata: 1.5678876526653767
  landing: 0.02160472609102726
  view-data: 0.025254929438233376
