times:
  edit-metadata: 1.3491207864135504
  landing: 0.14419062808156013
  view-data: 0.02608678489923477
