times:
  edit-metadata: 1.5214187847450376
  landing: 0.13769782800227404
  view-data: 0.04303573817014694
