times:
  edit-metadata: 1.317774811759591
  landing: 0.1844326900318265
  view-data: 0.11592893302440643
