times:
  edit-metadata: 1.3169919699430466
  landing: 0.022933845408260822
  view-data: 0.026998581364750862
