times:
  edit-metadata: 1.289122711867094
  landing: 0.01924268715083599
  view-data: 0.025886187329888344
