times:
  edit-metadata: 1.2744829636067152
  landing: 0.14610044844448566
  view-data: 0.02324360515922308
