times:
  edit-metadata: 0.5677643567323685
  landing: 0.08185787918046117
  view-data: 0.30629023211076856
