times:
  edit-metadata: 1.9388821348547935
  landing: 0.3098915610462427
  view-data: 0.6444931887090206
