times:
  edit-metadata: 1.4844808112829924
  landing: 0.14419294521212578
  view-data: 0.14686070755124092
