times:
  edit-metadata: 1.5179164558649063
  landing: 0.2614105883985758
  view-data: 0.36672565527260303
