times:
  edit-metadata: 0.48606640100479126
  landing: 0.06553613394498825
  view-data: 0.2082211277447641
