times:
  edit-metadata: 1.251682586967945
  landing: 0.019917026162147522
  view-data: 0.4701743433251977
