times:
  edit-metadata: 1.3517883326858282
  landing: 0.02023012563586235
  view-data: 0.02753620035946369
