times:
  edit-metadata: 1.7113061994314194
  landing: 0.254544822499156
  view-data: 0.45138094015419483
