times:
  edit-metadata: 1.3662837501615286
  landing: 0.0219008456915617
  view-data: 0.099206468090415
