times:
  edit-metadata: 1.420354463160038
  landing: 0.018679318949580193
  view-data: 0.31201102770864964
