times:
  edit-metadata: 1.3091365173459053
  landing: 0.019273901358246803
  view-data: 0.11912494245916605
