times:
  edit-metadata: 1.4834137354046106
  landing: 0.16836216114461422
  view-data: 0.3894867580384016
