times:
  edit-metadata: 0.41237665340304375
  landing: 0.0455872705206275
  view-data: 0.2192343147471547
