times:
  edit-metadata: 2.3018856458365917
  landing: 0.046726347878575325
  view-data: 0.03144616819918156
