times:
  edit-metadata: 0.41068855207413435
  landing: 0.04799462575465441
  view-data: 0.338690341450274
