times:
  edit-metadata: 1.8997439872473478
  landing: 0.2750535327941179
  view-data: 0.48615494184195995
