times:
  edit-metadata: 1.27186843380332
  landing: 0.025036465376615524
  view-data: 0.3506047036498785
