times:
  edit-metadata: 1.2124009197577834
  landing: 0.02036918420344591
  view-data: 0.025994546711444855
