times:
  edit-metadata: 0.4672217541374266
  landing: 0.07086867606267333
  view-data: 0.29747156612575054
