times:
  edit-metadata: 1.2518509961664677
  landing: 0.019758165813982487
  view-data: 0.027151620015501976
