times:
  edit-metadata: 1.3904782924801111
  landing: 0.13017724454402924
  view-data: 0.02275800332427025
