times:
  edit-metadata: 1.2835661731660366
  landing: 0.02062891609966755
  view-data: 0.026835249736905098
