times:
  edit-metadata: 1.2423710078001022
  landing: 0.021348867565393448
  view-data: 0.028411265462636948
