times:
  edit-metadata: 1.3268362684175372
  landing: 0.09631027840077877
  view-data: 0.02686205878853798
