times:
  edit-metadata: 1.4463555589318275
  landing: 0.30091404914855957
  view-data: 0.023471679538488388
