times:
  edit-metadata: 1.7987239509820938
  landing: 0.21034800726920366
  view-data: 0.5574498195201159
