times:
  edit-metadata: 1.325136298313737
  landing: 0.02139744721353054
  view-data: 0.027226176112890244
