times:
  edit-metadata: 1.3134308131411672
  landing: 0.01976997870951891
  view-data: 0.024032721295952797
