times:
  edit-metadata: 1.3227743776515126
  landing: 0.21069439966231585
  view-data: 0.22866947203874588
