times:
  edit-metadata: 0.66736607439816
  landing: 0.1615885212086141
  view-data: 0.29656254407018423
