times:
  edit-metadata: 1.1977160619571805
  landing: 0.1995100835338235
  view-data: 0.027755925431847572
