times:
  edit-metadata: 1.1910500340163708
  landing: 0.1190169807523489
  view-data: 0.11470646131783724
