times:
  edit-metadata: 1.2588374055922031
  landing: 0.02118244394659996
  view-data: 0.024588651955127716
