times:
  edit-metadata: 1.2497066259384155
  landing: 0.021385748870670795
  view-data: 0.026726284995675087
