times:
  edit-metadata: 0.3966413624584675
  landing: 0.044745457358658314
  view-data: 0.19246316514909267
