times:
  edit-metadata: 1.437428729608655
  landing: 0.022322313860058784
  view-data: 0.41244899667799473
