times:
  edit-metadata: 1.2805724646896124
  landing: 0.02083558589220047
  view-data: 0.022956226021051407
