times:
  edit-metadata: 1.491953419521451
  landing: 0.3382701314985752
  view-data: 0.49752374924719334
