times:
  edit-metadata: 1.2305467324331403
  landing: 0.01949893217533827
  view-data: 0.022681529633700848
