times:
  edit-metadata: 1.3119677025824785
  landing: 0.2035932745784521
  view-data: 0.15812589973211288
