times:
  edit-metadata: 0.4295125505886972
  landing: 0.044481480959802866
  view-data: 0.3215825976803899
