times:
  edit-metadata: 1.2835888462141156
  landing: 0.021610246039927006
  view-data: 0.026915237307548523
