times:
  edit-metadata: 1.2263743747025728
  landing: 0.02020647469907999
  view-data: 0.12397729884833097
