times:
  edit-metadata: 1.2178717302158475
  landing: 0.021323475055396557
  view-data: 0.02658896055072546
