times:
  edit-metadata: 1.3222360210493207
  landing: 0.14154979772865772
  view-data: 0.02316200453788042
