times:
  edit-metadata: 0.4768763571046293
  landing: 0.11862343177199364
  view-data: 0.21658682404085994
