times:
  edit-metadata: 1.3010697178542614
  landing: 0.01986769773066044
  view-data: 0.026120198890566826
