times:
  edit-metadata: 1.2382850917056203
  landing: 0.020983288064599037
  view-data: 0.029335095547139645
