times:
  edit-metadata: 0.4318740740418434
  landing: 0.049629840068519115
  view-data: 0.3696440299972892
