times:
  edit-metadata: 0.7341464697383344
  landing: 0.06300918897613883
  view-data: 0.2700181817635894
