times:
  edit-metadata: 1.3710658848285675
  landing: 0.15436190366744995
  view-data: 0.15882528387010098
