times:
  edit-metadata: 1.2596755167469382
  landing: 0.019447998143732548
  view-data: 0.13490586262196302
