times:
  edit-metadata: 0.4978023930452764
  landing: 0.04701080126687884
  view-data: 0.20696716709062457
