times:
  edit-metadata: 1.2841883301734924
  landing: 0.022279636934399605
  view-data: 0.13391458708792925
