times:
  edit-metadata: 1.274612633511424
  landing: 0.021259132772684097
  view-data: 0.029307961463928223
