times:
  edit-metadata: 1.4792163725942373
  landing: 0.15395214222371578
  view-data: 0.42215168103575706
