times:
  edit-metadata: 1.2972318567335606
  landing: 0.19422450102865696
  view-data: 0.1392983142286539
