times:
  edit-metadata: 1.36790232360363
  landing: 0.020604202523827553
  view-data: 0.027603112161159515
