times:
  edit-metadata: 0.40572613570839167
  landing: 0.045400310307741165
  view-data: 0.1958961235359311
