times:
  edit-metadata: 1.3372125085443258
  landing: 0.020935701206326485
  view-data: 0.025523940101265907
