times:
  edit-metadata: 1.3103149253875017
  landing: 0.021537572145462036
  view-data: 0.02387668937444687
