times:
  edit-metadata: 1.218046260997653
  landing: 0.0943487910553813
  view-data: 0.12137304339557886
