times:
  edit-metadata: 1.3052017763257027
  landing: 0.25449932366609573
  view-data: 0.14434590097516775
