times:
  edit-metadata: 1.2742276452481747
  landing: 0.019750062376260757
  view-data: 0.024222584441304207
