times:
  edit-metadata: 1.2637495594099164
  landing: 0.14609161764383316
  view-data: 0.11342324130237103
