times:
  edit-metadata: 1.391767406836152
  landing: 0.22280634753406048
  view-data: 0.028199562802910805
