times:
  edit-metadata: 1.2654346153140068
  landing: 0.019047046080231667
  view-data: 0.2977038733661175
