times:
  edit-metadata: 1.3306765975430608
  landing: 0.020959503017365932
  view-data: 0.11565733794122934
