times:
  edit-metadata: 1.4075914397835732
  landing: 0.2510675946250558
  view-data: 0.3372788242995739
