times:
  edit-metadata: 1.2890807762742043
  landing: 0.027085188776254654
  view-data: 0.02690102346241474
