times:
  edit-metadata: 1.3920368645340204
  landing: 0.02342815324664116
  view-data: 0.05134211666882038
