times:
  edit-metadata: 0.6199664301238954
  landing: 0.06917559122666717
  view-data: 0.35747941164299846
