times:
  edit-metadata: 1.3326254934072495
  landing: 0.021698806434869766
  view-data: 0.12121656350791454
