times:
  edit-metadata: 1.3440521461889148
  landing: 0.021499902941286564
  view-data: 0.12915180064737797
