times:
  edit-metadata: 0.5079793338663876
  landing: 0.06527218176051974
  view-data: 0.31026838114485145
