times:
  edit-metadata: 1.2569703925400972
  landing: 0.02106981910765171
  view-data: 0.026472192257642746
