times:
  edit-metadata: 1.3543228236958385
  landing: 0.021863368339836597
  view-data: 0.4479259727522731
