times:
  edit-metadata: 1.233076324686408
  landing: 0.021645260974764824
  view-data: 0.02524064015597105
