times:
  edit-metadata: 1.2911985646933317
  landing: 0.021460894495248795
  view-data: 0.025224756449460983
