times:
  edit-metadata: 0.4352866029366851
  landing: 0.04728213045746088
  view-data: 0.43584221601486206
