times:
  edit-metadata: 1.3876519985496998
  landing: 0.023070989176630974
  view-data: 0.023188067600131035
