times:
  edit-metadata: 0.4358052867464721
  landing: 0.044734545052051544
  view-data: 0.4656795673072338
