times:
  edit-metadata: 0.43705290649086237
  landing: 0.0504219401627779
  view-data: 0.33627735543996096
