times:
  edit-metadata: 1.270887766033411
  landing: 0.02066592127084732
  view-data: 0.026315797120332718
