times:
  edit-metadata: 1.2732074921950698
  landing: 0.019602030515670776
  view-data: 0.09944417141377926
