times:
  edit-metadata: 1.3392759459093213
  landing: 0.21569103747606277
  view-data: 0.4813966993242502
