times:
  edit-metadata: 0.42220278549939394
  landing: 0.04508024640381336
  view-data: 0.19955698493868113
