times:
  edit-metadata: 1.308651590719819
  landing: 0.02204544097185135
  view-data: 0.02766771800816059
