times:
  edit-metadata: 1.3314043935388327
  landing: 0.2719855569303036
  view-data: 0.13067633844912052
