times:
  edit-metadata: 1.2594940988346934
  landing: 0.02252748515456915
  view-data: 0.02525263000279665
