times:
  edit-metadata: 1.569447297602892
  landing: 0.02250857651233673
  view-data: 0.028798110783100128
