times:
  edit-metadata: 1.9850510619580746
  landing: 0.20615446474403143
  view-data: 0.5833766451105475
