times:
  edit-metadata: 1.436796335503459
  landing: 0.022278664633631706
  view-data: 0.025220440700650215
