times:
  edit-metadata: 0.46880355197936296
  landing: 0.06566507508978248
  view-data: 0.2188428076915443
