times:
  edit-metadata: 1.2553719943389297
  landing: 0.021473239175975323
  view-data: 0.026001152582466602
