times:
  edit-metadata: 1.4276114348322153
  landing: 0.1905568428337574
  view-data: 0.10211321525275707
