times:
  edit-metadata: 1.2359900921583176
  landing: 0.020256640389561653
  view-data: 0.025374332442879677
