times:
  edit-metadata: 1.3139791553840041
  landing: 0.021535532549023628
  view-data: 0.02601513359695673
