times:
  edit-metadata: 1.6460334062576294
  landing: 0.2762075550854206
  view-data: 0.41664016246795654
