times:
  edit-metadata: 1.4142998028546572
  landing: 0.36747073382139206
  view-data: 0.13774202391505241
