times:
  edit-metadata: 1.2763551473617554
  landing: 0.018706061877310276
  view-data: 0.42592540942132473
