times:
  edit-metadata: 0.5233080140314996
  landing: 0.048006872180849314
  view-data: 0.2062787590548396
