times:
  edit-metadata: 1.33476372808218
  landing: 0.022405456751585007
  view-data: 0.24653306603431702
