times:
  edit-metadata: 1.2553195971995592
  landing: 0.021332936361432076
  view-data: 0.5388803845271468
