times:
  edit-metadata: 1.3694005999714136
  landing: 0.22405976988375187
  view-data: 0.025252044200897217
