times:
  edit-metadata: 1.5713072456419468
  landing: 0.17496782168745995
  view-data: 0.46038532070815563
