times:
  edit-metadata: 1.7847954826429486
  landing: 0.01828374434262514
  view-data: 0.02386186458170414
