times:
  edit-metadata: 1.3258899357169867
  landing: 0.12961064092814922
  view-data: 0.1385517120361328
