times:
  edit-metadata: 1.239735685288906
  landing: 0.02043826784938574
  view-data: 0.02965923398733139
