times:
  edit-metadata: 1.5054075345396996
  landing: 0.24664626829326153
  view-data: 0.37622381933033466
