times:
  edit-metadata: 0.4352041333913803
  landing: 0.04425693862140179
  view-data: 0.2371236700564623
