times:
  edit-metadata: 1.3189136357977986
  landing: 0.020516647957265377
  view-data: 0.024659770540893078
