times:
  edit-metadata: 1.63658994063735
  landing: 0.024227753281593323
  view-data: 0.4872594494372606
