times:
  edit-metadata: 1.2752496534958482
  landing: 0.12830501794815063
  view-data: 0.023207309655845165
