times:
  edit-metadata: 1.277737870812416
  landing: 0.020980600267648697
  view-data: 0.13030450139194727
