times:
  edit-metadata: 0.763006174005568
  landing: 0.1644648490473628
  view-data: 0.2936188140884042
