times:
  edit-metadata: 1.2388400416821241
  landing: 0.021541425958275795
  view-data: 0.12123789265751839
