times:
  edit-metadata: 1.3362587001174688
  landing: 0.023279939778149128
  view-data: 0.11910013668239117
