times:
  edit-metadata: 1.4577588383108377
  landing: 0.021125536412000656
  view-data: 0.4415813349187374
