times:
  edit-metadata: 1.45613825134933
  landing: 0.0251640472561121
  view-data: 0.048817504197359085
