times:
  edit-metadata: 0.4227842502295971
  landing: 0.03945429716259241
  view-data: 0.19578553643077612
