times:
  edit-metadata: 1.2582698315382004
  landing: 0.11251653544604778
  view-data: 0.022886193357408047
