times:
  edit-metadata: 1.328473310917616
  landing: 0.02422880008816719
  view-data: 0.028162416070699692
