times:
  edit-metadata: 1.6567596085369587
  landing: 0.018997253850102425
  view-data: 0.023529769852757454
