times:
  edit-metadata: 1.2443454517051578
  landing: 0.021855361759662628
  view-data: 0.12586706597357988
