times:
  edit-metadata: 1.2346681542694569
  landing: 0.023077746853232384
  view-data: 0.4341704836115241
