times:
  edit-metadata: 1.2403023419901729
  landing: 0.11545789893716574
  view-data: 0.028094395995140076
