times:
  edit-metadata: 1.6305244229733944
  landing: 0.02106698788702488
  view-data: 0.3280400037765503
