times:
  edit-metadata: 0.572091902140528
  landing: 0.04525775322690606
  view-data: 0.26358146173879504
