times:
  edit-metadata: 1.367875576019287
  landing: 0.24743814393877983
  view-data: 0.3129109591245651
