times:
  edit-metadata: 0.41287330724298954
  landing: 0.04487124923616648
  view-data: 0.19693741854280233
