times:
  edit-metadata: 1.8084861878305674
  landing: 0.14425899274647236
  view-data: 0.027689741924405098
