times:
  edit-metadata: 1.2565887896344066
  landing: 0.021749834530055523
  view-data: 0.02637609001249075
