times:
  edit-metadata: 1.3887569662183523
  landing: 0.21380896493792534
  view-data: 0.4100078884512186
