times:
  edit-metadata: 1.432227049022913
  landing: 0.31156028993427753
  view-data: 0.4287418592721224
