times:
  edit-metadata: 0.4521559365093708
  landing: 0.048818498849868774
  view-data: 0.1961859380826354
