times:
  edit-metadata: 1.3239669799804688
  landing: 0.01936139166355133
  view-data: 0.027301311492919922
