times:
  edit-metadata: 0.48965196684002876
  landing: 0.06382941594347358
  view-data: 0.20379480626434088
