times:
  edit-metadata: 1.3923361580818892
  landing: 0.019378571771085262
  view-data: 0.4966343967244029
