times:
  edit-metadata: 1.2618446536362171
  landing: 0.11986702308058739
  view-data: 0.024560490623116493
