times:
  edit-metadata: 1.397012086585164
  landing: 0.23604151885956526
  view-data: 0.2305728942155838
