times:
  edit-metadata: 1.3662314526736736
  landing: 0.01986861042678356
  view-data: 0.023244189098477364
