times:
  edit-metadata: 1.2756279166787863
  landing: 0.021988345310091972
  view-data: 0.025730344466865063
