times:
  edit-metadata: 0.6218699831515551
  landing: 0.06492807902395725
  view-data: 0.3164354991167784
