times:
  edit-metadata: 0.45178455812856555
  landing: 0.15816809283569455
  view-data: 0.27396728470921516
