times:
  edit-metadata: 1.2456325888633728
  landing: 0.020805845968425274
  view-data: 0.45020238775759935
