times:
  edit-metadata: 1.2742449352517724
  landing: 0.018956162966787815
  view-data: 0.024211875163018703
