times:
  edit-metadata: 1.3773609837517142
  landing: 0.1321849338710308
  view-data: 0.025455525144934654
