times:
  edit-metadata: 0.42992879915982485
  landing: 0.04951994214206934
  view-data: 0.2000578660517931
