times:
  edit-metadata: 1.5102655235677958
  landing: 0.1435720231384039
  view-data: 0.025613410398364067
