times:
  edit-metadata: 1.3489259742200375
  landing: 0.117551663890481
  view-data: 0.11960095539689064
