times:
  edit-metadata: 1.2321299640461802
  landing: 0.023764739744365215
  view-data: 0.02437689993530512
