times:
  edit-metadata: 1.3088628835976124
  landing: 0.021508099511265755
  view-data: 0.02421136386692524
