times:
  edit-metadata: 1.2602875595912337
  landing: 0.022533112205564976
  view-data: 0.027070765383541584
