times:
  edit-metadata: 1.2366569889709353
  landing: 0.022516800090670586
  view-data: 0.023867182433605194
