times:
  edit-metadata: 0.42352105490863323
  landing: 0.04275634977966547
  view-data: 0.19361347425729036
