times:
  edit-metadata: 1.6086545065045357
  landing: 0.21134589612483978
  view-data: 0.2491104006767273
