times:
  edit-metadata: 1.2995552364736795
  landing: 0.14302877709269524
  view-data: 0.029923895373940468
