times:
  edit-metadata: 1.2611731803044677
  landing: 0.02160090021789074
  view-data: 0.43824695982038975
