times:
  edit-metadata: 1.398611867800355
  landing: 0.020290860906243324
  view-data: 0.02713201381266117
