times:
  edit-metadata: 1.2806847095489502
  landing: 0.021352817304432392
  view-data: 0.027008975856006145
