times:
  edit-metadata: 1.311288382858038
  landing: 0.12437795475125313
  view-data: 0.31832010485231876
