times:
  edit-metadata: 1.5922420285642147
  landing: 0.15156571194529533
  view-data: 0.35522131994366646
