times:
  edit-metadata: 1.232591101899743
  landing: 0.022895988076925278
  view-data: 0.02546392846852541
