times:
  edit-metadata: 1.3174823308363557
  landing: 0.022609676234424114
  view-data: 0.12074805051088333
