times:
  edit-metadata: 1.3113250816240907
  landing: 0.02159955631941557
  view-data: 0.02512199990451336
