times:
  edit-metadata: 1.422706138342619
  landing: 0.1531149484217167
  view-data: 0.12387900799512863
