times:
  edit-metadata: 1.299083991907537
  landing: 0.2414445672184229
  view-data: 0.4046034850180149
