times:
  edit-metadata: 1.240905954502523
  landing: 0.02038785256445408
  view-data: 0.024179826490581036
