times:
  edit-metadata: 0.4619825500994921
  landing: 0.05997047200798988
  view-data: 0.34686483908444643
