times:
  edit-metadata: 0.4127644542604685
  landing: 0.040831479243934155
  view-data: 0.20802518213167787
