times:
  edit-metadata: 1.2493151519447565
  landing: 0.021767815575003624
  view-data: 0.11994262039661407
