times:
  edit-metadata: 1.4483201000839472
  landing: 0.18969837203621864
  view-data: 0.024120913818478584
