times:
  edit-metadata: 0.40830255951732397
  landing: 0.04566226899623871
  view-data: 0.20453802216798067
