times:
  edit-metadata: 1.6051142998039722
  landing: 0.28209761157631874
  view-data: 0.32058238238096237
