times:
  edit-metadata: 1.2342772111296654
  landing: 0.022571335546672344
  view-data: 0.027924291789531708
