times:
  edit-metadata: 0.41683102678507566
  landing: 0.04133335500955582
  view-data: 0.2275892896577716
