times:
  edit-metadata: 0.4018167182803154
  landing: 0.04059626813977957
  view-data: 0.3139101378619671
