times:
  edit-metadata: 1.3806434124708176
  landing: 0.026090865954756737
  view-data: 0.13593675941228867
