times:
  edit-metadata: 1.2416078057140112
  landing: 0.019338438287377357
  view-data: 0.023791593499481678
