times:
  edit-metadata: 1.2000711048021913
  landing: 0.018527742475271225
  view-data: 0.025621752254664898
