times:
  edit-metadata: 0.4277069829404354
  landing: 0.04645623452961445
  view-data: 0.1987624065950513
