times:
  edit-metadata: 1.2741590673103929
  landing: 0.1396462069824338
  view-data: 0.02378681395202875
