times:
  edit-metadata: 1.3728196695446968
  landing: 0.020213328301906586
  view-data: 0.02584020607173443
