times:
  edit-metadata: 1.5502131972461939
  landing: 0.21267042867839336
  view-data: 0.4028977919369936
