times:
  edit-metadata: 1.3330181073397398
  landing: 0.12683978118002415
  view-data: 0.024151619523763657
