times:
  edit-metadata: 1.33898460958153
  landing: 0.14250343199819326
  view-data: 0.2350803129374981
