times:
  edit-metadata: 1.6759706921875477
  landing: 0.027443254366517067
  view-data: 0.025206875056028366
