times:
  edit-metadata: 1.230094843544066
  landing: 0.022045579738914967
  view-data: 0.10999540332704782
