times:
  edit-metadata: 1.5285976510494947
  landing: 0.13211112469434738
  view-data: 0.023025568574666977
