times:
  edit-metadata: 1.2238169591873884
  landing: 0.01939445547759533
  view-data: 0.4490683423355222
