times:
  edit-metadata: 1.6050396002829075
  landing: 0.2834115345031023
  view-data: 0.541791558265686
