times:
  edit-metadata: 1.6093175876885653
  landing: 0.3173176497220993
  view-data: 0.40930310636758804
