times:
  edit-metadata: 1.2799980603158474
  landing: 0.021524939686059952
  view-data: 0.09995287097990513
