times:
  edit-metadata: 1.2778774127364159
  landing: 0.02337140217423439
  view-data: 0.13773087970912457
