times:
  edit-metadata: 1.310952078551054
  landing: 0.022545235231518745
  view-data: 0.23415588401257992
