times:
  edit-metadata: 1.3157717967405915
  landing: 0.02178698219358921
  view-data: 0.1206722566857934
