times:
  edit-metadata: 1.277301718480885
  landing: 0.0223381407558918
  view-data: 0.12129012495279312
