times:
  edit-metadata: 1.295195828191936
  landing: 0.020257280208170414
  view-data: 0.02652677334845066
