times:
  edit-metadata: 1.2884983159601688
  landing: 0.02089769020676613
  view-data: 0.0250985249876976
