times:
  edit-metadata: 0.54973996989429
  landing: 0.05615965276956558
  view-data: 0.2011172561906278
