times:
  edit-metadata: 1.6016437076032162
  landing: 0.14349733851850033
  view-data: 0.36536188423633575
