times:
  edit-metadata: 1.3383231591433287
  landing: 0.11788426525890827
  view-data: 0.027497658506035805
