times:
  edit-metadata: 1.2891755923628807
  landing: 0.023006200790405273
  view-data: 0.025271832942962646
