times:
  edit-metadata: 1.4048538487404585
  landing: 0.12669730000197887
  view-data: 0.42820367868989706
