times:
  edit-metadata: 1.3019693829119205
  landing: 0.1987680271267891
  view-data: 0.02271464467048645
