times:
  edit-metadata: 1.2439921582117677
  landing: 0.019791502505540848
  view-data: 0.10135077498853207
