times:
  edit-metadata: 1.3696835339069366
  landing: 0.019208403304219246
  view-data: 0.29339863918721676
