times:
  edit-metadata: 1.2439531274139881
  landing: 0.025036195293068886
  view-data: 0.103546098805964
