times:
  edit-metadata: 1.329395754262805
  landing: 0.21238102950155735
  view-data: 0.32003017142415047
