times:
  edit-metadata: 1.3012886606156826
  landing: 0.19604438915848732
  view-data: 0.024695293977856636
