times:
  edit-metadata: 0.7906048498116434
  landing: 0.06154451332986355
  view-data: 0.217312416061759
