times:
  edit-metadata: 1.4888492859899998
  landing: 0.022027136757969856
  view-data: 0.43591756373643875
