times:
  edit-metadata: 1.2919675828889012
  landing: 0.20443200785666704
  view-data: 0.02734056208282709
