times:
  edit-metadata: 1.35240076482296
  landing: 0.020644929260015488
  view-data: 0.09681008383631706
