times:
  edit-metadata: 1.2235077759250998
  landing: 0.225065303966403
  view-data: 0.12124476674944162
