times:
  edit-metadata: 1.4373038280755281
  landing: 0.25630822964012623
  view-data: 0.1489860899746418
