times:
  edit-metadata: 1.3234876664355397
  landing: 0.020886503159999847
  view-data: 0.023671927861869335
