times:
  edit-metadata: 0.4270613081753254
  landing: 0.052990962751209736
  view-data: 0.20087653677910566
