times:
  edit-metadata: 1.2960157822817564
  landing: 0.2821361068636179
  view-data: 0.02715822122991085
