times:
  edit-metadata: 0.717672704719007
  landing: 0.050291822757571936
  view-data: 0.25668466137722135
