times:
  edit-metadata: 1.3002923652529716
  landing: 0.021333145909011364
  view-data: 0.11758430674672127
