times:
  edit-metadata: 0.5649056420661509
  landing: 0.04265893017873168
  view-data: 0.20797116123139858
