times:
  edit-metadata: 0.4251596312969923
  landing: 0.04972201306372881
  view-data: 0.1988622508943081
