times:
  edit-metadata: 0.4335746904835105
  landing: 0.042339982464909554
  view-data: 0.3356316275894642
