times:
  edit-metadata: 1.297329330816865
  landing: 0.019447024911642075
  view-data: 0.12098654545843601
