times:
  edit-metadata: 1.6785361543297768
  landing: 0.025779835879802704
  view-data: 0.13755002990365028
