times:
  edit-metadata: 0.7721202578395605
  landing: 0.06915393518283963
  view-data: 0.21169359888881445
