times:
  edit-metadata: 1.239769828505814
  landing: 0.021565642207860947
  view-data: 0.120721984654665
