times:
  edit-metadata: 0.42466762103140354
  landing: 0.042262326925992966
  view-data: 0.2033932963386178
