times:
  edit-metadata: 1.229982572607696
  landing: 0.18229201156646013
  view-data: 0.23850908782333136
