times:
  edit-metadata: 1.3028079578652978
  landing: 0.02509669028222561
  view-data: 0.02546786144375801
