times:
  edit-metadata: 1.2906092312186956
  landing: 0.020224852487444878
  view-data: 0.34805178083479404
