times:
  edit-metadata: 1.3298603314906359
  landing: 0.019773153588175774
  view-data: 0.023028884083032608
