times:
  edit-metadata: 1.2273200629279017
  landing: 0.021132430993020535
  view-data: 0.026557172648608685
