times:
  edit-metadata: 0.431997399777174
  landing: 0.0476471995934844
  view-data: 0.21401589922606945
