times:
  edit-metadata: 1.310088513419032
  landing: 0.13109166361391544
  view-data: 0.02344750612974167
