times:
  edit-metadata: 0.5122249913401902
  landing: 0.040655055083334446
  view-data: 0.20860785013064742
