times:
  edit-metadata: 0.43270968925207853
  landing: 0.04183796979486942
  view-data: 0.34059282299131155
