times:
  edit-metadata: 0.423558346927166
  landing: 0.046407513320446014
  view-data: 0.4475815477780998
