times:
  edit-metadata: 0.5105103310197592
  landing: 0.05553334392607212
  view-data: 0.20511231571435928
