times:
  edit-metadata: 1.693239539861679
  landing: 0.02137373574078083
  view-data: 0.29127184487879276
