times:
  edit-metadata: 1.4806936234235764
  landing: 0.1526838969439268
  view-data: 0.02378743886947632
