times:
  edit-metadata: 1.3625979330390692
  landing: 0.02100108563899994
  view-data: 0.025152727961540222
