times:
  edit-metadata: 1.3290980961173773
  landing: 0.2050105780363083
  view-data: 0.46984809823334217
