times:
  edit-metadata: 0.40803234092891216
  landing: 0.03850868158042431
  view-data: 0.19810824282467365
