times:
  edit-metadata: 1.3308115992695093
  landing: 0.02267342433333397
  view-data: 0.41914877481758595
