times:
  edit-metadata: 1.235264839604497
  landing: 0.017987411469221115
  view-data: 0.12096289172768593
