times:
  edit-metadata: 1.2140855118632317
  landing: 0.020413336344063282
  view-data: 0.11899692006409168
