times:
  edit-metadata: 1.2874661460518837
  landing: 0.02069033496081829
  view-data: 0.028782598674297333
