times:
  edit-metadata: 0.6655433070845902
  landing: 0.0487810387276113
  view-data: 0.2583776949904859
