times:
  edit-metadata: 1.3462077248841524
  landing: 0.02003659028559923
  view-data: 0.20920898392796516
