times:
  edit-metadata: 1.2118014991283417
  landing: 0.019406928680837154
  view-data: 0.12075036112219095
