times:
  edit-metadata: 1.282933740876615
  landing: 0.021033558063209057
  view-data: 0.41773587465286255
