times:
  edit-metadata: 1.9670408628880978
  landing: 0.17997653037309647
  view-data: 0.43541910871863365
