times:
  edit-metadata: 0.41906116902828217
  landing: 0.04907162766903639
  view-data: 0.3435899652540684
