times:
  edit-metadata: 0.7468884638510644
  landing: 0.11235193582251668
  view-data: 0.30487665301188827
