times:
  edit-metadata: 1.2947277026250958
  landing: 0.020701945759356022
  view-data: 0.11823638156056404
