times:
  edit-metadata: 0.41547069884836674
  landing: 0.040285469964146614
  view-data: 0.7238971404731274
