times:
  edit-metadata: 1.2769122626632452
  landing: 0.020793497562408447
  view-data: 0.02557152509689331
