times:
  edit-metadata: 1.223599155433476
  landing: 0.023019650019705296
  view-data: 0.024432286620140076
