times:
  edit-metadata: 1.386102156713605
  landing: 0.1479428894817829
  view-data: 0.3556724190711975
