times:
  edit-metadata: 1.3778359442949295
  landing: 0.020868217572569847
  view-data: 0.02501598373055458
