times:
  edit-metadata: 1.3122158627957106
  landing: 0.1494721882045269
  view-data: 0.028502298519015312
