times:
  edit-metadata: 0.42836188338696957
  landing: 0.05147550068795681
  view-data: 0.21596755646169186
