times:
  edit-metadata: 1.4134017955511808
  landing: 0.35595593228936195
  view-data: 0.35314213298261166
