times:
  edit-metadata: 1.3014482408761978
  landing: 0.020850006490945816
  view-data: 0.3398961778730154
