times:
  edit-metadata: 1.3413970414549112
  landing: 0.023033417761325836
  view-data: 0.02796141803264618
