times:
  edit-metadata: 1.2124663451686502
  landing: 0.12036860268563032
  view-data: 0.025248561054468155
