times:
  edit-metadata: 1.2515198299661279
  landing: 0.020187786780297756
  view-data: 0.025280118919909
