times:
  edit-metadata: 0.5506941461935639
  landing: 0.041845124680548906
  view-data: 0.3312079170718789
