times:
  edit-metadata: 1.396378943696618
  landing: 0.02019999548792839
  view-data: 0.02655574306845665
