times:
  edit-metadata: 1.835070088505745
  landing: 0.21269934996962547
  view-data: 0.37743685580790043
