times:
  edit-metadata: 1.3915880862623453
  landing: 0.023311558179557323
  view-data: 0.40000123903155327
