times:
  edit-metadata: 1.3290020357817411
  landing: 0.11648689396679401
  view-data: 0.029239056631922722
