times:
  edit-metadata: 1.489208748564124
  landing: 0.020976657047867775
  view-data: 0.024067615158855915
