times:
  edit-metadata: 1.553199240937829
  landing: 0.2767118364572525
  view-data: 0.1346143800765276
