times:
  edit-metadata: 0.5586896250024438
  landing: 0.04236813820898533
  view-data: 0.2088905954733491
