times:
  edit-metadata: 1.47971436008811
  landing: 0.021375452168285847
  view-data: 0.11878477223217487
