times:
  edit-metadata: 1.498364470899105
  landing: 0.021721186116337776
  view-data: 0.1456859279423952
