times:
  edit-metadata: 1.6266245245933533
  landing: 0.1497413832694292
  view-data: 0.13167019560933113
