times:
  edit-metadata: 1.472213770262897
  landing: 0.1413271725177765
  view-data: 0.04704453330487013
