times:
  edit-metadata: 1.423645225353539
  landing: 0.020837041549384594
  view-data: 0.026637147180736065
