times:
  edit-metadata: 1.3270950568839908
  landing: 0.1182669922709465
  view-data: 0.02848965022712946
