times:
  edit-metadata: 1.4286114517599344
  landing: 0.16454710811376572
  view-data: 0.1344961803406477
