times:
  edit-metadata: 1.2980233039706945
  landing: 0.020193662494421005
  view-data: 0.0970173105597496
