times:
  edit-metadata: 1.411683158017695
  landing: 0.02048653271049261
  view-data: 0.02395805064588785
