times:
  edit-metadata: 1.3358856635168195
  landing: 0.12941248062998056
  view-data: 0.133635557256639
