times:
  edit-metadata: 1.5230044666677713
  landing: 0.35037308372557163
  view-data: 0.5095958169549704
