times:
  edit-metadata: 0.548674987629056
  landing: 0.04566074535250664
  view-data: 0.22377779614180326
