times:
  edit-metadata: 0.5781918889842927
  landing: 0.04829484364017844
  view-data: 0.21305353287607431
