times:
  edit-metadata: 1.5027455482631922
  landing: 0.04862635210156441
  view-data: 0.026480326429009438
