times:
  edit-metadata: 1.4983603078871965
  landing: 0.25755428709089756
  view-data: 0.2966374158859253
