times:
  edit-metadata: 0.5353543795645237
  landing: 0.04879595339298248
  view-data: 0.23503368254750967
