times:
  edit-metadata: 1.3954935818910599
  landing: 0.02111847512423992
  view-data: 0.3369162268936634
