times:
  edit-metadata: 0.5591796641238034
  landing: 0.04873673431575298
  view-data: 0.21327218925580382
