times:
  edit-metadata: 1.3499865559861064
  landing: 0.1169174425303936
  view-data: 0.12257775198668242
