times:
  edit-metadata: 1.391279298812151
  landing: 0.02299567312002182
  view-data: 0.025574713945388794
