times:
  edit-metadata: 1.9096088111400604
  landing: 0.2495270073413849
  view-data: 0.23071268014609814
