times:
  edit-metadata: 1.4801108352839947
  landing: 0.019690576009452343
  view-data: 0.4194587282836437
