times:
  edit-metadata: 1.5031233727931976
  landing: 0.13430588506162167
  view-data: 0.3349093422293663
