times:
  edit-metadata: 1.6007916815578938
  landing: 0.022045554593205452
  view-data: 0.2579953745007515
