times:
  edit-metadata: 0.7376637179404497
  landing: 0.06847660010680556
  view-data: 0.34148229099810123
