times:
  edit-metadata: 1.4891385063529015
  landing: 0.13711306639015675
  view-data: 0.025849981233477592
