times:
  edit-metadata: 1.9433470889925957
  landing: 0.17239088006317616
  view-data: 0.17579310759902
