times:
  edit-metadata: 1.4393279291689396
  landing: 0.01845184899866581
  view-data: 0.022730752825737
