times:
  edit-metadata: 1.3616970926523209
  landing: 0.11759472824633121
  view-data: 0.02609865553677082
