times:
  edit-metadata: 1.388428553007543
  landing: 0.020749107003211975
  view-data: 0.04841529577970505
