times:
  edit-metadata: 0.5455968766473234
  landing: 0.11119963089004159
  view-data: 0.2292662770487368
