times:
  edit-metadata: 1.396286710165441
  landing: 0.022569638676941395
  view-data: 0.028331296518445015
