times:
  edit-metadata: 0.8503307951614261
  landing: 0.17235343996435404
  view-data: 0.34004685701802373
