times:
  edit-metadata: 1.372427043505013
  landing: 0.1355255451053381
  view-data: 0.02562478929758072
