times:
  edit-metadata: 1.372786182910204
  landing: 0.22700051497668028
  view-data: 0.2376645551994443
