times:
  edit-metadata: 1.4669182235375047
  landing: 0.01834934391081333
  view-data: 0.02258802019059658
