times:
  edit-metadata: 0.5612820107489824
  landing: 0.048423911444842815
  view-data: 0.3401759257540107
