times:
  edit-metadata: 0.570619982201606
  landing: 0.06454867916181684
  view-data: 0.22330441093072295
