times:
  edit-metadata: 1.396439477801323
  landing: 0.020747561007738113
  view-data: 0.03025946021080017
