times:
  edit-metadata: 0.5585807487368584
  landing: 0.0429735267534852
  view-data: 0.3296352755278349
