times:
  edit-metadata: 1.3999115703627467
  landing: 0.02047383412718773
  view-data: 0.023972686380147934
