times:
  edit-metadata: 1.4679811485111713
  landing: 0.02032695896923542
  view-data: 0.10112734884023666
