times:
  edit-metadata: 1.395919382572174
  landing: 0.021029269322752953
  view-data: 0.02376737631857395
