times:
  edit-metadata: 0.5452628815546632
  landing: 0.05055715888738632
  view-data: 0.3385341316461563
