times:
  edit-metadata: 1.371817972511053
  landing: 0.01883881166577339
  view-data: 0.024527186527848244
