times:
  edit-metadata: 1.6211130674928427
  landing: 0.2261938899755478
  view-data: 0.2724039666354656
