times:
  edit-metadata: 1.296344324015081
  landing: 0.02015587128698826
  view-data: 0.12378375045955181
