times:
  edit-metadata: 1.393860393203795
  landing: 0.019050074741244316
  view-data: 0.026581335812807083
