times:
  edit-metadata: 1.3181753950193524
  landing: 0.021571218967437744
  view-data: 0.02493441477417946
