times:
  edit-metadata: 1.36062241345644
  landing: 0.021813655272126198
  view-data: 0.09797862358391285
