times:
  edit-metadata: 0.5327348988503218
  landing: 0.043682717718183994
  view-data: 0.20789422560483217
