times:
  edit-metadata: 1.5080679645761847
  landing: 0.022125414572656155
  view-data: 0.1216350570321083
