times:
  edit-metadata: 1.4440300073474646
  landing: 0.01955115981400013
  view-data: 0.02662174217402935
