times:
  edit-metadata: 0.5532112191431224
  landing: 0.06673239497467875
  view-data: 0.32723089773207903
