times:
  edit-metadata: 1.560850715264678
  landing: 0.26276853680610657
  view-data: 0.22100898064672947
