times:
  edit-metadata: 1.374588256701827
  landing: 0.01747308485209942
  view-data: 0.022214524447917938
