times:
  edit-metadata: 0.5609032483771443
  landing: 0.04196604993194342
  view-data: 0.21002195589244366
