times:
  edit-metadata: 1.5228394158184528
  landing: 0.021907850168645382
  view-data: 0.02540915459394455
