times:
  edit-metadata: 1.8402966763824224
  landing: 0.1900790687650442
  view-data: 0.1364546585828066
