times:
  edit-metadata: 1.4442464020103216
  landing: 0.020744403824210167
  view-data: 0.025993606075644493
