times:
  edit-metadata: 0.587739463429898
  landing: 0.045497513841837645
  view-data: 0.20798171032220125
