times:
  edit-metadata: 0.5326019711792469
  landing: 0.0453436141833663
  view-data: 0.5927849365398288
