times:
  edit-metadata: 1.3950093947350979
  landing: 0.2714390540495515
  view-data: 0.023002940230071545
