times:
  edit-metadata: 0.5480446759611368
  landing: 0.04456144571304321
  view-data: 0.19766942784190178
