times:
  edit-metadata: 1.3214933788403869
  landing: 0.023249050602316856
  view-data: 0.026639745570719242
