times:
  edit-metadata: 2.1248598601669073
  landing: 0.2654077932238579
  view-data: 0.5083529278635979
