times:
  edit-metadata: 1.3800269979983568
  landing: 0.021546214818954468
  view-data: 0.026513670571148396
