times:
  edit-metadata: 1.6412425003945827
  landing: 0.020619751885533333
  view-data: 0.3605082333087921
