times:
  edit-metadata: 1.438942776992917
  landing: 0.020217022858560085
  view-data: 0.02931666001677513
