times:
  edit-metadata: 0.564483187161386
  landing: 0.050342089496552944
  view-data: 0.19538569822907448
