times:
  edit-metadata: 1.3728416822850704
  landing: 0.14660920575261116
  view-data: 0.44081539660692215
