times:
  edit-metadata: 1.4228702066466212
  landing: 0.024189473129808903
  view-data: 0.32159251999109983
