times:
  edit-metadata: 1.3574745943769813
  landing: 0.02016063965857029
  view-data: 0.12268073856830597
