times:
  edit-metadata: 1.390805090777576
  landing: 0.12721023242920637
  view-data: 0.028227229602634907
