times:
  edit-metadata: 1.4549067299813032
  landing: 0.1838285345584154
  view-data: 0.023105453699827194
