times:
  edit-metadata: 1.6364679355174303
  landing: 0.1731254644691944
  view-data: 0.49119630828499794
