times:
  edit-metadata: 0.5383297214284539
  landing: 0.05197029747068882
  view-data: 0.20954062044620514
