times:
  edit-metadata: 1.424020642414689
  landing: 0.018698079511523247
  view-data: 0.31014963053166866
