times:
  edit-metadata: 1.4291776567697525
  landing: 0.020675741136074066
  view-data: 0.024331267923116684
