times:
  edit-metadata: 1.44237223546952
  landing: 0.022288185544312
  view-data: 0.12289377115666866
