times:
  edit-metadata: 1.3796198815107346
  landing: 0.020728117786347866
  view-data: 0.09981925785541534
