times:
  edit-metadata: 1.3937435392290354
  landing: 0.02324080839753151
  view-data: 0.32756300643086433
