times:
  edit-metadata: 2.1123417047783732
  landing: 0.018436800688505173
  view-data: 0.1144071351736784
