times:
  edit-metadata: 0.5451563280075788
  landing: 0.06609961483627558
  view-data: 0.20888598589226604
