times:
  edit-metadata: 1.3101373873651028
  landing: 0.02390597015619278
  view-data: 0.44614447746425867
