times:
  edit-metadata: 0.5426997151225805
  landing: 0.04778723884373903
  view-data: 0.3372528376057744
