times:
  edit-metadata: 1.5318279322236776
  landing: 0.19301933236420155
  view-data: 0.4203364662826061
