times:
  edit-metadata: 1.438454699702561
  landing: 0.19847135711461306
  view-data: 0.47142658941447735
