times:
  edit-metadata: 1.3625623472034931
  landing: 0.022472194395959377
  view-data: 0.0329665532335639
