times:
  edit-metadata: 0.5533838458359241
  landing: 0.04667750094085932
  view-data: 0.19687672145664692
