times:
  edit-metadata: 1.3951173108071089
  landing: 0.023068036884069443
  view-data: 0.026119842194020748
