times:
  edit-metadata: 1.4031106531620026
  landing: 0.02209548093378544
  view-data: 0.025704428553581238
