times:
  edit-metadata: 1.3898829873651266
  landing: 0.021392367780208588
  view-data: 0.23276518657803535
