times:
  edit-metadata: 0.533423020504415
  landing: 0.05382263846695423
  view-data: 0.19553570076823235
