times:
  edit-metadata: 1.5744802132248878
  landing: 0.2772250398993492
  view-data: 0.05381399020552635
