times:
  edit-metadata: 1.3210838316008449
  landing: 0.02392601128667593
  view-data: 0.13666816428303719
