times:
  edit-metadata: 1.4588537886738777
  landing: 0.12818143144249916
  view-data: 0.02615584246814251
