times:
  edit-metadata: 1.4532493203878403
  landing: 0.02110598236322403
  view-data: 0.13386350125074387
