times:
  edit-metadata: 0.6747705838643014
  landing: 0.07076874887570739
  view-data: 0.21637405501678586
