times:
  edit-metadata: 0.5507443659007549
  landing: 0.0511101633310318
  view-data: 0.4587637772783637
