times:
  edit-metadata: 1.7491377405822277
  landing: 0.1377870049327612
  view-data: 0.36544703878462315
