times:
  edit-metadata: 2.0026438431814313
  landing: 0.1653018807992339
  view-data: 0.497029853053391
