times:
  edit-metadata: 1.413540931418538
  landing: 0.019302301108837128
  view-data: 0.024160530418157578
