times:
  edit-metadata: 1.4324759282171726
  landing: 0.01951667107641697
  view-data: 0.48239317536354065
