times:
  edit-metadata: 1.6838190574198961
  landing: 0.24029105715453625
  view-data: 0.4463464990258217
