times:
  edit-metadata: 1.395765708759427
  landing: 0.023421959951519966
  view-data: 0.30155667290091515
