times:
  edit-metadata: 0.5414021238684654
  landing: 0.05020822212100029
  view-data: 0.20216591376811266
