times:
  edit-metadata: 1.4181984784081578
  landing: 0.10891785752028227
  view-data: 0.10056736692786217
