times:
  edit-metadata: 0.5537522621452808
  landing: 0.06698747118934989
  view-data: 0.2096080449409783
