times:
  edit-metadata: 1.3890273980796337
  landing: 0.02230816427618265
  view-data: 0.026041959412395954
