times:
  edit-metadata: 1.4428763380274177
  landing: 0.13882028218358755
  view-data: 0.42959694284945726
