times:
  edit-metadata: 1.3650119435042143
  landing: 0.21042134054005146
  view-data: 0.5038071181625128
