times:
  edit-metadata: 1.4597327942028642
  landing: 0.1320685399696231
  view-data: 0.024220305494964123
