times:
  edit-metadata: 0.6032173419371247
  landing: 0.1346549279987812
  view-data: 0.25280827516689897
