times:
  edit-metadata: 1.5911226402968168
  landing: 0.2931675314903259
  view-data: 0.2626645229756832
