times:
  edit-metadata: 0.5557711096480489
  landing: 0.04427789989858866
  view-data: 1.0997652299702168
