times:
  edit-metadata: 1.3917118608951569
  landing: 0.021190382540225983
  view-data: 0.09946001786738634
