times:
  edit-metadata: 1.4458263348788023
  landing: 0.02172507718205452
  view-data: 0.43628090620040894
