times:
  edit-metadata: 1.4582481272518635
  landing: 0.0987484697252512
  view-data: 0.022861811332404613
