times:
  edit-metadata: 1.3623296320438385
  landing: 0.02074551023542881
  view-data: 0.02790643647313118
