times:
  edit-metadata: 1.8534529879689217
  landing: 0.02880961447954178
  view-data: 0.029645299538969994
