times:
  edit-metadata: 1.6182106100022793
  landing: 0.12331578321754932
  view-data: 0.13217283226549625
