times:
  edit-metadata: 1.501870458945632
  landing: 0.1309446580708027
  view-data: 0.02845895104110241
