times:
  edit-metadata: 0.5733499797061086
  landing: 0.04617562610656023
  view-data: 0.21210517408326268
