times:
  edit-metadata: 0.5268603852018714
  landing: 0.04244318883866072
  view-data: 0.22293091006577015
