times:
  edit-metadata: 1.524683367460966
  landing: 0.33007949590682983
  view-data: 0.29480924271047115
