times:
  edit-metadata: 1.4622872602194548
  landing: 0.13170581124722958
  view-data: 0.02405615709722042
