times:
  edit-metadata: 1.4509111754596233
  landing: 0.01937495544552803
  view-data: 0.02891683205962181
