times:
  edit-metadata: 1.492018036544323
  landing: 0.020605415105819702
  view-data: 0.41610897798091173
