times:
  edit-metadata: 1.4444885682314634
  landing: 0.023591887205839157
  view-data: 0.13409698009490967
