times:
  edit-metadata: 1.4638115745037794
  landing: 0.02001572586596012
  view-data: 0.026883332058787346
