times:
  edit-metadata: 1.4014299204573035
  landing: 0.12372511811554432
  view-data: 0.15738128498196602
