times:
  edit-metadata: 1.430990015156567
  landing: 0.02002944890409708
  view-data: 0.09839571546763182
