times:
  edit-metadata: 0.5523579739965498
  landing: 0.04916423326358199
  view-data: 0.3402454578317702
