times:
  edit-metadata: 1.487430527806282
  landing: 0.020723524503409863
  view-data: 0.025934545323252678
