times:
  edit-metadata: 0.5464407056570053
  landing: 0.044880710542201996
  view-data: 0.326864555478096
