times:
  edit-metadata: 0.5583680365234613
  landing: 0.05095922853797674
  view-data: 0.20074038486927748
