times:
  edit-metadata: 1.360480728559196
  landing: 0.01990967895835638
  view-data: 0.023999820463359356
