times:
  edit-metadata: 0.5406346637755632
  landing: 0.049066564068198204
  view-data: 0.20915165590122342
