times:
  edit-metadata: 1.4270173721015453
  landing: 0.23993082717061043
  view-data: 0.12149069271981716
