times:
  edit-metadata: 1.3920957716181874
  landing: 0.019493581727147102
  view-data: 0.023473266512155533
