times:
  edit-metadata: 1.8429669346660376
  landing: 0.12804674915969372
  view-data: 0.13392889499664307
