times:
  edit-metadata: 1.374765045940876
  landing: 0.14989298582077026
  view-data: 0.34152493067085743
