times:
  edit-metadata: 1.3753803819417953
  landing: 0.02088594064116478
  view-data: 0.028791427612304688
