times:
  edit-metadata: 0.71396658802405
  landing: 0.06421064399182796
  view-data: 0.32288662903010845
