times:
  edit-metadata: 1.605472195893526
  landing: 0.1545756347477436
  view-data: 0.2798803634941578
