times:
  edit-metadata: 1.321623645722866
  landing: 0.17307975608855486
  view-data: 0.13156785536557436
