times:
  edit-metadata: 1.4113766439259052
  landing: 0.22051450330764055
  view-data: 0.40575423650443554
