times:
  edit-metadata: 1.3315213546156883
  landing: 0.2087420355528593
  view-data: 0.2383903982117772
