times:
  edit-metadata: 1.5783057920634747
  landing: 0.2257588617503643
  view-data: 0.33453041315078735
