times:
  edit-metadata: 1.4271375676617026
  landing: 0.13780272845178843
  view-data: 0.4718810012564063
