times:
  edit-metadata: 1.4099580887705088
  landing: 0.023538894951343536
  view-data: 0.026498444378376007
