times:
  edit-metadata: 1.3983883196488023
  landing: 0.020601668395102024
  view-data: 0.12016315292567015
