times:
  edit-metadata: 0.77091099973768
  landing: 0.15023503499105573
  view-data: 0.2110103126615286
