times:
  edit-metadata: 1.4343255860731006
  landing: 0.02092295791953802
  view-data: 0.15951128397136927
