times:
  edit-metadata: 0.6270230319350958
  landing: 0.04464509477838874
  view-data: 0.25100308703258634
