times:
  edit-metadata: 1.4614040860906243
  landing: 0.01958636287599802
  view-data: 0.138640440069139
