times:
  edit-metadata: 1.4347573015838861
  landing: 0.02334851771593094
  view-data: 0.027325468137860298
