times:
  edit-metadata: 1.4261090075597167
  landing: 0.10771154146641493
  view-data: 0.1226590434089303
