times:
  edit-metadata: 1.4239320494234562
  landing: 0.019517183303833008
  view-data: 0.11935906298458576
