times:
  edit-metadata: 1.388302268460393
  landing: 0.021144422702491283
  view-data: 0.02547616232186556
