times:
  edit-metadata: 1.3918662508949637
  landing: 0.0214091744273901
  view-data: 0.11817420180886984
