times:
  edit-metadata: 1.4712339360266924
  landing: 0.020730068907141685
  view-data: 0.026198292151093483
