times:
  edit-metadata: 1.813338853418827
  landing: 0.018254444934427738
  view-data: 0.03081047534942627
