times:
  edit-metadata: 1.373763084411621
  landing: 0.10912254173308611
  view-data: 0.024641811847686768
