times:
  edit-metadata: 1.4865881809964776
  landing: 0.0212525287643075
  view-data: 0.1214428348466754
