times:
  edit-metadata: 1.4242758601903915
  landing: 0.02108202874660492
  view-data: 0.030678601935505867
