times:
  edit-metadata: 1.347717048600316
  landing: 0.023073121905326843
  view-data: 0.025600148364901543
