times:
  edit-metadata: 1.3573623690754175
  landing: 0.19249865971505642
  view-data: 0.024813780561089516
