times:
  edit-metadata: 1.656681732274592
  landing: 0.16616255324333906
  view-data: 0.38984251488000154
