times:
  edit-metadata: 1.4540254371240735
  landing: 0.02486979216337204
  view-data: 0.09905678406357765
