times:
  edit-metadata: 1.3813534248620272
  landing: 0.12869246304035187
  view-data: 0.24932042509317398
