times:
  edit-metadata: 1.5693410355597734
  landing: 0.2521990556269884
  view-data: 0.133842833340168
