times:
  edit-metadata: 1.4114448735490441
  landing: 0.018383881077170372
  view-data: 0.025935021229088306
