times:
  edit-metadata: 0.5411603711545467
  landing: 0.04924818314611912
  view-data: 0.20225458312779665
