times:
  edit-metadata: 0.7452584858983755
  landing: 0.06882600067183375
  view-data: 0.22286504274234176
