times:
  edit-metadata: 1.4358366364613175
  landing: 0.02159249223768711
  view-data: 0.4310065312311053
