times:
  edit-metadata: 1.6479521170258522
  landing: 0.02092573419213295
  view-data: 0.18290230073034763
