times:
  edit-metadata: 1.3895097021013498
  landing: 0.01871294155716896
  view-data: 0.022711224853992462
