times:
  edit-metadata: 0.53486043587327
  landing: 0.05008098669350147
  view-data: 0.33585805259644985
