times:
  edit-metadata: 1.4207000900059938
  landing: 0.018851319327950478
  view-data: 0.3123790044337511
