times:
  edit-metadata: 2.0964269172400236
  landing: 0.32238185591995716
  view-data: 0.5098137874156237
