times:
  edit-metadata: 1.7713648453354836
  landing: 0.04423610307276249
  view-data: 0.028752367943525314
