times:
  edit-metadata: 1.3182243732735515
  landing: 0.021587430499494076
  view-data: 0.024653182365000248
