times:
  edit-metadata: 1.3607781995087862
  landing: 0.020557518117129803
  view-data: 0.024226488545536995
