times:
  edit-metadata: 1.5507845878601074
  landing: 0.2844445612281561
  view-data: 0.3134009148925543
