times:
  edit-metadata: 1.4773130705580115
  landing: 0.022901959717273712
  view-data: 0.4041837891563773
