times:
  edit-metadata: 1.3262393176555634
  landing: 0.020669161342084408
  view-data: 0.09780943300575018
