times:
  edit-metadata: 1.4668190889060497
  landing: 0.11292744241654873
  view-data: 0.025494404137134552
