times:
  edit-metadata: 1.5654329881072044
  landing: 0.137751879170537
  view-data: 0.37543453834950924
