times:
  edit-metadata: 1.4601457230746746
  landing: 0.09217094071209431
  view-data: 0.025082729756832123
