times:
  edit-metadata: 0.5360558060929179
  landing: 0.039684925228357315
  view-data: 0.3504924299195409
