times:
  edit-metadata: 1.4615436606109142
  landing: 0.17453188262879848
  view-data: 0.1396734919399023
