times:
  edit-metadata: 1.6394231207668781
  landing: 0.3256587963551283
  view-data: 0.13749791868031025
