times:
  edit-metadata: 1.3719785250723362
  landing: 0.01989677269011736
  view-data: 0.11992935370653868
