times:
  edit-metadata: 1.3348885867744684
  landing: 0.020448112860322
  view-data: 0.02627480775117874
