times:
  edit-metadata: 0.5218314444646239
  landing: 0.049280677922070026
  view-data: 0.2165439985692501
