times:
  edit-metadata: 1.3865888379514217
  landing: 0.019094351679086685
  view-data: 0.024852115660905838
