times:
  edit-metadata: 1.4451400730758905
  landing: 0.21467258408665657
  view-data: 0.14133691228926182
