times:
  edit-metadata: 1.4152591228485107
  landing: 0.023801272734999657
  view-data: 0.12033254932612181
