times:
  edit-metadata: 1.4356130957603455
  landing: 0.019516360014677048
  view-data: 0.11785462126135826
