times:
  edit-metadata: 1.3101934120059013
  landing: 0.020734081976115704
  view-data: 0.026096845977008343
