times:
  edit-metadata: 1.421669716015458
  landing: 0.020722152665257454
  view-data: 0.40228360146284103
