times:
  edit-metadata: 1.5240979213267565
  landing: 0.021607987582683563
  view-data: 0.02754255197942257
