times:
  edit-metadata: 1.3561503067612648
  landing: 0.01999261323362589
  view-data: 0.025262783281505108
