times:
  edit-metadata: 1.4104128452017903
  landing: 0.022268664091825485
  view-data: 0.027293790131807327
