times:
  edit-metadata: 1.4275475479662418
  landing: 0.1339551005512476
  view-data: 0.027703749015927315
