times:
  edit-metadata: 0.7514843181706965
  landing: 0.0694774747826159
  view-data: 0.24285697285085917
