times:
  edit-metadata: 1.3017527563497424
  landing: 0.14636329095810652
  view-data: 0.02801523171365261
