times:
  edit-metadata: 1.3039265796542168
  landing: 0.020046740770339966
  view-data: 0.02347609866410494
