times:
  edit-metadata: 1.4472093423828483
  landing: 0.020367959514260292
  view-data: 0.02688232809305191
