times:
  edit-metadata: 1.417251443490386
  landing: 0.13020062632858753
  view-data: 0.027064304798841476
