times:
  edit-metadata: 1.5220228545367718
  landing: 0.022109463810920715
  view-data: 0.02341287024319172
