times:
  edit-metadata: 1.3894077455624938
  landing: 0.14294126350432634
  view-data: 0.2440858818590641
