times:
  edit-metadata: 1.3932033339515328
  landing: 0.019244865514338017
  view-data: 0.12386263534426689
