times:
  edit-metadata: 1.3949758354574442
  landing: 0.020303800702095032
  view-data: 0.2456847932189703
