times:
  edit-metadata: 0.6908010491169989
  landing: 0.04991263896226883
  view-data: 0.3270926717668772
