times:
  edit-metadata: 1.4190785679966211
  landing: 0.02287028171122074
  view-data: 0.028925955295562744
