times:
  edit-metadata: 0.5326635539531708
  landing: 0.04480548109859228
  view-data: 0.21789389941841364
