times:
  edit-metadata: 1.740328305400908
  landing: 0.1909556807950139
  view-data: 0.023379209451377392
