times:
  edit-metadata: 0.5319955311715603
  landing: 0.04169326741248369
  view-data: 0.3386813160032034
