times:
  edit-metadata: 1.4096583845093846
  landing: 0.12326051574200392
  view-data: 0.026709946803748608
