times:
  edit-metadata: 0.5504423379898071
  landing: 0.04707482922822237
  view-data: 0.19972027279436588
