times:
  edit-metadata: 1.3765420522540808
  landing: 0.022829776629805565
  view-data: 0.02624676004052162
