times:
  edit-metadata: 0.5489019239321351
  landing: 0.0434821555390954
  view-data: 0.19294945150613785
