times:
  edit-metadata: 1.4110585199669003
  landing: 0.09202249813824892
  view-data: 0.12344760354608297
