times:
  edit-metadata: 1.3774357214570045
  landing: 0.19719859585165977
  view-data: 0.1443017739802599
