times:
  edit-metadata: 0.6757113817147911
  landing: 0.04627073183655739
  view-data: 0.2958633890375495
