times:
  edit-metadata: 0.6208869470283389
  landing: 0.13506302377209067
  view-data: 0.21410429337993264
