times:
  edit-metadata: 1.4049955643713474
  landing: 0.01913602463901043
  view-data: 0.29859986528754234
