times:
  edit-metadata: 1.7740941978991032
  landing: 0.022301610559225082
  view-data: 0.04721028171479702
