times:
  edit-metadata: 1.4121946189552546
  landing: 0.020126381888985634
  view-data: 0.32943097688257694
