times:
  edit-metadata: 1.3485702918842435
  landing: 0.019624252803623676
  view-data: 0.027295829728245735
