times:
  edit-metadata: 0.5355688706040382
  landing: 0.043131363578140736
  view-data: 0.3072503861039877
