times:
  edit-metadata: 1.368978283368051
  landing: 0.13106376864016056
  view-data: 0.022768035531044006
