times:
  edit-metadata: 1.4085596418008208
  landing: 0.019721483811736107
  view-data: 0.11925666034221649
