times:
  edit-metadata: 1.4303544983267784
  landing: 0.02631370909512043
  view-data: 0.33224754221737385
