times:
  edit-metadata: 1.4203841099515557
  landing: 0.02136790845543146
  view-data: 0.026653270237147808
