times:
  edit-metadata: 0.8344172788783908
  landing: 0.07205399684607983
  view-data: 0.20923145208507776
