times:
  edit-metadata: 1.409603152424097
  landing: 0.02129383012652397
  view-data: 0.024463804438710213
