times:
  edit-metadata: 0.5574228721670806
  landing: 0.045155749190598726
  view-data: 0.3352162051014602
