times:
  edit-metadata: 1.5005095917731524
  landing: 0.12355989031493664
  view-data: 0.1317429281771183
