times:
  edit-metadata: 0.7241247799247503
  landing: 0.0654880739748478
  view-data: 0.26460924092680216
