times:
  edit-metadata: 0.522924393415451
  landing: 0.044938418082892895
  view-data: 0.20013272482901812
