times:
  edit-metadata: 2.0424720998853445
  landing: 0.583831125870347
  view-data: 0.4448022451251745
