times:
  edit-metadata: 1.3422249425202608
  landing: 0.020109967328608036
  view-data: 0.03154580853879452
