times:
  edit-metadata: 1.4140837704762816
  landing: 0.020777716301381588
  view-data: 0.09930417593568563
