times:
  edit-metadata: 0.5700184060260653
  landing: 0.052119667176157236
  view-data: 0.2149886512197554
