times:
  edit-metadata: 1.4004015997052193
  landing: 0.020772242918610573
  view-data: 0.12490062974393368
