times:
  edit-metadata: 1.3713017059490085
  landing: 0.02222462370991707
  view-data: 0.12339267414063215
