times:
  edit-metadata: 1.3680709106847644
  landing: 0.020554257556796074
  view-data: 0.12041812110692263
