times:
  edit-metadata: 1.3640288412570953
  landing: 0.020872585475444794
  view-data: 0.028843961656093597
