times:
  edit-metadata: 0.5507411882281303
  landing: 0.040505366399884224
  view-data: 0.2053362736478448
