times:
  edit-metadata: 1.310671648941934
  landing: 0.019327446818351746
  view-data: 0.025913485325872898
