times:
  edit-metadata: 1.4005595678463578
  landing: 0.019297645427286625
  view-data: 0.23983675613999367
