times:
  edit-metadata: 1.40562713611871
  landing: 0.021475795656442642
  view-data: 0.025747436098754406
