times:
  edit-metadata: 1.3821496414020658
  landing: 0.023559613153338432
  view-data: 0.026168394833803177
