times:
  edit-metadata: 1.3958774153143167
  landing: 0.01990210823714733
  view-data: 0.12288249004632235
