times:
  edit-metadata: 0.5738763487897813
  landing: 0.11688309395685792
  view-data: 0.29537316178902984
