times:
  edit-metadata: 0.5725343902595341
  landing: 0.04601106885820627
  view-data: 0.2212358582764864
