times:
  edit-metadata: 1.424771928228438
  landing: 0.024186902679502964
  view-data: 0.12586857099086046
