times:
  edit-metadata: 0.5334747675806284
  landing: 0.04411175101995468
  view-data: 0.20834544207900763
