times:
  edit-metadata: 1.633498246781528
  landing: 0.04295014310628176
  view-data: 0.02359219454228878
