times:
  edit-metadata: 1.392889155074954
  landing: 0.01961730420589447
  view-data: 0.12566899880766869
