times:
  edit-metadata: 1.694778511300683
  landing: 0.07222014479339123
  view-data: 0.4435849282890558
