times:
  edit-metadata: 1.866409169510007
  landing: 0.026648523285984993
  view-data: 0.13626201823353767
