times:
  edit-metadata: 1.3892562203109264
  landing: 0.023469730280339718
  view-data: 0.025220823474228382
