times:
  edit-metadata: 1.4898752830922604
  landing: 0.11846007406711578
  view-data: 0.13160891272127628
