times:
  edit-metadata: 1.3752552699297667
  landing: 0.01989907957613468
  view-data: 0.023707767948508263
