times:
  edit-metadata: 1.482949385419488
  landing: 0.022075101733207703
  view-data: 0.04784351121634245
