times:
  edit-metadata: 1.8346860483288765
  landing: 0.2840641252696514
  view-data: 0.47551739774644375
