times:
  edit-metadata: 1.3728475663810968
  landing: 0.02213912270963192
  view-data: 0.02813791763037443
