times:
  edit-metadata: 0.6063857888802886
  landing: 0.06349927186965942
  view-data: 0.2021826170384884
