times:
  edit-metadata: 1.4482008973136544
  landing: 0.019350971095263958
  view-data: 0.12068307399749756
