times:
  edit-metadata: 1.8570057339966297
  landing: 0.02386971190571785
  view-data: 0.42592768371105194
