times:
  edit-metadata: 1.3711118483915925
  landing: 0.02251850999891758
  view-data: 0.11862640455365181
