times:
  edit-metadata: 1.450727542862296
  landing: 0.22101831622421741
  view-data: 0.028982898220419884
