times:
  edit-metadata: 1.4568674322217703
  landing: 0.21645654924213886
  view-data: 0.026221448555588722
