times:
  edit-metadata: 1.447604462504387
  landing: 0.1452330183237791
  view-data: 0.02367001585662365
