times:
  edit-metadata: 1.4349335879087448
  landing: 0.1384956445544958
  view-data: 0.025483891367912292
