times:
  edit-metadata: 1.5971692465245724
  landing: 0.288625156506896
  view-data: 0.18055065535008907
