times:
  edit-metadata: 1.382842456921935
  landing: 0.021050368435680866
  view-data: 0.026475196704268456
