times:
  edit-metadata: 1.302279639057815
  landing: 0.020379457622766495
  view-data: 0.02355909813195467
