times:
  edit-metadata: 1.3490146175026894
  landing: 0.11567533947527409
  view-data: 0.022833608090877533
