times:
  edit-metadata: 0.5280210813507438
  landing: 0.04374256730079651
  view-data: 0.3198195700533688
