times:
  edit-metadata: 1.253859020769596
  landing: 0.01906963251531124
  view-data: 0.10314610041677952
