times:
  edit-metadata: 1.478512829169631
  landing: 0.1912948526442051
  view-data: 0.4441638607531786
