times:
  edit-metadata: 1.3142609894275665
  landing: 0.019389448687434196
  view-data: 0.3106649126857519
