times:
  edit-metadata: 0.5116978967562318
  landing: 0.053918286226689816
  view-data: 0.2135262070223689
