times:
  edit-metadata: 1.2914644964039326
  landing: 0.14021467044949532
  view-data: 0.022826630622148514
