times:
  edit-metadata: 0.6214780667796731
  landing: 0.05843080673366785
  view-data: 0.29358196863904595
