times:
  edit-metadata: 1.217707958072424
  landing: 0.022277667187154293
  view-data: 0.026260238140821457
