times:
  edit-metadata: 1.2896192334592342
  landing: 0.02931818552315235
  view-data: 0.024199003353714943
