times:
  edit-metadata: 1.2309571905061603
  landing: 0.1249922951683402
  view-data: 0.02367555722594261
