times:
  edit-metadata: 1.2956433221697807
  landing: 0.022877465933561325
  view-data: 0.14211256057024002
