times:
  edit-metadata: 1.4158448819071054
  landing: 0.28696106374263763
  view-data: 0.1585700437426567
