times:
  edit-metadata: 1.2784587051719427
  landing: 0.20063971541821957
  view-data: 0.02488010935485363
