times:
  edit-metadata: 1.3926234962418675
  landing: 0.2154026860371232
  view-data: 0.13397678080946207
