times:
  edit-metadata: 1.311448160558939
  landing: 0.02216695062816143
  view-data: 0.2921301946043968
