times:
  edit-metadata: 1.9245247282087803
  landing: 0.5281568169593811
  view-data: 0.4706910718232393
