times:
  edit-metadata: 1.9319729898124933
  landing: 0.3390468470752239
  view-data: 0.2168914768844843
