times:
  edit-metadata: 1.2915245555341244
  landing: 0.02957236021757126
  view-data: 0.03287533298134804
