times:
  edit-metadata: 1.3845006376504898
  landing: 0.10727835819125175
  view-data: 0.02937067672610283
