times:
  edit-metadata: 1.282557187601924
  landing: 0.13281774707138538
  view-data: 0.025020234286785126
