times:
  edit-metadata: 1.3577897176146507
  landing: 0.019031742587685585
  view-data: 0.023333806544542313
