times:
  edit-metadata: 0.5739727802574635
  landing: 0.041659730952233076
  view-data: 0.20946652721613646
