times:
  edit-metadata: 1.3431319054216146
  landing: 0.02073812298476696
  view-data: 0.3430865425616503
