times:
  edit-metadata: 1.3586351983249187
  landing: 0.21750111877918243
  view-data: 0.024062782526016235
