times:
  edit-metadata: 0.7376372059807181
  landing: 0.08420969406142831
  view-data: 0.2949961260892451
