times:
  edit-metadata: 1.3916914109140635
  landing: 0.021174462512135506
  view-data: 0.13643247820436954
