times:
  edit-metadata: 1.8400061838328838
  landing: 0.02103087492287159
  view-data: 0.02600306086242199
