times:
  edit-metadata: 0.48520633298903704
  landing: 0.13188972603529692
  view-data: 0.21073305420577526
