times:
  edit-metadata: 0.47982788225635886
  landing: 0.06915564695373178
  view-data: 0.22442612471058965
