times:
  edit-metadata: 0.5655611921101809
  landing: 0.08987703314051032
  view-data: 0.23143294733017683
