times:
  edit-metadata: 1.3011532425880432
  landing: 0.22508363611996174
  view-data: 0.14582226425409317
