times:
  edit-metadata: 1.3724537193775177
  landing: 0.20388257130980492
  view-data: 0.13507448136806488
