times:
  edit-metadata: 1.4302547704428434
  landing: 0.20225983671844006
  view-data: 0.3811267204582691
