times:
  edit-metadata: 1.2927601002156734
  landing: 0.20208757929503918
  view-data: 0.026613565161824226
