times:
  edit-metadata: 1.3358599869534373
  landing: 0.4000676507130265
  view-data: 0.47911327332258224
