times:
  edit-metadata: 1.2462063152343035
  landing: 0.12095059640705585
  view-data: 0.09996721614152193
