times:
  edit-metadata: 1.4916989840567112
  landing: 0.02133612520992756
  view-data: 0.5291011426597834
