times:
  edit-metadata: 1.3024296183139086
  landing: 0.01949925534427166
  view-data: 0.026392348110675812
