times:
  edit-metadata: 1.2937799766659737
  landing: 0.021757587790489197
  view-data: 0.3559672050178051
