times:
  edit-metadata: 1.2183619616553187
  landing: 0.020669875666499138
  view-data: 0.12407593801617622
