times:
  edit-metadata: 2.4795866776257753
  landing: 0.04024076461791992
  view-data: 0.20201420597732067
