times:
  edit-metadata: 1.668492917000549
  landing: 0.4394225589931011
  view-data: 0.6275603269750718
