times:
  edit-metadata: 1.5820989441126585
  landing: 0.05599202774465084
  view-data: 0.37331235222518444
