times:
  edit-metadata: 1.2267979513853788
  landing: 0.02442370168864727
  view-data: 0.02871697209775448
