times:
  edit-metadata: 1.2821082063019276
  landing: 0.020019132643938065
  view-data: 0.026183385401964188
