times:
  edit-metadata: 1.594210585579276
  landing: 0.23266212455928326
  view-data: 0.02451670728623867
