times:
  edit-metadata: 0.4590047406964004
  landing: 0.09557982301339507
  view-data: 0.2615005858242512
