times:
  edit-metadata: 0.4577828920446336
  landing: 0.06994754495099187
  view-data: 0.20786525588482618
