times:
  edit-metadata: 1.3027395382523537
  landing: 0.023192008957266808
  view-data: 0.29080752842128277
