times:
  edit-metadata: 1.3309904355555773
  landing: 0.02259519323706627
  view-data: 0.31087151169776917
