times:
  edit-metadata: 1.6518382411450148
  landing: 0.36716741882264614
  view-data: 0.3465635906904936
