times:
  edit-metadata: 1.8438745681196451
  landing: 0.6572774248197675
  view-data: 0.3920009285211563
