times:
  edit-metadata: 1.2822909336537123
  landing: 0.020633814856410027
  view-data: 0.14864351227879524
