times:
  edit-metadata: 1.319827500730753
  landing: 0.11897747591137886
  view-data: 0.024716872721910477
