times:
  edit-metadata: 1.3949811458587646
  landing: 0.35314451716840267
  view-data: 0.0243739802390337
