times:
  edit-metadata: 1.2838491201400757
  landing: 0.02020239643752575
  view-data: 0.023865018039941788
