times:
  edit-metadata: 2.7151561118662357
  landing: 0.2089390903711319
  view-data: 0.38757582008838654
