times:
  edit-metadata: 1.2736200615763664
  landing: 0.1751221865415573
  view-data: 0.28494809567928314
