times:
  edit-metadata: 1.5029183141887188
  landing: 0.16570037230849266
  view-data: 0.02760700136423111
