times:
  edit-metadata: 1.2796826269477606
  landing: 0.02103309892117977
  view-data: 0.023377766832709312
