times:
  edit-metadata: 1.2613703645765781
  landing: 0.11747392825782299
  view-data: 0.2930489797145128
