times:
  edit-metadata: 1.3669146448373795
  landing: 0.018135221675038338
  view-data: 0.026618413627147675
