times:
  edit-metadata: 1.3600029312074184
  landing: 0.18607508577406406
  view-data: 0.38824821077287197
