times:
  edit-metadata: 1.3044803524389863
  landing: 0.021565894596278667
  view-data: 0.024898717179894447
