times:
  edit-metadata: 1.3453651024028659
  landing: 0.044711025431752205
  view-data: 0.022490086033940315
