times:
  edit-metadata: 1.3058930998668075
  landing: 0.22724763862788677
  view-data: 0.35358083341270685
