times:
  edit-metadata: 1.2094628112390637
  landing: 0.0225001759827137
  view-data: 0.1315533360466361
