times:
  edit-metadata: 1.8097370602190495
  landing: 0.16645768843591213
  view-data: 0.19214088656008244
