times:
  edit-metadata: 1.420881673693657
  landing: 0.24099543876945972
  view-data: 0.38690679892897606
