times:
  edit-metadata: 1.365272169932723
  landing: 0.01885073632001877
  view-data: 0.1379887405782938
