times:
  edit-metadata: 0.5948598850518465
  landing: 0.07220983086153865
  view-data: 0.2191699999384582
