times:
  edit-metadata: 1.3418462527915835
  landing: 0.14851560164242983
  view-data: 0.4155617356300354
