times:
  edit-metadata: 1.4278502725064754
  landing: 0.023428525775671005
  view-data: 0.1514662690460682
