times:
  edit-metadata: 1.393644729629159
  landing: 0.2773815616965294
  view-data: 0.39742532186210155
