times:
  edit-metadata: 1.4820844568312168
  landing: 0.23213619366288185
  view-data: 0.16808194294571877
