times:
  edit-metadata: 0.721613073721528
  landing: 0.06712473975494504
  view-data: 0.2130577745847404
