times:
  edit-metadata: 1.2669275254011154
  landing: 0.17002421990036964
  view-data: 0.12220043316483498
