times:
  edit-metadata: 0.7140658451244235
  landing: 0.06274435110390186
  view-data: 0.28883637208491564
