times:
  edit-metadata: 1.5840360913425684
  landing: 0.019454805180430412
  view-data: 0.20924183540046215
