times:
  edit-metadata: 1.2513796463608742
  landing: 0.022144864313304424
  view-data: 0.2982741491869092
