times:
  edit-metadata: 1.2081807116046548
  landing: 0.023368007503449917
  view-data: 0.11887652985751629
