times:
  edit-metadata: 1.2844582740217447
  landing: 0.019242743030190468
  view-data: 0.25997136160731316
