times:
  edit-metadata: 1.3525157375261188
  landing: 0.14549982827156782
  view-data: 0.13203541468828917
