times:
  edit-metadata: 1.4404055681079626
  landing: 0.1264762170612812
  view-data: 0.026474138721823692
