times:
  edit-metadata: 0.47026920411735773
  landing: 0.08701610192656517
  view-data: 0.2236305489204824
