times:
  edit-metadata: 1.301436647772789
  landing: 0.021133434027433395
  view-data: 0.1342556830495596
