times:
  edit-metadata: 1.3490789756178856
  landing: 0.14703352004289627
  view-data: 0.02492425963282585
