times:
  edit-metadata: 1.2737600188702345
  landing: 0.11799605563282967
  view-data: 0.02701769582927227
