times:
  edit-metadata: 1.4103037677705288
  landing: 0.21829780377447605
  view-data: 0.3877962324768305
