times:
  edit-metadata: 1.4455259814858437
  landing: 0.18580871261656284
  view-data: 0.44669827073812485
