times:
  edit-metadata: 1.2908183597028255
  landing: 0.2366430163383484
  view-data: 0.2474009171128273
