times:
  edit-metadata: 1.3737475434318185
  landing: 0.13127960357815027
  view-data: 0.428429888561368
