times:
  edit-metadata: 1.3302178364247084
  landing: 0.27377969585359097
  view-data: 0.1340193646028638
