times:
  edit-metadata: 1.265201749280095
  landing: 0.02054496854543686
  view-data: 0.22821827232837677
