times:
  edit-metadata: 1.3337898068130016
  landing: 0.12944733910262585
  view-data: 0.3455026987940073
