times:
  edit-metadata: 1.5881248954683542
  landing: 0.24948703311383724
  view-data: 0.34065351635217667
