times:
  edit-metadata: 1.4084223117679358
  landing: 0.2988579086959362
  view-data: 0.365221057087183
