times:
  edit-metadata: 0.52705172682181
  landing: 0.04703697795048356
  view-data: 0.2113311649300158
