times:
  edit-metadata: 1.2949804589152336
  landing: 0.01912778802216053
  view-data: 0.36039126105606556
