times:
  edit-metadata: 1.4196185879409313
  landing: 0.12231047451496124
  view-data: 0.025652993470430374
