times:
  edit-metadata: 1.4517488051205873
  landing: 0.19139983505010605
  view-data: 0.3621736001223326
