times:
  edit-metadata: 0.45304595259949565
  landing: 0.10562771931290627
  view-data: 0.2197837419807911
