times:
  edit-metadata: 0.4624801306053996
  landing: 0.0659362250007689
  view-data: 0.2158130519092083
