times:
  edit-metadata: 0.43965522898361087
  landing: 0.1591041781939566
  view-data: 0.3051910698413849
