times:
  edit-metadata: 0.8262113030068576
  landing: 0.05581660009920597
  view-data: 0.22548355534672737
