times:
  edit-metadata: 1.3117240015417337
  landing: 0.019716824404895306
  view-data: 0.23173226043581963
