times:
  edit-metadata: 1.2655339129269123
  landing: 0.021399958059191704
  view-data: 0.024457374587655067
