times:
  edit-metadata: 1.2741659078747034
  landing: 0.21585506200790405
  view-data: 0.2488904893398285
