times:
  edit-metadata: 1.2654010448604822
  landing: 0.019846830517053604
  view-data: 0.10182146169245243
