times:
  edit-metadata: 1.2188870012760162
  landing: 0.020290258340537548
  view-data: 0.0939581785351038
