times:
  edit-metadata: 1.300901586189866
  landing: 0.022178811952471733
  view-data: 0.30363974161446095
