times:
  edit-metadata: 1.8950920011848211
  landing: 0.023905711248517036
  view-data: 0.15865400061011314
