times:
  edit-metadata: 1.7050899919122458
  landing: 0.3177618030458689
  view-data: 0.4193197041749954
