times:
  edit-metadata: 0.5050366362556815
  landing: 0.050416931975632906
  view-data: 0.20666035683825612
