times:
  edit-metadata: 0.6739927539601922
  landing: 0.060791713651269674
  view-data: 0.3035018281079829
