times:
  edit-metadata: 1.3005179110914469
  landing: 0.13901231810450554
  view-data: 0.023375152610242367
