times:
  edit-metadata: 1.42270284332335
  landing: 0.27074724435806274
  view-data: 0.02909092791378498
