times:
  edit-metadata: 1.3528677094727755
  landing: 0.2029067687690258
  view-data: 0.1429185401648283
