times:
  edit-metadata: 1.3677359744906425
  landing: 0.17658849619328976
  view-data: 0.325440002605319
