times:
  edit-metadata: 1.4151842016726732
  landing: 0.019549567252397537
  view-data: 0.02624797821044922
