times:
  edit-metadata: 0.589240362867713
  landing: 0.04985060030594468
  view-data: 0.28004406997933984
