times:
  edit-metadata: 1.2676271116361022
  landing: 0.1419183500111103
  view-data: 0.02370652835816145
