times:
  edit-metadata: 1.5060901045799255
  landing: 0.2697909399867058
  view-data: 0.18847995437681675
