times:
  edit-metadata: 1.601297864690423
  landing: 0.2019985020160675
  view-data: 0.33805626071989536
