times:
  edit-metadata: 1.4693164248019457
  landing: 0.25169050693511963
  view-data: 0.027287516742944717
