times:
  edit-metadata: 1.2991359885782003
  landing: 0.13000441901385784
  view-data: 0.025674760341644287
