times:
  edit-metadata: 1.2430247124284506
  landing: 0.13214529119431973
  view-data: 0.028358828276395798
