times:
  edit-metadata: 1.55119220726192
  landing: 0.027722317725419998
  view-data: 0.35958171263337135
