times:
  edit-metadata: 0.45621582958847284
  landing: 0.06283180229365826
  view-data: 0.22378062596544623
