times:
  edit-metadata: 1.6855156160891056
  landing: 0.29629598185420036
  view-data: 0.1264885663986206
