times:
  edit-metadata: 1.3311295472085476
  landing: 0.3595204958692193
  view-data: 0.13569960836321115
