times:
  edit-metadata: 1.3266198989003897
  landing: 0.01959959976375103
  view-data: 0.35120702162384987
