times:
  edit-metadata: 1.2391329882666469
  landing: 0.02192589733749628
  view-data: 0.45881971437484026
