times:
  edit-metadata: 1.6915590483695269
  landing: 0.02034023590385914
  view-data: 0.12431779876351357
