times:
  edit-metadata: 1.3445354960858822
  landing: 0.12406438402831554
  view-data: 0.12743779085576534
