times:
  edit-metadata: 1.422940606251359
  landing: 0.13534091599285603
  view-data: 0.5089556844905019
