times:
  edit-metadata: 0.5177914900705218
  landing: 0.06828786572441459
  view-data: 0.27330313669517636
