times:
  edit-metadata: 1.3469504620879889
  landing: 0.14780670776963234
  view-data: 0.02780737355351448
