times:
  edit-metadata: 1.3999688439071178
  landing: 0.2220936231315136
  view-data: 0.35377621464431286
