times:
  edit-metadata: 1.2232769206166267
  landing: 0.02264650445431471
  view-data: 0.02510473784059286
