times:
  edit-metadata: 1.2762913387268782
  landing: 0.021146364510059357
  view-data: 0.026801880449056625
