times:
  edit-metadata: 1.396899253129959
  landing: 0.019483763724565506
  view-data: 0.02464531734585762
