times:
  edit-metadata: 1.3758265785872936
  landing: 0.09743609838187695
  view-data: 0.025525366887450218
