times:
  edit-metadata: 1.3088317532092333
  landing: 0.021861374378204346
  view-data: 0.27994113229215145
