times:
  edit-metadata: 1.5000254698097706
  landing: 0.2328264992684126
  view-data: 0.39258379489183426
