times:
  edit-metadata: 0.5712130479514599
  landing: 0.1422355230897665
  view-data: 0.2538322280161083
