times:
  edit-metadata: 1.5070481766015291
  landing: 0.15551237761974335
  view-data: 0.38864338025450706
