times:
  edit-metadata: 1.3087397813796997
  landing: 0.11686720512807369
  view-data: 0.02648339793086052
