times:
  edit-metadata: 1.3270865492522717
  landing: 0.1363691482692957
  view-data: 0.2953437566757202
