times:
  edit-metadata: 1.2735864687711
  landing: 0.20599181577563286
  view-data: 0.0290312971919775
