times:
  edit-metadata: 1.5181111935526133
  landing: 0.3045683279633522
  view-data: 0.20420049503445625
