times:
  edit-metadata: 0.5293821170926094
  landing: 0.05003071390092373
  view-data: 0.2199468882754445
