times:
  edit-metadata: 0.4718300043605268
  landing: 0.07560458686202765
  view-data: 0.21255590487271547
