times:
  edit-metadata: 1.4807646479457617
  landing: 0.02206275798380375
  view-data: 0.33046053536236286
