times:
  edit-metadata: 1.4552512392401695
  landing: 0.020694900304079056
  view-data: 0.1512395665049553
