times:
  edit-metadata: 1.3691029883921146
  landing: 0.020225312560796738
  view-data: 0.10047543607652187
