times:
  edit-metadata: 1.5929447431117296
  landing: 0.02116760052740574
  view-data: 0.4876438658684492
