times:
  edit-metadata: 1.28230319917202
  landing: 0.12115862220525742
  view-data: 0.02762417308986187
