times:
  edit-metadata: 1.3858163626864552
  landing: 0.019249118864536285
  view-data: 0.2266283305361867
