times:
  edit-metadata: 1.3529958575963974
  landing: 0.021371882408857346
  view-data: 0.025766467675566673
