times:
  edit-metadata: 1.6505991024896502
  landing: 0.019080552272498608
  view-data: 0.1675420831888914
