times:
  edit-metadata: 1.6316442098468542
  landing: 0.1359337419271469
  view-data: 0.15270882099866867
