times:
  edit-metadata: 1.398917656391859
  landing: 0.17766404151916504
  view-data: 0.02586892433464527
