times:
  edit-metadata: 1.5596597697585821
  landing: 0.16213077493011951
  view-data: 0.14447337202727795
