times:
  edit-metadata: 1.3451588526368141
  landing: 0.11493723280727863
  view-data: 0.35486737079918385
