times:
  edit-metadata: 1.2790960539132357
  landing: 0.12708542495965958
  view-data: 0.3537597805261612
