times:
  edit-metadata: 1.378584599122405
  landing: 0.02048257179558277
  view-data: 0.02660840004682541
