times:
  edit-metadata: 1.2945573013275862
  landing: 0.2427633162587881
  view-data: 0.3585938327014446
