times:
  edit-metadata: 1.3480664379894733
  landing: 0.11855684407055378
  view-data: 0.10102230682969093
