times:
  edit-metadata: 1.4085471834987402
  landing: 0.019025245681405067
  view-data: 0.1273176334798336
