times:
  edit-metadata: 1.679493673145771
  landing: 0.0630083391442895
  view-data: 0.13088072650134563
