times:
  edit-metadata: 0.5121885160915554
  landing: 0.12181717529892921
  view-data: 0.28810775885358453
