times:
  edit-metadata: 1.337919745594263
  landing: 0.1310684271156788
  view-data: 0.42485449463129044
