times:
  edit-metadata: 1.29849592782557
  landing: 0.12469863705337048
  view-data: 0.11768658645451069
