times:
  edit-metadata: 1.3756952919065952
  landing: 0.019121326506137848
  view-data: 0.024447767063975334
