times:
  edit-metadata: 0.5327690383419394
  landing: 0.044986491091549397
  view-data: 0.21367703191936016
