times:
  edit-metadata: 1.3984639439731836
  landing: 0.022343846037983894
  view-data: 0.12173286080360413
