times:
  edit-metadata: 0.6187918800860643
  landing: 0.08752290904521942
  view-data: 0.22692948672920465
