times:
  edit-metadata: 1.3679420109838247
  landing: 0.020601360127329826
  view-data: 0.12822947278618813
