times:
  edit-metadata: 1.3313131108880043
  landing: 0.019610196352005005
  view-data: 0.022978082299232483
