times:
  edit-metadata: 1.3453722391277552
  landing: 0.02082547452300787
  view-data: 0.11684614233672619
