times:
  edit-metadata: 1.3179131038486958
  landing: 0.019694624468684196
  view-data: 0.024259468540549278
