times:
  edit-metadata: 1.393018638715148
  landing: 0.1890951320528984
  view-data: 0.10286755301058292
