times:
  edit-metadata: 1.3363887863233685
  landing: 0.019932261668145657
  view-data: 0.12642216309905052
