times:
  edit-metadata: 1.3691129386425018
  landing: 0.019809642806649208
  view-data: 0.1243460364639759
