times:
  edit-metadata: 0.5144051313400269
  landing: 0.047626678831875324
  view-data: 0.20667120395228267
