times:
  edit-metadata: 0.6345373438671231
  landing: 0.11831159703433514
  view-data: 0.2080634101293981
