times:
  edit-metadata: 0.4949428611434996
  landing: 0.049481220077723265
  view-data: 0.21040533063933253
