times:
  edit-metadata: 1.375705943442881
  landing: 0.1774231605231762
  view-data: 0.13551828265190125
