times:
  edit-metadata: 1.3475385643541813
  landing: 0.020003104582428932
  view-data: 0.15887858346104622
