times:
  edit-metadata: 1.6284969113767147
  landing: 0.2753046415746212
  view-data: 0.35359578393399715
