times:
  edit-metadata: 1.5522968284785748
  landing: 0.1600944697856903
  view-data: 0.1616056878119707
