times:
  edit-metadata: 0.5221729422919452
  landing: 0.04388522217050195
  view-data: 0.2176318932324648
