times:
  edit-metadata: 1.398064836859703
  landing: 0.19593418575823307
  view-data: 0.1273200809955597
