times:
  edit-metadata: 1.387450072914362
  landing: 0.02096083015203476
  view-data: 0.02671833708882332
