times:
  edit-metadata: 1.3832638915628195
  landing: 0.13774013705551624
  view-data: 0.1260103676468134
