times:
  edit-metadata: 1.8317846041172743
  landing: 0.28103649616241455
  view-data: 0.025759588927030563
