times:
  edit-metadata: 2.009712213650346
  landing: 0.21698744781315327
  view-data: 0.2840369679033756
