times:
  edit-metadata: 1.3414608724415302
  landing: 0.1345672868192196
  view-data: 0.15383603610098362
