times:
  edit-metadata: 1.6615692861378193
  landing: 0.16144363209605217
  view-data: 0.2442967277020216
