times:
  edit-metadata: 1.3423836044967175
  landing: 0.0198361836373806
  view-data: 0.12885159626603127
