times:
  edit-metadata: 1.3736177748069167
  landing: 0.24686950538307428
  view-data: 0.42871592100709677
