times:
  edit-metadata: 1.456736795604229
  landing: 0.2629593387246132
  view-data: 0.13410584814846516
