times:
  edit-metadata: 2.0192030537873507
  landing: 0.2947104945778847
  view-data: 0.4650983940809965
