times:
  edit-metadata: 2.038125228136778
  landing: 0.31228230707347393
  view-data: 0.60536814853549
