times:
  edit-metadata: 1.3323591835796833
  landing: 0.02070600911974907
  view-data: 0.12494181282818317
