times:
  edit-metadata: 1.3569676019251347
  landing: 0.021439775824546814
  view-data: 0.10586427338421345
