times:
  edit-metadata: 1.3665763596072793
  landing: 0.21281375922262669
  view-data: 0.3595053320750594
