times:
  edit-metadata: 1.3879185570403934
  landing: 0.01826674398034811
  view-data: 0.13441086001694202
