times:
  edit-metadata: 1.2934798542410135
  landing: 0.05252850614488125
  view-data: 0.4565060352906585
