times:
  edit-metadata: 1.4202234968543053
  landing: 0.019934892654418945
  view-data: 0.12127994373440742
