times:
  edit-metadata: 1.5181407444179058
  landing: 0.151048069819808
  view-data: 0.676939632743597
