times:
  edit-metadata: 1.3743464853614569
  landing: 0.022672995924949646
  view-data: 0.2892250418663025
