times:
  edit-metadata: 1.3690890446305275
  landing: 0.021827450022101402
  view-data: 0.39746209792792797
