times:
  edit-metadata: 1.2889738008379936
  landing: 0.018462011590600014
  view-data: 0.022308822721242905
