times:
  edit-metadata: 1.5583061948418617
  landing: 0.11963661760091782
  view-data: 0.02649402618408203
