times:
  edit-metadata: 1.3225332219153643
  landing: 0.02127552404999733
  view-data: 0.024396808817982674
