times:
  edit-metadata: 1.3351230211555958
  landing: 0.020545462146401405
  view-data: 0.026271868497133255
