times:
  edit-metadata: 1.4408620968461037
  landing: 0.11799679324030876
  view-data: 0.025196554139256477
