times:
  edit-metadata: 1.339370770379901
  landing: 0.13164708018302917
  view-data: 0.028309959918260574
