times:
  edit-metadata: 1.483124127611518
  landing: 0.21656995825469494
  view-data: 0.32865230180323124
