times:
  edit-metadata: 0.6226743068546057
  landing: 0.08330906229093671
  view-data: 0.22035562293604016
