times:
  edit-metadata: 1.312647445127368
  landing: 0.029023386538028717
  view-data: 0.3205316346138716
