times:
  edit-metadata: 1.33579227514565
  landing: 0.02114505134522915
  view-data: 0.02630039118230343
