times:
  edit-metadata: 1.3200849276036024
  landing: 0.18136871792376041
  view-data: 0.13588139228522778
