times:
  edit-metadata: 1.3408330036327243
  landing: 0.21506028529256582
  view-data: 0.3483105516061187
