times:
  edit-metadata: 1.3418490253388882
  landing: 0.023287545889616013
  view-data: 0.3055077474564314
