times:
  edit-metadata: 0.6943070590496063
  landing: 0.04900437407195568
  view-data: 0.3096446539275348
