times:
  edit-metadata: 1.308864776045084
  landing: 0.020146548748016357
  view-data: 0.02783782035112381
