times:
  edit-metadata: 1.3443022426217794
  landing: 0.02085740678012371
  view-data: 0.34482550993561745
