times:
  edit-metadata: 1.3223076313734055
  landing: 0.12080448865890503
  view-data: 0.2935293838381767
