times:
  edit-metadata: 1.4253281950950623
  landing: 0.2522460799664259
  view-data: 0.3376463036984205
