times:
  edit-metadata: 1.380988858640194
  landing: 0.020323848351836205
  view-data: 0.02475147880613804
