times:
  edit-metadata: 1.3833967838436365
  landing: 0.019270235672593117
  view-data: 0.3105501811951399
