times:
  edit-metadata: 1.4750083032995462
  landing: 0.02248620241880417
  view-data: 0.2820726279169321
