times:
  edit-metadata: 1.508124202489853
  landing: 0.022127242758870125
  view-data: 0.43249525129795074
