times:
  edit-metadata: 1.4154383512213826
  landing: 0.16706387139856815
  view-data: 0.025357941165566444
