times:
  edit-metadata: 1.3262542933225632
  landing: 0.02012993022799492
  view-data: 0.30487522669136524
