times:
  edit-metadata: 1.2902735937386751
  landing: 0.019619429484009743
  view-data: 0.5097562009468675
