times:
  edit-metadata: 1.789105013012886
  landing: 0.2966784927994013
  view-data: 0.39361973479390144
