times:
  edit-metadata: 0.5387336872518063
  landing: 0.04617298487573862
  view-data: 0.2107766759581864
