times:
  edit-metadata: 1.4157107677310705
  landing: 0.13667296804487705
  view-data: 0.32950720004737377
