times:
  edit-metadata: 0.5482477569021285
  landing: 0.05565708735957742
  view-data: 0.21225726325064898
