times:
  edit-metadata: 1.3436116371303797
  landing: 0.025989452376961708
  view-data: 0.027235543355345726
