times:
  edit-metadata: 0.5507140788249671
  landing: 0.049099905882030725
  view-data: 0.21688972087576985
