times:
  edit-metadata: 1.79564250074327
  landing: 0.3563922680914402
  view-data: 0.023937487974762917
