times:
  edit-metadata: 1.6024411916732788
  landing: 0.13762570172548294
  view-data: 0.30644547939300537
