times:
  edit-metadata: 1.4617203995585442
  landing: 0.2467656172811985
  view-data: 0.22932674922049046
