times:
  edit-metadata: 1.5163580179214478
  landing: 0.024252519011497498
  view-data: 0.39294943027198315
