times:
  edit-metadata: 1.4472205936908722
  landing: 0.1805006843060255
  view-data: 0.02941620908677578
