times:
  edit-metadata: 1.3237699158489704
  landing: 0.019429432228207588
  view-data: 0.2818460762500763
