times:
  edit-metadata: 1.5483704656362534
  landing: 0.17503450997173786
  view-data: 0.3835405446588993
