times:
  edit-metadata: 0.7160381353460252
  landing: 0.0460362215526402
  view-data: 0.30461879540234804
