times:
  edit-metadata: 0.642792877741158
  landing: 0.10542469890788198
  view-data: 0.2110989559441805
