times:
  edit-metadata: 1.49590755533427
  landing: 0.13121335860341787
  view-data: 0.13647684548050165
