times:
  edit-metadata: 1.6661649942398071
  landing: 0.1314629539847374
  view-data: 0.13864636793732643
