times:
  edit-metadata: 1.5307147316634655
  landing: 0.17061247304081917
  view-data: 0.1797643043100834
