times:
  edit-metadata: 1.3763943910598755
  landing: 0.024912625551223755
  view-data: 0.02774924598634243
