times:
  edit-metadata: 1.3028079709038138
  landing: 0.02297514770179987
  view-data: 0.4761092849075794
