times:
  edit-metadata: 1.3636930100619793
  landing: 0.025444380939006805
  view-data: 0.026636144146323204
