times:
  edit-metadata: 0.5277314628474414
  landing: 0.14071791293099523
  view-data: 0.20536837400868535
