times:
  edit-metadata: 1.6994783207774162
  landing: 0.16405398026108742
  view-data: 0.37219059839844704
