times:
  edit-metadata: 1.314050082117319
  landing: 0.023188725113868713
  view-data: 0.13178781792521477
