times:
  edit-metadata: 1.378830460831523
  landing: 0.09597036987543106
  view-data: 0.02276686020195484
