times:
  edit-metadata: 1.3807570356875658
  landing: 0.23721408285200596
  view-data: 0.5101139331236482
