times:
  edit-metadata: 0.7078878497704864
  landing: 0.05054039880633354
  view-data: 0.27586728893220425
