times:
  edit-metadata: 0.5377584248781204
  landing: 0.04940764280036092
  view-data: 0.21902885241433978
