times:
  edit-metadata: 1.3971978444606066
  landing: 0.022609641775488853
  view-data: 0.13626697473227978
