times:
  edit-metadata: 1.6740143280476332
  landing: 0.16574639081954956
  view-data: 0.38967328891158104
