times:
  edit-metadata: 1.3201270662248135
  landing: 0.24570615775883198
  view-data: 0.38643515668809414
