times:
  edit-metadata: 1.2512130374088883
  landing: 0.0199428116902709
  view-data: 0.026397932320833206
