times:
  edit-metadata: 1.3758053313940763
  landing: 0.02112848311662674
  view-data: 0.026346419006586075
