times:
  edit-metadata: 1.790158150717616
  landing: 0.2046241108328104
  view-data: 0.2093374114483595
