times:
  edit-metadata: 1.3868380151689053
  landing: 0.020411472767591476
  view-data: 0.10479320771992207
