times:
  edit-metadata: 1.709427248686552
  landing: 0.168086102232337
  view-data: 0.17073148861527443
