times:
  edit-metadata: 1.4888662453740835
  landing: 0.1650429666042328
  view-data: 0.1579333245754242
