times:
  edit-metadata: 1.389763304963708
  landing: 0.021111126989126205
  view-data: 0.15778659097850323
