times:
  edit-metadata: 1.331540991552174
  landing: 0.1372847631573677
  view-data: 0.13207726553082466
