times:
  edit-metadata: 1.5346793103963137
  landing: 0.3255412392318249
  view-data: 0.35208871215581894
