times:
  edit-metadata: 1.5702107716351748
  landing: 0.02125156857073307
  view-data: 0.4112461544573307
