times:
  edit-metadata: 1.3886562511324883
  landing: 0.022416748106479645
  view-data: 0.02637898176908493
