times:
  edit-metadata: 1.4008937701582909
  landing: 0.022356124594807625
  view-data: 0.04935038462281227
