times:
  edit-metadata: 1.501976802945137
  landing: 0.3245078455656767
  view-data: 0.026042696088552475
