times:
  edit-metadata: 1.491314273327589
  landing: 0.04430625960230827
  view-data: 0.481305243447423
