times:
  edit-metadata: 1.597547622397542
  landing: 0.02545999363064766
  view-data: 0.2972144912928343
