times:
  edit-metadata: 1.8652097452431917
  landing: 0.023730093613266945
  view-data: 0.510348929092288
