times:
  edit-metadata: 1.3605889473110437
  landing: 0.1307027991861105
  view-data: 0.13571578823029995
