times:
  edit-metadata: 0.5263422848656774
  landing: 0.06870285095646977
  view-data: 0.32755487225949764
