times:
  edit-metadata: 1.3345064893364906
  landing: 0.13128330186009407
  view-data: 0.026235325261950493
