times:
  edit-metadata: 1.4262612722814083
  landing: 0.021275360137224197
  view-data: 0.0298311710357666
