times:
  edit-metadata: 0.5226907669566572
  landing: 0.04669912811368704
  view-data: 0.20513567421585321
