times:
  edit-metadata: 1.5421007946133614
  landing: 0.27663586288690567
  view-data: 0.4643554650247097
