times:
  edit-metadata: 1.3964810781180859
  landing: 0.021099844947457314
  view-data: 0.02552636619657278
