times:
  edit-metadata: 1.603199327364564
  landing: 0.28000077046453953
  view-data: 0.39338416419923306
