times:
  edit-metadata: 1.3815288487821817
  landing: 0.12735459953546524
  view-data: 0.05382195860147476
