times:
  edit-metadata: 0.6237599547021091
  landing: 0.04210745356976986
  view-data: 0.2073433375917375
