times:
  edit-metadata: 1.3832633048295975
  landing: 0.2081742025911808
  view-data: 0.02386464923620224
