times:
  edit-metadata: 1.7398939672857523
  landing: 0.14899449609220028
  view-data: 0.4390345551073551
