times:
  edit-metadata: 1.3865270279347897
  landing: 0.021386664360761642
  view-data: 0.38221338018774986
