times:
  edit-metadata: 1.2622709851711988
  landing: 0.18609683122485876
  view-data: 0.4407806098461151
