times:
  edit-metadata: 0.5517880939878523
  landing: 0.05711557995527983
  view-data: 0.46954179974272847
