times:
  edit-metadata: 1.3321753833442926
  landing: 0.020121555775403976
  view-data: 0.3179025575518608
