times:
  edit-metadata: 1.3812148682773113
  landing: 0.1618160977959633
  view-data: 0.026463570073246956
