times:
  edit-metadata: 1.6577089130878448
  landing: 0.44907379522919655
  view-data: 0.18275645934045315
