times:
  edit-metadata: 0.5451083681546152
  landing: 0.05347311682999134
  view-data: 0.2170649147592485
