times:
  edit-metadata: 1.380408938974142
  landing: 0.12068239413201809
  view-data: 0.02486039698123932
