times:
  edit-metadata: 1.2760450830683112
  landing: 0.020840775221586227
  view-data: 0.025629231706261635
