times:
  edit-metadata: 1.3598824003711343
  landing: 0.14372180495411158
  view-data: 0.21790607832372189
