times:
  edit-metadata: 1.534964194521308
  landing: 0.15932726487517357
  view-data: 0.34365662932395935
