times:
  edit-metadata: 1.389618443325162
  landing: 0.12543434649705887
  view-data: 0.3147091679275036
