times:
  edit-metadata: 1.3141918443143368
  landing: 0.020890284329652786
  view-data: 0.02706606686115265
