times:
  edit-metadata: 0.7699863729067147
  landing: 0.04838421707972884
  view-data: 0.3117681620642543
