times:
  edit-metadata: 1.3411603216081858
  landing: 0.020352868363261223
  view-data: 0.027307767421007156
