times:
  edit-metadata: 0.5019650068134069
  landing: 0.07519757188856602
  view-data: 0.3060928490012884
