times:
  edit-metadata: 1.393408391624689
  landing: 0.1339521985501051
  view-data: 0.10438854992389679
