times:
  edit-metadata: 1.492040166631341
  landing: 0.1539946123957634
  view-data: 0.3235904388129711
