times:
  edit-metadata: 0.5379705727100372
  landing: 0.09170185774564743
  view-data: 0.218743777833879
