times:
  edit-metadata: 1.4307282157242298
  landing: 0.021003128960728645
  view-data: 0.02635979652404785
