times:
  edit-metadata: 1.3422922361642122
  landing: 0.020607946440577507
  view-data: 0.02495519258081913
