times:
  edit-metadata: 1.4114000871777534
  landing: 0.278924060985446
  view-data: 0.36083880439400673
