times:
  edit-metadata: 0.5303183509968221
  landing: 0.05732626328244805
  view-data: 0.22038566088303924
