times:
  edit-metadata: 1.5916239740327
  landing: 0.04906812775880098
  view-data: 0.024517285637557507
