times:
  edit-metadata: 1.3825725466012955
  landing: 0.21833030320703983
  view-data: 0.2481760773807764
