times:
  edit-metadata: 1.5365701578557491
  landing: 0.30974725633859634
  view-data: 0.3556158524006605
