times:
  edit-metadata: 1.3091234071180224
  landing: 0.1400870168581605
  view-data: 0.44429541006684303
