times:
  edit-metadata: 1.3197480365633965
  landing: 0.022286176681518555
  view-data: 0.02706466056406498
