times:
  edit-metadata: 1.4444227777421474
  landing: 0.11685376428067684
  view-data: 0.31640355847775936
