times:
  edit-metadata: 0.7942941440269351
  landing: 0.0921805240213871
  view-data: 0.30854493333026767
