times:
  edit-metadata: 1.3039339743554592
  landing: 0.20073805190622807
  view-data: 0.028038661926984787
