times:
  edit-metadata: 1.5904779303818941
  landing: 0.35033705085515976
  view-data: 0.28728039376437664
