times:
  edit-metadata: 1.3905303599312901
  landing: 0.02014073356986046
  view-data: 0.028073247522115707
