times:
  edit-metadata: 1.3567519821226597
  landing: 0.18022824078798294
  view-data: 0.0234359297901392
