times:
  edit-metadata: 2.104743516072631
  landing: 0.03566274419426918
  view-data: 0.5088984835892916
