times:
  edit-metadata: 3.4024993390776217
  landing: 0.05262390896677971
  view-data: 0.630552913993597
