times:
  edit-metadata: 3.9063574485480785
  landing: 0.02185635082423687
  view-data: 0.027136242017149925
