times:
  edit-metadata: 3.831911062821746
  landing: 0.02051434852182865
  view-data: 0.02394476905465126
