times:
  edit-metadata: 4.218737820163369
  landing: 0.154493885114789
  view-data: 0.14944115839898586
