times:
  edit-metadata: 4.700123833492398
  landing: 0.10746974311769009
  view-data: 0.34708903916180134
