times:
  edit-metadata: 3.5241376948542893
  landing: 0.053208040073513985
  view-data: 0.39116977667436004
