times:
  edit-metadata: 3.455094943754375
  landing: 0.14590128231793642
  view-data: 0.45161039661616087
