times:
  edit-metadata: 3.474975746124983
  landing: 0.02095011994242668
  view-data: 0.12009376287460327
