times:
  edit-metadata: 4.088588155806065
  landing: 0.24198969826102257
  view-data: 0.290509482845664
