times:
  edit-metadata: 4.114108741283417
  landing: 0.1764551941305399
  view-data: 0.027517493814229965
