times:
  edit-metadata: 3.7682884028181434
  landing: 0.1418554149568081
  view-data: 0.3399308454245329
