times:
  edit-metadata: 3.860717201605439
  landing: 0.20788010023534298
  view-data: 0.3097751196473837
