times:
  edit-metadata: 3.4392203940078616
  landing: 0.02330373041331768
  view-data: 0.349136870354414
