times:
  edit-metadata: 4.234022657386959
  landing: 0.019063103944063187
  view-data: 0.021983493119478226
