times:
  edit-metadata: 3.7371546840295196
  landing: 0.13083022460341454
  view-data: 0.13834370579570532
