times:
  edit-metadata: 3.510966141242534
  landing: 0.049290441907942295
  view-data: 0.32962984312325716
