times:
  edit-metadata: 3.799664874561131
  landing: 0.12909705750644207
  view-data: 0.4715349283069372
