times:
  edit-metadata: 3.6110579380765557
  landing: 0.06848680600523949
  view-data: 0.4231425398029387
