times:
  edit-metadata: 4.62979818880558
  landing: 0.22353817336261272
  view-data: 0.44013936072587967
