times:
  edit-metadata: 5.180618612095714
  landing: 0.37735990062355995
  view-data: 0.5017904890701175
