times:
  edit-metadata: 4.419355999678373
  landing: 0.01887526363134384
  view-data: 0.05711376294493675
