times:
  edit-metadata: 4.2260063625872135
  landing: 0.02130075916647911
  view-data: 0.026655206456780434
