times:
  edit-metadata: 2.882668374106288
  landing: 0.06217649020254612
  view-data: 0.36329671321436763
