times:
  edit-metadata: 3.8081292156130075
  landing: 0.13092920556664467
  view-data: 0.026607472449541092
