times:
  edit-metadata: 3.0450585219077766
  landing: 0.05338391801342368
  view-data: 0.36343733267858624
