times:
  edit-metadata: 3.9725242108106613
  landing: 0.24144679494202137
  view-data: 0.27791045792400837
