times:
  edit-metadata: 4.14950175024569
  landing: 0.027403375133872032
  view-data: 0.2863468322902918
