times:
  edit-metadata: 3.7798718344420195
  landing: 0.019701835699379444
  view-data: 0.023741640150547028
