times:
  edit-metadata: 3.262512699700892
  landing: 0.06898093363270164
  view-data: 0.4145829458720982
