times:
  edit-metadata: 7.086595442000544
  landing: 0.032939994998741895
  view-data: 0.037644543015630916
