times:
  edit-metadata: 3.9441277366131544
  landing: 0.11748498119413853
  view-data: 0.12364579364657402
