times:
  edit-metadata: 4.52005859464407
  landing: 0.019789520651102066
  view-data: 0.4032372869551182
