times:
  edit-metadata: 4.379377832636237
  landing: 0.25717983208596706
  view-data: 0.2703471388667822
