times:
  edit-metadata: 3.539186965674162
  landing: 0.14645477011799812
  view-data: 0.3342384286224842
