times:
  edit-metadata: 4.262327719479799
  landing: 0.15446435287594795
  view-data: 0.3434453494846821
