times:
  edit-metadata: 3.985097447410226
  landing: 0.018555397167801857
  view-data: 0.02337753213942051
