times:
  edit-metadata: 3.962117439135909
  landing: 0.02142714522778988
  view-data: 0.14265927858650684
