times:
  edit-metadata: 3.5899317217990756
  landing: 0.241589835844934
  view-data: 0.3892239732667804
