times:
  edit-metadata: 3.2014415031298995
  landing: 0.05794372130185366
  view-data: 0.4997238893993199
