times:
  edit-metadata: 3.4797683097422123
  landing: 0.021227248944342136
  view-data: 0.02555414941161871
