times:
  edit-metadata: 3.370477414689958
  landing: 0.05264379596337676
  view-data: 0.6131395343691111
