times:
  edit-metadata: 4.404524954035878
  landing: 0.1498073749244213
  view-data: 0.36706760339438915
