times:
  edit-metadata: 4.380055086687207
  landing: 0.2502676397562027
  view-data: 0.4706509280949831
