times:
  edit-metadata: 4.649926140904427
  landing: 0.19304154627025127
  view-data: 0.1466152761131525
