times:
  edit-metadata: 4.053532896563411
  landing: 0.020934537053108215
  view-data: 0.3142530731856823
