times:
  edit-metadata: 4.475291167385876
  landing: 0.21936860214918852
  view-data: 0.4621296739205718
