times:
  edit-metadata: 3.913153162226081
  landing: 0.19500545784831047
  view-data: 0.02632119506597519
