times:
  edit-metadata: 3.9241476729512215
  landing: 0.01971474289894104
  view-data: 0.3292416390031576
