times:
  edit-metadata: 3.796174505725503
  landing: 0.023620257154107094
  view-data: 0.2806638516485691
