times:
  edit-metadata: 3.622661029919982
  landing: 0.01935643143951893
  view-data: 0.2368256961926818
