times:
  edit-metadata: 3.76267690397799
  landing: 0.019112402573227882
  view-data: 0.10367483831942081
