times:
  edit-metadata: 3.6339667830616236
  landing: 0.23254198487848043
  view-data: 0.48846947215497494
