times:
  edit-metadata: 3.23530605295673
  landing: 0.06226816214621067
  view-data: 0.5299329827539623
