times:
  edit-metadata: 4.742288799956441
  landing: 0.24472910165786743
  view-data: 0.4087895657867193
