times:
  edit-metadata: 3.7943606078624725
  landing: 0.01974310912191868
  view-data: 0.1226090993732214
