times:
  edit-metadata: 4.605916723608971
  landing: 0.1649989765137434
  view-data: 0.1640683114528656
