times:
  edit-metadata: 3.174838746432215
  landing: 0.0969059132039547
  view-data: 0.5219786339439452
