times:
  edit-metadata: 3.4427602253854275
  landing: 0.021413980051875114
  view-data: 0.11780556663870811
