times:
  edit-metadata: 5.442959448322654
  landing: 0.18201373517513275
  view-data: 0.46168083883821964
