times:
  edit-metadata: 3.4599077496677637
  landing: 0.019745989702641964
  view-data: 0.027470155619084835
