times:
  edit-metadata: 3.6830476131290197
  landing: 0.046407220885157585
  view-data: 0.5540019925683737
