times:
  edit-metadata: 3.961805457249284
  landing: 0.019864670932292938
  view-data: 0.02452077902853489
