times:
  edit-metadata: 5.998549558222294
  landing: 0.2642809506505728
  view-data: 0.5059798080474138
