times:
  edit-metadata: 4.068470915779471
  landing: 0.0225740484893322
  view-data: 0.19196423143148422
