times:
  edit-metadata: 4.285898769274354
  landing: 0.1338773723691702
  view-data: 0.024801308289170265
