times:
  edit-metadata: 3.8186236284673214
  landing: 0.020083148032426834
  view-data: 0.026272347196936607
