times:
  edit-metadata: 3.2966727716848254
  landing: 0.06400956213474274
  view-data: 0.5439268150366843
