times:
  edit-metadata: 4.492293449118733
  landing: 0.2813612949103117
  view-data: 0.02655591443181038
