times:
  edit-metadata: 3.89692198112607
  landing: 0.02321675792336464
  view-data: 0.027419481426477432
