times:
  edit-metadata: 2.797432287130505
  landing: 0.07197658717632294
  view-data: 0.3257466950453818
