times:
  edit-metadata: 3.606019390746951
  landing: 0.1922349389642477
  view-data: 0.024929730221629143
