times:
  edit-metadata: 6.769312467426062
  landing: 0.2513116132467985
  view-data: 0.20042871870100498
