times:
  edit-metadata: 4.205654464662075
  landing: 0.0204619187861681
  view-data: 0.02644609659910202
