times:
  edit-metadata: 3.8770756125450134
  landing: 0.021816296502947807
  view-data: 0.025414837524294853
