times:
  edit-metadata: 3.631475117057562
  landing: 0.17762699536979198
  view-data: 0.23253980465233326
