times:
  edit-metadata: 3.9760277029126883
  landing: 0.018243431113660336
  view-data: 0.603930945508182
