times:
  edit-metadata: 3.527536508627236
  landing: 0.02253008261322975
  view-data: 0.02341784257441759
