times:
  edit-metadata: 4.461995696648955
  landing: 0.37794257514178753
  view-data: 0.02821916528046131
