times:
  edit-metadata: 3.8942949008196592
  landing: 0.019829049706459045
  view-data: 0.1405883114784956
