times:
  edit-metadata: 3.362153653986752
  landing: 0.05831815907731652
  view-data: 0.38173684710636735
