times:
  edit-metadata: 3.731742470525205
  landing: 0.23426442313939333
  view-data: 0.21734955627471209
