times:
  edit-metadata: 4.003446551039815
  landing: 0.02309548482298851
  view-data: 0.02569945529103279
