times:
  edit-metadata: 3.89580206759274
  landing: 0.12348794937133789
  view-data: 0.12454870156943798
