times:
  edit-metadata: 2.8109084321185946
  landing: 0.08130736090242863
  view-data: 0.32785843405872583
