times:
  edit-metadata: 3.9193611685186625
  landing: 0.1154946368187666
  view-data: 0.28296170197427273
