times:
  edit-metadata: 4.367964740842581
  landing: 0.02069852128624916
  view-data: 0.13886399194598198
