times:
  edit-metadata: 4.831443661823869
  landing: 0.3264304269105196
  view-data: 0.16926758736371994
