times:
  edit-metadata: 3.530155887827277
  landing: 0.06899488205090165
  view-data: 0.4935114411637187
