times:
  edit-metadata: 3.9705058578401804
  landing: 0.022039951756596565
  view-data: 0.12018900364637375
