times:
  edit-metadata: 3.939251910895109
  landing: 0.022140342742204666
  view-data: 0.02926674112677574
