times:
  edit-metadata: 3.9630794674158096
  landing: 0.23475207388401031
  view-data: 0.3171047605574131
