times:
  edit-metadata: 3.9476476404815912
  landing: 0.13228882104158401
  view-data: 0.12689011730253696
