times:
  edit-metadata: 3.9318654406815767
  landing: 0.22864229045808315
  view-data: 0.3208194635808468
