times:
  edit-metadata: 3.8621754702180624
  landing: 0.020286884158849716
  view-data: 0.124542485922575
