times:
  edit-metadata: 4.862652745097876
  landing: 0.15167384408414364
  view-data: 0.44039784744381905
