times:
  edit-metadata: 5.062205482274294
  landing: 0.02170492522418499
  view-data: 0.05028417147696018
