times:
  edit-metadata: 3.7418402824550867
  landing: 0.12789978180080652
  view-data: 0.14676734060049057
