times:
  edit-metadata: 3.2817289591766894
  landing: 0.0822216821834445
  view-data: 0.744721528608352
