times:
  edit-metadata: 2.784039994236082
  landing: 0.11672873003408313
  view-data: 0.33014001278206706
