times:
  edit-metadata: 3.686171560548246
  landing: 0.019727556966245174
  view-data: 0.2904921490699053
