times:
  edit-metadata: 4.477814087644219
  landing: 0.1982507910579443
  view-data: 0.3340065758675337
