times:
  edit-metadata: 4.026310944929719
  landing: 0.10483228787779808
  view-data: 0.14784514345228672
