times:
  edit-metadata: 3.6171772312372923
  landing: 0.2710262779146433
  view-data: 0.2993905935436487
