times:
  edit-metadata: 3.1021785279735923
  landing: 0.07185267377644777
  view-data: 0.46465636789798737
