times:
  edit-metadata: 2.8235709900036454
  landing: 0.07085535582154989
  view-data: 0.4085060050711036
