times:
  edit-metadata: 4.497751357033849
  landing: 0.22072795405983925
  view-data: 0.2014153841882944
