times:
  edit-metadata: 3.460258119739592
  landing: 0.04894685931503773
  view-data: 0.026223164051771164
