times:
  edit-metadata: 3.9558536913245916
  landing: 0.018755128607153893
  view-data: 0.026518283411860466
