times:
  edit-metadata: 4.479567361995578
  landing: 0.22514140978455544
  view-data: 0.3459426071494818
