times:
  edit-metadata: 3.8364774230867624
  landing: 0.09817039594054222
  view-data: 0.02751654013991356
