times:
  edit-metadata: 3.9269147235900164
  landing: 0.027145186439156532
  view-data: 0.1282679121941328
