times:
  edit-metadata: 4.387011086568236
  landing: 0.020713521167635918
  view-data: 0.14639384858310223
