times:
  edit-metadata: 3.9522106926888227
  landing: 0.023792987689375877
  view-data: 0.2981634642928839
