times:
  edit-metadata: 3.9772948399186134
  landing: 0.020027145743370056
  view-data: 0.12363611720502377
