times:
  edit-metadata: 4.069247184321284
  landing: 0.23548930324614048
  view-data: 0.023111781105399132
