times:
  edit-metadata: 3.5826569949276745
  landing: 0.0568050742149353
  view-data: 0.39126766473054886
