times:
  edit-metadata: 3.853725880384445
  landing: 0.02065623737871647
  view-data: 0.12565461918711662
