times:
  edit-metadata: 4.243166068568826
  landing: 0.2515824642032385
  view-data: 0.027615604922175407
