times:
  edit-metadata: 3.839345244690776
  landing: 0.2622138001024723
  view-data: 0.14135181158781052
