times:
  edit-metadata: 3.906723842024803
  landing: 0.019869549199938774
  view-data: 0.3658916596323252
