times:
  edit-metadata: 4.3481602761894464
  landing: 0.18484176322817802
  view-data: 0.37466721795499325
