times:
  edit-metadata: 3.9375182203948498
  landing: 0.019424404948949814
  view-data: 0.027600662782788277
