times:
  edit-metadata: 4.471306644380093
  landing: 0.15480833873152733
  view-data: 0.025966700166463852
