times:
  edit-metadata: 5.0544688533991575
  landing: 0.19222998805344105
  view-data: 0.1411401517689228
