times:
  edit-metadata: 3.427847830578685
  landing: 0.022394713014364243
  view-data: 0.025438479147851467
