times:
  edit-metadata: 3.94949914701283
  landing: 0.022799266502261162
  view-data: 0.12645346112549305
