times:
  edit-metadata: 4.045636365190148
  landing: 0.022182969376444817
  view-data: 0.3367733098566532
