times:
  edit-metadata: 3.846418220549822
  landing: 0.24652795679867268
  view-data: 0.31965065002441406
