times:
  edit-metadata: 4.7886687237769365
  landing: 0.1671556681394577
  view-data: 0.174528818577528
