times:
  edit-metadata: 3.8181119225919247
  landing: 0.02171216905117035
  view-data: 0.027146300300955772
