times:
  edit-metadata: 3.921735415235162
  landing: 0.022270377725362778
  view-data: 0.030398733913898468
