times:
  edit-metadata: 2.785152621101588
  landing: 0.0710216979496181
  view-data: 0.3282755259424448
