times:
  edit-metadata: 3.970389010384679
  landing: 0.022092444822192192
  view-data: 0.12545576877892017
