times:
  edit-metadata: 3.481699198950082
  landing: 0.06165458634495735
  view-data: 0.5842419662512839
