times:
  edit-metadata: 4.273854147642851
  landing: 0.11336126364767551
  view-data: 0.026965122669935226
