times:
  edit-metadata: 3.7539829537272453
  landing: 0.24538344889879227
  view-data: 0.14688636641949415
