times:
  edit-metadata: 4.680005228146911
  landing: 0.28743293322622776
  view-data: 0.35671436600387096
