times:
  edit-metadata: 3.498386410996318
  landing: 0.15419954247772694
  view-data: 0.0955983130261302
