times:
  edit-metadata: 3.831897059455514
  landing: 0.018853314220905304
  view-data: 0.12200593948364258
