times:
  edit-metadata: 3.5538730919361115
  landing: 0.10339232161641121
  view-data: 0.7368037779815495
