times:
  edit-metadata: 4.1913546323776245
  landing: 0.02135438285768032
  view-data: 0.02783408761024475
