times:
  edit-metadata: 4.43698756210506
  landing: 0.28586958162486553
  view-data: 0.3759942203760147
