times:
  edit-metadata: 3.722783441655338
  landing: 0.19719946663826704
  view-data: 0.4472811510786414
