times:
  edit-metadata: 3.7949669286608696
  landing: 0.020879050716757774
  view-data: 0.023855503648519516
