times:
  edit-metadata: 5.093549698591232
  landing: 0.2387629384174943
  view-data: 0.3273461740463972
