times:
  edit-metadata: 3.9550833962857723
  landing: 0.15806504897773266
  view-data: 0.30464413575828075
