times:
  edit-metadata: 4.155863402411342
  landing: 0.022839177399873734
  view-data: 0.026412157341837883
