times:
  edit-metadata: 3.830358086153865
  landing: 0.022075261920690536
  view-data: 0.026817884296178818
