times:
  edit-metadata: 3.9567450396716595
  landing: 0.020802907645702362
  view-data: 0.1248142272233963
