times:
  edit-metadata: 2.8519889637827873
  landing: 0.10010500578209758
  view-data: 0.3278503711335361
