times:
  edit-metadata: 3.942681087180972
  landing: 0.11223100498318672
  view-data: 0.3725118227303028
