times:
  edit-metadata: 3.7837260272353888
  landing: 0.13105621933937073
  view-data: 0.28103051520884037
