times:
  edit-metadata: 3.6750459615141153
  landing: 0.019222818315029144
  view-data: 0.46397343184798956
