times:
  edit-metadata: 4.1276695765554905
  landing: 0.20402582548558712
  view-data: 0.12592029012739658
