times:
  edit-metadata: 4.457522958517075
  landing: 0.3090055137872696
  view-data: 0.3993709683418274
