times:
  edit-metadata: 4.654892269521952
  landing: 0.3122226558625698
  view-data: 0.38292563147842884
