times:
  edit-metadata: 4.504219556227326
  landing: 0.15868938155472279
  view-data: 0.3825495261698961
