times:
  edit-metadata: 3.464213917031884
  landing: 0.021529391407966614
  view-data: 0.1149846501648426
