times:
  edit-metadata: 4.876749062910676
  landing: 0.02141854353249073
  view-data: 0.037599917501211166
