times:
  edit-metadata: 3.5071727726608515
  landing: 0.20282734651118517
  view-data: 0.237609782256186
