times:
  edit-metadata: 4.7440200839191675
  landing: 0.3212840147316456
  view-data: 0.5231138244271278
