times:
  edit-metadata: 3.7434101905673742
  landing: 0.0227003563195467
  view-data: 0.1397992242127657
