times:
  edit-metadata: 3.841088719666004
  landing: 0.1469945963472128
  view-data: 0.02477726899087429
