times:
  edit-metadata: 3.492358824238181
  landing: 0.07313164370134473
  view-data: 0.550177900120616
