times:
  edit-metadata: 3.7386769130825996
  landing: 0.018356967717409134
  view-data: 0.02863144688308239
