times:
  edit-metadata: 4.152630863711238
  landing: 0.02731492929160595
  view-data: 0.16116543114185333
