times:
  edit-metadata: 3.8459068778902292
  landing: 0.15806680172681808
  view-data: 0.30858817510306835
