times:
  edit-metadata: 4.495529243722558
  landing: 0.24251360073685646
  view-data: 0.1417523603886366
