times:
  edit-metadata: 4.265822997316718
  landing: 0.02445264905691147
  view-data: 0.026597898453474045
