times:
  edit-metadata: 3.8244031835347414
  landing: 0.02224661409854889
  view-data: 0.11568751186132431
