times:
  edit-metadata: 1.2126668943092227
  landing: 0.22445606626570225
  view-data: 0.41066475585103035
