times:
  edit-metadata: 1.2772263009101152
  landing: 0.02113623172044754
  view-data: 0.025829443708062172
