times:
  edit-metadata: 1.2963566044345498
  landing: 0.22640431206673384
  view-data: 0.4140670895576477
