times:
  edit-metadata: 1.3144941199570894
  landing: 0.02113676443696022
  view-data: 0.026182983070611954
