times:
  edit-metadata: 1.2564142066985369
  landing: 0.13869943283498287
  view-data: 0.022637583315372467
