times:
  edit-metadata: 1.6175274960696697
  landing: 0.2764318063855171
  view-data: 0.3427343685179949
