times:
  edit-metadata: 0.4536580936983228
  landing: 0.13495579920709133
  view-data: 0.2875276980921626
