times:
  edit-metadata: 1.2653178721666336
  landing: 0.09428881667554379
  view-data: 0.025135735049843788
