times:
  edit-metadata: 0.46393423015251756
  landing: 0.07526873098686337
  view-data: 0.21620152425020933
