times:
  edit-metadata: 1.4858539253473282
  landing: 0.022348837926983833
  view-data: 0.1588019747287035
