times:
  edit-metadata: 1.3135875649750233
  landing: 0.022005019709467888
  view-data: 0.023671003058552742
