times:
  edit-metadata: 1.3096488434821367
  landing: 0.021473625674843788
  view-data: 0.1342516802251339
