times:
  edit-metadata: 1.3260090053081512
  landing: 0.021990763023495674
  view-data: 0.025857938453555107
