times:
  edit-metadata: 1.3261605761945248
  landing: 0.020532818511128426
  view-data: 0.030243270099163055
