times:
  edit-metadata: 1.2589099872857332
  landing: 0.023541923612356186
  view-data: 0.12745412439107895
