times:
  edit-metadata: 0.5650578262284398
  landing: 0.15469948295503855
  view-data: 0.20736075658351183
