times:
  edit-metadata: 1.5021031368523836
  landing: 0.2407363373786211
  view-data: 0.13468669541180134
