times:
  edit-metadata: 0.5960560501553118
  landing: 0.13150247000157833
  view-data: 0.22089618304744363
