times:
  edit-metadata: 1.3855844419449568
  landing: 0.021293917670845985
  view-data: 0.4488304555416107
