times:
  edit-metadata: 1.5519387740641832
  landing: 0.29291862063109875
  view-data: 0.3617227617651224
