times:
  edit-metadata: 1.2952659670263529
  landing: 0.13774786330759525
  view-data: 0.12725440971553326
