times:
  edit-metadata: 0.4778824341483414
  landing: 0.04718556301668286
  view-data: 0.20874533290043473
