times:
  edit-metadata: 1.3601727411150932
  landing: 0.02049957774579525
  view-data: 0.023639127612113953
