times:
  edit-metadata: 1.3446666728705168
  landing: 0.02000730112195015
  view-data: 0.023587577044963837
