times:
  edit-metadata: 1.4144649486988783
  landing: 0.1529819704592228
  view-data: 0.35124322585761547
