times:
  edit-metadata: 1.44432389177382
  landing: 0.04161391220986843
  view-data: 0.1797615997493267
