times:
  edit-metadata: 1.2805553721264005
  landing: 0.14323521964251995
  view-data: 0.022366452030837536
