times:
  edit-metadata: 1.3480192460119724
  landing: 0.17936905473470688
  view-data: 0.13288399949669838
