times:
  edit-metadata: 1.4899530801922083
  landing: 0.1641202475875616
  view-data: 0.49508849531412125
