times:
  edit-metadata: 1.3630312457680702
  landing: 0.25774729438126087
  view-data: 0.023837232030928135
