times:
  edit-metadata: 1.3400048045441508
  landing: 0.13548567704856396
  view-data: 0.15223820880055428
