times:
  edit-metadata: 1.3369294628500938
  landing: 0.022591790184378624
  view-data: 0.13301257602870464
