times:
  edit-metadata: 0.5073192268610001
  landing: 0.14071144303306937
  view-data: 0.2133621433749795
