times:
  edit-metadata: 1.5250505395233631
  landing: 0.25129679404199123
  view-data: 0.3979953043162823
