times:
  edit-metadata: 1.2790701165795326
  landing: 0.01890702173113823
  view-data: 0.295657841488719
