times:
  edit-metadata: 1.2194643337279558
  landing: 0.021229770965874195
  view-data: 0.026464139111340046
