times:
  edit-metadata: 1.2258827332407236
  landing: 0.022020738571882248
  view-data: 0.11878370959311724
