times:
  edit-metadata: 0.4888356854207814
  landing: 0.07775190006941557
  view-data: 0.24510960979387164
