times:
  edit-metadata: 1.7384713143110275
  landing: 0.3494040425866842
  view-data: 0.30868520587682724
