times:
  edit-metadata: 1.5179674550890923
  landing: 0.14231382869184017
  view-data: 0.28699181973934174
