times:
  edit-metadata: 1.4093699045479298
  landing: 0.17797226645052433
  view-data: 0.44712322764098644
