times:
  edit-metadata: 1.2830637283623219
  landing: 0.019419344142079353
  view-data: 0.23555363714694977
