times:
  edit-metadata: 1.6296904273331165
  landing: 0.295752577483654
  view-data: 0.380645202472806
