times:
  edit-metadata: 0.7536810832098126
  landing: 0.07529090624302626
  view-data: 0.29023777274414897
