times:
  edit-metadata: 1.399048263207078
  landing: 0.018193572759628296
  view-data: 0.10321708396077156
