times:
  edit-metadata: 1.1963957864791155
  landing: 0.023820046335458755
  view-data: 0.02379405964165926
