times:
  edit-metadata: 1.319169707596302
  landing: 0.09797436185181141
  view-data: 0.09987429343163967
