times:
  edit-metadata: 0.4689957178197801
  landing: 0.0716726747341454
  view-data: 0.20328131318092346
