times:
  edit-metadata: 1.5180122246965766
  landing: 0.2122039394453168
  view-data: 0.024594697169959545
