times:
  edit-metadata: 1.2927519977092743
  landing: 0.12099608778953552
  view-data: 0.03149987943470478
