times:
  edit-metadata: 1.445229172706604
  landing: 0.2727376315742731
  view-data: 0.15235069580376148
