times:
  edit-metadata: 0.6136350212618709
  landing: 0.0476626418530941
  view-data: 0.2786559108644724
