times:
  edit-metadata: 0.5659632966853678
  landing: 0.05655551562085748
  view-data: 0.26515723299235106
