times:
  edit-metadata: 1.3661730699241161
  landing: 0.19981789588928223
  view-data: 0.02613840624690056
