times:
  edit-metadata: 1.623729670420289
  landing: 0.019039515405893326
  view-data: 0.02578142751008272
