times:
  edit-metadata: 1.7277092151343822
  landing: 0.336117135360837
  view-data: 0.4183203522115946
