times:
  edit-metadata: 1.4270802028477192
  landing: 0.20330135896801949
  view-data: 0.02970285154879093
