times:
  edit-metadata: 1.7148048300296068
  landing: 0.22348586656153202
  view-data: 0.13354100100696087
