times:
  edit-metadata: 0.47005931474268436
  landing: 0.04626369196921587
  view-data: 0.2154920119792223
