times:
  edit-metadata: 1.297852199524641
  landing: 0.2066729348152876
  view-data: 0.3839763794094324
