times:
  edit-metadata: 1.638112597167492
  landing: 0.22970549762248993
  view-data: 0.1632811799645424
