times:
  edit-metadata: 1.2998471297323704
  landing: 0.05371297523379326
  view-data: 0.23510893248021603
