times:
  edit-metadata: 1.3911548536270857
  landing: 0.13534790463745594
  view-data: 0.40199090726673603
