times:
  edit-metadata: 1.3392553217709064
  landing: 0.1486007273197174
  view-data: 0.02302658185362816
