times:
  edit-metadata: 1.2294934010133147
  landing: 0.1980543164536357
  view-data: 0.24487426038831472
