times:
  edit-metadata: 1.3300537951290607
  landing: 0.13562259823083878
  view-data: 0.13440203666687012
