times:
  edit-metadata: 1.4517349433153868
  landing: 0.32051239162683487
  view-data: 0.17595280893146992
