times:
  edit-metadata: 0.4946678429841995
  landing: 0.10226437682285905
  view-data: 0.2178493463434279
