times:
  edit-metadata: 1.5293591637164354
  landing: 0.020527420565485954
  view-data: 0.3024835865944624
