times:
  edit-metadata: 1.464632662013173
  landing: 0.19799910858273506
  view-data: 0.34116338938474655
