times:
  edit-metadata: 1.296006428077817
  landing: 0.02031433768570423
  view-data: 0.10420457646250725
