times:
  edit-metadata: 1.615168048068881
  landing: 0.30706026032567024
  view-data: 0.4738424625247717
