times:
  edit-metadata: 1.314126005396247
  landing: 0.021331900730729103
  view-data: 0.02694028988480568
