times:
  edit-metadata: 1.3366578426212072
  landing: 0.022143160924315453
  view-data: 0.026686273515224457
