times:
  edit-metadata: 1.263827983289957
  landing: 0.020032675936818123
  view-data: 0.13060034811496735
