times:
  edit-metadata: 1.2777004558593035
  landing: 0.1393204778432846
  view-data: 0.023322340101003647
