times:
  edit-metadata: 1.2647139374166727
  landing: 0.01946239359676838
  view-data: 0.12369345314800739
