times:
  edit-metadata: 1.611533036455512
  landing: 0.021611995995044708
  view-data: 0.16071541979908943
