times:
  edit-metadata: 1.3372471649199724
  landing: 0.24349433463066816
  view-data: 0.39649662654846907
