times:
  edit-metadata: 1.360974457114935
  landing: 0.018552590161561966
  view-data: 0.14589284732937813
