times:
  edit-metadata: 1.2862679176032543
  landing: 0.018926013261079788
  view-data: 0.02527415007352829
