times:
  edit-metadata: 1.277171516790986
  landing: 0.021625710651278496
  view-data: 0.10380735993385315
