times:
  edit-metadata: 1.7423798441886902
  landing: 0.29923892579972744
  view-data: 0.4567899573594332
