times:
  edit-metadata: 1.6079835668206215
  landing: 0.02409227564930916
  view-data: 0.18887025862932205
