times:
  edit-metadata: 1.5083817820996046
  landing: 0.02573012374341488
  view-data: 0.05526892468333244
