times:
  edit-metadata: 1.33005540817976
  landing: 0.2510679420083761
  view-data: 0.023435378447175026
