times:
  edit-metadata: 1.4630567282438278
  landing: 0.42549726366996765
  view-data: 0.25770798698067665
