times:
  edit-metadata: 0.5237034102901816
  landing: 0.07188518578186631
  view-data: 0.24637944484129548
