times:
  edit-metadata: 1.3578090332448483
  landing: 0.024585867300629616
  view-data: 0.32324155792593956
