times:
  edit-metadata: 1.3384432196617126
  landing: 0.02287815511226654
  view-data: 0.1488737054169178
