times:
  edit-metadata: 1.2964699100703
  landing: 0.18588262237608433
  view-data: 0.12392845004796982
