times:
  edit-metadata: 1.3640677016228437
  landing: 0.020871220156550407
  view-data: 0.026539675891399384
