times:
  edit-metadata: 1.3197739031165838
  landing: 0.025544779375195503
  view-data: 0.3871820420026779
