times:
  edit-metadata: 1.5600957702845335
  landing: 0.018963774666190147
  view-data: 0.04751451686024666
