times:
  edit-metadata: 1.3050441164523363
  landing: 0.022297998890280724
  view-data: 0.026261158287525177
