times:
  edit-metadata: 1.7619002871215343
  landing: 0.16345036029815674
  view-data: 0.46842893958091736
