times:
  edit-metadata: 1.4377273973077536
  landing: 0.05387379601597786
  view-data: 0.4101193994283676
