times:
  edit-metadata: 1.2704134490340948
  landing: 0.02620638906955719
  view-data: 0.02565234899520874
