times:
  edit-metadata: 0.4789750501513481
  landing: 0.0704319141805172
  view-data: 0.21355052897706628
