times:
  edit-metadata: 1.426559403538704
  landing: 0.01978708989918232
  view-data: 0.15874042734503746
