times:
  edit-metadata: 1.3057589195668697
  landing: 0.20287691615521908
  view-data: 0.14009186811745167
