times:
  edit-metadata: 1.327848395332694
  landing: 0.1397197563201189
  view-data: 0.10304554924368858
