times:
  edit-metadata: 1.33618950471282
  landing: 0.2662448650225997
  view-data: 0.027397609315812588
