times:
  edit-metadata: 1.2887116353958845
  landing: 0.022463809698820114
  view-data: 0.12299510650336742
