times:
  edit-metadata: 1.2862465474754572
  landing: 0.022469326853752136
  view-data: 0.1343681886792183
