times:
  edit-metadata: 1.256561141461134
  landing: 0.020094510167837143
  view-data: 0.3369724713265896
