times:
  edit-metadata: 1.3071136195212603
  landing: 0.33048878237605095
  view-data: 0.5432399101555347
