times:
  edit-metadata: 1.3490282073616982
  landing: 0.020911548286676407
  view-data: 0.026435770094394684
