times:
  edit-metadata: 0.4742021909914911
  landing: 0.1119348406791687
  view-data: 0.27315836725756526
