times:
  edit-metadata: 0.6299232007004321
  landing: 0.10755209159106016
  view-data: 0.21409655828028917
