times:
  edit-metadata: 1.460685146972537
  landing: 0.2784856893122196
  view-data: 0.023865344002842903
