times:
  edit-metadata: 0.6434536860324442
  landing: 0.10255051543936133
  view-data: 0.21341563016176224
