times:
  edit-metadata: 1.2089197924360633
  landing: 0.2131875203922391
  view-data: 0.02764329221099615
