times:
  edit-metadata: 1.3651446495205164
  landing: 0.022463135421276093
  view-data: 0.028573375195264816
