times:
  edit-metadata: 1.6378623060882092
  landing: 0.38642073795199394
  view-data: 0.41155184991657734
