times:
  edit-metadata: 1.4027870744466782
  landing: 0.02065184898674488
  view-data: 0.2658108305186033
