times:
  edit-metadata: 0.46111819287762046
  landing: 0.057226568926125765
  view-data: 0.20302932895720005
