times:
  edit-metadata: 1.2938758041709661
  landing: 0.21186863258481026
  view-data: 0.024184150621294975
