times:
  edit-metadata: 1.2666292078793049
  landing: 0.1495222058147192
  view-data: 0.023097120225429535
