times:
  edit-metadata: 1.7471106853336096
  landing: 0.12632060796022415
  view-data: 0.983593188226223
