times:
  edit-metadata: 1.3499788474291563
  landing: 0.02295500598847866
  view-data: 0.03494522534310818
