times:
  edit-metadata: 1.546540267765522
  landing: 0.0220857635140419
  view-data: 0.023889895528554916
