times:
  edit-metadata: 1.2982081305235624
  landing: 0.14693309366703033
  view-data: 0.027265461161732674
