times:
  edit-metadata: 1.3699781261384487
  landing: 0.022113274782896042
  view-data: 0.025496557354927063
