times:
  edit-metadata: 1.291177999228239
  landing: 0.019583547487854958
  view-data: 0.12545870430767536
