times:
  edit-metadata: 1.3277612328529358
  landing: 0.019500233232975006
  view-data: 0.023682162165641785
