times:
  edit-metadata: 1.2644334742799401
  landing: 0.025020189583301544
  view-data: 0.3975786715745926
