times:
  edit-metadata: 1.278980141505599
  landing: 0.020438451319932938
  view-data: 0.026844613254070282
