times:
  edit-metadata: 0.46482282783836126
  landing: 0.07987467013299465
  view-data: 0.20052765496075153
