times:
  edit-metadata: 1.3203483009710908
  landing: 0.1154112545773387
  view-data: 0.11132247932255268
