times:
  edit-metadata: 1.3023618143051863
  landing: 0.27416231483221054
  view-data: 0.5070202685892582
