times:
  edit-metadata: 0.4803947298787534
  landing: 0.11637090099975467
  view-data: 0.2875819690525532
