times:
  edit-metadata: 1.374149831943214
  landing: 0.02454800345003605
  view-data: 0.023719503544270992
