times:
  edit-metadata: 1.3051476925611496
  landing: 0.17400264088064432
  view-data: 0.22228964418172836
