times:
  edit-metadata: 1.1985812578350306
  landing: 0.020471971482038498
  view-data: 0.0262774508446455
