times:
  edit-metadata: 1.5801928509026766
  landing: 0.16877571120858192
  view-data: 0.4394031800329685
