times:
  edit-metadata: 1.4152706898748875
  landing: 0.11599156819283962
  view-data: 0.02461957186460495
