times:
  edit-metadata: 1.2522649047896266
  landing: 0.020551996305584908
  view-data: 0.02585350163280964
