times:
  edit-metadata: 1.5995231699198484
  landing: 0.02167373336851597
  view-data: 0.45409760251641273
