times:
  edit-metadata: 1.2748535331338644
  landing: 0.020454924553632736
  view-data: 0.026914309710264206
