times:
  edit-metadata: 1.2999268043786287
  landing: 0.02123460080474615
  view-data: 0.1968054287135601
