times:
  edit-metadata: 1.5349953882396221
  landing: 0.023157119750976562
  view-data: 0.30572096072137356
