times:
  edit-metadata: 0.4747187397442758
  landing: 0.07472422113642097
  view-data: 0.20458973944187164
