times:
  edit-metadata: 0.4479989227838814
  landing: 0.06182286702096462
  view-data: 0.21777426498010755
