times:
  edit-metadata: 1.4463913971558213
  landing: 0.01888762228190899
  view-data: 0.4890063442289829
