times:
  edit-metadata: 1.350441756658256
  landing: 0.24342805985361338
  view-data: 0.3820629669353366
