times:
  edit-metadata: 1.2779208719730377
  landing: 0.02029658667743206
  view-data: 0.02665831707417965
