times:
  edit-metadata: 1.5274438485503197
  landing: 0.2734734397381544
  view-data: 0.1750380825251341
