times:
  edit-metadata: 1.342641208320856
  landing: 0.022229092195630074
  view-data: 0.12233497388660908
