times:
  edit-metadata: 1.7095601111650467
  landing: 0.23725292272865772
  view-data: 0.315376752987504
