times:
  edit-metadata: 1.8052723165601492
  landing: 0.3699688222259283
  view-data: 0.3210565447807312
