times:
  edit-metadata: 0.649974862113595
  landing: 0.060215943958610296
  view-data: 0.3209772678092122
