times:
  edit-metadata: 0.48024072544649243
  landing: 0.05681169778108597
  view-data: 0.21733698900789022
