times:
  edit-metadata: 1.3262203354388475
  landing: 0.13651958853006363
  view-data: 0.023446351289749146
