times:
  edit-metadata: 1.2771607358008623
  landing: 0.18606888502836227
  view-data: 0.02453066222369671
