times:
  edit-metadata: 1.3577023018151522
  landing: 0.10180431045591831
  view-data: 0.027784736827015877
