times:
  edit-metadata: 1.2632723124697804
  landing: 0.02430817112326622
  view-data: 0.3083738498389721
