times:
  edit-metadata: 0.47066304879263043
  landing: 0.11268412927165627
  view-data: 0.2867487482726574
