times:
  edit-metadata: 1.4225820126011968
  landing: 0.1904405551031232
  view-data: 0.21406074240803719
