times:
  edit-metadata: 1.327060043811798
  landing: 0.14232302457094193
  view-data: 0.3247988149523735
