times:
  edit-metadata: 1.2994260508567095
  landing: 0.20038431510329247
  view-data: 0.02475627325475216
