times:
  edit-metadata: 1.3000485599040985
  landing: 0.021890796720981598
  view-data: 0.4514691960066557
