times:
  edit-metadata: 1.3064626045525074
  landing: 0.19158105552196503
  view-data: 0.11304846219718456
