times:
  edit-metadata: 1.460597401484847
  landing: 0.13727764785289764
  view-data: 0.32546900399029255
