times:
  edit-metadata: 1.3228977676481009
  landing: 0.020666904747486115
  view-data: 0.028021516278386116
