times:
  edit-metadata: 1.346191555261612
  landing: 0.020624589174985886
  view-data: 0.03210643120110035
