times:
  edit-metadata: 1.2578271348029375
  landing: 0.022870481945574284
  view-data: 0.12351537123322487
