times:
  edit-metadata: 0.4618871849961579
  landing: 0.0668540489859879
  view-data: 0.211992755997926
