times:
  edit-metadata: 2.8249400155618787
  landing: 0.14972440898418427
  view-data: 0.48337434884160757
