times:
  edit-metadata: 1.8795450516045094
  landing: 0.019809655845165253
  view-data: 0.024704666808247566
