times:
  edit-metadata: 1.9052785728126764
  landing: 0.01927134580910206
  view-data: 0.3614246193319559
