times:
  edit-metadata: 1.7352290768176317
  landing: 0.020839869044721127
  view-data: 0.028851985931396484
