times:
  edit-metadata: 1.0671539418399334
  landing: 0.047252084128558636
  view-data: 0.23452317109331489
