times:
  edit-metadata: 2.219521641731262
  landing: 0.02389695681631565
  view-data: 0.05433110520243645
