times:
  edit-metadata: 1.2356527335941792
  landing: 0.07847320288419724
  view-data: 0.2870507095940411
