times:
  edit-metadata: 1.861553036607802
  landing: 0.020220023579895496
  view-data: 0.026064512319862843
