times:
  edit-metadata: 1.9588493648916483
  landing: 0.13700250163674355
  view-data: 0.3656182363629341
