times:
  edit-metadata: 2.113613591529429
  landing: 0.13048971351236105
  view-data: 0.11514846701174974
