times:
  edit-metadata: 1.9481096733361483
  landing: 0.019450180232524872
  view-data: 0.025404734537005424
