times:
  edit-metadata: 2.2639653589576483
  landing: 0.017775023356080055
  view-data: 0.15566346794366837
