times:
  edit-metadata: 1.9186248760670424
  landing: 0.020452745258808136
  view-data: 0.3073612656444311
