times:
  edit-metadata: 1.9680965449661016
  landing: 0.020400328561663628
  view-data: 0.024146554991602898
