times:
  edit-metadata: 1.0281745600514114
  landing: 0.042773665860295296
  view-data: 0.23260659212246537
