times:
  edit-metadata: 1.9165873005986214
  landing: 0.09861287847161293
  view-data: 0.3225466590374708
