times:
  edit-metadata: 1.975920680910349
  landing: 0.020288055762648582
  view-data: 0.05964854918420315
