times:
  edit-metadata: 1.9871596358716488
  landing: 0.021912207826972008
  view-data: 0.10325395874679089
