times:
  edit-metadata: 2.2140371929854155
  landing: 0.1664038747549057
  view-data: 0.40894393250346184
