times:
  edit-metadata: 1.9370595198124647
  landing: 0.21085672080516815
  view-data: 0.10379709117114544
