times:
  edit-metadata: 1.228523129131645
  landing: 0.07682786183431745
  view-data: 0.2428260976448655
