times:
  edit-metadata: 0.9944712659344077
  landing: 0.07336120400577784
  view-data: 0.23585608415305614
