times:
  edit-metadata: 1.9425836876034737
  landing: 0.020737936720252037
  view-data: 0.27183621004223824
