times:
  edit-metadata: 1.8651376692578197
  landing: 0.14516765158623457
  view-data: 0.49649443197995424
