times:
  edit-metadata: 1.226831833831966
  landing: 0.07234443491324782
  view-data: 0.3491987222805619
