times:
  edit-metadata: 1.3243313850834966
  landing: 0.13982826191931963
  view-data: 0.31447315821424127
