times:
  edit-metadata: 2.4390314538031816
  landing: 0.1464818362146616
  view-data: 0.43417192064225674
