times:
  edit-metadata: 1.8763170018792152
  landing: 0.021229642443358898
  view-data: 0.025676489807665348
