times:
  edit-metadata: 2.5683123227208853
  landing: 0.023613672703504562
  view-data: 0.3584067802876234
