times:
  edit-metadata: 2.1318829357624054
  landing: 0.17100077494978905
  view-data: 0.40275619365274906
