times:
  edit-metadata: 2.3594251684844494
  landing: 0.3632955811917782
  view-data: 0.26998637430369854
