times:
  edit-metadata: 2.1779379807412624
  landing: 0.021259520202875137
  view-data: 0.02548058144748211
