times:
  edit-metadata: 1.9534965474158525
  landing: 0.029035020619630814
  view-data: 0.02402244135737419
