times:
  edit-metadata: 2.4631091356277466
  landing: 0.021539203822612762
  view-data: 0.16283037140965462
