times:
  edit-metadata: 2.0133857298642397
  landing: 0.020517567172646523
  view-data: 0.43195476941764355
