times:
  edit-metadata: 3.673147660010727
  landing: 0.4536507289740257
  view-data: 0.6492660480143968
