times:
  edit-metadata: 2.096120135858655
  landing: 0.01924261450767517
  view-data: 0.024485226720571518
