times:
  edit-metadata: 1.287597768008709
  landing: 0.14704852597787976
  view-data: 0.25234169280156493
