times:
  edit-metadata: 2.199003977701068
  landing: 0.3028835002332926
  view-data: 0.35310049168765545
