times:
  edit-metadata: 2.200972299091518
  landing: 0.020074150525033474
  view-data: 0.049780854023993015
