times:
  edit-metadata: 1.8971532080322504
  landing: 0.17929753474891186
  view-data: 0.3238718081265688
