times:
  edit-metadata: 2.9402620811015368
  landing: 0.2854316867887974
  view-data: 0.3124505262821913
