times:
  edit-metadata: 1.0510681853629649
  landing: 0.04895120020955801
  view-data: 0.2267159428447485
