times:
  edit-metadata: 1.9832982737571
  landing: 0.023692077957093716
  view-data: 0.024402646347880363
