times:
  edit-metadata: 2.0802843254059553
  landing: 0.020092183724045753
  view-data: 0.2959839627146721
