times:
  edit-metadata: 1.86434605717659
  landing: 0.019122453406453133
  view-data: 0.024942535907030106
