times:
  edit-metadata: 1.314791060052812
  landing: 0.07822036510333419
  view-data: 0.36793956719338894
