times:
  edit-metadata: 2.0813614185899496
  landing: 0.13293415680527687
  view-data: 0.34530114009976387
