times:
  edit-metadata: 1.1882473519071937
  landing: 0.056326250080019236
  view-data: 0.23430163692682981
