times:
  edit-metadata: 2.2678336035460234
  landing: 0.1911806520074606
  view-data: 0.1857299767434597
