times:
  edit-metadata: 1.8989502433687449
  landing: 0.2173438547179103
  view-data: 0.14985832292586565
