times:
  edit-metadata: 1.8677247669547796
  landing: 0.20536525174975395
  view-data: 0.476371961645782
