times:
  edit-metadata: 1.9668025113642216
  landing: 0.1348421899601817
  view-data: 0.1324411928653717
