times:
  edit-metadata: 1.905669515952468
  landing: 0.020926767960190773
  view-data: 0.023914843797683716
