times:
  edit-metadata: 2.15620344504714
  landing: 0.20174426771700382
  view-data: 0.21082352474331856
