times:
  edit-metadata: 1.9384310990571976
  landing: 0.12708290107548237
  view-data: 0.09407257288694382
