times:
  edit-metadata: 2.479992315173149
  landing: 0.020800244063138962
  view-data: 0.046959834173321724
