times:
  edit-metadata: 1.4183776900172234
  landing: 0.06444767117500305
  view-data: 0.34515917394310236
