times:
  edit-metadata: 2.11429051309824
  landing: 0.022091610357165337
  view-data: 0.059674251824617386
