times:
  edit-metadata: 1.9043054170906544
  landing: 0.023108627647161484
  view-data: 0.4134181570261717
