times:
  edit-metadata: 2.379117053002119
  landing: 0.1480467077344656
  view-data: 0.026870176196098328
