times:
  edit-metadata: 1.9086788846179843
  landing: 0.13155541196465492
  view-data: 0.023777983151376247
