times:
  edit-metadata: 1.2238969262689352
  landing: 0.047529445961117744
  view-data: 0.32517064502462745
