times:
  edit-metadata: 1.2665761220268905
  landing: 0.051154831890016794
  view-data: 0.26677590934559703
