times:
  edit-metadata: 1.8965232390910387
  landing: 0.020320748910307884
  view-data: 0.02429104410111904
