times:
  edit-metadata: 1.2869704039767385
  landing: 0.04570760112255812
  view-data: 0.23700672201812267
