times:
  edit-metadata: 1.9383660927414894
  landing: 0.02328677847981453
  view-data: 0.025194428861141205
