times:
  edit-metadata: 2.0999371875077486
  landing: 0.05093122739344835
  view-data: 0.024074924178421497
