times:
  edit-metadata: 1.84878468234092
  landing: 0.020155717618763447
  view-data: 0.11419391073286533
