times:
  edit-metadata: 1.273646834306419
  landing: 0.038490254897624254
  view-data: 0.31358940387144685
