times:
  edit-metadata: 1.8085643034428358
  landing: 0.22664171271026134
  view-data: 0.12273572199046612
