times:
  edit-metadata: 1.9462241269648075
  landing: 0.14376650378108025
  view-data: 0.14518454670906067
