times:
  edit-metadata: 1.911404812708497
  landing: 0.3020844254642725
  view-data: 0.1352420812472701
