times:
  edit-metadata: 1.0208546468056738
  landing: 0.05655409395694733
  view-data: 0.2328786738216877
