times:
  edit-metadata: 1.1492695738561451
  landing: 0.07849441794678569
  view-data: 0.24846042832359672
