times:
  edit-metadata: 1.889707988128066
  landing: 0.23073923215270042
  view-data: 0.14224840886890888
