times:
  edit-metadata: 2.644866356626153
  landing: 0.21737456321716309
  view-data: 0.025180527940392494
