times:
  edit-metadata: 1.7451152773573995
  landing: 0.02453253511339426
  view-data: 0.024960880167782307
