times:
  edit-metadata: 1.9444029219448566
  landing: 0.2061455436050892
  view-data: 0.24394719302654266
