times:
  edit-metadata: 1.985281515866518
  landing: 0.019329119473695755
  view-data: 0.024369271472096443
