times:
  edit-metadata: 1.976756040006876
  landing: 0.19868715666234493
  view-data: 0.5759112574160099
