times:
  edit-metadata: 2.1781277786940336
  landing: 0.14221455715596676
  view-data: 0.20971449464559555
