times:
  edit-metadata: 2.3064307626336813
  landing: 0.04886074736714363
  view-data: 0.02765282802283764
