times:
  edit-metadata: 3.145648641511798
  landing: 0.20545310154557228
  view-data: 0.33310724794864655
