times:
  edit-metadata: 2.5923159681260586
  landing: 0.022333208471536636
  view-data: 0.3834039904177189
