times:
  edit-metadata: 2.7170474752783775
  landing: 0.1304320190101862
  view-data: 0.33611572347581387
