times:
  edit-metadata: 2.323351686820388
  landing: 0.05120490863919258
  view-data: 0.40756657533347607
