times:
  edit-metadata: 1.9061878910288215
  landing: 0.021358374506235123
  view-data: 0.13068487402051687
