times:
  edit-metadata: 1.9161088969558477
  landing: 0.12140523828566074
  view-data: 0.027946120128035545
