times:
  edit-metadata: 1.189074691850692
  landing: 0.04704053094610572
  view-data: 0.2387692593038082
