times:
  edit-metadata: 2.0010394416749477
  landing: 0.02134694717824459
  view-data: 0.025848235934972763
