times:
  edit-metadata: 1.2339689419604838
  landing: 0.04482737369835377
  view-data: 0.23368895798921585
