times:
  edit-metadata: 2.5305192042142153
  landing: 0.32367670722305775
  view-data: 0.3270632456988096
