times:
  edit-metadata: 1.023989435750991
  landing: 0.05496318731456995
  view-data: 0.24290979094803333
