times:
  edit-metadata: 1.9012801945209503
  landing: 0.13889816217124462
  view-data: 0.02331307716667652
