times:
  edit-metadata: 1.9094842802733183
  landing: 0.021343044936656952
  view-data: 0.27124486304819584
