times:
  edit-metadata: 1.9084690734744072
  landing: 0.022736944258213043
  view-data: 0.02775655873119831
