times:
  edit-metadata: 1.7688162792474031
  landing: 0.020566904917359352
  view-data: 0.025472874753177166
