times:
  edit-metadata: 1.8531437637284398
  landing: 0.12909969128668308
  view-data: 0.4727616747841239
