times:
  edit-metadata: 1.9606548957526684
  landing: 0.019277038052678108
  view-data: 0.02466966025531292
