times:
  edit-metadata: 1.9330147430300713
  landing: 0.1932010017335415
  view-data: 0.3090042192488909
