times:
  edit-metadata: 1.9447244424372911
  landing: 0.0223525520414114
  view-data: 0.03482372872531414
