times:
  edit-metadata: 2.690817654132843
  landing: 0.21871215477585793
  view-data: 0.41008194722235203
