times:
  edit-metadata: 1.4713581148535013
  landing: 0.05057744262740016
  view-data: 0.24929047981277108
