times:
  edit-metadata: 1.9292943384498358
  landing: 0.11990376375615597
  view-data: 0.1409490667283535
