times:
  edit-metadata: 2.3495143856853247
  landing: 0.34122718311846256
  view-data: 0.14003559947013855
