times:
  edit-metadata: 2.4104297067970037
  landing: 0.3053676597774029
  view-data: 0.4238753914833069
