times:
  edit-metadata: 1.863302432000637
  landing: 0.01914813369512558
  view-data: 0.11868886277079582
