times:
  edit-metadata: 2.0462084487080574
  landing: 0.023049039766192436
  view-data: 0.3528854753822088
