times:
  edit-metadata: 1.7385995965451002
  landing: 0.020576816983520985
  view-data: 0.024729915894567966
