times:
  edit-metadata: 1.9121372662484646
  landing: 0.13028745166957378
  view-data: 0.1400775071233511
