times:
  edit-metadata: 1.92287215590477
  landing: 0.020330851897597313
  view-data: 0.1423965934664011
