times:
  edit-metadata: 1.8953098971396685
  landing: 0.02206999808549881
  view-data: 0.026356909424066544
