times:
  edit-metadata: 1.155551987234503
  landing: 0.1212389669381082
  view-data: 0.23833329789340496
