times:
  edit-metadata: 1.9075209889560938
  landing: 0.023636024445295334
  view-data: 0.029360456392169
