times:
  edit-metadata: 1.9717553444206715
  landing: 0.12274553999304771
  view-data: 0.022480934858322144
