times:
  edit-metadata: 2.3182604145258665
  landing: 0.16127236373722553
  view-data: 0.3258289135992527
