times:
  edit-metadata: 1.906915931031108
  landing: 0.12909758649766445
  view-data: 0.14534637704491615
