times:
  edit-metadata: 2.224273920059204
  landing: 0.02511700801551342
  view-data: 0.4395373687148094
