times:
  edit-metadata: 2.0136809032410383
  landing: 0.23506942950189114
  view-data: 0.02323245257139206
