times:
  edit-metadata: 2.0641828197985888
  landing: 0.208446410484612
  view-data: 0.4550514677539468
