times:
  edit-metadata: 2.5156709644943476
  landing: 0.23062293604016304
  view-data: 0.02825758047401905
