times:
  edit-metadata: 1.9141607247292995
  landing: 0.019458139315247536
  view-data: 0.3174440525472164
