times:
  edit-metadata: 2.277785886079073
  landing: 0.18424063548445702
  view-data: 0.1726725473999977
