times:
  edit-metadata: 2.21771626919508
  landing: 0.43695010989904404
  view-data: 0.4033122807741165
