times:
  edit-metadata: 2.155760083347559
  landing: 0.16276424750685692
  view-data: 0.03143873065710068
