times:
  edit-metadata: 1.9180792197585106
  landing: 0.15275955013930798
  view-data: 0.025022847577929497
