times:
  edit-metadata: 1.8700780039653182
  landing: 0.12845743261277676
  view-data: 0.4354103794321418
