times:
  edit-metadata: 2.022100977599621
  landing: 0.3004564568400383
  view-data: 0.17153504118323326
