times:
  edit-metadata: 2.0555290151387453
  landing: 0.13495907746255398
  view-data: 0.024207226932048798
