times:
  edit-metadata: 2.022586403414607
  landing: 0.02041582763195038
  view-data: 0.3737777564674616
