times:
  edit-metadata: 1.974845964461565
  landing: 0.026328418403863907
  view-data: 0.027637874707579613
