times:
  edit-metadata: 2.8513861801475286
  landing: 0.31379020772874355
  view-data: 0.34217371232807636
