times:
  edit-metadata: 1.2534836819395423
  landing: 0.04022679477930069
  view-data: 0.381507168058306
