times:
  edit-metadata: 1.987623106688261
  landing: 0.14166073128581047
  view-data: 0.025324596092104912
