times:
  edit-metadata: 1.9339559376239777
  landing: 0.019947843626141548
  view-data: 0.026597360149025917
