times:
  edit-metadata: 1.2962052249349654
  landing: 0.09956975327804685
  view-data: 0.22848070319741964
