times:
  edit-metadata: 1.8933958169072866
  landing: 0.11610665917396545
  view-data: 0.024990232661366463
