times:
  edit-metadata: 1.9486521314829588
  landing: 0.22017999924719334
  view-data: 0.023807134479284286
