times:
  edit-metadata: 2.134534941986203
  landing: 0.02274559624493122
  view-data: 0.23106999322772026
