times:
  edit-metadata: 1.903851367533207
  landing: 0.19068269059062004
  view-data: 0.02371000312268734
