times:
  edit-metadata: 1.1821413380093873
  landing: 0.04346058331429958
  view-data: 0.24220936791971326
