times:
  edit-metadata: 1.8901183288544416
  landing: 0.019335202872753143
  view-data: 0.31584877148270607
