times:
  edit-metadata: 1.9551198594272137
  landing: 0.1749301217496395
  view-data: 0.4308175165206194
