times:
  edit-metadata: 1.8374697584658861
  landing: 0.019085297361016273
  view-data: 0.022905290126800537
