times:
  edit-metadata: 2.2459213342517614
  landing: 0.27073789574205875
  view-data: 0.4861932843923569
