times:
  edit-metadata: 2.1222589164972305
  landing: 0.02642858400940895
  view-data: 0.31905198842287064
