times:
  edit-metadata: 1.916731858626008
  landing: 0.02065194398164749
  view-data: 0.024928556755185127
