times:
  edit-metadata: 1.8703134702518582
  landing: 0.021714432165026665
  view-data: 0.12695284001529217
