times:
  edit-metadata: 1.864728981629014
  landing: 0.018730418756604195
  view-data: 0.02804538980126381
