times:
  edit-metadata: 2.4341313503682613
  landing: 0.30362163484096527
  view-data: 0.18741361796855927
