times:
  edit-metadata: 1.047294464893639
  landing: 0.05160948308184743
  view-data: 0.23979672603309155
