times:
  edit-metadata: 1.8559579439461231
  landing: 0.20572152361273766
  view-data: 0.024739623069763184
