times:
  edit-metadata: 1.8926005009561777
  landing: 0.021079298108816147
  view-data: 0.026933005079627037
