times:
  edit-metadata: 1.9191306754946709
  landing: 0.12365856021642685
  view-data: 0.024104591459035873
