times:
  edit-metadata: 2.0246774442493916
  landing: 0.3005544673651457
  view-data: 0.3520610090345144
