times:
  edit-metadata: 1.9403554545715451
  landing: 0.15102866478264332
  view-data: 0.02397806290537119
