times:
  edit-metadata: 1.9679515957832336
  landing: 0.11918943747878075
  view-data: 0.33580172061920166
