times:
  edit-metadata: 1.8355087991803885
  landing: 0.018695524893701077
  view-data: 0.4727501757442951
