times:
  edit-metadata: 2.6677915286272764
  landing: 0.44438836723566055
  view-data: 0.3357606288045645
