times:
  edit-metadata: 1.9243541788309813
  landing: 0.0201041828840971
  view-data: 0.02264227345585823
