times:
  edit-metadata: 2.070641914382577
  landing: 0.23135129548609257
  view-data: 0.06647592410445213
