times:
  edit-metadata: 1.9038393702358007
  landing: 0.021409044042229652
  view-data: 0.2556616459041834
