times:
  edit-metadata: 2.3032625634223223
  landing: 0.1664691399782896
  view-data: 0.3764615673571825
