times:
  edit-metadata: 1.9139435701072216
  landing: 0.02202865667641163
  view-data: 0.027572665363550186
