times:
  edit-metadata: 1.7416639002040029
  landing: 0.12586822919547558
  view-data: 0.12298969551920891
