times:
  edit-metadata: 2.4421986117959023
  landing: 0.31117483228445053
  view-data: 0.026629000902175903
