times:
  edit-metadata: 1.8974020574241877
  landing: 0.02040497213602066
  view-data: 0.28183517418801785
