times:
  edit-metadata: 0.4382708491757512
  landing: 0.036947544664144516
  view-data: 0.1999770775437355
