times:
  edit-metadata: 0.45502861961722374
  landing: 0.04413207061588764
  view-data: 0.4558613644912839
