times:
  edit-metadata: 0.4424107326194644
  landing: 0.052092608995735645
  view-data: 0.3484945688396692
