times:
  edit-metadata: 0.4444548599421978
  landing: 0.04236800502985716
  view-data: 0.329934380017221
