times:
  edit-metadata: 1.4969561845064163
  landing: 0.2172441016882658
  view-data: 0.14262079074978828
