times:
  edit-metadata: 1.424621557816863
  landing: 0.021535048261284828
  view-data: 0.3497629798948765
