times:
  edit-metadata: 1.3469452355057001
  landing: 0.31947881914675236
  view-data: 0.14776259660720825
