times:
  edit-metadata: 1.309319755062461
  landing: 0.02151723951101303
  view-data: 0.023152830079197884
