times:
  edit-metadata: 1.7605206593871117
  landing: 0.37512442097067833
  view-data: 0.03366428427398205
