times:
  edit-metadata: 1.5295878499746323
  landing: 0.2562309168279171
  view-data: 0.1736998688429594
