times:
  edit-metadata: 1.5915250927209854
  landing: 0.2910267123952508
  view-data: 0.3345860494300723
