times:
  edit-metadata: 1.4055986814200878
  landing: 0.0207805372774601
  view-data: 0.15023821592330933
