times:
  edit-metadata: 1.3697661869227886
  landing: 0.1884507555514574
  view-data: 0.026812564581632614
