times:
  edit-metadata: 1.5885077603161335
  landing: 0.26653703674674034
  view-data: 0.1697987448424101
