times:
  edit-metadata: 1.5375208090990782
  landing: 0.17101424559950829
  view-data: 0.4668506644666195
