times:
  edit-metadata: 1.3062840905040503
  landing: 0.020481908693909645
  view-data: 0.029097765684127808
