times:
  edit-metadata: 1.395973863080144
  landing: 0.023136205971240997
  view-data: 0.024903642013669014
