times:
  edit-metadata: 0.6592471790499985
  landing: 0.11790116271004081
  view-data: 0.2710105488076806
