times:
  edit-metadata: 1.4458709359169006
  landing: 0.05473145842552185
  view-data: 0.025227811187505722
