times:
  edit-metadata: 0.6301054009236395
  landing: 0.06698059011250734
  view-data: 0.22890258533880115
