times:
  edit-metadata: 1.3509415462613106
  landing: 0.1309287715703249
  view-data: 0.2308211736381054
