times:
  edit-metadata: 1.3448976054787636
  landing: 0.16097011417150497
  view-data: 0.02592872641980648
