times:
  edit-metadata: 1.9931915123015642
  landing: 0.2750370018184185
  view-data: 0.5232883393764496
