times:
  edit-metadata: 1.284087797626853
  landing: 0.020838022232055664
  view-data: 0.025618484243750572
