times:
  edit-metadata: 0.5274196951650083
  landing: 0.05213275505229831
  view-data: 0.21083788201212883
