times:
  edit-metadata: 1.4883821811527014
  landing: 0.22110781352967024
  view-data: 0.28740824665874243
