times:
  edit-metadata: 1.3999413065612316
  landing: 0.019257787615060806
  view-data: 0.2782237846404314
