times:
  edit-metadata: 1.6855774307623506
  landing: 0.01878375932574272
  view-data: 0.023380943574011326
