times:
  edit-metadata: 1.4924217630177736
  landing: 0.026712724938988686
  view-data: 0.3162402752786875
