times:
  edit-metadata: 1.2748166266828775
  landing: 0.01914933044463396
  view-data: 0.1204123767092824
