times:
  edit-metadata: 0.5301302238367498
  landing: 0.04946892289444804
  view-data: 0.20342903630807996
