times:
  edit-metadata: 1.3756104484200478
  landing: 0.01950317807495594
  view-data: 0.02371436543762684
