times:
  edit-metadata: 1.3501746840775013
  landing: 0.11670750007033348
  view-data: 0.02555040270090103
