times:
  edit-metadata: 1.2725721634924412
  landing: 0.023365607485175133
  view-data: 0.02519751340150833
