times:
  edit-metadata: 1.3707269746810198
  landing: 0.025129791349172592
  view-data: 0.29201426170766354
