times:
  edit-metadata: 1.293383190408349
  landing: 0.020021719858050346
  view-data: 0.02260715328156948
