times:
  edit-metadata: 1.4428483033552766
  landing: 0.11976088862866163
  view-data: 0.13644989021122456
