times:
  edit-metadata: 1.3093802509829402
  landing: 0.020368479192256927
  view-data: 0.3235626854002476
