times:
  edit-metadata: 1.3303983006626368
  landing: 0.020027654245495796
  view-data: 0.12223341129720211
