times:
  edit-metadata: 1.4779130201786757
  landing: 0.021477680653333664
  view-data: 0.45867886021733284
