times:
  edit-metadata: 1.3393785003572702
  landing: 0.018079333007335663
  view-data: 0.023594088852405548
