times:
  edit-metadata: 1.5478417742997408
  landing: 0.03364081680774689
  view-data: 0.4178210534155369
