times:
  edit-metadata: 0.5106183271855116
  landing: 0.0929105500690639
  view-data: 0.267754933796823
