times:
  edit-metadata: 1.2836463144049048
  landing: 0.25242573767900467
  view-data: 0.1324097402393818
