times:
  edit-metadata: 0.5453824740834534
  landing: 0.04860673425719142
  view-data: 0.2910694000311196
