times:
  edit-metadata: 1.3734839539974928
  landing: 0.01912924461066723
  view-data: 0.026142217218875885
