times:
  edit-metadata: 1.472101068124175
  landing: 0.020565509796142578
  view-data: 0.1463863831013441
