times:
  edit-metadata: 1.330932142212987
  landing: 0.02212894707918167
  view-data: 0.02753090299665928
