times:
  edit-metadata: 1.2881256360560656
  landing: 0.017988307401537895
  view-data: 0.1421134825795889
