times:
  edit-metadata: 1.3503604317083955
  landing: 0.02006598562002182
  view-data: 0.3889146037399769
