times:
  edit-metadata: 1.4415340116247535
  landing: 0.24132193252444267
  view-data: 0.17208111472427845
