times:
  edit-metadata: 1.4228428602218628
  landing: 0.019688338041305542
  view-data: 0.02579331211745739
