times:
  edit-metadata: 1.422720443457365
  landing: 0.02056586742401123
  view-data: 0.023791100829839706
