times:
  edit-metadata: 1.3762821853160858
  landing: 0.018694892525672913
  view-data: 0.21946988999843597
