times:
  edit-metadata: 1.4470229828730226
  landing: 0.1368573009967804
  view-data: 0.21497460175305605
