times:
  edit-metadata: 1.4437711611390114
  landing: 0.02059660106897354
  view-data: 0.033699532970786095
