times:
  edit-metadata: 1.3479146044701338
  landing: 0.021651867777109146
  view-data: 0.280358012765646
