times:
  edit-metadata: 0.499984425958246
  landing: 0.06706819124519825
  view-data: 0.1940681878477335
