times:
  edit-metadata: 1.3849713858217
  landing: 0.019891075789928436
  view-data: 0.3079586736857891
