times:
  edit-metadata: 1.2643302008509636
  landing: 0.0209298525005579
  view-data: 0.02633066289126873
