times:
  edit-metadata: 1.2757666930556297
  landing: 0.022316379472613335
  view-data: 0.33879468962550163
