times:
  edit-metadata: 1.4557072799652815
  landing: 0.1504986323416233
  view-data: 0.18090190179646015
