times:
  edit-metadata: 0.5126770287752151
  landing: 0.047422484029084444
  view-data: 0.21475700661540031
