times:
  edit-metadata: 1.4158982764929533
  landing: 0.23817399702966213
  view-data: 0.2529465965926647
