times:
  edit-metadata: 1.5913893040269613
  landing: 0.028356395661830902
  view-data: 0.15640062279999256
