times:
  edit-metadata: 1.334157770499587
  landing: 0.025683879852294922
  view-data: 0.10324043594300747
