times:
  edit-metadata: 1.765812125056982
  landing: 0.32605576142668724
  view-data: 0.02366381138563156
