times:
  edit-metadata: 1.3567321542650461
  landing: 0.17994439229369164
  view-data: 0.32105129584670067
