times:
  edit-metadata: 1.3973732851445675
  landing: 0.019210495054721832
  view-data: 0.3124555069953203
