times:
  edit-metadata: 0.5160778202116489
  landing: 0.06013949401676655
  view-data: 0.20628843130543828
