times:
  edit-metadata: 1.42506168410182
  landing: 0.2163149919360876
  view-data: 0.02601669542491436
