times:
  edit-metadata: 0.5174261489883065
  landing: 0.049151020124554634
  view-data: 0.2134991711936891
