times:
  edit-metadata: 1.4053323455154896
  landing: 0.018546760082244873
  view-data: 0.34234668873250484
