times:
  edit-metadata: 1.7591435052454472
  landing: 0.27309300005435944
  view-data: 0.19646369107067585
