times:
  edit-metadata: 1.5690200682729483
  landing: 0.22869850508868694
  view-data: 0.02644883096218109
