times:
  edit-metadata: 1.2608751114457846
  landing: 0.021666817367076874
  view-data: 0.025382214225828648
