times:
  edit-metadata: 1.2775526652112603
  landing: 0.02023058757185936
  view-data: 0.11842823680490255
