times:
  edit-metadata: 0.7424868391826749
  landing: 0.0908863521181047
  view-data: 0.32231182558462024
