times:
  edit-metadata: 1.3585007656365633
  landing: 0.020771821960806847
  view-data: 0.30504051223397255
