times:
  edit-metadata: 1.3364740572869778
  landing: 0.14417102746665478
  view-data: 0.291964253410697
