times:
  edit-metadata: 0.7787842312827706
  landing: 0.06903788726776838
  view-data: 0.24950580904260278
