times:
  edit-metadata: 0.6947966292500496
  landing: 0.03893919102847576
  view-data: 0.3113894979469478
