times:
  edit-metadata: 1.3010421823710203
  landing: 0.02216208539903164
  view-data: 0.29993727803230286
