times:
  edit-metadata: 1.2952478528022766
  landing: 0.14003972336649895
  view-data: 0.33741968870162964
