times:
  edit-metadata: 1.3278335751965642
  landing: 0.021170126274228096
  view-data: 0.449466984719038
