times:
  edit-metadata: 2.0976250413805246
  landing: 0.40627712197601795
  view-data: 0.351410748437047
