times:
  edit-metadata: 1.3472211472690105
  landing: 0.023785671219229698
  view-data: 0.02581156976521015
