times:
  edit-metadata: 1.3136750552803278
  landing: 0.02364465408027172
  view-data: 0.13112365826964378
