times:
  edit-metadata: 1.6141446344554424
  landing: 0.2667517252266407
  view-data: 0.43498690612614155
