times:
  edit-metadata: 1.322841800749302
  landing: 0.021302226930856705
  view-data: 0.02310899645090103
