times:
  edit-metadata: 0.8697127848863602
  landing: 0.03930523619055748
  view-data: 0.21391339367255569
