times:
  edit-metadata: 1.366846103221178
  landing: 0.01972508430480957
  view-data: 0.030924100428819656
