times:
  edit-metadata: 1.2959443647414446
  landing: 0.021156834438443184
  view-data: 0.026563843712210655
