times:
  edit-metadata: 1.738168090581894
  landing: 0.0534184854477644
  view-data: 0.15665088035166264
