times:
  edit-metadata: 1.6174768973141909
  landing: 0.2117088157683611
  view-data: 0.37331270799040794
