times:
  edit-metadata: 1.3209216948598623
  landing: 0.02108108252286911
  view-data: 0.33786349184811115
