times:
  edit-metadata: 1.3556413473561406
  landing: 0.24319451954215765
  view-data: 0.24823787156492472
