times:
  edit-metadata: 1.367338741198182
  landing: 0.023441137745976448
  view-data: 0.29522285982966423
