times:
  edit-metadata: 1.6153743285685778
  landing: 0.16584220342338085
  view-data: 0.3526948094367981
