times:
  edit-metadata: 1.2738905400037766
  landing: 0.019157199189066887
  view-data: 0.026612944900989532
