times:
  edit-metadata: 1.6559982523322105
  landing: 0.17103027738630772
  view-data: 0.17042523622512817
