times:
  edit-metadata: 0.7112774718552828
  landing: 0.06605946784839034
  view-data: 0.22957254201173782
