times:
  edit-metadata: 1.3062790613621473
  landing: 0.022247279062867165
  view-data: 0.025945764034986496
