times:
  edit-metadata: 0.5131716728210449
  landing: 0.05358667112886906
  view-data: 0.21778691513463855
