times:
  edit-metadata: 1.333588920533657
  landing: 0.020145772024989128
  view-data: 0.022525528445839882
