times:
  edit-metadata: 1.485719172284007
  landing: 0.24485977180302143
  view-data: 0.15318522229790688
