times:
  edit-metadata: 1.5036319643259048
  landing: 0.25826894119381905
  view-data: 0.43192207999527454
