times:
  edit-metadata: 1.4819252006709576
  landing: 0.1667729876935482
  view-data: 0.1643426399677992
