times:
  edit-metadata: 1.2685005478560925
  landing: 0.02081429958343506
  view-data: 0.025217492133378983
