times:
  edit-metadata: 0.8215399291366339
  landing: 0.07269259309396148
  view-data: 0.2055004332214594
