times:
  edit-metadata: 1.3868784569203854
  landing: 0.11169306002557278
  view-data: 0.2884960528463125
