times:
  edit-metadata: 1.3092828579246998
  landing: 0.23870721273124218
  view-data: 0.022640286013484
