times:
  edit-metadata: 0.7147494107484818
  landing: 0.08259481703862548
  view-data: 0.20778726087883115
