times:
  edit-metadata: 1.4620689321309328
  landing: 0.01919664442539215
  view-data: 0.05437930300831795
