times:
  edit-metadata: 1.5047811809927225
  landing: 0.40178557112812996
  view-data: 0.21569034457206726
