times:
  edit-metadata: 1.8839780520647764
  landing: 0.14466298930346966
  view-data: 0.3886177968233824
