times:
  edit-metadata: 0.6457172790542245
  landing: 0.07373683713376522
  view-data: 0.21358286123722792
