times:
  edit-metadata: 0.7853597532957792
  landing: 0.06347734108567238
  view-data: 0.21601832704618573
