times:
  edit-metadata: 1.3676739428192377
  landing: 0.021271225064992905
  view-data: 0.03190375119447708
