times:
  edit-metadata: 1.3534629233181477
  landing: 0.022099804133176804
  view-data: 0.23135537281632423
