times:
  edit-metadata: 1.344165007583797
  landing: 0.1377292899414897
  view-data: 0.5119459256529808
