times:
  edit-metadata: 1.6379846278578043
  landing: 0.20153317786753178
  view-data: 0.33237109892070293
