times:
  edit-metadata: 1.6152423284947872
  landing: 0.22427579388022423
  view-data: 0.3524535074830055
