times:
  edit-metadata: 1.298255099914968
  landing: 0.0923869889229536
  view-data: 0.026607472449541092
