times:
  edit-metadata: 0.4859059392474592
  landing: 0.06641765963286161
  view-data: 0.27480884129181504
