times:
  edit-metadata: 1.3637622632086277
  landing: 0.02515249513089657
  view-data: 0.3464809041470289
