times:
  edit-metadata: 1.3587656151503325
  landing: 0.19487705267965794
  view-data: 0.3203498534858227
