times:
  edit-metadata: 1.33876271545887
  landing: 0.02198636159300804
  view-data: 0.23975497111678123
