times:
  edit-metadata: 0.7340507097542286
  landing: 0.0814902950078249
  view-data: 0.2250763038173318
