times:
  edit-metadata: 1.3602857738733292
  landing: 0.021717986091971397
  view-data: 0.026476269587874413
