times:
  edit-metadata: 1.4107394870370626
  landing: 0.02140757441520691
  view-data: 0.12419007904827595
