times:
  edit-metadata: 1.5126158744096756
  landing: 0.021221768110990524
  view-data: 0.2920692916959524
