times:
  edit-metadata: 1.3783034142106771
  landing: 0.019065499305725098
  view-data: 0.024468136951327324
