times:
  edit-metadata: 0.4906244622543454
  landing: 0.07063100580126047
  view-data: 0.21355065889656544
