times:
  edit-metadata: 1.2742053885012865
  landing: 0.11662954092025757
  view-data: 0.3197018103674054
