times:
  edit-metadata: 0.5422753393650055
  landing: 0.11059733619913459
  view-data: 0.29283367889001966
