times:
  edit-metadata: 1.3816798450425267
  landing: 0.18873097747564316
  view-data: 0.14211299922317266
