times:
  edit-metadata: 0.7956547876819968
  landing: 0.07039766013622284
  view-data: 0.20078349392861128
