times:
  edit-metadata: 1.770759891718626
  landing: 0.4208351243287325
  view-data: 0.3795524798333645
