times:
  edit-metadata: 0.5185162550769746
  landing: 0.04248917801305652
  view-data: 0.20558179216459394
