times:
  edit-metadata: 1.331008629873395
  landing: 0.01932949386537075
  view-data: 0.024898743256926537
