times:
  edit-metadata: 1.4800484124571085
  landing: 0.26297810301184654
  view-data: 0.28137301839888096
