times:
  edit-metadata: 1.31327941454947
  landing: 0.02175091952085495
  view-data: 0.02754557691514492
