times:
  edit-metadata: 1.3599278647452593
  landing: 0.02296096831560135
  view-data: 0.10238859802484512
