times:
  edit-metadata: 1.3490548990666866
  landing: 0.019282538443803787
  view-data: 0.22413013502955437
