times:
  edit-metadata: 1.4441381990909576
  landing: 0.13337165489792824
  view-data: 0.14546270668506622
