times:
  edit-metadata: 1.3123014029115438
  landing: 0.02394803613424301
  view-data: 0.28946745581924915
