times:
  edit-metadata: 1.4200299307703972
  landing: 0.017948294058442116
  view-data: 0.3786829961463809
