times:
  edit-metadata: 1.314142907038331
  landing: 0.20759994350373745
  view-data: 0.12564767710864544
