times:
  edit-metadata: 0.616122268140316
  landing: 0.15846648486331105
  view-data: 0.2021993100643158
