times:
  edit-metadata: 1.3904060404747725
  landing: 0.16737976670265198
  view-data: 0.1476956456899643
