times:
  edit-metadata: 1.3447776157408953
  landing: 0.020582150667905807
  view-data: 0.1211862750351429
