times:
  edit-metadata: 2.6067280787974596
  landing: 0.034119946882128716
  view-data: 0.4968817811459303
