times:
  edit-metadata: 1.4603479243814945
  landing: 0.019376262091100216
  view-data: 0.036817766726017
