times:
  edit-metadata: 1.337779726833105
  landing: 0.022017600014805794
  view-data: 0.02362295612692833
