times:
  edit-metadata: 1.3449665401130915
  landing: 0.19593158178031445
  view-data: 0.12890002876520157
