times:
  edit-metadata: 1.344373108819127
  landing: 0.22007512114942074
  view-data: 0.1360269021242857
