times:
  edit-metadata: 1.4427114883437753
  landing: 0.01948721334338188
  view-data: 0.22840818297117949
