times:
  edit-metadata: 1.9075874518603086
  landing: 0.274025809019804
  view-data: 0.3869618624448776
