times:
  edit-metadata: 1.388649646192789
  landing: 0.11938259191811085
  view-data: 0.09910171292722225
