times:
  edit-metadata: 1.6266704108566046
  landing: 0.13045994751155376
  view-data: 0.1365467570722103
