times:
  edit-metadata: 1.3939800430089235
  landing: 0.022431915625929832
  view-data: 0.12459039315581322
