times:
  edit-metadata: 1.3565364126116037
  landing: 0.18901607766747475
  view-data: 0.023504221811890602
