times:
  edit-metadata: 1.5757048688828945
  landing: 0.05553036369383335
  view-data: 0.41971661895513535
