times:
  edit-metadata: 1.9616518719121814
  landing: 0.02280739415436983
  view-data: 0.222095912322402
