times:
  edit-metadata: 1.4549202267080545
  landing: 0.021417992189526558
  view-data: 0.028809407725930214
