times:
  edit-metadata: 1.6182098742574453
  landing: 0.023015929386019707
  view-data: 0.32855079509317875
