times:
  edit-metadata: 1.3409705013036728
  landing: 0.02572297677397728
  view-data: 0.370154220610857
