times:
  edit-metadata: 1.4642833210527897
  landing: 0.1543454322963953
  view-data: 0.1492369845509529
