times:
  edit-metadata: 2.300807916559279
  landing: 0.047626983374357224
  view-data: 0.02327456697821617
