times:
  edit-metadata: 2.2234361646696925
  landing: 0.1971173072233796
  view-data: 0.47311520390212536
