times:
  edit-metadata: 2.1679401341825724
  landing: 0.020487405359745026
  view-data: 0.32814610563218594
