times:
  edit-metadata: 2.599612817168236
  landing: 0.019718537107110023
  view-data: 0.4275368358939886
