times:
  edit-metadata: 1.3793225749395788
  landing: 0.13411710783839226
  view-data: 0.3472415320575237
