times:
  edit-metadata: 2.215070130303502
  landing: 0.018908243626356125
  view-data: 0.02357541397213936
