times:
  edit-metadata: 2.1978041604161263
  landing: 0.02350763976573944
  view-data: 0.026182420551776886
