times:
  edit-metadata: 3.1633010488003492
  landing: 0.22606552299112082
  view-data: 0.23861861787736416
