times:
  edit-metadata: 1.481439074035734
  landing: 0.06318302685394883
  view-data: 0.3400792242027819
