times:
  edit-metadata: 1.2212666072882712
  landing: 0.07168634096160531
  view-data: 0.25067245680838823
