times:
  edit-metadata: 2.229535565711558
  landing: 0.16323272790759802
  view-data: 0.4733684230595827
