times:
  edit-metadata: 1.4127247757278383
  landing: 0.059854584746062756
  view-data: 0.25177744636312127
