times:
  edit-metadata: 4.256886541843414
  landing: 0.26467055082321167
  view-data: 0.37218765914440155
