times:
  edit-metadata: 1.462044042069465
  landing: 0.04853498609736562
  view-data: 0.2515526949428022
