times:
  edit-metadata: 2.48553011007607
  landing: 0.14001476019620895
  view-data: 0.41040579974651337
