times:
  edit-metadata: 1.4409956960007548
  landing: 0.08997042197734118
  view-data: 0.33055093325674534
