times:
  edit-metadata: 2.112806400284171
  landing: 0.019613254815340042
  view-data: 0.2908965442329645
