times:
  edit-metadata: 2.221596583724022
  landing: 0.12245803792029619
  view-data: 0.13309259805828333
