times:
  edit-metadata: 2.3018031921237707
  landing: 0.1662631882354617
  view-data: 0.022533388808369637
