times:
  edit-metadata: 2.296723550185561
  landing: 0.018636060878634453
  view-data: 0.1425488255918026
