times:
  edit-metadata: 3.2571172043681145
  landing: 0.021376078948378563
  view-data: 0.026243938133120537
