times:
  edit-metadata: 1.2016469687223434
  landing: 0.06445259600877762
  view-data: 0.24668556405231357
