times:
  edit-metadata: 1.4796504471451044
  landing: 0.03945894492790103
  view-data: 0.2676081699319184
