times:
  edit-metadata: 2.443005895242095
  landing: 0.2727696932852268
  view-data: 0.4399155583232641
