times:
  edit-metadata: 1.2216520789079368
  landing: 0.0718988380394876
  view-data: 0.2600826770067215
