times:
  edit-metadata: 2.2388718146830797
  landing: 0.13995972461998463
  view-data: 0.03433051146566868
