times:
  edit-metadata: 2.542507216334343
  landing: 0.29161541908979416
  view-data: 0.19245804846286774
