times:
  edit-metadata: 2.1638338146731257
  landing: 0.020037795417010784
  view-data: 0.022680691443383694
