times:
  edit-metadata: 1.184271786827594
  landing: 0.07072298601269722
  view-data: 0.24821180664002895
