times:
  edit-metadata: 2.1904811756685376
  landing: 0.19236425310373306
  view-data: 0.45406167954206467
