times:
  edit-metadata: 2.19628824852407
  landing: 0.12375409714877605
  view-data: 0.13973544165492058
