times:
  edit-metadata: 2.2080621011555195
  landing: 0.1292631309479475
  view-data: 0.3883670475333929
