times:
  edit-metadata: 2.165977006778121
  landing: 0.19207931216806173
  view-data: 0.11668374016880989
