times:
  edit-metadata: 1.4771202304400504
  landing: 0.08175111887976527
  view-data: 0.365893276873976
