times:
  edit-metadata: 2.2626741025596857
  landing: 0.022069072350859642
  view-data: 0.025967244058847427
