times:
  edit-metadata: 2.1336000859737396
  landing: 0.021326187998056412
  view-data: 0.05146045982837677
