times:
  edit-metadata: 2.2953379284590483
  landing: 0.03319089859724045
  view-data: 0.0308757983148098
