times:
  edit-metadata: 1.4024964831769466
  landing: 0.11943035013973713
  view-data: 0.2519407570362091
