times:
  edit-metadata: 1.4495937777683139
  landing: 0.05891341296955943
  view-data: 0.3694900730624795
