times:
  edit-metadata: 2.396715883165598
  landing: 0.23035837337374687
  view-data: 0.3491776306182146
