times:
  edit-metadata: 2.569264456629753
  landing: 0.185655128210783
  view-data: 0.025114204734563828
