times:
  edit-metadata: 2.6895579881966114
  landing: 0.3011749889701605
  view-data: 0.15242530591785908
