times:
  edit-metadata: 3.3447929564863443
  landing: 0.3212607856839895
  view-data: 0.350838340818882
