times:
  edit-metadata: 2.4943754840642214
  landing: 0.19695304706692696
  view-data: 0.3870912939310074
