times:
  edit-metadata: 2.4227219466120005
  landing: 0.23419497534632683
  view-data: 0.3655490521341562
