times:
  edit-metadata: 2.2296270187944174
  landing: 0.022761603817343712
  view-data: 0.02563965506851673
