times:
  edit-metadata: 2.317016901448369
  landing: 0.022651197388768196
  view-data: 0.3103107325732708
