times:
  edit-metadata: 1.2873459882102907
  landing: 0.11320547061040998
  view-data: 0.254124749917537
