times:
  edit-metadata: 2.1781079759821296
  landing: 0.021526833064854145
  view-data: 0.09798388183116913
