times:
  edit-metadata: 2.229486676864326
  landing: 0.13419079221785069
  view-data: 0.02790071628987789
