times:
  edit-metadata: 1.3867659722454846
  landing: 0.048147981986403465
  view-data: 0.3579040039330721
