times:
  edit-metadata: 2.1381045822054148
  landing: 0.021446816623210907
  view-data: 0.02661195956170559
