times:
  edit-metadata: 2.197698545642197
  landing: 0.03155141323804855
  view-data: 0.024383477866649628
