times:
  edit-metadata: 2.2152266455814242
  landing: 0.02075929194688797
  view-data: 0.4313838630914688
