times:
  edit-metadata: 2.26356116309762
  landing: 0.1916707418859005
  view-data: 0.31769912876188755
