times:
  edit-metadata: 2.9676186237484217
  landing: 0.288018761202693
  view-data: 0.36207683570683
