times:
  edit-metadata: 2.2261226046830416
  landing: 0.022219909355044365
  view-data: 0.27913200482726097
