times:
  edit-metadata: 2.606240477412939
  landing: 0.2210066933184862
  view-data: 0.33180549554526806
