times:
  edit-metadata: 2.3004233818501234
  landing: 0.01961691491305828
  view-data: 0.02545167040079832
