times:
  edit-metadata: 2.2912323120981455
  landing: 0.019181903451681137
  view-data: 0.32533892430365086
