times:
  edit-metadata: 2.3173126447945833
  landing: 0.1523877363651991
  view-data: 0.15476197563111782
