times:
  edit-metadata: 2.292956041172147
  landing: 0.0213715098798275
  view-data: 0.1397431679069996
