times:
  edit-metadata: 2.7602140698581934
  landing: 0.1392780113965273
  view-data: 0.05189674161374569
