times:
  edit-metadata: 2.2129815872758627
  landing: 0.018955295905470848
  view-data: 0.02313263714313507
