times:
  edit-metadata: 2.2538435757160187
  landing: 0.1377958469092846
  view-data: 0.02284439280629158
