times:
  edit-metadata: 2.226173609495163
  landing: 0.023649826645851135
  view-data: 0.02816770039498806
