times:
  edit-metadata: 2.6765949185937643
  landing: 0.2644948121160269
  view-data: 0.33345952071249485
