times:
  edit-metadata: 2.1878683511167765
  landing: 0.1146576926112175
  view-data: 0.3080291263759136
