times:
  edit-metadata: 2.0844274275004864
  landing: 0.023675769567489624
  view-data: 0.10617182590067387
