times:
  edit-metadata: 2.210791132412851
  landing: 0.02114645391702652
  view-data: 0.023346862755715847
