times:
  edit-metadata: 2.2087994338944554
  landing: 0.022471091710031033
  view-data: 0.1216766694560647
