times:
  edit-metadata: 2.436232415959239
  landing: 0.26829963363707066
  view-data: 0.28566006384789944
