times:
  edit-metadata: 2.0848587471991777
  landing: 0.020288607105612755
  view-data: 0.023311376571655273
