times:
  edit-metadata: 2.17883088439703
  landing: 0.18487095925956964
  view-data: 0.11979629751294851
