times:
  edit-metadata: 2.252603566274047
  landing: 0.022987985983490944
  view-data: 0.36418321169912815
