times:
  edit-metadata: 2.207171513698995
  landing: 0.17956408485770226
  view-data: 0.028808020055294037
