times:
  edit-metadata: 2.1591059025377035
  landing: 0.15315315872430801
  view-data: 0.02311406284570694
