times:
  edit-metadata: 2.3937253952026367
  landing: 0.13280468247830868
  view-data: 0.025958852842450142
