times:
  edit-metadata: 2.211104417219758
  landing: 0.020865103229880333
  view-data: 0.022213879972696304
