times:
  edit-metadata: 2.1878762105479836
  landing: 0.022641905583441257
  view-data: 0.11988110095262527
