times:
  edit-metadata: 2.2332388013601303
  landing: 0.01869196817278862
  view-data: 0.12438025884330273
