times:
  edit-metadata: 2.2719407714903355
  landing: 0.025472277775406837
  view-data: 0.11367085948586464
