times:
  edit-metadata: 2.5544458087533712
  landing: 0.02177494391798973
  view-data: 0.2705893162637949
