times:
  edit-metadata: 2.1879721395671368
  landing: 0.021438319236040115
  view-data: 0.023993846960365772
