times:
  edit-metadata: 2.1067962031811476
  landing: 0.023608638904988766
  view-data: 0.025480423122644424
