times:
  edit-metadata: 2.178529686294496
  landing: 0.018176750279963017
  view-data: 0.1978674056008458
