times:
  edit-metadata: 2.233008136972785
  landing: 0.02010091207921505
  view-data: 0.024713593535125256
