times:
  edit-metadata: 2.859694266691804
  landing: 0.22462435252964497
  view-data: 0.4914159681648016
