times:
  edit-metadata: 2.196986691094935
  landing: 0.02272259071469307
  view-data: 0.11534298956394196
