times:
  edit-metadata: 2.4813966061919928
  landing: 0.13398814760148525
  view-data: 0.49631923250854015
