times:
  edit-metadata: 2.2479546470567584
  landing: 0.12296666763722897
  view-data: 0.027574341744184494
