times:
  edit-metadata: 2.344726687297225
  landing: 0.01937580481171608
  view-data: 0.09921181760728359
