times:
  edit-metadata: 2.191481485031545
  landing: 0.01893039606511593
  view-data: 0.21603563614189625
