times:
  edit-metadata: 2.103614693507552
  landing: 0.020611923187971115
  view-data: 0.02551000937819481
