times:
  edit-metadata: 2.220179977826774
  landing: 0.11120092496275902
  view-data: 0.11723810713738203
