times:
  edit-metadata: 2.2548425598070025
  landing: 0.1736326664686203
  view-data: 0.21164115238934755
