times:
  edit-metadata: 3.850285079330206
  landing: 0.2931672837585211
  view-data: 0.4585000444203615
