times:
  edit-metadata: 2.1600492000579834
  landing: 0.11757556162774563
  view-data: 0.028183244168758392
