times:
  edit-metadata: 2.2404061295092106
  landing: 0.24580124206840992
  view-data: 0.02687748707830906
