times:
  edit-metadata: 2.19457552395761
  landing: 0.16589714027941227
  view-data: 0.024200279265642166
