times:
  edit-metadata: 2.3531888239085674
  landing: 0.2092376947402954
  view-data: 0.12916742265224457
