times:
  edit-metadata: 2.309350864030421
  landing: 0.14411957561969757
  view-data: 0.11660555843263865
