times:
  edit-metadata: 2.1575021371245384
  landing: 0.02231619693338871
  view-data: 0.025634486228227615
