times:
  edit-metadata: 2.590375494211912
  landing: 0.02056538686156273
  view-data: 0.4203664492815733
