times:
  edit-metadata: 2.321293592453003
  landing: 0.020785190165042877
  view-data: 0.024514319375157356
