times:
  edit-metadata: 2.4302801340818405
  landing: 0.37799244187772274
  view-data: 0.051566626876592636
