times:
  edit-metadata: 2.392337555065751
  landing: 0.2070481851696968
  view-data: 0.12654763832688332
