times:
  edit-metadata: 2.6323665753006935
  landing: 0.23715844377875328
  view-data: 0.33013107255101204
