times:
  edit-metadata: 1.4517119540832937
  landing: 0.10531633486971259
  view-data: 0.2981028240174055
