times:
  edit-metadata: 2.227149679325521
  landing: 0.021940757520496845
  view-data: 0.12469802424311638
