times:
  edit-metadata: 2.186094269156456
  landing: 0.019917843863368034
  view-data: 0.023340003564953804
