times:
  edit-metadata: 2.336411213502288
  landing: 0.41231536865234375
  view-data: 0.2756006680428982
