times:
  edit-metadata: 2.259998830035329
  landing: 0.020445359870791435
  view-data: 0.023916183039546013
