times:
  edit-metadata: 2.150249511934817
  landing: 0.02752275299280882
  view-data: 0.1186990812420845
