times:
  edit-metadata: 2.2179487701505423
  landing: 0.13595241867005825
  view-data: 0.31477348506450653
