times:
  edit-metadata: 2.116361826658249
  landing: 0.020981459878385067
  view-data: 0.1254095584154129
