times:
  edit-metadata: 2.483560172840953
  landing: 0.27522929199039936
  view-data: 0.3333413861691952
