times:
  edit-metadata: 2.281425379216671
  landing: 0.20945256389677525
  view-data: 0.12988566793501377
