times:
  edit-metadata: 2.229077897965908
  landing: 0.01942966878414154
  view-data: 0.4852465698495507
