times:
  edit-metadata: 2.213122148066759
  landing: 0.2019163928925991
  view-data: 0.026597285643219948
