times:
  edit-metadata: 2.2533231526613235
  landing: 0.021384574472904205
  view-data: 0.02512591890990734
