times:
  edit-metadata: 1.3607124611735344
  landing: 0.13526670215651393
  view-data: 0.25329796504229307
