times:
  edit-metadata: 2.2647455763071775
  landing: 0.13419395592063665
  view-data: 0.022872834466397762
