times:
  edit-metadata: 2.254907513037324
  landing: 0.21696536242961884
  view-data: 0.023113591596484184
