times:
  edit-metadata: 2.267631556838751
  landing: 0.18943644873797894
  view-data: 0.3992062956094742
