times:
  edit-metadata: 1.1869626301340759
  landing: 0.053816794883459806
  view-data: 0.24314155522733927
