times:
  edit-metadata: 2.1141989305615425
  landing: 0.187335891649127
  view-data: 0.12957907561212778
