times:
  edit-metadata: 2.6251571476459503
  landing: 0.02452169358730316
  view-data: 0.026082759723067284
