times:
  edit-metadata: 2.2948700971901417
  landing: 0.12761827930808067
  view-data: 0.2394789308309555
