times:
  edit-metadata: 2.443216810002923
  landing: 0.022611629217863083
  view-data: 0.41937608644366264
