times:
  edit-metadata: 2.0976670384407043
  landing: 0.01970045268535614
  view-data: 0.02670622430741787
