times:
  edit-metadata: 2.2308225482702255
  landing: 0.1623518504202366
  view-data: 0.3269082475453615
