times:
  edit-metadata: 2.1865335404872894
  landing: 0.02409735694527626
  view-data: 0.10009625367820263
