times:
  edit-metadata: 1.1883950401097536
  landing: 0.06689633009955287
  view-data: 0.24051390402019024
