times:
  edit-metadata: 2.3412634432315826
  landing: 0.23496142588555813
  view-data: 0.4365034606307745
