times:
  edit-metadata: 2.4070677906274796
  landing: 0.1793927550315857
  view-data: 0.14151550829410553
