times:
  edit-metadata: 1.4692973028868437
  landing: 0.04974125185981393
  view-data: 0.26796685298904777
