times:
  edit-metadata: 2.1595130916684866
  landing: 0.020243724808096886
  view-data: 0.026136131957173347
