times:
  edit-metadata: 2.179096754640341
  landing: 0.021468551829457283
  view-data: 0.28261779621243477
