times:
  edit-metadata: 2.1695425054058433
  landing: 0.020534769631922245
  view-data: 0.024578331038355827
