times:
  edit-metadata: 2.239154078066349
  landing: 0.15674686804413795
  view-data: 0.02600768581032753
