times:
  edit-metadata: 2.1889470480382442
  landing: 0.02220849320292473
  view-data: 0.19662306178361177
