times:
  edit-metadata: 2.30967122502625
  landing: 0.26492550410330296
  view-data: 0.13099771365523338
