times:
  edit-metadata: 2.2391766477376223
  landing: 0.11981419287621975
  view-data: 0.023900657892227173
