times:
  edit-metadata: 2.628589376807213
  landing: 0.26129589043557644
  view-data: 0.28730507381260395
