times:
  edit-metadata: 2.3906319830566645
  landing: 0.021299906075000763
  view-data: 0.1256348043680191
