times:
  edit-metadata: 2.3148520942777395
  landing: 0.14364143833518028
  view-data: 0.3155945725739002
