times:
  edit-metadata: 2.3534665862098336
  landing: 0.14163066633045673
  view-data: 0.02349645271897316
