times:
  edit-metadata: 2.1263554710894823
  landing: 0.022077960893511772
  view-data: 0.026272138580679893
