times:
  edit-metadata: 2.1829330436885357
  landing: 0.020687819458544254
  view-data: 0.02466784045100212
