times:
  edit-metadata: 2.2970870081335306
  landing: 0.19745665788650513
  view-data: 0.14431856013834476
