times:
  edit-metadata: 2.0995884789153934
  landing: 0.0215957909822464
  view-data: 0.02443807851523161
