times:
  edit-metadata: 2.269563864916563
  landing: 0.021298089995980263
  view-data: 0.1302262805402279
