times:
  edit-metadata: 2.3064626893028617
  landing: 0.2174082538112998
  view-data: 0.23546519316732883
