times:
  edit-metadata: 1.503442748915404
  landing: 0.11187253519892693
  view-data: 0.23834648681804538
