times:
  edit-metadata: 2.4263219628483057
  landing: 0.03063175641000271
  view-data: 0.2103589866310358
