times:
  edit-metadata: 2.4198549930006266
  landing: 0.22095143981277943
  view-data: 0.02780832350254059
