times:
  edit-metadata: 2.2283768383786082
  landing: 0.15153286699205637
  view-data: 0.22317186556756496
