times:
  edit-metadata: 2.3355657747015357
  landing: 0.1988589335232973
  view-data: 0.0231547299772501
