times:
  edit-metadata: 1.5088552702218294
  landing: 0.0979195199906826
  view-data: 0.37108451407402754
