times:
  edit-metadata: 2.3107837680727243
  landing: 0.12127788364887238
  view-data: 0.29670541919767857
