times:
  edit-metadata: 2.122762743383646
  landing: 0.02308264747262001
  view-data: 0.31119141168892384
