times:
  edit-metadata: 2.261418901383877
  landing: 0.04281971976161003
  view-data: 0.37566487304866314
