times:
  edit-metadata: 2.2886341363191605
  landing: 0.022839337587356567
  view-data: 0.22981441020965576
