times:
  edit-metadata: 2.4811111986637115
  landing: 0.23657398484647274
  view-data: 0.25165170058608055
