times:
  edit-metadata: 2.1131233228370547
  landing: 0.025819027796387672
  view-data: 0.1174720348790288
