times:
  edit-metadata: 1.4038688521832228
  landing: 0.05659600207582116
  view-data: 0.25230672396719456
