times:
  edit-metadata: 2.2368853967636824
  landing: 0.18376065976917744
  view-data: 0.02624489739537239
