times:
  edit-metadata: 2.219337034970522
  landing: 0.13803367502987385
  view-data: 0.02301567606627941
