times:
  edit-metadata: 2.4267732687294483
  landing: 0.2742099408060312
  view-data: 0.026138585060834885
