times:
  edit-metadata: 2.148155157454312
  landing: 0.12663585785776377
  view-data: 0.2698864368721843
