times:
  edit-metadata: 2.2107729837298393
  landing: 0.0199794452637434
  view-data: 0.02686910144984722
