times:
  edit-metadata: 1.2048528720624745
  landing: 0.0665788990445435
  view-data: 0.2685476755723357
