times:
  edit-metadata: 2.1890546958893538
  landing: 0.02114422246813774
  view-data: 0.024838309735059738
