times:
  edit-metadata: 3.5989952627569437
  landing: 0.24690004996955395
  view-data: 0.39848977513611317
