times:
  edit-metadata: 2.624760152772069
  landing: 0.12896722741425037
  view-data: 0.3019505478441715
