times:
  edit-metadata: 2.1550227757543325
  landing: 0.021237442269921303
  view-data: 0.1354962531477213
