times:
  edit-metadata: 2.7272096034139395
  landing: 0.05564449168741703
  view-data: 0.6072911061346531
