times:
  edit-metadata: 2.4741274751722813
  landing: 0.1701303068548441
  view-data: 0.3334442023187876
