times:
  edit-metadata: 3.0109699657186866
  landing: 0.5271538347005844
  view-data: 0.06289327051490545
