times:
  edit-metadata: 2.4173980988562107
  landing: 0.17057763785123825
  view-data: 0.02502584084868431
