times:
  edit-metadata: 1.4336631982587278
  landing: 0.048507066909223795
  view-data: 0.35718800500035286
