times:
  edit-metadata: 2.767626639455557
  landing: 0.18743420392274857
  view-data: 0.042882129549980164
