times:
  edit-metadata: 2.3470423109829426
  landing: 0.138180548325181
  view-data: 0.02662666141986847
