times:
  edit-metadata: 2.1953900158405304
  landing: 0.11352907959371805
  view-data: 0.09869556128978729
