times:
  edit-metadata: 2.188620638102293
  landing: 0.021585697308182716
  view-data: 0.024771016091108322
