times:
  edit-metadata: 2.172477714717388
  landing: 0.020310912281274796
  view-data: 0.023685920983552933
