times:
  edit-metadata: 2.3539946051314473
  landing: 0.019784962758421898
  view-data: 0.022704079747200012
