times:
  edit-metadata: 2.090916248038411
  landing: 0.18377221561968327
  view-data: 0.026574013754725456
