times:
  edit-metadata: 2.2117324881255627
  landing: 0.15537997242063284
  view-data: 0.22905511874705553
