times:
  edit-metadata: 1.4027441199868917
  landing: 0.09298254735767841
  view-data: 0.3504113480448723
