times:
  edit-metadata: 2.214942393824458
  landing: 0.019304564222693443
  view-data: 0.026466485112905502
