times:
  edit-metadata: 0.6271480191498995
  landing: 0.059783085249364376
  view-data: 0.22775833308696747
