times:
  edit-metadata: 0.6788192107342184
  landing: 0.05395419802516699
  view-data: 0.21855142386630177
