times:
  edit-metadata: 0.6135299727320671
  landing: 0.08662683516740799
  view-data: 0.22811489598825574
