times:
  edit-metadata: 0.6114559890702367
  landing: 0.06207701424136758
  view-data: 0.23252350091934204
