times:
  edit-metadata: 1.652173638343811
  landing: 0.17273066937923431
  view-data: 0.1568305529654026
