times:
  edit-metadata: 0.9801110168918967
  landing: 0.06804529996588826
  view-data: 0.24739856598898768
