times:
  edit-metadata: 0.9893559808842838
  landing: 0.0934975310228765
  view-data: 0.20736471191048622
