times:
  edit-metadata: 0.7137490939348936
  landing: 0.06823232723399997
  view-data: 0.23995087202638388
