times:
  edit-metadata: 0.7898778137750924
  landing: 0.09802544303238392
  view-data: 0.21966169215738773
