times:
  edit-metadata: 0.8397326758131385
  landing: 0.1366120893508196
  view-data: 0.22049624100327492
