times:
  edit-metadata: 0.632761653047055
  landing: 0.12246262514963746
  view-data: 0.2357020410709083
