times:
  edit-metadata: 0.8162578190676868
  landing: 0.15880662063136697
  view-data: 0.24771815072745085
