times:
  edit-metadata: 0.6406913851387799
  landing: 0.06847767578437924
  view-data: 0.22842205874621868
