times:
  edit-metadata: 0.8696035081520677
  landing: 0.128674338106066
  view-data: 0.24620083533227444
