times:
  edit-metadata: 0.8371252808719873
  landing: 0.1354823112487793
  view-data: 0.21960238786414266
