times:
  edit-metadata: 0.664973421022296
  landing: 0.042767496313899755
  view-data: 0.2550706220790744
