times:
  edit-metadata: 0.7649658806622028
  landing: 0.0936330440454185
  view-data: 0.21964522823691368
