times:
  edit-metadata: 0.9231254272162914
  landing: 0.060697440057992935
  view-data: 0.23581559536978602
