times:
  edit-metadata: 0.6392734907567501
  landing: 0.09868502803146839
  view-data: 0.3468018467538059
