times:
  edit-metadata: 1.6518492847681046
  landing: 0.2359059825539589
  view-data: 0.42767670191824436
