times:
  edit-metadata: 0.7357973400503397
  landing: 0.06954818731173873
  view-data: 0.3149881758727133
