times:
  edit-metadata: 2.6376410969969584
  landing: 0.17717629400431179
  view-data: 0.36045437699067406
