times:
  edit-metadata: 0.7552195759490132
  landing: 0.08070901781320572
  view-data: 0.21912506828084588
