times:
  edit-metadata: 0.6354444650933146
  landing: 0.06657975167036057
  view-data: 0.21844943799078465
