times:
  edit-metadata: 0.7364471009932458
  landing: 0.059300779830664396
  view-data: 0.30012316489592195
