times:
  edit-metadata: 0.9963625422678888
  landing: 0.07201898703351617
  view-data: 0.2531533380970359
