times:
  edit-metadata: 0.7320147179998457
  landing: 0.1429031533189118
  view-data: 0.3198232618160546
