times:
  edit-metadata: 1.6710184589028358
  landing: 0.17452236451208591
  view-data: 0.3500951398164034
