times:
  edit-metadata: 0.632088681217283
  landing: 0.0759326322004199
  view-data: 0.22374556306749582
