times:
  edit-metadata: 0.6990226469933987
  landing: 0.06386553402990103
  view-data: 0.25816849526017904
