times:
  edit-metadata: 0.9383416539058089
  landing: 0.11437799083068967
  view-data: 0.3020103950984776
