times:
  edit-metadata: 1.7781742326915264
  landing: 0.201848316937685
  view-data: 0.4033869355916977
