times:
  edit-metadata: 1.116957594640553
  landing: 0.11623040959239006
  view-data: 0.02197286207228899
