times:
  edit-metadata: 1.2095081731677055
  landing: 0.024119398556649685
  view-data: 0.026677186600863934
