times:
  edit-metadata: 0.3224811190739274
  landing: 0.0424658739939332
  view-data: 0.1895746672526002
