times:
  edit-metadata: 1.1282765539363027
  landing: 0.020837106741964817
  view-data: 0.4466840596869588
