times:
  edit-metadata: 0.39444627799093723
  landing: 0.04657063214108348
  view-data: 0.20064783422276378
