times:
  edit-metadata: 1.1416887110099196
  landing: 0.13603289239108562
  view-data: 0.15005629789084196
