times:
  edit-metadata: 1.2176163969561458
  landing: 0.021338384598493576
  view-data: 0.024182066321372986
