times:
  edit-metadata: 1.314264578744769
  landing: 0.23340924456715584
  view-data: 0.025346452370285988
