times:
  edit-metadata: 1.1320818262174726
  landing: 0.17793748527765274
  view-data: 0.12186320126056671
