times:
  edit-metadata: 1.141819354146719
  landing: 0.022710556164383888
  view-data: 0.028773967176675797
