times:
  edit-metadata: 1.151574581861496
  landing: 0.020600326359272003
  view-data: 0.2834045495837927
