times:
  edit-metadata: 1.2149104829877615
  landing: 0.13715297263115644
  view-data: 0.13268458005040884
