times:
  edit-metadata: 0.3270965972915292
  landing: 0.040785505436360836
  view-data: 0.18988469615578651
