times:
  edit-metadata: 0.442627530079335
  landing: 0.07722166692838073
  view-data: 0.3136141230352223
