times:
  edit-metadata: 0.3697253782302141
  landing: 0.03944390174001455
  view-data: 0.19406240340322256
