times:
  edit-metadata: 1.1512927077710629
  landing: 0.019616657868027687
  view-data: 0.02701714262366295
