times:
  edit-metadata: 1.1518210973590612
  landing: 0.13784410245716572
  view-data: 0.025033868849277496
