times:
  edit-metadata: 1.211584148928523
  landing: 0.020043041557073593
  view-data: 0.027993472293019295
