times:
  edit-metadata: 0.3632303588092327
  landing: 0.048741746693849564
  view-data: 0.19623307697474957
