times:
  edit-metadata: 1.1894916575402021
  landing: 0.18713029101490974
  view-data: 0.13281421177089214
