times:
  edit-metadata: 1.3505259435623884
  landing: 0.2574519105255604
  view-data: 0.2814452704042196
