times:
  edit-metadata: 1.1831459291279316
  landing: 0.02378564141690731
  view-data: 0.12026000767946243
