times:
  edit-metadata: 1.4531017877161503
  landing: 0.02088514156639576
  view-data: 0.17976519092917442
