times:
  edit-metadata: 1.159283796325326
  landing: 0.0202158372849226
  view-data: 0.10145179182291031
