times:
  edit-metadata: 1.6655627666041255
  landing: 0.35325631871819496
  view-data: 0.4649719186127186
