times:
  edit-metadata: 1.1390312295407057
  landing: 0.021736412309110165
  view-data: 0.12130792811512947
