times:
  edit-metadata: 1.8437439482659101
  landing: 0.02139543741941452
  view-data: 0.026974812150001526
