times:
  edit-metadata: 1.2679826114326715
  landing: 0.11562886461615562
  view-data: 0.3423064202070236
