times:
  edit-metadata: 1.1286280490458012
  landing: 0.19580544345080853
  view-data: 0.14108813926577568
