times:
  edit-metadata: 1.1234655287116766
  landing: 0.1553834853693843
  view-data: 0.025340130552649498
