times:
  edit-metadata: 1.15105882845819
  landing: 0.01992853917181492
  view-data: 0.02853458933532238
