times:
  edit-metadata: 1.163729153573513
  landing: 0.021668345667421818
  view-data: 0.02785755693912506
