times:
  edit-metadata: 1.1377573106437922
  landing: 0.020948410965502262
  view-data: 0.02588475588709116
