times:
  edit-metadata: 1.1987136714160442
  landing: 0.019765927456319332
  view-data: 0.026190604083240032
