times:
  edit-metadata: 0.36566539481282234
  landing: 0.06631760206073523
  view-data: 0.31027503311634064
