times:
  edit-metadata: 0.3519354369491339
  landing: 0.05299004912376404
  view-data: 0.2021982902660966
