times:
  edit-metadata: 1.1265876740217209
  landing: 0.2373831793665886
  view-data: 0.4315684912726283
