times:
  edit-metadata: 0.32692899461835623
  landing: 0.050830528140068054
  view-data: 0.3346503395587206
