times:
  edit-metadata: 0.350179395172745
  landing: 0.04724419582635164
  view-data: 0.3379101729951799
