times:
  edit-metadata: 1.341830113902688
  landing: 0.1491024438291788
  view-data: 0.14029961451888084
