times:
  edit-metadata: 1.264250384643674
  landing: 0.023031383752822876
  view-data: 0.13974370062351227
