times:
  edit-metadata: 1.2383012976497412
  landing: 0.0228071678429842
  view-data: 0.3395756557583809
