times:
  edit-metadata: 0.345098446123302
  landing: 0.04139214474707842
  view-data: 0.194276156835258
