times:
  edit-metadata: 1.2216221615672112
  landing: 0.17917146906256676
  view-data: 0.38088348880410194
