times:
  edit-metadata: 1.1867797560989857
  landing: 0.22753293439745903
  view-data: 0.023026691749691963
