times:
  edit-metadata: 1.261226862668991
  landing: 0.2011934258043766
  view-data: 0.3273469042032957
