times:
  edit-metadata: 1.3776565976440907
  landing: 0.18755539134144783
  view-data: 0.026159800589084625
