times:
  edit-metadata: 1.2299592811614275
  landing: 0.21070527099072933
  view-data: 0.10036544315516949
