times:
  edit-metadata: 1.1331068370491266
  landing: 0.020066220313310623
  view-data: 0.3122800625860691
