times:
  edit-metadata: 0.3377916105091572
  landing: 0.05040413234382868
  view-data: 0.3274163715541363
