times:
  edit-metadata: 1.7475946322083473
  landing: 0.5290469843894243
  view-data: 0.8188874367624521
