times:
  edit-metadata: 1.1088190395385027
  landing: 0.02094591222703457
  view-data: 0.02734211180359125
