times:
  edit-metadata: 1.1559944916516542
  landing: 0.20371116697788239
  view-data: 0.025692212395370007
