times:
  edit-metadata: 1.1643652506172657
  landing: 0.019714849069714546
  view-data: 0.31857738457620144
