times:
  edit-metadata: 1.1464455798268318
  landing: 0.02047857642173767
  view-data: 0.4581264853477478
