times:
  edit-metadata: 1.508448077365756
  landing: 0.23110123723745346
  view-data: 0.4118400141596794
