times:
  edit-metadata: 1.340489773079753
  landing: 0.1528313960880041
  view-data: 0.3318446073681116
