times:
  edit-metadata: 1.1170176612213254
  landing: 0.15519495122134686
  view-data: 0.12030995916575193
