times:
  edit-metadata: 1.2507411520928144
  landing: 0.11940822191536427
  view-data: 0.3007582016289234
