times:
  edit-metadata: 1.2148008607327938
  landing: 0.02016064152121544
  view-data: 0.02516999840736389
