times:
  edit-metadata: 1.1078493166714907
  landing: 0.02190671768039465
  view-data: 0.02416552323848009
