times:
  edit-metadata: 0.32586927991360426
  landing: 0.03897032327950001
  view-data: 0.20096861850470304
