times:
  edit-metadata: 0.42192658223211765
  landing: 0.04601208306849003
  view-data: 0.2661611931398511
