times:
  edit-metadata: 0.35284537356346846
  landing: 0.0464596226811409
  view-data: 0.1928533324971795
