times:
  edit-metadata: 1.2225918639451265
  landing: 0.021539359353482723
  view-data: 0.02776974532753229
