times:
  edit-metadata: 1.147816315293312
  landing: 0.021411119028925896
  view-data: 0.027319006621837616
