times:
  edit-metadata: 1.468989118002355
  landing: 0.39214758668094873
  view-data: 0.47111004777252674
