times:
  edit-metadata: 0.6060339109972119
  landing: 0.06969068199396133
  view-data: 0.27632331708446145
