times:
  edit-metadata: 1.1962615810334682
  landing: 0.24129398725926876
  view-data: 0.02593185380101204
