times:
  edit-metadata: 1.4547010324895382
  landing: 0.20255125872790813
  view-data: 0.4150389563292265
