times:
  edit-metadata: 1.2724408078938723
  landing: 0.022153127938508987
  view-data: 0.025534777902066708
