times:
  edit-metadata: 0.3329027630388737
  landing: 0.03663245774805546
  view-data: 0.2056597238406539
