times:
  edit-metadata: 0.38122823275625706
  landing: 0.04515643324702978
  view-data: 0.2006800938397646
