times:
  edit-metadata: 1.127815050072968
  landing: 0.0943979462608695
  view-data: 0.02579914778470993
