times:
  edit-metadata: 1.2509759422391653
  landing: 0.023152390494942665
  view-data: 0.02762305736541748
