times:
  edit-metadata: 1.1606104541569948
  landing: 0.021376492455601692
  view-data: 0.4146526660770178
