times:
  edit-metadata: 1.1481387075036764
  landing: 0.020706329494714737
  view-data: 0.02887739147990942
