times:
  edit-metadata: 0.38706554286181927
  landing: 0.08177971839904785
  view-data: 0.2532013892196119
