times:
  edit-metadata: 1.4594377744942904
  landing: 0.3063634429126978
  view-data: 0.3607346750795841
