times:
  edit-metadata: 1.1227502096444368
  landing: 0.02360553201287985
  view-data: 0.028256699442863464
