times:
  edit-metadata: 1.1542364675551653
  landing: 0.1455866489559412
  view-data: 0.14019116014242172
