times:
  edit-metadata: 1.1106688752770424
  landing: 0.021050586365163326
  view-data: 0.02581011038273573
