times:
  edit-metadata: 1.262979717925191
  landing: 0.15565108135342598
  view-data: 0.30828036926686764
