times:
  edit-metadata: 1.1726035894826055
  landing: 0.02402047161012888
  view-data: 0.029607397504150867
