times:
  edit-metadata: 1.1032444285228848
  landing: 0.02008537109941244
  view-data: 0.027327653020620346
