times:
  edit-metadata: 1.229027104564011
  landing: 0.020271767862141132
  view-data: 0.02610380295664072
