times:
  edit-metadata: 0.3283981177955866
  landing: 0.04324098490178585
  view-data: 0.19204984605312347
