times:
  edit-metadata: 1.156283849850297
  landing: 0.02009208220988512
  view-data: 0.02625998482108116
