times:
  edit-metadata: 1.328642150387168
  landing: 0.0523508470505476
  view-data: 0.19544163905084133
