times:
  edit-metadata: 0.524158779066056
  landing: 0.044173145201057196
  view-data: 0.19857668923214078
