times:
  edit-metadata: 1.206111054867506
  landing: 0.19849876128137112
  view-data: 0.3887445908039808
