times:
  edit-metadata: 1.1249919291585684
  landing: 0.0200997581705451
  view-data: 0.026229961775243282
