times:
  edit-metadata: 1.137805293314159
  landing: 0.01931337732821703
  view-data: 0.024790883995592594
