times:
  edit-metadata: 1.271615831181407
  landing: 0.019177479669451714
  view-data: 0.02609103173017502
