times:
  edit-metadata: 1.1667788941413164
  landing: 0.023432163521647453
  view-data: 0.02748122625052929
