times:
  edit-metadata: 1.1835917551070452
  landing: 0.01993349939584732
  view-data: 0.24837860837578773
