times:
  edit-metadata: 1.1506696082651615
  landing: 0.02150019444525242
  view-data: 0.024054691195487976
