times:
  edit-metadata: 1.1369389910250902
  landing: 0.020867316983640194
  view-data: 0.025110891088843346
