times:
  edit-metadata: 1.1587035693228245
  landing: 0.019233396276831627
  view-data: 0.02319289930164814
