times:
  edit-metadata: 1.1886222632601857
  landing: 0.020341658033430576
  view-data: 0.026168493553996086
