times:
  edit-metadata: 1.2334807515144348
  landing: 0.022303204983472824
  view-data: 0.4257746674120426
