times:
  edit-metadata: 0.34866728261113167
  landing: 0.04696906637400389
  view-data: 0.20515582151710987
