times:
  edit-metadata: 1.144287783652544
  landing: 0.019979164004325867
  view-data: 0.02458709292113781
