times:
  edit-metadata: 1.3783166371285915
  landing: 0.14024287089705467
  view-data: 0.33603701181709766
