times:
  edit-metadata: 1.372653080150485
  landing: 0.018132396042346954
  view-data: 0.269809240475297
