times:
  edit-metadata: 1.1292228046804667
  landing: 0.021384434774518013
  view-data: 0.21541268471628428
