times:
  edit-metadata: 1.3363578021526337
  landing: 0.026638563722372055
  view-data: 0.28887209855020046
