times:
  edit-metadata: 0.4963618000037968
  landing: 0.08465428417548537
  view-data: 0.26168830320239067
