times:
  edit-metadata: 1.3373219277709723
  landing: 0.33126289397478104
  view-data: 0.37025335617363453
