times:
  edit-metadata: 1.2155350176617503
  landing: 0.01881070900708437
  view-data: 0.4166804263368249
