times:
  edit-metadata: 1.171348448842764
  landing: 0.11448507942259312
  view-data: 0.025264067575335503
