times:
  edit-metadata: 1.398599399253726
  landing: 0.021345773711800575
  view-data: 0.29238430969417095
