times:
  edit-metadata: 0.35878840554505587
  landing: 0.04315385781228542
  view-data: 0.1947786556556821
