times:
  edit-metadata: 1.2102947309613228
  landing: 0.01946636661887169
  view-data: 0.024840226396918297
