times:
  edit-metadata: 1.1002209363505244
  landing: 0.02453584410250187
  view-data: 0.023639850318431854
