times:
  edit-metadata: 1.1490845354273915
  landing: 0.02415158972144127
  view-data: 0.026421142742037773
