times:
  edit-metadata: 1.222875664010644
  landing: 0.11689179949462414
  view-data: 0.023848233744502068
