times:
  edit-metadata: 0.31091233994811773
  landing: 0.05522062350064516
  view-data: 0.2047550231218338
