times:
  edit-metadata: 1.1030796766281128
  landing: 0.022117399610579014
  view-data: 0.11671354342252016
