times:
  edit-metadata: 1.1381424078717828
  landing: 0.019880191422998905
  view-data: 0.023997689597308636
