times:
  edit-metadata: 1.2879942432045937
  landing: 0.020330235362052917
  view-data: 0.02410442754626274
