times:
  edit-metadata: 1.5798059329390526
  landing: 0.02289154753088951
  view-data: 0.14412020705640316
