times:
  edit-metadata: 0.3700605444610119
  landing: 0.04331918619573116
  view-data: 0.1918880855664611
