times:
  edit-metadata: 1.2759206630289555
  landing: 0.18310512229800224
  view-data: 0.30554725229740143
