times:
  edit-metadata: 1.1252901032567024
  landing: 0.025382669642567635
  view-data: 0.026540974155068398
