times:
  edit-metadata: 0.5599181088618934
  landing: 0.04647439764812589
  view-data: 0.2021345468237996
