times:
  edit-metadata: 1.1294956719502807
  landing: 0.020381790585815907
  view-data: 0.025514784269034863
