times:
  edit-metadata: 1.1115076122805476
  landing: 0.019432115368545055
  view-data: 0.11850621085613966
