times:
  edit-metadata: 1.172646602615714
  landing: 0.020733440294861794
  view-data: 0.317371079698205
