times:
  edit-metadata: 1.1697662994265556
  landing: 0.022610260173678398
  view-data: 0.31907012313604355
