times:
  edit-metadata: 1.186118582263589
  landing: 0.019820308312773705
  view-data: 0.15520432218909264
