times:
  edit-metadata: 1.5965746594592929
  landing: 0.045829545706510544
  view-data: 0.1519233686849475
