times:
  edit-metadata: 0.3548928857780993
  landing: 0.04666088195517659
  view-data: 0.3351764166727662
