times:
  edit-metadata: 1.3096471671015024
  landing: 0.21330133825540543
  view-data: 0.34167247638106346
