times:
  edit-metadata: 1.1909172553569078
  landing: 0.13907926809042692
  view-data: 0.13639146741479635
