times:
  edit-metadata: 1.2075988501310349
  landing: 0.14271192252635956
  view-data: 0.3269581161439419
