times:
  edit-metadata: 1.3226683177053928
  landing: 0.2397452276200056
  view-data: 0.3557150848209858
