times:
  edit-metadata: 1.1893000239506364
  landing: 0.01932718139141798
  view-data: 0.19117599911987782
