times:
  edit-metadata: 1.1562526114284992
  landing: 0.12779474444687366
  view-data: 0.023499328643083572
