times:
  edit-metadata: 1.1891493909060955
  landing: 0.022608417086303234
  view-data: 0.11870759911835194
