times:
  edit-metadata: 1.2083906894549727
  landing: 0.021206931211054325
  view-data: 0.11408070661127567
