times:
  edit-metadata: 1.2175911199301481
  landing: 0.024038275703787804
  view-data: 0.2885462734848261
