times:
  edit-metadata: 1.1225693905726075
  landing: 0.021449905820190907
  view-data: 0.02383736241608858
