times:
  edit-metadata: 1.1583010964095592
  landing: 0.02125508151948452
  view-data: 0.02878805249929428
