times:
  edit-metadata: 0.507663297932595
  landing: 0.06749019026756287
  view-data: 0.30012571904808283
