times:
  edit-metadata: 1.338761931285262
  landing: 0.021883999928832054
  view-data: 0.40511007979512215
