times:
  edit-metadata: 0.3591602174565196
  landing: 0.05328034143894911
  view-data: 0.33739117067307234
