times:
  edit-metadata: 1.4394972193986177
  landing: 0.1561709325760603
  view-data: 0.31862940825521946
