times:
  edit-metadata: 0.376790271140635
  landing: 0.04618057608604431
  view-data: 0.2016281527467072
