times:
  edit-metadata: 1.1924588354304433
  landing: 0.01903323084115982
  view-data: 0.42779183480888605
