times:
  edit-metadata: 1.1962439138442278
  landing: 0.02059285342693329
  view-data: 0.2871141601353884
