times:
  edit-metadata: 1.1603740947321057
  landing: 0.18403462693095207
  view-data: 0.43276633508503437
