times:
  edit-metadata: 1.2083631232380867
  landing: 0.018963154405355453
  view-data: 0.023527398705482483
