times:
  edit-metadata: 1.2567083202302456
  landing: 0.0206365454941988
  view-data: 0.20222517289221287
