times:
  edit-metadata: 1.1432599145919085
  landing: 0.01896701380610466
  view-data: 0.12006340827792883
