times:
  edit-metadata: 1.1197698805481195
  landing: 0.02132931910455227
  view-data: 0.11362818814814091
