times:
  edit-metadata: 1.2549668848514557
  landing: 0.11524968594312668
  view-data: 0.09996149316430092
