times:
  edit-metadata: 1.164102055132389
  landing: 0.019810032099485397
  view-data: 0.026836260221898556
