times:
  edit-metadata: 0.32001557294279337
  landing: 0.03872298635542393
  view-data: 0.1978624016046524
