times:
  edit-metadata: 1.1678308304399252
  landing: 0.019168145954608917
  view-data: 0.02493545599281788
