times:
  edit-metadata: 1.146969597786665
  landing: 0.021381285972893238
  view-data: 0.42203306034207344
