times:
  edit-metadata: 1.0957805626094341
  landing: 0.019980695098638535
  view-data: 0.028655655682086945
