times:
  edit-metadata: 1.120383626781404
  landing: 0.021819472312927246
  view-data: 0.023582818917930126
