times:
  edit-metadata: 0.349079055711627
  landing: 0.04972831066697836
  view-data: 0.3224135572090745
