times:
  edit-metadata: 0.3895060303620994
  landing: 0.04723341763019562
  view-data: 0.2112633716315031
