times:
  edit-metadata: 1.3299939036369324
  landing: 0.33351965993642807
  view-data: 0.3389560431241989
