times:
  edit-metadata: 1.3179267030209303
  landing: 0.2120671235024929
  view-data: 0.02658158168196678
