times:
  edit-metadata: 1.2790841339156032
  landing: 0.0232316292822361
  view-data: 0.02436667773872614
