times:
  edit-metadata: 1.1062431847676635
  landing: 0.02082211058586836
  view-data: 0.02350757922977209
