times:
  edit-metadata: 1.114590241573751
  landing: 0.02253018319606781
  view-data: 0.12186188530176878
