times:
  edit-metadata: 0.3943738806992769
  landing: 0.04184481780976057
  view-data: 0.20502444822341204
