times:
  edit-metadata: 1.1776978988200426
  landing: 0.020550144836306572
  view-data: 0.1343224998563528
