times:
  edit-metadata: 1.1218709452077746
  landing: 0.02024446800351143
  view-data: 0.025918414816260338
