times:
  edit-metadata: 1.140478896908462
  landing: 0.02218956034630537
  view-data: 0.025634405203163624
