times:
  edit-metadata: 1.2525413213297725
  landing: 0.19782438781112432
  view-data: 0.29456128273159266
