times:
  edit-metadata: 1.2821652553975582
  landing: 0.16050950437784195
  view-data: 0.29524071514606476
