times:
  edit-metadata: 1.2714760228991508
  landing: 0.01980268768966198
  view-data: 0.1318939970806241
