times:
  edit-metadata: 1.1487131603062153
  landing: 0.020258224569261074
  view-data: 0.11943829152733088
