times:
  edit-metadata: 1.3307554889470339
  landing: 0.019436249509453773
  view-data: 0.46245102211833
