times:
  edit-metadata: 1.3634225074201822
  landing: 0.024416856467723846
  view-data: 0.13619690015912056
