times:
  edit-metadata: 1.5117853879928589
  landing: 0.325525913387537
  view-data: 0.03492571972310543
