times:
  edit-metadata: 1.1224820464849472
  landing: 0.11852635350078344
  view-data: 0.027767826803028584
