times:
  edit-metadata: 0.3329883571714163
  landing: 0.04303450509905815
  view-data: 0.42562426161020994
