times:
  edit-metadata: 1.142719715833664
  landing: 0.0222238777205348
  view-data: 0.02561650425195694
