times:
  edit-metadata: 1.1137956166639924
  landing: 0.11688770353794098
  view-data: 0.02620495855808258
