times:
  edit-metadata: 0.30680117290467024
  landing: 0.048437654972076416
  view-data: 0.1922450615093112
