times:
  edit-metadata: 0.38283054903149605
  landing: 0.05054896976798773
  view-data: 0.2692035520449281
