times:
  edit-metadata: 1.1491314228624105
  landing: 0.02037364151328802
  view-data: 0.02418684307485819
