times:
  edit-metadata: 1.1458664685487747
  landing: 0.022794503718614578
  view-data: 0.02520532812923193
