times:
  edit-metadata: 0.3728693490847945
  landing: 0.045946757309138775
  view-data: 0.31724591832607985
