times:
  edit-metadata: 1.2950590178370476
  landing: 0.028250567615032196
  view-data: 0.058470308780670166
