times:
  edit-metadata: 1.267867375165224
  landing: 0.024221770465373993
  view-data: 0.31396322697401047
