times:
  edit-metadata: 1.1983951618894935
  landing: 0.1436664341017604
  view-data: 0.11753280460834503
