times:
  edit-metadata: 1.3456165585666895
  landing: 0.45212526246905327
  view-data: 0.19471994787454605
