times:
  edit-metadata: 0.3808614620938897
  landing: 0.049176197964698076
  view-data: 0.1986976359039545
