times:
  edit-metadata: 1.131874698214233
  landing: 0.020154355093836784
  view-data: 0.41921088099479675
