times:
  edit-metadata: 1.1843719016760588
  landing: 0.023728027008473873
  view-data: 0.02825298812240362
