times:
  edit-metadata: 0.3640705291181803
  landing: 0.04184640571475029
  view-data: 0.3264416325837374
