times:
  edit-metadata: 0.3409164668992162
  landing: 0.04573033656924963
  view-data: 0.20932024903595448
