times:
  edit-metadata: 1.2705441173166037
  landing: 0.1262603048235178
  view-data: 0.33710666559636593
