times:
  edit-metadata: 1.2031844723969698
  landing: 0.02034609578549862
  view-data: 0.025857679545879364
