times:
  edit-metadata: 0.4550332557410002
  landing: 0.04302306193858385
  view-data: 0.22211181418970227
