times:
  edit-metadata: 0.4346730140969157
  landing: 0.047326914966106415
  view-data: 0.25447963271290064
