times:
  edit-metadata: 1.601342273876071
  landing: 0.3313585910946131
  view-data: 0.05102118290960789
