times:
  edit-metadata: 1.148321233689785
  landing: 0.13490214198827744
  view-data: 0.22528985794633627
