times:
  edit-metadata: 1.3550198953598738
  landing: 0.34811085276305676
  view-data: 0.4044248145073652
