times:
  edit-metadata: 0.3832021947018802
  landing: 0.04447796940803528
  view-data: 0.2110214401036501
