times:
  edit-metadata: 1.1414919327944517
  landing: 0.09864894952625036
  view-data: 0.0270288260653615
