times:
  edit-metadata: 1.2443997040390968
  landing: 0.020952126011252403
  view-data: 0.02496338076889515
