times:
  edit-metadata: 1.3781769201159477
  landing: 0.24108952656388283
  view-data: 0.16690617986023426
