times:
  edit-metadata: 1.1121892277151346
  landing: 0.18468215316534042
  view-data: 0.4318671403452754
