times:
  edit-metadata: 1.1521182842552662
  landing: 0.01997067965567112
  view-data: 0.022603517398238182
