times:
  edit-metadata: 1.1169695258140564
  landing: 0.19615058228373528
  view-data: 0.02763916738331318
