times:
  edit-metadata: 1.1563659235835075
  landing: 0.022049186751246452
  view-data: 0.027977049350738525
