times:
  edit-metadata: 1.2771831434220076
  landing: 0.1448287796229124
  view-data: 0.04934705700725317
