times:
  edit-metadata: 1.1677070874720812
  landing: 0.02182842791080475
  view-data: 0.12678762711584568
