times:
  edit-metadata: 1.2082939315587282
  landing: 0.1184361707419157
  view-data: 0.025340449064970016
