times:
  edit-metadata: 1.1443763710558414
  landing: 0.026763699017465115
  view-data: 0.02527796570211649
