times:
  edit-metadata: 1.2760225906968117
  landing: 0.14107050001621246
  view-data: 0.375582093372941
