times:
  edit-metadata: 1.1536675235256553
  landing: 0.11546913534402847
  view-data: 0.025463223457336426
