times:
  edit-metadata: 1.4277324210852385
  landing: 0.3101544138044119
  view-data: 0.02637985162436962
