times:
  edit-metadata: 1.2687637973576784
  landing: 0.24366457760334015
  view-data: 0.14861288107931614
