times:
  edit-metadata: 1.2801312860101461
  landing: 0.16632059961557388
  view-data: 0.023159220814704895
