times:
  edit-metadata: 0.327677546069026
  landing: 0.040135991759598255
  view-data: 0.19312262814491987
