times:
  edit-metadata: 1.50843776576221
  landing: 0.45601217448711395
  view-data: 0.13481379114091396
