times:
  edit-metadata: 1.2835678374394774
  landing: 0.22177248261868954
  view-data: 0.42940966226160526
