times:
  edit-metadata: 0.5834725722670555
  landing: 0.048598757945001125
  view-data: 0.21689040819182992
