times:
  edit-metadata: 1.1632249429821968
  landing: 0.02046741545200348
  view-data: 0.12699496373534203
