times:
  edit-metadata: 0.36776940803974867
  landing: 0.08263878198340535
  view-data: 0.21093549113720655
