times:
  edit-metadata: 1.225873053073883
  landing: 0.020765110850334167
  view-data: 0.1191546730697155
