times:
  edit-metadata: 0.39375624107196927
  landing: 0.04653372894972563
  view-data: 0.3120286972261965
