times:
  edit-metadata: 0.3889182819984853
  landing: 0.07157718716189265
  view-data: 0.263441801071167
