times:
  edit-metadata: 1.1549682887271047
  landing: 0.019767425023019314
  view-data: 0.12259066104888916
