times:
  edit-metadata: 1.2239187797531486
  landing: 0.02041647583246231
  view-data: 0.025738834403455257
