times:
  edit-metadata: 0.4703430123627186
  landing: 0.10818853788077831
  view-data: 0.20431808102875948
