times:
  edit-metadata: 1.700218727812171
  landing: 0.04217539355158806
  view-data: 0.16181993298232555
