times:
  edit-metadata: 1.242046351544559
  landing: 0.019722511060535908
  view-data: 0.024788453243672848
