times:
  edit-metadata: 1.1639333246275783
  landing: 0.022860105149447918
  view-data: 0.030232279561460018
