times:
  edit-metadata: 1.1736253760755062
  landing: 0.02272428385913372
  view-data: 0.1643260307610035
