times:
  edit-metadata: 1.559639503248036
  landing: 0.05066536646336317
  view-data: 0.02582231815904379
