times:
  edit-metadata: 1.209561549127102
  landing: 0.1919774617999792
  view-data: 0.11723013781011105
