times:
  edit-metadata: 1.1607942236587405
  landing: 0.019517064094543457
  view-data: 0.0277109332382679
