times:
  edit-metadata: 1.3737582100002328
  landing: 0.021552136007812805
  view-data: 0.30352204298833385
