times:
  edit-metadata: 0.36452558543533087
  landing: 0.04131240677088499
  view-data: 0.19569260999560356
