times:
  edit-metadata: 1.7715567704290152
  landing: 0.35724175721406937
  view-data: 0.327928701415658
