times:
  edit-metadata: 1.305803107097745
  landing: 0.1721764300018549
  view-data: 0.30322950705885887
