times:
  edit-metadata: 0.31834903499111533
  landing: 0.05229374021291733
  view-data: 0.19311284506693482
