times:
  edit-metadata: 1.2444663429632783
  landing: 0.13176485057920218
  view-data: 0.4767622724175453
