times:
  edit-metadata: 1.1084159733727574
  landing: 0.09810813795775175
  view-data: 0.11856619361788034
