times:
  edit-metadata: 1.2091438751667738
  landing: 0.023642294108867645
  view-data: 0.02730882540345192
