times:
  edit-metadata: 1.1137632243335247
  landing: 0.021462107077240944
  view-data: 0.028752420097589493
