times:
  edit-metadata: 1.2982848659157753
  landing: 0.0553240068256855
  view-data: 0.04849076271057129
