times:
  edit-metadata: 0.4990578219294548
  landing: 0.045778785832226276
  view-data: 0.28297243593260646
