times:
  edit-metadata: 1.131900979205966
  landing: 0.022107576951384544
  view-data: 0.12259154580533504
