times:
  edit-metadata: 1.2823579851537943
  landing: 0.020438432693481445
  view-data: 0.024873552843928337
