times:
  edit-metadata: 1.156862486153841
  landing: 0.022115757688879967
  view-data: 0.026491770520806313
