times:
  edit-metadata: 0.4950581258162856
  landing: 0.08533113310113549
  view-data: 0.2681577177718282
