times:
  edit-metadata: 1.1932363621890545
  landing: 0.022726296447217464
  view-data: 0.20321009494364262
