times:
  edit-metadata: 1.139515832066536
  landing: 0.022334733977913857
  view-data: 0.4202964482828975
