times:
  edit-metadata: 1.469593851827085
  landing: 0.16367709916085005
  view-data: 0.3842688836157322
