times:
  edit-metadata: 1.1709317285567522
  landing: 0.021668246015906334
  view-data: 0.024400008842349052
