times:
  edit-metadata: 0.3041425533592701
  landing: 0.04142602160573006
  view-data: 0.3233175687491894
