times:
  edit-metadata: 1.230380680412054
  landing: 0.031726446002721786
  view-data: 0.022665973752737045
