times:
  edit-metadata: 1.1217771554365754
  landing: 0.02164353895932436
  view-data: 0.025535493157804012
