times:
  edit-metadata: 1.7225752044469118
  landing: 0.3333860207349062
  view-data: 0.1875738501548767
