times:
  edit-metadata: 1.2658441439270973
  landing: 0.021455392241477966
  view-data: 0.1280455756932497
