times:
  edit-metadata: 1.1999741718173027
  landing: 0.02210330218076706
  view-data: 0.027705911546945572
