times:
  edit-metadata: 1.22707499563694
  landing: 0.02322045061737299
  view-data: 0.24542693980038166
