times:
  edit-metadata: 0.35906711081042886
  landing: 0.042892265133559704
  view-data: 0.34111803863197565
