times:
  edit-metadata: 1.1858699126169086
  landing: 0.020410972647368908
  view-data: 0.024678443558514118
