times:
  edit-metadata: 1.1841864800080657
  landing: 0.019143166951835155
  view-data: 0.48300094809383154
