times:
  edit-metadata: 0.3123049922287464
  landing: 0.044127059169113636
  view-data: 0.19295298121869564
