times:
  edit-metadata: 0.31856063939630985
  landing: 0.04186996445059776
  view-data: 0.18591368105262518
