times:
  edit-metadata: 1.746718492358923
  landing: 0.19176482409238815
  view-data: 0.1527122464030981
