times:
  edit-metadata: 1.1472914768382907
  landing: 0.021389625035226345
  view-data: 0.027224555611610413
