times:
  edit-metadata: 0.3275489816442132
  landing: 0.05020009633153677
  view-data: 0.1959177404642105
