times:
  edit-metadata: 1.147835660725832
  landing: 0.018407534807920456
  view-data: 0.025318901985883713
