times:
  edit-metadata: 0.5818244740366936
  landing: 0.05013165483251214
  view-data: 0.2006694688461721
