times:
  edit-metadata: 1.3313205540180206
  landing: 0.021687671542167664
  view-data: 0.024601256474852562
