times:
  edit-metadata: 1.1374927889555693
  landing: 0.13449649512767792
  view-data: 0.47668799571692944
