times:
  edit-metadata: 1.2376008071005344
  landing: 0.025890111923217773
  view-data: 0.33791126497089863
