times:
  edit-metadata: 1.1843201080337167
  landing: 0.019436276517808437
  view-data: 0.024919293820858
