times:
  edit-metadata: 1.2455179709941149
  landing: 0.02006475906819105
  view-data: 0.024302545934915543
