times:
  edit-metadata: 1.0965809850022197
  landing: 0.019041196443140507
  view-data: 0.027100717648863792
