times:
  edit-metadata: 1.108695549890399
  landing: 0.12598262634128332
  view-data: 0.11837800592184067
