times:
  edit-metadata: 1.2735024150460958
  landing: 0.16115202382206917
  view-data: 0.023768387734889984
