times:
  edit-metadata: 1.2253675954416394
  landing: 0.021711021661758423
  view-data: 0.028483503498136997
