times:
  edit-metadata: 1.1261346898972988
  landing: 0.023685292340815067
  view-data: 0.027536281384527683
