times:
  edit-metadata: 1.1324312901124358
  landing: 0.022596276365220547
  view-data: 0.43470554053783417
