times:
  edit-metadata: 0.39174888795241714
  landing: 0.08279635896906257
  view-data: 0.27073023887351155
