times:
  edit-metadata: 1.1229421319440007
  landing: 0.02256307750940323
  view-data: 0.027380305342376232
