times:
  edit-metadata: 0.3571077836677432
  landing: 0.04247205704450607
  view-data: 0.20310332532972097
