times:
  edit-metadata: 0.3626788491383195
  landing: 0.04357974510639906
  view-data: 0.32605102891102433
