times:
  edit-metadata: 1.5222299713641405
  landing: 0.23251219280064106
  view-data: 0.18184773437678814
