times:
  edit-metadata: 1.6983293980010785
  landing: 0.023744970007101074
  view-data: 0.4576523010036908
