times:
  edit-metadata: 0.4459436209872365
  landing: 0.059338167775422335
  view-data: 0.20308895921334624
