times:
  edit-metadata: 0.6702381828799844
  landing: 0.07113052578642964
  view-data: 0.21115842508152127
