times:
  edit-metadata: 0.46993549913167953
  landing: 0.06231665564700961
  view-data: 0.2276428327895701
