times:
  edit-metadata: 0.44889093516394496
  landing: 0.09248485509306192
  view-data: 0.21188872726634145
