times:
  edit-metadata: 0.47453466802835464
  landing: 0.049625825602561235
  view-data: 0.21162928873673081
