times:
  edit-metadata: 2.6524123979907017
  landing: 0.5510400499915704
  view-data: 0.5842529349902179
