times:
  edit-metadata: 0.4900580779649317
  landing: 0.060724576003849506
  view-data: 0.21107052033767104
