times:
  edit-metadata: 0.4518598672002554
  landing: 0.06163959112018347
  view-data: 0.26959242625162005
