times:
  edit-metadata: 0.5793796386569738
  landing: 0.13873488130047917
  view-data: 0.20344705181196332
