times:
  edit-metadata: 0.4562217555940151
  landing: 0.07610551500692964
  view-data: 0.20475347992032766
