times:
  edit-metadata: 0.45018750289455056
  landing: 0.06477636843919754
  view-data: 0.20542787294834852
