times:
  edit-metadata: 0.5984714622609317
  landing: 0.07289650104939938
  view-data: 0.21675071259960532
