times:
  edit-metadata: 0.4556502550840378
  landing: 0.062247905880212784
  view-data: 0.2125578336417675
