times:
  edit-metadata: 0.50186812505126
  landing: 0.07101337984204292
  view-data: 0.20909215090796351
