times:
  edit-metadata: 0.5658395029604435
  landing: 0.0739579601213336
  view-data: 0.20730963069945574
