times:
  edit-metadata: 0.5473529119044542
  landing: 0.15719147212803364
  view-data: 0.21325975330546498
