times:
  edit-metadata: 0.4593039592728019
  landing: 0.07067925622686744
  view-data: 0.2136270496994257
