times:
  edit-metadata: 0.4835842652246356
  landing: 0.04932020790874958
  view-data: 0.2105306671001017
