times:
  edit-metadata: 1.4130823742598295
  landing: 0.024026326835155487
  view-data: 0.2005066815763712
