times:
  edit-metadata: 1.5571280382573605
  landing: 0.19034950621426105
  view-data: 0.02745138294994831
