times:
  edit-metadata: 0.657846063375473
  landing: 0.05967523204162717
  view-data: 0.3145092772319913
