times:
  edit-metadata: 0.5631811548955739
  landing: 0.09594342485070229
  view-data: 0.21794284600764513
