times:
  edit-metadata: 0.6154125570319593
  landing: 0.12490257201716304
  view-data: 0.2170501109212637
