times:
  edit-metadata: 0.6386295487172902
  landing: 0.05420662462711334
  view-data: 0.29143283097073436
