times:
  edit-metadata: 1.4519574884325266
  landing: 0.225813752040267
  view-data: 0.4198689814656973
