times:
  edit-metadata: 0.46429510693997145
  landing: 0.11752614099532366
  view-data: 0.21033345768228173
