times:
  edit-metadata: 0.6306097568012774
  landing: 0.06954647600650787
  view-data: 0.20757719920948148
