times:
  edit-metadata: 0.4579529450275004
  landing: 0.09797930903732777
  view-data: 0.29871315881609917
