times:
  edit-metadata: 0.458354065194726
  landing: 0.06485577300190926
  view-data: 0.2086354037746787
