times:
  edit-metadata: 0.638623311650008
  landing: 0.054032554384320974
  view-data: 0.21030442230403423
