times:
  edit-metadata: 0.45168566331267357
  landing: 0.06665874971076846
  view-data: 0.2045396938920021
