times:
  edit-metadata: 1.347678380087018
  landing: 0.02258056029677391
  view-data: 0.023030901327729225
