times:
  edit-metadata: 1.3355978839099407
  landing: 0.01851874403655529
  view-data: 0.028361493721604347
