times:
  edit-metadata: 1.3327607531100512
  landing: 0.11632801033556461
  view-data: 0.133865712210536
