times:
  edit-metadata: 1.4554562903940678
  landing: 0.22159751690924168
  view-data: 0.22643736191093922
