times:
  edit-metadata: 1.4056418919935822
  landing: 0.0219157999381423
  view-data: 0.1315136682242155
