times:
  edit-metadata: 1.3673822674900293
  landing: 0.018061641603708267
  view-data: 0.23384170792996883
