times:
  edit-metadata: 1.3536871261894703
  landing: 0.01972024142742157
  view-data: 0.3081636819988489
