times:
  edit-metadata: 1.3467831565067172
  landing: 0.021854951046407223
  view-data: 0.3220701329410076
