times:
  edit-metadata: 0.6654649311676621
  landing: 0.06963438214734197
  view-data: 0.20555436005815864
