times:
  edit-metadata: 1.3364783562719822
  landing: 0.02227690815925598
  view-data: 0.12468835338950157
