times:
  edit-metadata: 1.3407701887190342
  landing: 0.20004849694669247
  view-data: 0.02393527701497078
