times:
  edit-metadata: 0.6301879440434277
  landing: 0.04182662395760417
  view-data: 0.22149602929130197
