times:
  edit-metadata: 0.710312285926193
  landing: 0.11687539191916585
  view-data: 0.2066941810771823
