times:
  edit-metadata: 1.5141660366207361
  landing: 0.16017600148916245
  view-data: 0.3663504719734192
