times:
  edit-metadata: 1.461066210642457
  landing: 0.022466914728283882
  view-data: 0.027042048051953316
