times:
  edit-metadata: 1.4735644962638617
  landing: 0.1688586287200451
  view-data: 0.13315149769186974
