times:
  edit-metadata: 1.3966029174625874
  landing: 0.020403487607836723
  view-data: 0.3269677236676216
