times:
  edit-metadata: 1.3243475500494242
  landing: 0.24506083130836487
  view-data: 0.33239599503576756
