times:
  edit-metadata: 1.4875383097678423
  landing: 0.022756123915314674
  view-data: 0.02447368949651718
