times:
  edit-metadata: 1.3294658847153187
  landing: 0.21185919269919395
  view-data: 0.02799304947257042
