times:
  edit-metadata: 2.356133695691824
  landing: 0.4036249127238989
  view-data: 0.3042489346116781
