times:
  edit-metadata: 1.4284152369946241
  landing: 0.02181386761367321
  view-data: 0.02721049077808857
