times:
  edit-metadata: 0.49724153708666563
  landing: 0.06180024007335305
  view-data: 0.2118457406759262
