times:
  edit-metadata: 1.4912631399929523
  landing: 0.20591840334236622
  view-data: 0.24447651579976082
