times:
  edit-metadata: 1.5015529710799456
  landing: 0.1522613037377596
  view-data: 0.16202129237353802
