times:
  edit-metadata: 1.3700413294136524
  landing: 0.22814096231013536
  view-data: 0.4560987986624241
