times:
  edit-metadata: 0.8190929279662669
  landing: 0.06904988083988428
  view-data: 0.2098598312586546
