times:
  edit-metadata: 1.352512763813138
  landing: 0.019427793100476265
  view-data: 0.023612385615706444
