times:
  edit-metadata: 1.5082988291978836
  landing: 0.2616965789347887
  view-data: 0.39493764005601406
