times:
  edit-metadata: 1.8939119894057512
  landing: 0.29937609285116196
  view-data: 0.13426632806658745
