times:
  edit-metadata: 1.4398598857223988
  landing: 0.12589908111840487
  view-data: 0.6059844084084034
