times:
  edit-metadata: 1.317270445637405
  landing: 0.11932342685759068
  view-data: 0.02325274422764778
