times:
  edit-metadata: 1.4041112456470728
  landing: 0.02438662201166153
  view-data: 0.02447689324617386
