times:
  edit-metadata: 1.3281394932419062
  landing: 0.019689463078975677
  view-data: 0.024053357541561127
