times:
  edit-metadata: 0.4850994851440191
  landing: 0.05042534600943327
  view-data: 0.2031312957406044
