times:
  edit-metadata: 2.10306048206985
  landing: 0.023219864815473557
  view-data: 0.3995838947594166
