times:
  edit-metadata: 1.4402716122567654
  landing: 0.18493075110018253
  view-data: 0.3909967355430126
