times:
  edit-metadata: 1.3757796231657267
  landing: 0.13062711153179407
  view-data: 0.1483649853616953
