times:
  edit-metadata: 1.342699060216546
  landing: 0.019168210215866566
  view-data: 0.21210503857582808
