times:
  edit-metadata: 1.332326604053378
  landing: 0.12926269229501486
  view-data: 0.023167955689132214
