times:
  edit-metadata: 0.5064677046611905
  landing: 0.06673748418688774
  view-data: 0.20845669833943248
