times:
  edit-metadata: 1.4273039121180773
  landing: 0.13807794079184532
  view-data: 0.4614054122939706
