times:
  edit-metadata: 1.3238973021507263
  landing: 0.09088312182575464
  view-data: 0.023974543437361717
