times:
  edit-metadata: 1.412178548052907
  landing: 0.3556557260453701
  view-data: 0.1752807255834341
