times:
  edit-metadata: 1.355392875149846
  landing: 0.02437857910990715
  view-data: 0.3623985555022955
