times:
  edit-metadata: 1.708448937162757
  landing: 0.025983314961194992
  view-data: 0.31513564102351665
