times:
  edit-metadata: 1.3193388311192393
  landing: 0.22183979395776987
  view-data: 0.03637377917766571
