times:
  edit-metadata: 1.3837172575294971
  landing: 0.01945650391280651
  view-data: 0.02593924291431904
