times:
  edit-metadata: 1.3991076033562422
  landing: 0.30417455546557903
  view-data: 0.3151546660810709
