times:
  edit-metadata: 1.3032304849475622
  landing: 0.213307848200202
  view-data: 0.284744193777442
