times:
  edit-metadata: 0.48715668311342597
  landing: 0.044632682111114264
  view-data: 0.20446969894692302
