times:
  edit-metadata: 1.5682840924710035
  landing: 0.2563091665506363
  view-data: 0.3619858641177416
