times:
  edit-metadata: 1.4759901566430926
  landing: 0.13182442262768745
  view-data: 0.12017854303121567
