times:
  edit-metadata: 1.2881201561540365
  landing: 0.19655604660511017
  view-data: 0.31863284669816494
