times:
  edit-metadata: 1.6793653834611177
  landing: 0.023266008123755455
  view-data: 0.024187689647078514
