times:
  edit-metadata: 1.3010212369263172
  landing: 0.01969081535935402
  view-data: 0.02353036217391491
