times:
  edit-metadata: 1.6526719741523266
  landing: 0.022740140557289124
  view-data: 0.3607314396649599
