times:
  edit-metadata: 1.554236527532339
  landing: 0.023015722632408142
  view-data: 0.2644674014300108
