times:
  edit-metadata: 1.3658409118652344
  landing: 0.02240324765443802
  view-data: 0.027811963111162186
