times:
  edit-metadata: 1.385386435315013
  landing: 0.11634772457182407
  view-data: 0.02484632097184658
