times:
  edit-metadata: 1.3411354068666697
  landing: 0.01905747503042221
  view-data: 0.02393789030611515
