times:
  edit-metadata: 1.3076325003057718
  landing: 0.019480230286717415
  view-data: 0.02811717428267002
