times:
  edit-metadata: 1.5753577500581741
  landing: 0.15225380659103394
  view-data: 0.05782449059188366
