times:
  edit-metadata: 1.3403978999704123
  landing: 0.12344311643391848
  view-data: 0.11768260318785906
