times:
  edit-metadata: 0.4873958812095225
  landing: 0.053138538263738155
  view-data: 0.21289741527289152
