times:
  edit-metadata: 1.596430679783225
  landing: 0.11516058817505836
  view-data: 0.04442239087074995
