times:
  edit-metadata: 1.3355064168572426
  landing: 0.17827731743454933
  view-data: 0.025353766977787018
