times:
  edit-metadata: 1.346575539559126
  landing: 0.022041143849492073
  view-data: 0.025673041120171547
