times:
  edit-metadata: 1.452341279014945
  landing: 0.02374870516359806
  view-data: 0.14693304523825645
