times:
  edit-metadata: 1.5836199540644884
  landing: 0.2867417633533478
  view-data: 0.3830610644072294
