times:
  edit-metadata: 1.6893343525007367
  landing: 0.2366901272907853
  view-data: 0.1596025861799717
