times:
  edit-metadata: 0.5183591051027179
  landing: 0.10716279223561287
  view-data: 0.20786946592852473
