times:
  edit-metadata: 1.7211026884615421
  landing: 0.022297142073512077
  view-data: 0.13815628364682198
