times:
  edit-metadata: 1.3921794444322586
  landing: 0.02097914181649685
  view-data: 0.150273147970438
