times:
  edit-metadata: 1.3507310952991247
  landing: 0.0192123893648386
  view-data: 0.026896866038441658
