times:
  edit-metadata: 0.5097379479557276
  landing: 0.06732584303244948
  view-data: 0.22013871371746063
