times:
  edit-metadata: 1.3795676734298468
  landing: 0.02078818343579769
  view-data: 0.02252398058772087
