times:
  edit-metadata: 1.4040814712643623
  landing: 0.02046181634068489
  view-data: 0.3080633655190468
