times:
  edit-metadata: 1.5520372819155455
  landing: 0.24852359667420387
  view-data: 0.430348202586174
