times:
  edit-metadata: 1.5534882005304098
  landing: 0.25922638177871704
  view-data: 0.1719590164721012
