times:
  edit-metadata: 1.5539351888000965
  landing: 0.2896926011890173
  view-data: 0.1573699377477169
