times:
  edit-metadata: 1.3481507860124111
  landing: 0.21997961401939392
  view-data: 0.02555697411298752
