times:
  edit-metadata: 0.57465680828318
  landing: 0.0449376511387527
  view-data: 0.20984190329909325
