times:
  edit-metadata: 1.3263110937550664
  landing: 0.023001444526016712
  view-data: 0.13292988762259483
