times:
  edit-metadata: 1.2980244047939777
  landing: 0.02441437728703022
  view-data: 0.1234006080776453
