times:
  edit-metadata: 1.3978647887706757
  landing: 0.20732233673334122
  view-data: 0.023348928429186344
