times:
  edit-metadata: 1.3669335208833218
  landing: 0.021092964336276054
  view-data: 0.025483042001724243
