times:
  edit-metadata: 1.4050464760512114
  landing: 0.01981068029999733
  view-data: 0.023027392104268074
