times:
  edit-metadata: 1.6034127045422792
  landing: 0.053594477474689484
  view-data: 0.06718411110341549
