times:
  edit-metadata: 1.3424298577010632
  landing: 0.1557910442352295
  view-data: 0.13000178337097168
