times:
  edit-metadata: 1.355123445391655
  landing: 0.020386628806591034
  view-data: 0.28198789060115814
