times:
  edit-metadata: 1.4061511065810919
  landing: 0.17736831959336996
  view-data: 0.42713325656950474
