times:
  edit-metadata: 1.50733925960958
  landing: 0.19539927691221237
  view-data: 0.34348602779209614
