times:
  edit-metadata: 1.5457490719854832
  landing: 0.37553707882761955
  view-data: 0.32225449196994305
