times:
  edit-metadata: 1.3999870978295803
  landing: 0.022760573774576187
  view-data: 0.02688671089708805
