times:
  edit-metadata: 1.3563372902572155
  landing: 0.1370757557451725
  view-data: 0.10419916920363903
