times:
  edit-metadata: 1.4535391312092543
  landing: 0.21553934924304485
  view-data: 0.15307320840656757
