times:
  edit-metadata: 1.4257482839748263
  landing: 0.021393299102783203
  view-data: 0.24920739978551865
