times:
  edit-metadata: 1.4119072873145342
  landing: 0.13584711588919163
  view-data: 0.14029481448233128
