times:
  edit-metadata: 1.4178681690245867
  landing: 0.026370683684945107
  view-data: 0.24426877312362194
