times:
  edit-metadata: 1.519479738548398
  landing: 0.17125015147030354
  view-data: 0.2781586740165949
