times:
  edit-metadata: 1.3317108135670424
  landing: 0.021719787269830704
  view-data: 0.10313241928815842
