times:
  edit-metadata: 1.6852145064622164
  landing: 0.024699400179088116
  view-data: 0.476501677185297
