times:
  edit-metadata: 1.3842805558815598
  landing: 0.12742590717971325
  view-data: 0.3248729994520545
