times:
  edit-metadata: 1.3484614547342062
  landing: 0.01839282736182213
  view-data: 0.023888183757662773
