times:
  edit-metadata: 1.3526479378342628
  landing: 0.026879185810685158
  view-data: 0.33171173371374607
