times:
  edit-metadata: 0.49802361987531185
  landing: 0.06905763922259212
  view-data: 0.2128722001798451
