times:
  edit-metadata: 0.6490708701312542
  landing: 0.04817633470520377
  view-data: 0.25762906624004245
