times:
  edit-metadata: 1.386029513552785
  landing: 0.13411866128444672
  view-data: 0.02428906224668026
