times:
  edit-metadata: 1.3736025914549828
  landing: 0.22911385260522366
  view-data: 0.47400376852601767
