times:
  edit-metadata: 0.7963825291953981
  landing: 0.04224892519414425
  view-data: 0.21583995316177607
