times:
  edit-metadata: 0.5286249411292374
  landing: 0.07847942365333438
  view-data: 0.2096528080292046
