times:
  edit-metadata: 0.5029591550119221
  landing: 0.06363488221541047
  view-data: 0.2149093160405755
