times:
  edit-metadata: 1.3767042439430952
  landing: 0.1907908357679844
  view-data: 0.026915520429611206
