times:
  edit-metadata: 1.334046008065343
  landing: 0.019870756193995476
  view-data: 0.027278169989585876
