times:
  edit-metadata: 1.3830045238137245
  landing: 0.14490560162812471
  view-data: 0.13439569529145956
