times:
  edit-metadata: 1.3170884242281318
  landing: 0.022623722441494465
  view-data: 0.4758839635178447
