times:
  edit-metadata: 1.7159127332270145
  landing: 0.021727634593844414
  view-data: 0.4046767856925726
