times:
  edit-metadata: 0.6151971449144185
  landing: 0.07029015012085438
  view-data: 0.25039079412817955
