times:
  edit-metadata: 1.486910417675972
  landing: 0.3185281679034233
  view-data: 0.16128775291144848
