times:
  edit-metadata: 1.2985660005360842
  landing: 0.019406486302614212
  view-data: 0.024530723690986633
