times:
  edit-metadata: 1.3497899007052183
  landing: 0.021558407694101334
  view-data: 0.029010659083724022
