times:
  edit-metadata: 1.325046095997095
  landing: 0.02032553218305111
  view-data: 0.3153213784098625
