times:
  edit-metadata: 1.530892986804247
  landing: 0.29031555727124214
  view-data: 0.21159295551478863
