times:
  edit-metadata: 1.3912229761481285
  landing: 0.025497836992144585
  view-data: 0.02521444670855999
