times:
  edit-metadata: 1.4245221670717
  landing: 0.0197279155254364
  view-data: 0.12148858420550823
