times:
  edit-metadata: 1.352667337283492
  landing: 0.019776392728090286
  view-data: 0.02499426156282425
