times:
  edit-metadata: 0.5299987499602139
  landing: 0.07451262697577477
  view-data: 0.21373944962397218
