times:
  edit-metadata: 1.5906198490411043
  landing: 0.22283791191875935
  view-data: 0.3619439732283354
