times:
  edit-metadata: 0.4993593171238899
  landing: 0.04596313461661339
  view-data: 0.20727963000535965
