times:
  edit-metadata: 1.339843351393938
  landing: 0.02056967467069626
  view-data: 0.02710643596947193
