times:
  edit-metadata: 1.3291078209877014
  landing: 0.019563287496566772
  view-data: 0.29376070760190487
