times:
  edit-metadata: 1.3758859857916832
  landing: 0.20933483447879553
  view-data: 0.14178575482219458
