times:
  edit-metadata: 1.3336063995957375
  landing: 0.022804122418165207
  view-data: 0.02583400346338749
