times:
  edit-metadata: 1.3534001614898443
  landing: 0.19501332379877567
  view-data: 0.10422971285879612
