times:
  edit-metadata: 1.3319127596914768
  landing: 0.01924244314432144
  view-data: 0.025403447449207306
