times:
  edit-metadata: 1.3005357291549444
  landing: 0.020432228222489357
  view-data: 0.02514265663921833
