times:
  edit-metadata: 1.6486619990319014
  landing: 0.21585167571902275
  view-data: 0.28386364690959454
