times:
  edit-metadata: 1.4149739257991314
  landing: 0.018279751762747765
  view-data: 0.28973438404500484
