times:
  edit-metadata: 0.8595511233434081
  landing: 0.08491148985922337
  view-data: 0.21034088404849172
