times:
  edit-metadata: 1.3705838359892368
  landing: 0.1381701212376356
  view-data: 0.022715533152222633
