times:
  edit-metadata: 1.3992926087230444
  landing: 0.021236136555671692
  view-data: 0.024885516613721848
