times:
  edit-metadata: 1.816211523488164
  landing: 0.2520020119845867
  view-data: 0.18874259665608406
