times:
  edit-metadata: 1.5879292022436857
  landing: 0.22138617374002934
  view-data: 0.4187383633106947
