times:
  edit-metadata: 1.582175912335515
  landing: 0.1438315138220787
  view-data: 0.3925915267318487
