times:
  edit-metadata: 1.3734216634184122
  landing: 0.024774648249149323
  view-data: 0.12765255011618137
