times:
  edit-metadata: 1.3506028465926647
  landing: 0.018101336434483528
  view-data: 0.028616640716791153
