times:
  edit-metadata: 1.3734766691923141
  landing: 0.02071363292634487
  view-data: 0.025352299213409424
