times:
  edit-metadata: 1.4076469764113426
  landing: 0.018649989739060402
  view-data: 0.2751432079821825
