times:
  edit-metadata: 1.5366774816066027
  landing: 0.31093796342611313
  view-data: 0.129109856672585
