times:
  edit-metadata: 1.474490251392126
  landing: 0.020803190767765045
  view-data: 0.026889178901910782
