times:
  edit-metadata: 1.3307654820382595
  landing: 0.018841050565242767
  view-data: 0.1488511823117733
