times:
  edit-metadata: 1.5637150704860687
  landing: 0.2900593616068363
  view-data: 0.02274441532790661
