times:
  edit-metadata: 0.5083944732323289
  landing: 0.0653160959482193
  view-data: 0.20269157690927386
