times:
  edit-metadata: 0.4809313830919564
  landing: 0.0731127061881125
  view-data: 0.2090362859889865
