times:
  edit-metadata: 1.489107171073556
  landing: 0.01983264461159706
  view-data: 0.4780832380056381
