times:
  edit-metadata: 1.3846833668649197
  landing: 0.021319368854165077
  view-data: 0.02642759121954441
