times:
  edit-metadata: 1.3074471112340689
  landing: 0.022841574624180794
  view-data: 0.02606092020869255
