times:
  edit-metadata: 1.8496022541075945
  landing: 0.1838082354515791
  view-data: 0.46631781943142414
