times:
  edit-metadata: 0.6823014421388507
  landing: 0.04843351198360324
  view-data: 0.25491165881976485
