times:
  edit-metadata: 1.6601682733744383
  landing: 0.2840887252241373
  view-data: 0.054472604766488075
