times:
  edit-metadata: 1.7737681437283754
  landing: 0.1775748897343874
  view-data: 0.4637422915548086
