times:
  edit-metadata: 1.34506506472826
  landing: 0.020279912278056145
  view-data: 0.2889280766248703
