times:
  edit-metadata: 1.6575522050261497
  landing: 0.15389703214168549
  view-data: 0.38087553158402443
