times:
  edit-metadata: 1.615371672436595
  landing: 0.3275136239826679
  view-data: 0.29285587929189205
