times:
  edit-metadata: 0.5050956038758159
  landing: 0.043959557078778744
  view-data: 0.2136884848587215
