times:
  edit-metadata: 0.6850532973185182
  landing: 0.0941395373083651
  view-data: 0.27291777497157454
