times:
  edit-metadata: 1.302915258333087
  landing: 0.020745486952364445
  view-data: 0.11836523283272982
