times:
  edit-metadata: 1.4128801077604294
  landing: 0.13540427759289742
  view-data: 0.022366732358932495
