times:
  edit-metadata: 1.449250846169889
  landing: 0.020273703150451183
  view-data: 0.02492499817162752
