times:
  edit-metadata: 1.305546447634697
  landing: 0.019322525709867477
  view-data: 0.026015887036919594
