times:
  edit-metadata: 1.398469427600503
  landing: 0.02090680506080389
  view-data: 0.029542939737439156
