times:
  edit-metadata: 0.662527403794229
  landing: 0.10826835734769702
  view-data: 0.27487780107185245
