times:
  edit-metadata: 1.4072240348905325
  landing: 0.16421625763177872
  view-data: 0.13868163339793682
