times:
  edit-metadata: 1.444832120090723
  landing: 0.021019622683525085
  view-data: 0.0259285606443882
