times:
  edit-metadata: 0.4709920594468713
  landing: 0.04100671876221895
  view-data: 0.20627050939947367
