times:
  edit-metadata: 0.5373557624407113
  landing: 0.06408272124826908
  view-data: 0.20709221484139562
