times:
  edit-metadata: 1.3758476544171572
  landing: 0.01967330276966095
  view-data: 0.12375112995505333
