times:
  edit-metadata: 1.3564202077686787
  landing: 0.020705020055174828
  view-data: 0.3004047852009535
