times:
  edit-metadata: 1.34264425188303
  landing: 0.018874363973736763
  view-data: 0.02393406629562378
