times:
  edit-metadata: 0.48185287322849035
  landing: 0.051188998855650425
  view-data: 0.201030058786273
