times:
  edit-metadata: 1.4203853029757738
  landing: 0.22764833271503448
  view-data: 0.2562752440571785
