times:
  edit-metadata: 1.297194106504321
  landing: 0.022269858047366142
  view-data: 0.40662861056625843
