times:
  edit-metadata: 1.3666849564760923
  landing: 0.022570187225937843
  view-data: 0.026599090546369553
