times:
  edit-metadata: 1.3813824094831944
  landing: 0.018127748742699623
  view-data: 0.0236736461520195
