times:
  edit-metadata: 1.4194140452891588
  landing: 0.1301174871623516
  view-data: 0.13347776513546705
