times:
  edit-metadata: 1.3215497294440866
  landing: 0.021086311899125576
  view-data: 0.026624783873558044
