times:
  edit-metadata: 0.48056485410779715
  landing: 0.04297574330121279
  view-data: 0.33085816632956266
