times:
  edit-metadata: 1.319877728819847
  landing: 0.020516397431492805
  view-data: 0.10080427769571543
