times:
  edit-metadata: 1.4210394471883774
  landing: 0.1995161958038807
  view-data: 0.024768806993961334
