times:
  edit-metadata: 1.3265670202672482
  landing: 0.022600792348384857
  view-data: 0.02452314831316471
