times:
  edit-metadata: 0.604830333031714
  landing: 0.12278013490140438
  view-data: 0.26113339280709624
