times:
  edit-metadata: 1.5202455781400204
  landing: 0.021687038242816925
  view-data: 0.3280122336000204
