times:
  edit-metadata: 1.4114898527041078
  landing: 0.02081458829343319
  view-data: 0.025938290171325207
