times:
  edit-metadata: 0.5065836291760206
  landing: 0.046234313398599625
  view-data: 0.20540764275938272
