times:
  edit-metadata: 1.2943375753238797
  landing: 0.02204139530658722
  view-data: 0.02798929437994957
