times:
  edit-metadata: 1.322231256403029
  landing: 0.02165580540895462
  view-data: 0.02833952009677887
