times:
  edit-metadata: 1.3957614041864872
  landing: 0.022619932889938354
  view-data: 0.31254468113183975
