times:
  edit-metadata: 1.317084077745676
  landing: 0.021665312349796295
  view-data: 0.02766227535903454
