times:
  edit-metadata: 1.290917326696217
  landing: 0.020768942311406136
  view-data: 0.10068606771528721
