times:
  edit-metadata: 0.501364859752357
  landing: 0.03956992970779538
  view-data: 0.3305255929008126
