times:
  edit-metadata: 1.5878964588046074
  landing: 0.14081287011504173
  view-data: 0.6157176699489355
