times:
  edit-metadata: 1.420419855043292
  landing: 0.024142049252986908
  view-data: 0.3302883990108967
