times:
  edit-metadata: 1.3329408001154661
  landing: 0.01956433802843094
  view-data: 0.023718303069472313
