times:
  edit-metadata: 1.3535957746207714
  landing: 0.2076464118435979
  view-data: 0.02343103662133217
