times:
  edit-metadata: 1.409218268468976
  landing: 0.280536325648427
  view-data: 0.4259309880435467
