times:
  edit-metadata: 1.906247379258275
  landing: 0.3026846833527088
  view-data: 0.3159825764596462
