times:
  edit-metadata: 1.3867918411269784
  landing: 0.14464384131133556
  view-data: 0.24068532045930624
