times:
  edit-metadata: 1.3168850829824805
  landing: 0.14469801634550095
  view-data: 0.02729184366762638
