times:
  edit-metadata: 1.3687523817643523
  landing: 0.022001637145876884
  view-data: 0.12316022533923388
