times:
  edit-metadata: 1.4033026956021786
  landing: 0.12802069447934628
  view-data: 0.27986951172351837
