times:
  edit-metadata: 1.3273637164384127
  landing: 0.19194152764976025
  view-data: 0.09649239853024483
