times:
  edit-metadata: 1.0354806100949645
  landing: 0.04324820917099714
  view-data: 0.6636888850480318
