times:
  edit-metadata: 1.3072507809847593
  landing: 0.022295884788036346
  view-data: 0.45746834203600883
