times:
  edit-metadata: 1.2964534694328904
  landing: 0.024506254121661186
  view-data: 0.13379485439509153
