times:
  edit-metadata: 1.322299632243812
  landing: 0.02117694728076458
  view-data: 0.11681844294071198
