times:
  edit-metadata: 0.5576456501148641
  landing: 0.0602756910957396
  view-data: 0.21464103320613503
