times:
  edit-metadata: 1.4896867740899324
  landing: 0.15297313779592514
  view-data: 0.4330259207636118
