times:
  edit-metadata: 1.3895794674754143
  landing: 0.115831283852458
  view-data: 0.026565466076135635
