times:
  edit-metadata: 0.4794697049073875
  landing: 0.04439473897218704
  view-data: 0.3362340871244669
