times:
  edit-metadata: 1.686402941122651
  landing: 0.34752142429351807
  view-data: 0.47935570403933525
