times:
  edit-metadata: 1.4234548453241587
  landing: 0.018696049228310585
  view-data: 0.13970581628382206
