times:
  edit-metadata: 1.2887345850467682
  landing: 0.14605724345892668
  view-data: 0.029437430202960968
