times:
  edit-metadata: 1.3943478967994452
  landing: 0.021798869594931602
  view-data: 0.13992608524858952
