times:
  edit-metadata: 1.3458933159708977
  landing: 0.020638382993638515
  view-data: 0.12610575277358294
