times:
  edit-metadata: 1.436696456745267
  landing: 0.12738142535090446
  view-data: 0.022225648164749146
