times:
  edit-metadata: 1.301905194297433
  landing: 0.2392197735607624
  view-data: 0.31070838682353497
