times:
  edit-metadata: 0.4857430113479495
  landing: 0.042833492159843445
  view-data: 0.19876219425350428
