times:
  edit-metadata: 1.484598632901907
  landing: 0.31110973842442036
  view-data: 0.4361018408089876
