times:
  edit-metadata: 1.3793980590999126
  landing: 0.02193288877606392
  view-data: 0.02403516136109829
