times:
  edit-metadata: 1.900600377470255
  landing: 0.27385570481419563
  view-data: 0.42458249628543854
