times:
  edit-metadata: 1.31503227353096
  landing: 0.020763816311955452
  view-data: 0.12205290980637074
