times:
  edit-metadata: 1.8545373938977718
  landing: 0.23115738481283188
  view-data: 0.19305585138499737
