times:
  edit-metadata: 1.6133835799992085
  landing: 0.04641157388687134
  view-data: 0.3455057665705681
