times:
  edit-metadata: 0.6062891171313822
  landing: 0.06985204527154565
  view-data: 0.30006448784843087
