times:
  edit-metadata: 0.4786465410143137
  landing: 0.047165182419121265
  view-data: 0.1995950611308217
