times:
  edit-metadata: 2.1983441840857267
  landing: 0.35438350960612297
  view-data: 0.5627712346613407
