times:
  edit-metadata: 0.6895051668398082
  landing: 0.0700803049840033
  view-data: 0.3156799292191863
