times:
  edit-metadata: 1.320322908461094
  landing: 0.021164827048778534
  view-data: 0.02539282850921154
