times:
  edit-metadata: 1.3161999573931098
  landing: 0.02316022291779518
  view-data: 0.12401989940553904
