times:
  edit-metadata: 1.3017609305679798
  landing: 0.02152800839394331
  view-data: 0.025347587652504444
