times:
  edit-metadata: 0.4813493378460407
  landing: 0.04912375099956989
  view-data: 0.3361689457669854
