times:
  edit-metadata: 1.337254572659731
  landing: 0.11354909278452396
  view-data: 0.14114400185644627
