times:
  edit-metadata: 0.49474943382665515
  landing: 0.04421872878447175
  view-data: 0.33673205599188805
