times:
  edit-metadata: 1.3314375020563602
  landing: 0.021507862024009228
  view-data: 0.025688731111586094
