times:
  edit-metadata: 1.3997791232541203
  landing: 0.023173765279352665
  view-data: 0.12029284052550793
