times:
  edit-metadata: 1.318500972352922
  landing: 0.02082670945674181
  view-data: 0.025969428941607475
