times:
  edit-metadata: 1.2907893946394324
  landing: 0.022089836187660694
  view-data: 0.1217849524691701
