times:
  edit-metadata: 1.6075283456593752
  landing: 0.019769607111811638
  view-data: 0.3559202626347542
