times:
  edit-metadata: 1.3638839880004525
  landing: 0.24100591614842415
  view-data: 0.4272200018167496
