times:
  edit-metadata: 1.829914651811123
  landing: 0.02007509581744671
  view-data: 0.1916782557964325
