times:
  edit-metadata: 1.3913138648495078
  landing: 0.022094986401498318
  view-data: 0.13190761767327785
