times:
  edit-metadata: 1.76287642121315
  landing: 0.20775841176509857
  view-data: 0.39350382797420025
