times:
  edit-metadata: 1.5033808052539825
  landing: 0.17471902817487717
  view-data: 0.21932474710047245
