times:
  edit-metadata: 1.3399943225085735
  landing: 0.021015284582972527
  view-data: 0.023410571739077568
