times:
  edit-metadata: 0.4714732989668846
  landing: 0.04405653476715088
  view-data: 0.32438299898058176
