times:
  edit-metadata: 1.3415388483554125
  landing: 0.19232109561562538
  view-data: 0.027823845855891705
