times:
  edit-metadata: 0.5087078660726547
  landing: 0.053249613381922245
  view-data: 0.20381475985050201
