times:
  edit-metadata: 1.8384350910782814
  landing: 0.052949100732803345
  view-data: 0.43685170635581017
