times:
  edit-metadata: 1.4205584088340402
  landing: 0.12527461908757687
  view-data: 0.4198923269286752
