times:
  edit-metadata: 1.4307073336094618
  landing: 0.1764128664508462
  view-data: 0.09255761094391346
