times:
  edit-metadata: 0.5282099610194564
  landing: 0.08812386868521571
  view-data: 0.3099758932366967
