times:
  edit-metadata: 0.4805414695292711
  landing: 0.04865752253681421
  view-data: 0.3338803155347705
