times:
  edit-metadata: 1.3062907103449106
  landing: 0.021805087104439735
  view-data: 0.02545064501464367
