times:
  edit-metadata: 0.5068678995594382
  landing: 0.04219466634094715
  view-data: 0.3421198660507798
