times:
  edit-metadata: 1.5239635612815619
  landing: 0.023936226963996887
  view-data: 0.4210559260100126
