times:
  edit-metadata: 0.5456004738807678
  landing: 0.05195679422467947
  view-data: 0.19662647414952517
