times:
  edit-metadata: 1.4716262612491846
  landing: 0.024931658059358597
  view-data: 0.30728768184781075
