times:
  edit-metadata: 1.4235718343406916
  landing: 0.2039304105564952
  view-data: 0.23354791477322578
