times:
  edit-metadata: 0.5069557507522404
  landing: 0.06393913738429546
  view-data: 0.21856669383123517
