times:
  edit-metadata: 1.2993337651714683
  landing: 0.021309376694262028
  view-data: 0.02648490946739912
