times:
  edit-metadata: 1.371461252681911
  landing: 0.019645433872938156
  view-data: 0.12148812133818865
