times:
  edit-metadata: 1.3177304854616523
  landing: 0.19797296542674303
  view-data: 0.025216338224709034
