times:
  edit-metadata: 1.3717239238321781
  landing: 0.019941706210374832
  view-data: 0.027239715680480003
