times:
  edit-metadata: 1.3486751290038228
  landing: 0.024045868776738644
  view-data: 0.025428432039916515
