times:
  edit-metadata: 1.586446676403284
  landing: 0.15237152390182018
  view-data: 0.37505275942385197
