times:
  edit-metadata: 1.3928417097777128
  landing: 0.13820056803524494
  view-data: 0.39874117821455
