times:
  edit-metadata: 0.48347121104598045
  landing: 0.05080775078386068
  view-data: 0.19482622854411602
