times:
  edit-metadata: 1.3836974520236254
  landing: 0.021633796393871307
  view-data: 0.028169889003038406
