times:
  edit-metadata: 0.6002834737300873
  landing: 0.07668555527925491
  view-data: 0.2239327421411872
