times:
  edit-metadata: 1.5186414923518896
  landing: 0.20900697633624077
  view-data: 0.026444830000400543
