times:
  edit-metadata: 1.4793178923428059
  landing: 0.020881447941064835
  view-data: 0.1337189543992281
