times:
  edit-metadata: 1.304503814317286
  landing: 0.020430303178727627
  view-data: 0.13383125327527523
