times:
  edit-metadata: 1.397611677646637
  landing: 0.16327436827123165
  view-data: 0.024455778300762177
