times:
  edit-metadata: 1.3327933112159371
  landing: 0.02183819469064474
  view-data: 0.028506016358733177
