times:
  edit-metadata: 1.3193768011406064
  landing: 0.021644338965415955
  view-data: 0.025243478827178478
