times:
  edit-metadata: 1.5677071418613195
  landing: 0.13460345193743706
  view-data: 0.1275526024401188
