times:
  edit-metadata: 1.3450322337448597
  landing: 0.142104959115386
  view-data: 0.32888444140553474
