times:
  edit-metadata: 1.3842918798327446
  landing: 0.022099841386079788
  view-data: 0.310048196464777
