times:
  edit-metadata: 1.29794267937541
  landing: 0.023281892761588097
  view-data: 0.12301932089030743
