times:
  edit-metadata: 1.2862874949350953
  landing: 0.0912823285907507
  view-data: 0.11786952149122953
