times:
  edit-metadata: 1.3125329241156578
  landing: 0.021156998351216316
  view-data: 0.02335532382130623
