times:
  edit-metadata: 1.3092303592711687
  landing: 0.02115573361515999
  view-data: 0.30386242642998695
