times:
  edit-metadata: 1.4638050766661763
  landing: 0.1394855845719576
  view-data: 0.11708901170641184
