times:
  edit-metadata: 1.3559353817254305
  landing: 0.021963508799672127
  view-data: 0.11449357680976391
