times:
  edit-metadata: 1.4531867075711489
  landing: 0.017952851951122284
  view-data: 0.025934554636478424
