times:
  edit-metadata: 1.381162278354168
  landing: 0.023562015034258366
  view-data: 0.028136733919382095
