times:
  edit-metadata: 1.5021489150822163
  landing: 0.5058670789003372
  view-data: 0.21997360698878765
