times:
  edit-metadata: 1.378508735448122
  landing: 0.019666951149702072
  view-data: 0.04926285520195961
