times:
  edit-metadata: 0.5028503490611911
  landing: 0.04279738757759333
  view-data: 0.35230879578739405
