times:
  edit-metadata: 1.344173077493906
  landing: 0.01948779821395874
  view-data: 0.02558140456676483
