times:
  edit-metadata: 0.47432123590260744
  landing: 0.04125250969082117
  view-data: 0.20570266619324684
