times:
  edit-metadata: 1.5029265359044075
  landing: 0.19095541536808014
  view-data: 0.6664095744490623
