times:
  edit-metadata: 1.3067198125645518
  landing: 0.021593529731035233
  view-data: 0.02607459668070078
