times:
  edit-metadata: 1.3964425809681416
  landing: 0.021987754851579666
  view-data: 0.291205458343029
