times:
  edit-metadata: 1.3555240742862225
  landing: 0.02224388811737299
  view-data: 0.11642051208764315
