times:
  edit-metadata: 1.3731112908571959
  landing: 0.11275172792375088
  view-data: 0.02467983216047287
