times:
  edit-metadata: 1.4868600759655237
  landing: 0.25008579157292843
  view-data: 0.3896487466990948
