times:
  edit-metadata: 0.5283527802675962
  landing: 0.06970613589510322
  view-data: 0.2200832050293684
