times:
  edit-metadata: 0.4846830740571022
  landing: 0.04692350886762142
  view-data: 0.21372189559042454
