times:
  edit-metadata: 1.3860433883965015
  landing: 0.01987498812377453
  view-data: 0.13774745352566242
