times:
  edit-metadata: 0.6033725971356034
  landing: 0.1349025503732264
  view-data: 0.2258761990815401
