times:
  edit-metadata: 1.3091073762625456
  landing: 0.0206222552806139
  view-data: 0.025711340829730034
