times:
  edit-metadata: 1.6274766884744167
  landing: 0.14677262865006924
  view-data: 0.030204279348254204
