times:
  edit-metadata: 0.4820312513038516
  landing: 0.042169093154370785
  view-data: 0.20513887703418732
