times:
  edit-metadata: 1.8688824102282524
  landing: 0.049727875739336014
  view-data: 0.43957678228616714
