times:
  edit-metadata: 0.5230179619975388
  landing: 0.059203606098890305
  view-data: 0.240363712888211
