times:
  edit-metadata: 1.2942806091159582
  landing: 0.1224988168105483
  view-data: 0.026597081683576107
