times:
  edit-metadata: 1.328185960650444
  landing: 0.021986283361911774
  view-data: 0.027632666751742363
