times:
  edit-metadata: 1.3062545964494348
  landing: 0.020564994774758816
  view-data: 0.026959185488522053
