times:
  edit-metadata: 0.8142951829358935
  landing: 0.0681314799003303
  view-data: 0.2056475318968296
