times:
  edit-metadata: 1.3316435711458325
  landing: 0.0971645200625062
  view-data: 0.13465758226811886
