times:
  edit-metadata: 1.3907111203297973
  landing: 0.02054023277014494
  view-data: 0.025959579274058342
