times:
  edit-metadata: 1.819652609527111
  landing: 0.12489480897784233
  view-data: 0.5071649849414825
