times:
  edit-metadata: 1.3323728498071432
  landing: 0.13682273402810097
  view-data: 0.28629861027002335
