times:
  edit-metadata: 0.6621563560329378
  landing: 0.08608861640095711
  view-data: 0.23515545995905995
