times:
  edit-metadata: 1.9592538066208363
  landing: 0.41267188265919685
  view-data: 0.4527696929872036
