times:
  edit-metadata: 1.4101526457816362
  landing: 0.02211575396358967
  view-data: 0.024592861533164978
