times:
  edit-metadata: 1.499625688418746
  landing: 0.13425263017416
  view-data: 0.15019960142672062
