times:
  edit-metadata: 0.7818554099649191
  landing: 0.05323571991175413
  view-data: 0.20265957713127136
