times:
  edit-metadata: 0.4998687133193016
  landing: 0.07073314813897014
  view-data: 0.22736502904444933
