times:
  edit-metadata: 1.2933453768491745
  landing: 0.021165577694773674
  view-data: 0.12403690628707409
