times:
  edit-metadata: 1.322836298495531
  landing: 0.021630264818668365
  view-data: 0.029148725792765617
