times:
  edit-metadata: 2.6490981578826904
  landing: 0.15998887456953526
  view-data: 0.20158238522708416
