times:
  edit-metadata: 1.7993609048426151
  landing: 0.0530486274510622
  view-data: 0.027465956285595894
