times:
  edit-metadata: 1.3535476299002767
  landing: 0.020400994457304478
  view-data: 0.026967262849211693
