times:
  edit-metadata: 0.48392945528030396
  landing: 0.05011512991040945
  view-data: 0.3408533623442054
