times:
  edit-metadata: 1.524842457845807
  landing: 0.021399538964033127
  view-data: 0.56279625184834
