times:
  edit-metadata: 0.5276015610434115
  landing: 0.07681648898869753
  view-data: 0.2187926028855145
