times:
  edit-metadata: 1.3711882811039686
  landing: 0.019637010991573334
  view-data: 0.022995173931121826
