times:
  edit-metadata: 1.2995531484484673
  landing: 0.021413919515907764
  view-data: 0.027337119914591312
