times:
  edit-metadata: 1.3125617839396
  landing: 0.021621626801788807
  view-data: 0.3980950331315398
