times:
  edit-metadata: 1.3036419721320271
  landing: 0.021122153848409653
  view-data: 0.41057222429662943
