times:
  edit-metadata: 1.37779469974339
  landing: 0.23782145883888006
  view-data: 0.229415662586689
