times:
  edit-metadata: 1.3383179102092981
  landing: 0.021381975151598454
  view-data: 0.12328103929758072
