times:
  edit-metadata: 1.4032712299376726
  landing: 0.018471661023795605
  view-data: 0.024101492017507553
