times:
  edit-metadata: 1.3853130880743265
  landing: 0.021612192504107952
  view-data: 0.308793562464416
