times:
  edit-metadata: 1.346401778049767
  landing: 0.02424452919512987
  view-data: 0.22955807764083147
