times:
  edit-metadata: 0.6107802679762244
  landing: 0.05505037633702159
  view-data: 0.4218753366731107
