times:
  edit-metadata: 1.4204659257084131
  landing: 0.02122178114950657
  view-data: 0.12590557150542736
