times:
  edit-metadata: 1.3504424104467034
  landing: 0.02074876520782709
  view-data: 0.028563223779201508
