times:
  edit-metadata: 0.48083064099773765
  landing: 0.03716859593987465
  view-data: 0.3374823429621756
