times:
  edit-metadata: 1.3033956298604608
  landing: 0.020325458608567715
  view-data: 0.02364365942776203
