times:
  edit-metadata: 1.3192633735015988
  landing: 0.021334053948521614
  view-data: 0.13498572912067175
