times:
  edit-metadata: 0.7288480778224766
  landing: 0.16742404270917177
  view-data: 0.2124971658922732
