times:
  edit-metadata: 1.3329714313149452
  landing: 0.2237272709608078
  view-data: 0.02629495970904827
