times:
  edit-metadata: 1.315762236714363
  landing: 0.12177667766809464
  view-data: 0.026044713333249092
