times:
  edit-metadata: 3.1804626689990982
  landing: 0.29176068198285066
  view-data: 0.37231089602573775
