times:
  edit-metadata: 1.3522014766931534
  landing: 0.022025905549526215
  view-data: 0.027512002736330032
