times:
  edit-metadata: 1.3283662106841803
  landing: 0.14726084284484386
  view-data: 0.3348956648260355
