times:
  edit-metadata: 1.327155658043921
  landing: 0.13804925419390202
  view-data: 0.13459925260394812
