times:
  edit-metadata: 1.399833639152348
  landing: 0.022477642633020878
  view-data: 0.3346510650590062
