times:
  edit-metadata: 0.5005619376897812
  landing: 0.04040697310119867
  view-data: 0.20362187176942825
