times:
  edit-metadata: 1.3379103802144527
  landing: 0.021666857413947582
  view-data: 0.41541824862360954
