times:
  edit-metadata: 1.3001917405053973
  landing: 0.023148883134126663
  view-data: 0.02978239394724369
