times:
  edit-metadata: 1.496933869086206
  landing: 0.01940016634762287
  view-data: 0.025304448790848255
