times:
  edit-metadata: 0.5324472929351032
  landing: 0.047544978093355894
  view-data: 0.20467649400234222
