times:
  edit-metadata: 1.3142006788402796
  landing: 0.020865023136138916
  view-data: 0.40390713792294264
