times:
  edit-metadata: 1.3483545184135437
  landing: 0.02180316485464573
  view-data: 0.03720178548246622
