times:
  edit-metadata: 1.447785971686244
  landing: 0.2634708546102047
  view-data: 0.42149229906499386
