times:
  edit-metadata: 1.3657507468014956
  landing: 0.01964431256055832
  view-data: 0.2869293950498104
