times:
  edit-metadata: 1.294407956302166
  landing: 0.02047117054462433
  view-data: 0.12189799454063177
