times:
  edit-metadata: 0.4862085375934839
  landing: 0.04322934616357088
  view-data: 0.22296950221061707
