times:
  edit-metadata: 0.714074261020869
  landing: 0.06555078132078052
  view-data: 0.3028208282776177
