times:
  edit-metadata: 1.3562994785606861
  landing: 0.02160775102674961
  view-data: 0.026066962629556656
