times:
  edit-metadata: 1.5253342520445585
  landing: 0.021700408309698105
  view-data: 0.02715231478214264
