times:
  edit-metadata: 0.5147692132741213
  landing: 0.04445052519440651
  view-data: 0.20074726548045874
