times:
  edit-metadata: 0.5532078868709505
  landing: 0.06135225389152765
  view-data: 0.20601398218423128
