times:
  edit-metadata: 1.6622861344367266
  landing: 0.302193402312696
  view-data: 0.4740428887307644
