times:
  edit-metadata: 0.4750053798779845
  landing: 0.042546385899186134
  view-data: 0.2033189870417118
