times:
  edit-metadata: 1.2760702725499868
  landing: 0.023508637212216854
  view-data: 0.024428113363683224
