times:
  edit-metadata: 1.3464216198772192
  landing: 0.02050226368010044
  view-data: 0.025018876418471336
