times:
  edit-metadata: 0.5540378503501415
  landing: 0.05559663521125913
  view-data: 0.23239579377695918
