times:
  edit-metadata: 1.2888548728078604
  landing: 0.02138753142207861
  view-data: 0.025895800441503525
