times:
  edit-metadata: 1.4977229237556458
  landing: 0.0182217163965106
  view-data: 0.02444898895919323
