times:
  edit-metadata: 1.4018996823579073
  landing: 0.14850569516420364
  view-data: 0.028736954554915428
