times:
  edit-metadata: 0.47058137971907854
  landing: 0.053101396188139915
  view-data: 0.2075896803289652
