times:
  edit-metadata: 1.7607737919315696
  landing: 0.022620748728513718
  view-data: 0.02584325522184372
