times:
  edit-metadata: 2.5716020110994577
  landing: 0.1611175574362278
  view-data: 0.056127894669771194
