times:
  edit-metadata: 1.298996522091329
  landing: 0.021874611265957355
  view-data: 0.09607069380581379
