times:
  edit-metadata: 1.3168564811348915
  landing: 0.020054351538419724
  view-data: 0.025793032720685005
