times:
  edit-metadata: 1.388784248381853
  landing: 0.01936664618551731
  view-data: 0.024160437285900116
