times:
  edit-metadata: 0.4588748328387737
  landing: 0.045887927524745464
  view-data: 0.35571265686303377
