times:
  edit-metadata: 1.7457758523523808
  landing: 0.20226500183343887
  view-data: 0.05521679297089577
