times:
  edit-metadata: 1.4094056338071823
  landing: 0.020416243001818657
  view-data: 0.1319347433745861
