times:
  edit-metadata: 0.46678910218179226
  landing: 0.046351960860192776
  view-data: 0.3371295193210244
