times:
  edit-metadata: 1.5468367114663124
  landing: 0.02093469724059105
  view-data: 0.3093613125383854
