times:
  edit-metadata: 1.360543766990304
  landing: 0.11655813828110695
  view-data: 0.02486027032136917
