times:
  edit-metadata: 1.3258296251296997
  landing: 0.02294447086751461
  view-data: 0.028295577503740788
