times:
  edit-metadata: 1.3301267437636852
  landing: 0.019723384641110897
  view-data: 0.11709704156965017
