times:
  edit-metadata: 1.2940477384254336
  landing: 0.04547268524765968
  view-data: 0.11864402238279581
