times:
  edit-metadata: 1.337054118514061
  landing: 0.020871423184871674
  view-data: 0.4367576902732253
