times:
  edit-metadata: 1.4531482607126236
  landing: 0.022053513675928116
  view-data: 0.02420644275844097
