times:
  edit-metadata: 1.3071251707151532
  landing: 0.20892927329987288
  view-data: 0.12414174247533083
