times:
  edit-metadata: 0.7860831837169826
  landing: 0.06030546175315976
  view-data: 0.3154638106934726
