times:
  edit-metadata: 0.526896258816123
  landing: 0.10549360420554876
  view-data: 0.2875856957398355
