times:
  edit-metadata: 1.334460853599012
  landing: 0.020673858001828194
  view-data: 0.11912397854030132
