times:
  edit-metadata: 2.2553588952869177
  landing: 0.3514855206012726
  view-data: 0.4804169964045286
