times:
  edit-metadata: 1.323340113274753
  landing: 0.020458918996155262
  view-data: 0.12134752608835697
