times:
  edit-metadata: 1.5128397112712264
  landing: 0.19229052308946848
  view-data: 0.5584937809035182
