times:
  edit-metadata: 2.7609154004603624
  landing: 0.2215449158102274
  view-data: 0.5032202992588282
