times:
  edit-metadata: 1.2964867735281587
  landing: 0.02422527689486742
  view-data: 0.024786430411040783
