times:
  edit-metadata: 1.3061435110867023
  landing: 0.020980672910809517
  view-data: 0.11696672532707453
