times:
  edit-metadata: 1.247294606640935
  landing: 0.13878148421645164
  view-data: 0.12149529810994864
