times:
  edit-metadata: 1.313061156310141
  landing: 0.02343157585710287
  view-data: 0.024142744950950146
