times:
  edit-metadata: 1.3253653161227703
  landing: 0.020960592664778233
  view-data: 0.025589216500520706
