times:
  edit-metadata: 1.38983522541821
  landing: 0.02104789949953556
  view-data: 0.027142468839883804
