times:
  edit-metadata: 1.7413454540073872
  landing: 0.02279553934931755
  view-data: 0.02539273537695408
