times:
  edit-metadata: 1.3891056682914495
  landing: 0.02282194048166275
  view-data: 0.028349710628390312
