times:
  edit-metadata: 1.3508114907890558
  landing: 0.11452968418598175
  view-data: 0.026128522120416164
