times:
  edit-metadata: 1.3432783782482147
  landing: 0.020408518612384796
  view-data: 0.16343196481466293
