times:
  edit-metadata: 1.3385129058733582
  landing: 0.021472484804689884
  view-data: 0.02774682268500328
