times:
  edit-metadata: 0.5452815662138164
  landing: 0.04688399098813534
  view-data: 0.20800112513825297
