times:
  edit-metadata: 1.3545260559767485
  landing: 0.02199709229171276
  view-data: 0.025158531963825226
