times:
  edit-metadata: 1.320682168006897
  landing: 0.0232056500390172
  view-data: 0.09883169364184141
