times:
  edit-metadata: 2.9823537785559893
  landing: 0.25860213302075863
  view-data: 0.3990330193191767
