times:
  edit-metadata: 0.4720789138227701
  landing: 0.04471539054065943
  view-data: 0.20279055554419756
