times:
  edit-metadata: 1.3682687319815159
  landing: 0.021059435792267323
  view-data: 0.025515161454677582
