times:
  edit-metadata: 1.3251025388017297
  landing: 0.019189853221178055
  view-data: 0.09973317012190819
