times:
  edit-metadata: 0.4911720575764775
  landing: 0.04553430527448654
  view-data: 0.5848065288737416
