times:
  edit-metadata: 2.2996895909309387
  landing: 0.4253953183069825
  view-data: 0.14892006758600473
