times:
  edit-metadata: 1.3386236876249313
  landing: 0.019510580226778984
  view-data: 0.027392545714974403
