times:
  edit-metadata: 1.3449287684634328
  landing: 0.019904552027583122
  view-data: 0.11963685508817434
