times:
  edit-metadata: 1.3626332804560661
  landing: 0.15186133701354265
  view-data: 0.022473384626209736
