times:
  edit-metadata: 1.288298113271594
  landing: 0.0213335445150733
  view-data: 0.4273345349356532
