times:
  edit-metadata: 1.3325184872373939
  landing: 0.021749824285507202
  view-data: 0.02552499808371067
