times:
  edit-metadata: 1.3900811485946178
  landing: 0.020803142338991165
  view-data: 0.02222139574587345
