times:
  edit-metadata: 0.4968105321750045
  landing: 0.048386151902377605
  view-data: 0.3246717043220997
