times:
  edit-metadata: 0.5610694019123912
  landing: 0.1055752718821168
  view-data: 0.31869127321988344
