times:
  edit-metadata: 1.5572062246501446
  landing: 0.02647092565894127
  view-data: 0.21379042230546474
