times:
  edit-metadata: 1.8461731560528278
  landing: 0.045387523248791695
  view-data: 0.024922406300902367
