times:
  edit-metadata: 1.3116708640009165
  landing: 0.02096512820571661
  view-data: 0.024152365513145924
