times:
  edit-metadata: 0.48914357367902994
  landing: 0.04426044598221779
  view-data: 0.20086979866027832
