times:
  edit-metadata: 1.7128688916563988
  landing: 0.12369227595627308
  view-data: 0.47614664025604725
