times:
  edit-metadata: 1.3181654838845134
  landing: 0.021132076159119606
  view-data: 0.10080915223807096
