times:
  edit-metadata: 0.4731893399730325
  landing: 0.04810595512390137
  view-data: 0.19807888008654118
