times:
  edit-metadata: 1.3516156673431396
  landing: 0.020045245066285133
  view-data: 0.026983589865267277
