times:
  edit-metadata: 1.4420669842511415
  landing: 0.020187463611364365
  view-data: 0.029377862811088562
