times:
  edit-metadata: 1.7570746131241322
  landing: 0.23502383567392826
  view-data: 0.3720718752592802
