times:
  edit-metadata: 0.49127742601558566
  landing: 0.03772455081343651
  view-data: 0.2124579157680273
