times:
  edit-metadata: 0.4806484142318368
  landing: 0.04119075648486614
  view-data: 0.22542889509350061
