times:
  edit-metadata: 1.3624051548540592
  landing: 0.15381488390266895
  view-data: 0.02550753951072693
