times:
  edit-metadata: 1.3611542843282223
  landing: 0.023587504401803017
  view-data: 0.02215576358139515
