times:
  edit-metadata: 1.3172946199774742
  landing: 0.11502180714160204
  view-data: 0.02547835372388363
