times:
  edit-metadata: 1.7710874266922474
  landing: 0.33074147813022137
  view-data: 0.38063181936740875
