times:
  edit-metadata: 1.3686611745506525
  landing: 0.021847853437066078
  view-data: 0.2821174543350935
