times:
  edit-metadata: 1.323993768543005
  landing: 0.02185730915516615
  view-data: 0.024438212625682354
