times:
  edit-metadata: 13.791859852150083
  landing: 0.1798519305884838
  view-data: 0.36714140698313713
