times:
  edit-metadata: 9.648392233997583
  landing: 0.13325360976159573
  view-data: 0.3158958740532398
