times:
  edit-metadata: 12.359519245103002
  landing: 0.12814348377287388
  view-data: 0.029387034475803375
