times:
  edit-metadata: 12.238420395180583
  landing: 0.02098906598985195
  view-data: 0.026491930708289146
