times:
  edit-metadata: 12.459283261559904
  landing: 0.042099804151803255
  view-data: 1.043757253792137
