times:
  edit-metadata: 9.574809456244111
  landing: 0.20564471650868654
  view-data: 0.3388119749724865
