times:
  edit-metadata: 9.358223276212811
  landing: 0.01899783592671156
  view-data: 0.3179008588194847
