times:
  edit-metadata: 12.04213672503829
  landing: 0.024306369945406914
  view-data: 0.2937534525990486
