times:
  edit-metadata: 12.411418536677957
  landing: 0.1351902224123478
  view-data: 0.1315730269998312
