times:
  edit-metadata: 9.661619720049202
  landing: 0.1490194769576192
  view-data: 0.029619100503623486
