times:
  edit-metadata: 12.78281038813293
  landing: 0.02087300829589367
  view-data: 0.13805010728538036
