times:
  edit-metadata: 13.8326963391155
  landing: 0.254505293443799
  view-data: 0.37757955491542816
