times:
  edit-metadata: 14.793162381276488
  landing: 0.2562871463596821
  view-data: 0.45014828629791737
