times:
  edit-metadata: 13.303266011178493
  landing: 0.12900260835886002
  view-data: 0.025297559797763824
