times:
  edit-metadata: 9.234188971109688
  landing: 0.04798266105353832
  view-data: 0.025645693764090538
