times:
  edit-metadata: 11.97491809912026
  landing: 0.02204224281013012
  view-data: 0.12039231136441231
