times:
  edit-metadata: 13.848742667585611
  landing: 0.32606362737715244
  view-data: 0.13913659006357193
