times:
  edit-metadata: 12.39729723520577
  landing: 0.19686705991625786
  view-data: 0.25109110213816166
