times:
  edit-metadata: 14.181312242522836
  landing: 0.18859928846359253
  view-data: 0.40254706144332886
