times:
  edit-metadata: 9.449388481676579
  landing: 0.18653043266385794
  view-data: 0.4956766339018941
