times:
  edit-metadata: 12.338303748518229
  landing: 0.01961948536336422
  view-data: 0.12564153969287872
