times:
  edit-metadata: 9.441549245268106
  landing: 0.169253908097744
  view-data: 0.4541079802438617
