times:
  edit-metadata: 13.014427538961172
  landing: 0.02195403166115284
  view-data: 0.32333215698599815
