times:
  edit-metadata: 12.553850019350648
  landing: 0.021978585049510002
  view-data: 0.03020639158785343
