times:
  edit-metadata: 13.014270055107772
  landing: 0.08542890474200249
  view-data: 0.8975819572806358
