times:
  edit-metadata: 14.740953987464309
  landing: 0.26958831027150154
  view-data: 0.14620307087898254
