times:
  edit-metadata: 8.712712690234184
  landing: 0.023209363222122192
  view-data: 0.1329762451350689
