times:
  edit-metadata: 11.916829092428088
  landing: 0.11653250269591808
  view-data: 0.29644548520445824
