times:
  edit-metadata: 13.200512258335948
  landing: 0.25488840881735086
  view-data: 0.9997387984767556
