times:
  edit-metadata: 13.000012856908143
  landing: 0.055668978951871395
  view-data: 0.9407951706089079
