times:
  edit-metadata: 9.731348790228367
  landing: 0.22312548849731684
  view-data: 0.023909098468720913
