times:
  edit-metadata: 12.642699344083667
  landing: 0.20278207585215569
  view-data: 0.3199200164526701
