times:
  edit-metadata: 10.824672354850918
  landing: 0.07655860530212522
  view-data: 0.8125331779010594
