times:
  edit-metadata: 17.721285805106163
  landing: 0.02484072931110859
  view-data: 0.40204825066030025
