times:
  edit-metadata: 13.68878053734079
  landing: 0.08255245676264167
  view-data: 0.8654793729074299
