times:
  edit-metadata: 9.144290884956717
  landing: 0.018921731039881706
  view-data: 0.477151183411479
