times:
  edit-metadata: 12.948390111327171
  landing: 0.021691232919692993
  view-data: 0.025233538821339607
