times:
  edit-metadata: 11.50346596352756
  landing: 0.4078476168215275
  view-data: 0.3900170251727104
