times:
  edit-metadata: 12.775540854781866
  landing: 0.018506383523344994
  view-data: 0.12057305686175823
