times:
  edit-metadata: 14.191265363246202
  landing: 0.3605564422905445
  view-data: 0.419461777433753
