times:
  edit-metadata: 12.335668573156
  landing: 0.15093518421053886
  view-data: 0.028078757226467133
