times:
  edit-metadata: 11.899777824059129
  landing: 0.020564433187246323
  view-data: 0.028041210025548935
