times:
  edit-metadata: 9.608474629931152
  landing: 0.21105384081602097
  view-data: 0.4298895187675953
