times:
  edit-metadata: 12.37173504754901
  landing: 0.020307430997490883
  view-data: 0.024004826322197914
