times:
  edit-metadata: 9.676306182518601
  landing: 0.13041150290519
  view-data: 0.13335209898650646
