times:
  edit-metadata: 10.533892957493663
  landing: 0.35077235847711563
  view-data: 0.04097190499305725
