times:
  edit-metadata: 12.734240116551518
  landing: 0.16023757681250572
  view-data: 0.026580793783068657
