times:
  edit-metadata: 13.77453888952732
  landing: 0.02668669819831848
  view-data: 0.339428236708045
