times:
  edit-metadata: 12.903328953310847
  landing: 0.02227337844669819
  view-data: 0.14600727707147598
