times:
  edit-metadata: 9.784748679026961
  landing: 0.11682417057454586
  view-data: 0.03358476795256138
