times:
  edit-metadata: 11.910200446844101
  landing: 0.019152864813804626
  view-data: 0.025060778483748436
