times:
  edit-metadata: 8.845215978100896
  landing: 0.021515834145247936
  view-data: 0.023884660564363003
