times:
  edit-metadata: 12.741001246497035
  landing: 0.02425791136920452
  view-data: 0.3216697610914707
