times:
  edit-metadata: 10.175403815694153
  landing: 0.15027059242129326
  view-data: 0.24153376184403896
