times:
  edit-metadata: 9.538900861516595
  landing: 0.01937269326299429
  view-data: 0.31504454743117094
