times:
  edit-metadata: 12.859460278879851
  landing: 0.13711417466402054
  view-data: 0.8931746426969767
