times:
  edit-metadata: 12.066955840215087
  landing: 0.019963355734944344
  view-data: 0.02423233911395073
