times:
  edit-metadata: 9.616707772016525
  landing: 0.12411047331988811
  view-data: 0.4486999996006489
