times:
  edit-metadata: 13.160279979929328
  landing: 0.14015511237084866
  view-data: 0.34434713423252106
