times:
  edit-metadata: 10.96454595727846
  landing: 0.05645547714084387
  view-data: 0.8425255520269275
