times:
  edit-metadata: 12.127387087792158
  landing: 0.021061167120933533
  view-data: 0.29659318551421165
