times:
  edit-metadata: 13.105309469625354
  landing: 0.01953912526369095
  view-data: 0.024248089641332626
