times:
  edit-metadata: 8.778487474657595
  landing: 0.01969011314213276
  view-data: 0.026546250097453594
