times:
  edit-metadata: 13.312811683863401
  landing: 0.02255619503557682
  view-data: 0.02992945723235607
