times:
  edit-metadata: 12.550136169418693
  landing: 0.01960412971675396
  view-data: 0.02641412988305092
