times:
  edit-metadata: 13.031471626833081
  landing: 0.11829844489693642
  view-data: 0.024031339213252068
