times:
  edit-metadata: 13.072765681892633
  landing: 0.13988418132066727
  view-data: 0.026482321321964264
