times:
  edit-metadata: 13.05365657620132
  landing: 0.12497843988239765
  view-data: 0.027199959382414818
