times:
  edit-metadata: 8.737250036559999
  landing: 0.021181988529860973
  view-data: 0.023041042499244213
