times:
  edit-metadata: 12.901486374437809
  landing: 0.02059657871723175
  view-data: 0.023254986852407455
