times:
  edit-metadata: 13.918096693232656
  landing: 0.2307493519037962
  view-data: 0.3656254466623068
