times:
  edit-metadata: 12.38388292863965
  landing: 0.018213549628853798
  view-data: 0.13700005784630775
