times:
  edit-metadata: 14.01007902994752
  landing: 0.19732635468244553
  view-data: 0.1681557148694992
