times:
  edit-metadata: 9.53409566450864
  landing: 0.20944309886544943
  view-data: 0.025309781543910503
