times:
  edit-metadata: 9.005395546555519
  landing: 0.1605737116187811
  view-data: 0.42078841011971235
