times:
  edit-metadata: 12.402360029518604
  landing: 0.1263317484408617
  view-data: 0.12475045397877693
