times:
  edit-metadata: 14.729240879416466
  landing: 0.28212543204426765
  view-data: 0.025191260501742363
