times:
  edit-metadata: 10.781217902898788
  landing: 0.06443749601021409
  view-data: 0.8294165087863803
