times:
  edit-metadata: 14.36113771237433
  landing: 0.29296173714101315
  view-data: 0.3265073671936989
