times:
  edit-metadata: 12.414111079648137
  landing: 0.13618470542132854
  view-data: 0.02491256408393383
