times:
  edit-metadata: 12.764704251661897
  landing: 0.019267357885837555
  view-data: 0.32073477283120155
