times:
  edit-metadata: 13.234320422168821
  landing: 0.14096626732498407
  view-data: 1.0880768108181655
