times:
  edit-metadata: 13.042091328650713
  landing: 0.16101261973381042
  view-data: 0.024793332442641258
