times:
  edit-metadata: 12.61579212732613
  landing: 0.2011114228516817
  view-data: 0.10288604721426964
