times:
  edit-metadata: 12.611913563683629
  landing: 0.01948985643684864
  view-data: 0.3256855122745037
