times:
  edit-metadata: 12.732846587896347
  landing: 0.1525031216442585
  view-data: 0.323491582646966
