times:
  edit-metadata: 14.604765173047781
  landing: 0.29308114387094975
  view-data: 0.13749133050441742
