times:
  edit-metadata: 13.508895153179765
  landing: 0.024477852508425713
  view-data: 0.13050159625709057
