times:
  edit-metadata: 12.318618401885033
  landing: 0.020597107708454132
  view-data: 0.2838979307562113
