times:
  edit-metadata: 10.766121278051287
  landing: 0.06544026406481862
  view-data: 0.8823339939117432
