times:
  edit-metadata: 13.996071320027113
  landing: 0.2601731903851032
  view-data: 0.027158308774232864
