times:
  edit-metadata: 12.691527115181088
  landing: 0.019054442644119263
  view-data: 0.029695365577936172
