times:
  edit-metadata: 13.745955791324377
  landing: 0.22419834695756435
  view-data: 0.3437389563769102
