times:
  edit-metadata: 14.76199546083808
  landing: 0.16044186241924763
  view-data: 0.14536361396312714
