times:
  edit-metadata: 10.858671928290278
  landing: 0.06921763438731432
  view-data: 0.8109006099402905
