times:
  edit-metadata: 15.549997480586171
  landing: 0.307572228834033
  view-data: 0.40159502252936363
