times:
  edit-metadata: 13.49698355421424
  landing: 0.22425024770200253
  view-data: 0.054840175434947014
