times:
  edit-metadata: 13.953531807288527
  landing: 0.3008099477738142
  view-data: 0.15715067833662033
