times:
  edit-metadata: 12.199412548914552
  landing: 0.12910502217710018
  view-data: 1.0000840779393911
