times:
  edit-metadata: 12.232255412265658
  landing: 0.020351892337203026
  view-data: 0.02474280446767807
