times:
  edit-metadata: 14.001914456486702
  landing: 0.022357463836669922
  view-data: 0.164769496768713
