times:
  edit-metadata: 10.615951238200068
  landing: 0.21159561909735203
  view-data: 0.4621044425293803
