times:
  edit-metadata: 12.641146677080542
  landing: 0.07161578815430403
  view-data: 0.8858611541800201
