times:
  edit-metadata: 12.615984663367271
  landing: 0.05904330685734749
  view-data: 0.8646793900988996
