times:
  edit-metadata: 12.60520899668336
  landing: 0.199158089235425
  view-data: 0.02515830472111702
