times:
  edit-metadata: 12.460042227059603
  landing: 0.14939250610768795
  view-data: 0.02312847599387169
