times:
  edit-metadata: 13.724040377885103
  landing: 0.1535500418394804
  view-data: 0.4148357901722193
