times:
  edit-metadata: 12.02983870357275
  landing: 0.024170920252799988
  view-data: 0.025908054783940315
