times:
  edit-metadata: 16.01111706532538
  landing: 0.3497303780168295
  view-data: 0.3960249423980713
