times:
  edit-metadata: 12.419124391395599
  landing: 0.16079091001302004
  view-data: 0.9552274881862104
