times:
  edit-metadata: 9.587947607040405
  landing: 0.024875011295080185
  view-data: 0.16295209527015686
