times:
  edit-metadata: 9.621816363185644
  landing: 0.01882544904947281
  view-data: 0.13216259237378836
