times:
  edit-metadata: 9.886793741956353
  landing: 0.022297805175185204
  view-data: 0.42633327655494213
