times:
  edit-metadata: 12.707862559705973
  landing: 0.021606141701340675
  view-data: 0.12142012640833855
