times:
  edit-metadata: 11.921371180098504
  landing: 0.07187884813174605
  view-data: 0.9034771639853716
