times:
  edit-metadata: 9.831222407519817
  landing: 0.018840760923922062
  view-data: 0.02344447560608387
