times:
  edit-metadata: 9.64727992285043
  landing: 0.265371129848063
  view-data: 0.13201437424868345
