times:
  edit-metadata: 12.383238941431046
  landing: 0.022147610783576965
  view-data: 0.02366151660680771
