times:
  edit-metadata: 12.568623896688223
  landing: 0.024287136271595955
  view-data: 0.31655206345021725
