times:
  edit-metadata: 13.83499507419765
  landing: 0.236030587926507
  view-data: 0.024327268823981285
