times:
  edit-metadata: 12.99519514432177
  landing: 0.1591504500247538
  view-data: 0.8324694028124213
