times:
  edit-metadata: 13.803729383274913
  landing: 0.20410512760281563
  view-data: 0.3414295185357332
