times:
  edit-metadata: 13.289116577245295
  landing: 0.0749293970875442
  view-data: 0.9190317918546498
