times:
  edit-metadata: 17.09226894006133
  landing: 0.1538847405463457
  view-data: 0.15259267576038837
