times:
  edit-metadata: 9.572231187485158
  landing: 0.1330435322597623
  view-data: 0.14269227255135775
