times:
  edit-metadata: 12.585792102385312
  landing: 0.0813080589286983
  view-data: 0.9521616962738335
