times:
  edit-metadata: 17.55818491987884
  landing: 0.3767067287117243
  view-data: 0.5116568077355623
