times:
  edit-metadata: 12.78098963201046
  landing: 0.12114220717921853
  view-data: 1.075208427850157
