times:
  edit-metadata: 12.481377320364118
  landing: 0.23094657436013222
  view-data: 0.054750580340623856
