times:
  edit-metadata: 12.11370093934238
  landing: 0.019738806411623955
  view-data: 0.023795515298843384
