times:
  edit-metadata: 12.40669641084969
  landing: 0.14560218155384064
  view-data: 0.31153905764222145
