times:
  edit-metadata: 12.721535291522741
  landing: 0.207240903750062
  view-data: 0.023809917271137238
