times:
  edit-metadata: 9.599665400572121
  landing: 0.02122295554727316
  view-data: 0.12350096087902784
