times:
  edit-metadata: 12.197402554098517
  landing: 0.07958560390397906
  view-data: 0.91053032502532
