times:
  edit-metadata: 9.68389664683491
  landing: 0.0256648575887084
  view-data: 0.024414142593741417
