times:
  edit-metadata: 12.371919056400657
  landing: 0.019821375608444214
  view-data: 0.025681383907794952
