times:
  edit-metadata: 8.84288627654314
  landing: 0.02162288688123226
  view-data: 0.1208116551861167
