times:
  edit-metadata: 14.370965175330639
  landing: 0.15898104384541512
  view-data: 0.3482351303100586
