times:
  edit-metadata: 13.08766327612102
  landing: 0.02288331277668476
  view-data: 0.13028624653816223
