times:
  edit-metadata: 12.13393372669816
  landing: 0.021832134574651718
  view-data: 0.11517976783216
