times:
  edit-metadata: 14.071992656216025
  landing: 0.3185547459870577
  view-data: 0.17811635695397854
