times:
  edit-metadata: 13.417769123800099
  landing: 0.046340106055140495
  view-data: 0.9717756332829595
