times:
  edit-metadata: 13.744602017104626
  landing: 0.1803823634982109
  view-data: 0.6245657075196505
