times:
  edit-metadata: 13.097374284639955
  landing: 0.2422642521560192
  view-data: 0.1616218499839306
