times:
  edit-metadata: 12.073945712298155
  landing: 0.021589316427707672
  view-data: 0.32256665267050266
