times:
  edit-metadata: 9.023483864963055
  landing: 0.020595421083271503
  view-data: 0.024603968486189842
