times:
  edit-metadata: 12.813102822750807
  landing: 0.13904489763081074
  view-data: 0.1394137516617775
