times:
  edit-metadata: 12.063989164307714
  landing: 0.020296314731240273
  view-data: 0.27822253480553627
