times:
  edit-metadata: 14.715047096833587
  landing: 0.37592856027185917
  view-data: 0.43943843990564346
