times:
  edit-metadata: 12.304440839681774
  landing: 0.13749550515785813
  view-data: 0.8657714482396841
