times:
  edit-metadata: 13.016352850943804
  landing: 0.02317887544631958
  view-data: 0.025839513167738914
