times:
  edit-metadata: 13.016222154721618
  landing: 0.0235424991697073
  view-data: 0.13468744046986103
