times:
  edit-metadata: 12.802105638198555
  landing: 0.06570292124524713
  view-data: 1.0376575132831931
