times:
  edit-metadata: 13.931032126769423
  landing: 0.2658677455037832
  view-data: 0.12236553430557251
