times:
  edit-metadata: 12.345221562311053
  landing: 0.13851194269955158
  view-data: 0.022885460406541824
