times:
  edit-metadata: 11.007673139683902
  landing: 0.16532916948199272
  view-data: 0.7041869163513184
