times:
  edit-metadata: 15.48896917887032
  landing: 0.19326295889914036
  view-data: 0.1684014368802309
