times:
  edit-metadata: 10.654374592937529
  landing: 0.07611823081970215
  view-data: 0.8188998629339039
