times:
  edit-metadata: 11.841136310249567
  landing: 0.020387927070260048
  view-data: 0.3328804913908243
