times:
  edit-metadata: 12.43186409957707
  landing: 0.02091079205274582
  view-data: 0.025682391598820686
