times:
  edit-metadata: 9.659750245511532
  landing: 0.022655006498098373
  view-data: 0.3320654630661011
