times:
  edit-metadata: 12.951900564134121
  landing: 0.02075999230146408
  view-data: 0.35474204644560814
