times:
  edit-metadata: 17.30657742358744
  landing: 0.21310519240796566
  view-data: 0.21090272814035416
