times:
  edit-metadata: 12.457889893092215
  landing: 0.1133686937391758
  view-data: 0.9070694237016141
