times:
  edit-metadata: 8.681851265951991
  landing: 0.02069137431681156
  view-data: 0.365578381344676
