times:
  edit-metadata: 12.891565272584558
  landing: 0.021159406751394272
  view-data: 0.023733804002404213
