times:
  edit-metadata: 12.562910806387663
  landing: 0.02020993083715439
  view-data: 0.024511205032467842
