times:
  edit-metadata: 10.702575739007443
  landing: 0.06844822596758604
  view-data: 0.8288683630526066
