times:
  edit-metadata: 1.638919735327363
  landing: 0.020140212029218674
  view-data: 0.024799687787890434
