times:
  edit-metadata: 0.8991214078851044
  landing: 0.047771715093404055
  view-data: 0.2331880866549909
