times:
  edit-metadata: 0.7425365932285786
  landing: 0.1349099399521947
  view-data: 0.23608751874417067
