times:
  edit-metadata: 2.135610328987241
  landing: 0.025070898234844208
  view-data: 0.36601926386356354
