times:
  edit-metadata: 1.6080907918512821
  landing: 0.25008244905620813
  view-data: 0.48899787943810225
