times:
  edit-metadata: 1.5793869514018297
  landing: 0.021075163036584854
  view-data: 0.02659885585308075
