times:
  edit-metadata: 1.8166371937841177
  landing: 0.15489231422543526
  view-data: 0.32103546895086765
