times:
  edit-metadata: 1.9664582312107086
  landing: 0.27137512899935246
  view-data: 0.17106500826776028
