times:
  edit-metadata: 1.7075633183121681
  landing: 0.02180095575749874
  view-data: 0.028998907655477524
