times:
  edit-metadata: 1.5724489698186517
  landing: 0.021492818370461464
  view-data: 0.09655823465436697
