times:
  edit-metadata: 0.7149700098671019
  landing: 0.06551078613847494
  view-data: 0.2796486122533679
