times:
  edit-metadata: 1.575794329866767
  landing: 0.02333569899201393
  view-data: 0.12077796179801226
