times:
  edit-metadata: 1.7369377873837948
  landing: 0.2350290436297655
  view-data: 0.026767678558826447
