times:
  edit-metadata: 1.6279991762712598
  landing: 0.02660746593028307
  view-data: 0.3210078962147236
