times:
  edit-metadata: 1.5930914748460054
  landing: 0.0217472892254591
  view-data: 0.13754759170114994
