times:
  edit-metadata: 1.8111659567803144
  landing: 0.32966375909745693
  view-data: 0.26972635462880135
