times:
  edit-metadata: 0.906870829872787
  landing: 0.06410950096324086
  view-data: 0.31965309102088213
