times:
  edit-metadata: 1.6345850583165884
  landing: 0.12821036577224731
  view-data: 0.3149126935750246
