times:
  edit-metadata: 1.7557781897485256
  landing: 0.12159512005746365
  view-data: 0.056648118421435356
