times:
  edit-metadata: 1.5907281478866935
  landing: 0.022352359257638454
  view-data: 0.4561955062672496
