times:
  edit-metadata: 1.6474184095859528
  landing: 0.22500817570835352
  view-data: 0.2379805827513337
