times:
  edit-metadata: 0.7194628249853849
  landing: 0.09173577604815364
  view-data: 0.23100963002070785
