times:
  edit-metadata: 1.61930613219738
  landing: 0.15122943185269833
  view-data: 0.12407694384455681
