times:
  edit-metadata: 1.6433295300230384
  landing: 0.1314924070611596
  view-data: 0.21174530778080225
