times:
  edit-metadata: 1.7024643253535032
  landing: 0.023222319781780243
  view-data: 0.3141029868274927
