times:
  edit-metadata: 1.86109652929008
  landing: 0.2509760335087776
  view-data: 0.317789388820529
