times:
  edit-metadata: 1.5609417352825403
  landing: 0.023587719537317753
  view-data: 0.12266226671636105
