times:
  edit-metadata: 1.6007343865931034
  landing: 0.24451781250536442
  view-data: 0.2631232272833586
