times:
  edit-metadata: 1.9646690227091312
  landing: 0.021143168210983276
  view-data: 0.3210387583822012
