times:
  edit-metadata: 1.6910066865384579
  landing: 0.2350129559636116
  view-data: 0.28749491460621357
