times:
  edit-metadata: 1.7410528855398297
  landing: 0.5592137956991792
  view-data: 0.024990828707814217
