times:
  edit-metadata: 1.576801149174571
  landing: 0.022301997989416122
  view-data: 0.312759593129158
