times:
  edit-metadata: 1.6361334789544344
  landing: 0.14306615479290485
  view-data: 0.030605439096689224
