times:
  edit-metadata: 1.7481479197740555
  landing: 0.02333771623671055
  view-data: 0.026722462847828865
