times:
  edit-metadata: 1.5857058074325323
  landing: 0.021777162328362465
  view-data: 0.1418868787586689
