times:
  edit-metadata: 2.2619026862084866
  landing: 0.021655566059052944
  view-data: 0.02974003553390503
