times:
  edit-metadata: 1.5720316534861922
  landing: 0.02518170326948166
  view-data: 0.028531678020954132
