times:
  edit-metadata: 0.8599296431057155
  landing: 0.1559230568818748
  view-data: 0.23640715004876256
