times:
  edit-metadata: 1.7195234317332506
  landing: 0.27283209189772606
  view-data: 0.27269372530281544
