times:
  edit-metadata: 1.6344549842178822
  landing: 0.12068166956305504
  view-data: 0.024442387744784355
