times:
  edit-metadata: 1.4984010951593518
  landing: 0.1135410601273179
  view-data: 0.024602525867521763
