times:
  edit-metadata: 1.8000993896275759
  landing: 0.21772460639476776
  view-data: 0.19196380116045475
