times:
  edit-metadata: 1.8948046937584877
  landing: 0.2879822161048651
  view-data: 0.3249122090637684
