times:
  edit-metadata: 0.8489406011067331
  landing: 0.0677775633521378
  view-data: 0.33934208005666733
