times:
  edit-metadata: 1.8379466477781534
  landing: 0.1277211718261242
  view-data: 0.14455153420567513
