times:
  edit-metadata: 2.1288354508578777
  landing: 0.1842784434556961
  view-data: 0.3779127951711416
