times:
  edit-metadata: 1.8737422227859497
  landing: 0.15116704441606998
  view-data: 0.30373939126729965
