times:
  edit-metadata: 1.7886123917996883
  landing: 0.3255794383585453
  view-data: 0.36320095881819725
