times:
  edit-metadata: 1.8651120029389858
  landing: 0.05115366354584694
  view-data: 0.35258228331804276
