times:
  edit-metadata: 1.6443465650081635
  landing: 0.23660990595817566
  view-data: 0.023645581677556038
