times:
  edit-metadata: 1.8335245437920094
  landing: 0.26247851736843586
  view-data: 0.026019511744379997
