times:
  edit-metadata: 1.7348466217517853
  landing: 0.14573219418525696
  view-data: 0.1736493967473507
