times:
  edit-metadata: 1.6717414390295744
  landing: 0.2414159756153822
  view-data: 0.45331729855388403
