times:
  edit-metadata: 2.1521750055253506
  landing: 0.2601536922156811
  view-data: 0.2243580985814333
