times:
  edit-metadata: 1.5655691400170326
  landing: 0.023871008306741714
  view-data: 0.0254043135792017
