times:
  edit-metadata: 0.8554827813059092
  landing: 0.06680720997974277
  view-data: 0.3092975257895887
