times:
  edit-metadata: 2.0504358988255262
  landing: 0.01985454000532627
  view-data: 0.028365684673190117
