times:
  edit-metadata: 1.6316314358264208
  landing: 0.12384729087352753
  view-data: 0.42255293391644955
