times:
  edit-metadata: 1.6098781991750002
  landing: 0.022219065576791763
  view-data: 0.12566421926021576
