times:
  edit-metadata: 1.593816937878728
  landing: 0.0195478405803442
  view-data: 0.2963452022522688
