times:
  edit-metadata: 1.6276033027097583
  landing: 0.021540388464927673
  view-data: 0.023452511057257652
