times:
  edit-metadata: 0.6955831116065383
  landing: 0.06935081304982305
  view-data: 0.2346231397241354
