times:
  edit-metadata: 1.590715665370226
  landing: 0.15175370872020721
  view-data: 0.027564844116568565
