times:
  edit-metadata: 2.1613629795610905
  landing: 0.2675293032079935
  view-data: 0.3245230186730623
