times:
  edit-metadata: 1.6791091058403254
  landing: 0.12386134825646877
  view-data: 0.027301423251628876
