times:
  edit-metadata: 1.83881670050323
  landing: 0.025966648012399673
  view-data: 0.3859731685370207
