times:
  edit-metadata: 2.5444219820201397
  landing: 0.19227267242968082
  view-data: 0.39910402707755566
