times:
  edit-metadata: 2.334506180137396
  landing: 0.5944683607667685
  view-data: 0.38840208016335964
