times:
  edit-metadata: 0.8264336981810629
  landing: 0.06551936035975814
  view-data: 0.33914173813536763
