times:
  edit-metadata: 1.661849083378911
  landing: 0.02253556065261364
  view-data: 0.027344195172190666
