times:
  edit-metadata: 0.721469936426729
  landing: 0.0644898759201169
  view-data: 0.22973825223743916
