times:
  edit-metadata: 1.632930999621749
  landing: 0.21564002893865108
  view-data: 0.09922091662883759
