times:
  edit-metadata: 1.6495636384934187
  landing: 0.17384443059563637
  view-data: 0.12379247136414051
