times:
  edit-metadata: 1.8335463646799326
  landing: 0.022481972351670265
  view-data: 0.29808828234672546
