times:
  edit-metadata: 2.2260934561491013
  landing: 0.02061127871274948
  view-data: 0.36025547981262207
