times:
  edit-metadata: 1.7540633287280798
  landing: 0.24668810330331326
  view-data: 0.4113748949021101
