times:
  edit-metadata: 1.7456685919314623
  landing: 0.12050087749958038
  view-data: 0.02730242721736431
