times:
  edit-metadata: 0.7376844277605414
  landing: 0.07434644782915711
  view-data: 0.22483286168426275
