times:
  edit-metadata: 1.6909599639475346
  landing: 0.1991170272231102
  view-data: 0.02218419685959816
