times:
  edit-metadata: 1.660594779998064
  landing: 0.02357620559632778
  view-data: 0.029382288455963135
