times:
  edit-metadata: 0.9614859712310135
  landing: 0.05817360198125243
  view-data: 0.32032544491812587
