times:
  edit-metadata: 1.6649418883025646
  landing: 0.021187186241149902
  view-data: 0.2037956267595291
