times:
  edit-metadata: 2.028942223638296
  landing: 0.021206671372056007
  view-data: 0.2863723263144493
