times:
  edit-metadata: 1.6365716569125652
  landing: 0.20349648781120777
  view-data: 0.023170295171439648
