times:
  edit-metadata: 1.702983994036913
  landing: 0.020441703498363495
  view-data: 0.3640870153903961
