times:
  edit-metadata: 1.5932258684188128
  landing: 0.020576635375618935
  view-data: 0.10411701165139675
