times:
  edit-metadata: 1.797200981527567
  landing: 0.02226421609520912
  view-data: 0.026074867695569992
