times:
  edit-metadata: 1.633784944191575
  landing: 0.019301366060972214
  view-data: 0.024600611999630928
