times:
  edit-metadata: 1.789757490158081
  landing: 0.13327901810407639
  view-data: 0.2933558560907841
