times:
  edit-metadata: 1.616149127483368
  landing: 0.25061485078185797
  view-data: 0.4934312794357538
