times:
  edit-metadata: 1.6307412032037973
  landing: 0.022292781621217728
  view-data: 0.10906426422297955
