times:
  edit-metadata: 0.7311262940056622
  landing: 0.04540677182376385
  view-data: 0.21925927698612213
