times:
  edit-metadata: 1.9368701856583357
  landing: 0.14941804483532906
  view-data: 0.18576560728251934
