times:
  edit-metadata: 0.718361381907016
  landing: 0.06400296278297901
  view-data: 0.22961829835548997
