times:
  edit-metadata: 1.563854118809104
  landing: 0.019678369164466858
  view-data: 0.2770199105143547
