times:
  edit-metadata: 0.9216808541677892
  landing: 0.1526073687709868
  view-data: 0.31643561786040664
