times:
  edit-metadata: 1.5561238918453455
  landing: 0.01952543295919895
  view-data: 0.025387052446603775
