times:
  edit-metadata: 1.7026507370173931
  landing: 0.12456062249839306
  view-data: 0.34107460640370846
