times:
  edit-metadata: 1.689755143597722
  landing: 0.2142615420743823
  view-data: 0.2455537999048829
