times:
  edit-metadata: 1.6803549509495497
  landing: 0.019741956144571304
  view-data: 0.2629168750718236
