times:
  edit-metadata: 1.0618945471942425
  landing: 0.07115130219608545
  view-data: 0.30983771476894617
