times:
  edit-metadata: 1.5997854294255376
  landing: 0.021303809247910976
  view-data: 0.09709444548934698
