times:
  edit-metadata: 1.7308304775506258
  landing: 0.022647112607955933
  view-data: 0.4317355714738369
