times:
  edit-metadata: 2.126924566924572
  landing: 0.1486572865396738
  view-data: 0.2953281756490469
