times:
  edit-metadata: 1.6467596087604761
  landing: 0.11260969005525112
  view-data: 0.4990550968796015
