times:
  edit-metadata: 1.7106927521526814
  landing: 0.16018404625356197
  view-data: 0.02387123741209507
