times:
  edit-metadata: 1.7189356554299593
  landing: 0.023508843034505844
  view-data: 0.3948297053575516
