times:
  edit-metadata: 1.5856263916939497
  landing: 0.02251596562564373
  view-data: 0.025113288313150406
