times:
  edit-metadata: 1.8510722294449806
  landing: 0.17726716957986355
  view-data: 0.3730107210576534
