times:
  edit-metadata: 0.7263926737941802
  landing: 0.07119936682283878
  view-data: 0.23343849694356322
