times:
  edit-metadata: 1.0273659117519855
  landing: 0.10798116773366928
  view-data: 0.31362699205055833
