times:
  edit-metadata: 1.6308981347829103
  landing: 0.11285310797393322
  view-data: 0.027782341465353966
