times:
  edit-metadata: 2.81449038349092
  landing: 0.024141501635313034
  view-data: 0.39614690467715263
