times:
  edit-metadata: 1.5968678928911686
  landing: 0.15768084302544594
  view-data: 0.13868228159844875
