times:
  edit-metadata: 1.0700131841003895
  landing: 0.05741621274501085
  view-data: 0.25025021098554134
