times:
  edit-metadata: 1.6355245243757963
  landing: 0.02149568870663643
  view-data: 0.0253206267952919
