times:
  edit-metadata: 1.5376086607575417
  landing: 0.019949203357100487
  view-data: 0.3168941494077444
