times:
  edit-metadata: 1.5627285558730364
  landing: 0.02215580828487873
  view-data: 0.024293964728713036
