times:
  edit-metadata: 1.5763374799862504
  landing: 0.019168426282703876
  view-data: 0.4346956666558981
