times:
  edit-metadata: 2.0084475707262754
  landing: 0.14501645974814892
  view-data: 0.15846251137554646
