times:
  edit-metadata: 0.7035757307894528
  landing: 0.05114405229687691
  view-data: 0.22557409293949604
