times:
  edit-metadata: 1.6850640401244164
  landing: 0.19704441726207733
  view-data: 0.02256329543888569
