times:
  edit-metadata: 1.9914507362991571
  landing: 0.1654513217508793
  view-data: 0.15692734718322754
