times:
  edit-metadata: 1.5562218613922596
  landing: 0.023389726877212524
  view-data: 0.3137696385383606
