times:
  edit-metadata: 1.7519769109785557
  landing: 0.13850592449307442
  view-data: 0.026144850999116898
