times:
  edit-metadata: 1.9695720430463552
  landing: 0.28143785521388054
  view-data: 0.5009774658828974
