times:
  edit-metadata: 1.7036364022642374
  landing: 0.19534372724592686
  view-data: 0.3861236572265625
