times:
  edit-metadata: 1.5258701369166374
  landing: 0.07414436154067516
  view-data: 0.02505192905664444
