times:
  edit-metadata: 0.7071282952092588
  landing: 0.055878852028399706
  view-data: 0.2486393228173256
