times:
  edit-metadata: 1.8134246170520782
  landing: 0.15780731663107872
  view-data: 0.25214745104312897
