times:
  edit-metadata: 1.7077075634151697
  landing: 0.2667007874697447
  view-data: 0.028006089851260185
