times:
  edit-metadata: 0.7015031408518553
  landing: 0.07048816327005625
  view-data: 0.2432044050656259
