times:
  edit-metadata: 1.64795873593539
  landing: 0.1526214201003313
  view-data: 0.30327709950506687
