times:
  edit-metadata: 1.623513549566269
  landing: 0.022057365626096725
  view-data: 0.026235822588205338
