times:
  edit-metadata: 0.9753811601549387
  landing: 0.08601724822074175
  view-data: 0.2214426016435027
