times:
  edit-metadata: 1.5438272356987
  landing: 0.021441174671053886
  view-data: 0.024492274969816208
