times:
  edit-metadata: 2.249475533142686
  landing: 0.3117877971380949
  view-data: 0.17030153051018715
