times:
  edit-metadata: 1.672202656045556
  landing: 0.13661083113402128
  view-data: 0.02704740222543478
