times:
  edit-metadata: 1.8797952011227608
  landing: 0.16709882020950317
  view-data: 0.16524057649075985
