times:
  edit-metadata: 1.5481036566197872
  landing: 0.19128716178238392
  view-data: 0.31663914024829865
