times:
  edit-metadata: 1.687989342957735
  landing: 0.2665020264685154
  view-data: 0.22880973853170872
