times:
  edit-metadata: 1.942742869257927
  landing: 0.20461556874215603
  view-data: 0.5126123633235693
