times:
  edit-metadata: 1.6934597808867693
  landing: 0.25006065145134926
  view-data: 0.1479053683578968
