times:
  edit-metadata: 1.9906811015680432
  landing: 0.018830306828022003
  view-data: 0.024088291451334953
