times:
  edit-metadata: 1.7205030489712954
  landing: 0.02262973226606846
  view-data: 0.04480398818850517
