times:
  edit-metadata: 0.7211156147532165
  landing: 0.06385067105293274
  view-data: 0.2238306892104447
