times:
  edit-metadata: 0.8975018351338804
  landing: 0.058363470248878
  view-data: 0.21705371839925647
