times:
  edit-metadata: 1.6521382667124271
  landing: 0.13622017949819565
  view-data: 0.02550574392080307
