times:
  edit-metadata: 1.6245042756199837
  landing: 0.02438277378678322
  view-data: 0.027677608653903008
