times:
  edit-metadata: 1.9126128610223532
  landing: 0.2533544600009918
  view-data: 0.36525369994342327
