times:
  edit-metadata: 1.6032526418566704
  landing: 0.02068842574954033
  view-data: 0.02403273619711399
