times:
  edit-metadata: 0.7357671083882451
  landing: 0.04384747613221407
  view-data: 0.21448347019031644
