times:
  edit-metadata: 2.4005989097058773
  landing: 0.1490392815321684
  view-data: 0.350502822548151
