times:
  edit-metadata: 1.5703107174485922
  landing: 0.02043102215975523
  view-data: 0.026322368532419205
