times:
  edit-metadata: 1.5918684620410204
  landing: 0.020435314625501633
  view-data: 0.2943210955709219
