times:
  edit-metadata: 1.6300259679555893
  landing: 0.023229146376252174
  view-data: 0.12319562025368214
