times:
  edit-metadata: 1.5987549554556608
  landing: 0.14646910317242146
  view-data: 0.14348762296140194
