times:
  edit-metadata: 1.597153801470995
  landing: 0.021408168599009514
  view-data: 0.3952892478555441
