times:
  edit-metadata: 1.5640841508284211
  landing: 0.19681987538933754
  view-data: 0.12614258844405413
