times:
  edit-metadata: 1.6251754332333803
  landing: 0.22289714217185974
  view-data: 0.026588885113596916
