times:
  edit-metadata: 1.704599218443036
  landing: 0.031033961102366447
  view-data: 0.3575173746794462
