times:
  edit-metadata: 1.6766220144927502
  landing: 0.019173815846443176
  view-data: 0.02409055456519127
