times:
  edit-metadata: 1.8779783677309752
  landing: 0.14314153976738453
  view-data: 0.2633786257356405
