times:
  edit-metadata: 1.6541930977255106
  landing: 0.10786807350814342
  view-data: 0.02687806822359562
