times:
  edit-metadata: 1.6430751644074917
  landing: 0.15084424801170826
  view-data: 0.36141599155962467
