times:
  edit-metadata: 1.6372292842715979
  landing: 0.025537457317113876
  view-data: 0.2387469820678234
