times:
  edit-metadata: 1.7445651032030582
  landing: 0.020363133400678635
  view-data: 0.27429161965847015
