times:
  edit-metadata: 1.8709311820566654
  landing: 0.023256246000528336
  view-data: 0.1290048398077488
