times:
  edit-metadata: 1.3553692605346441
  landing: 0.018572717905044556
  view-data: 0.024823486804962158
