times:
  edit-metadata: 1.363768545910716
  landing: 0.1834172774106264
  view-data: 0.31009538285434246
