times:
  edit-metadata: 1.3155725449323654
  landing: 0.018637198954820633
  view-data: 0.3023797236382961
