times:
  edit-metadata: 1.2873647706583142
  landing: 0.02072588261216879
  view-data: 0.02575369644910097
