times:
  edit-metadata: 1.3031085636466742
  landing: 0.021614053286612034
  view-data: 0.02418797742575407
