times:
  edit-metadata: 1.4341456070542336
  landing: 0.269990935921669
  view-data: 0.3112108577042818
