times:
  edit-metadata: 1.5702995881438255
  landing: 0.021828368306159973
  view-data: 0.34942413307726383
