times:
  edit-metadata: 1.3667836412787437
  landing: 0.2381722889840603
  view-data: 0.32571086660027504
