times:
  edit-metadata: 1.4298730287700891
  landing: 0.1862050462514162
  view-data: 0.12606929801404476
