times:
  edit-metadata: 0.6387126878835261
  landing: 0.13723667804151773
  view-data: 0.21029681712388992
