times:
  edit-metadata: 1.3276070412248373
  landing: 0.22402314841747284
  view-data: 0.02384982816874981
