times:
  edit-metadata: 1.513488281518221
  landing: 0.18354877457022667
  view-data: 0.5555550083518028
