times:
  edit-metadata: 1.3635300155729055
  landing: 0.1335464995354414
  view-data: 0.022714614868164062
