times:
  edit-metadata: 0.5607883050106466
  landing: 0.042086001951247454
  view-data: 0.21109440084546804
