times:
  edit-metadata: 0.5257872259244323
  landing: 0.053971903398633
  view-data: 0.20232101902365685
