times:
  edit-metadata: 1.5440001841634512
  landing: 0.02076786197721958
  view-data: 0.24901364371180534
