times:
  edit-metadata: 1.4360226821154356
  landing: 0.02955230511724949
  view-data: 0.36607155576348305
