times:
  edit-metadata: 1.4325444530695677
  landing: 0.11452111601829529
  view-data: 0.025165334343910217
