times:
  edit-metadata: 1.4026779346168041
  landing: 0.019236847758293152
  view-data: 0.025074709206819534
