times:
  edit-metadata: 1.3189284764230251
  landing: 0.02287731133401394
  view-data: 0.025139931589365005
