times:
  edit-metadata: 1.7822698280215263
  landing: 0.27379491180181503
  view-data: 0.44447027146816254
