times:
  edit-metadata: 0.651592786423862
  landing: 0.09040624415501952
  view-data: 0.2354691931977868
