times:
  edit-metadata: 1.8185623809695244
  landing: 0.023135825991630554
  view-data: 0.06224105879664421
