times:
  edit-metadata: 0.5007174629718065
  landing: 0.09667113795876503
  view-data: 0.2104771458543837
