times:
  edit-metadata: 1.6496753990650177
  landing: 0.22265334613621235
  view-data: 0.2522062249481678
