times:
  edit-metadata: 1.3032289305701852
  landing: 0.15205434896051884
  view-data: 0.02878434956073761
