times:
  edit-metadata: 0.8223057477734983
  landing: 0.04235900612547994
  view-data: 0.21351874992251396
