times:
  edit-metadata: 1.3084329580888152
  landing: 0.02121771313250065
  view-data: 0.02494011167436838
