times:
  edit-metadata: 0.7681104699149728
  landing: 0.04427281208336353
  view-data: 0.21427552960813046
