times:
  edit-metadata: 1.838000999763608
  landing: 0.21560216508805752
  view-data: 0.4387261364609003
