times:
  edit-metadata: 0.7965874406509101
  landing: 0.053445565048605204
  view-data: 0.24553789803758264
