times:
  edit-metadata: 1.3995451275259256
  landing: 0.13223377615213394
  view-data: 0.2544067222625017
