times:
  edit-metadata: 1.4622412472963333
  landing: 0.1416944470256567
  view-data: 0.027940724045038223
