times:
  edit-metadata: 1.3861672533676028
  landing: 0.1517317183315754
  view-data: 0.13243653066456318
