times:
  edit-metadata: 1.415426678955555
  landing: 0.02239438332617283
  view-data: 0.027562666684389114
