times:
  edit-metadata: 1.388266021385789
  landing: 0.019791878759860992
  view-data: 0.31930430978536606
