times:
  edit-metadata: 0.5964461020193994
  landing: 0.06680480996146798
  view-data: 0.28585899667814374
