times:
  edit-metadata: 1.350032327696681
  landing: 0.021040646359324455
  view-data: 0.025756165385246277
