times:
  edit-metadata: 1.310776581056416
  landing: 0.021577347069978714
  view-data: 0.46813466120511293
