times:
  edit-metadata: 1.5551571566611528
  landing: 0.13402797933667898
  view-data: 0.4741229135543108
