times:
  edit-metadata: 1.5247980393469334
  landing: 0.2620930727571249
  view-data: 0.32860167883336544
