times:
  edit-metadata: 1.5130946189165115
  landing: 0.021150639280676842
  view-data: 0.025140831246972084
