times:
  edit-metadata: 1.4285033587366343
  landing: 0.11316010542213917
  view-data: 0.026783892884850502
