times:
  edit-metadata: 2.4788195779547095
  landing: 0.21643089409917593
  view-data: 0.4982453417032957
