times:
  edit-metadata: 1.663719069212675
  landing: 0.30849952809512615
  view-data: 0.15423105284571648
