times:
  edit-metadata: 0.8265198105946183
  landing: 0.0871550589799881
  view-data: 0.30145573429763317
