times:
  edit-metadata: 1.4231514483690262
  landing: 0.04841450694948435
  view-data: 0.022625242359936237
