times:
  edit-metadata: 0.5425678621977568
  landing: 0.050893348176032305
  view-data: 0.21911416482180357
