times:
  edit-metadata: 0.6658395528793335
  landing: 0.06894264416769147
  view-data: 0.25651397416368127
