times:
  edit-metadata: 1.4113792479038239
  landing: 0.02025630511343479
  view-data: 0.026544395834207535
