times:
  edit-metadata: 1.3732751980423927
  landing: 0.021099701523780823
  view-data: 0.11960150673985481
