times:
  edit-metadata: 1.49711125344038
  landing: 0.3048748951405287
  view-data: 0.16274995729327202
