times:
  edit-metadata: 1.5948982071131468
  landing: 0.17497993260622025
  view-data: 0.17824862152338028
