times:
  edit-metadata: 1.5661180391907692
  landing: 0.024673622101545334
  view-data: 0.31570645794272423
