times:
  edit-metadata: 1.332885941490531
  landing: 0.023763934150338173
  view-data: 0.10504676774144173
