times:
  edit-metadata: 0.4909549951553345
  landing: 0.11474699294194579
  view-data: 0.22753798682242632
