times:
  edit-metadata: 1.3710078820586205
  landing: 0.20112761482596397
  view-data: 0.12006126716732979
