times:
  edit-metadata: 1.4225592501461506
  landing: 0.16223667189478874
  view-data: 0.02542581409215927
