times:
  edit-metadata: 1.328432708978653
  landing: 0.13206814043223858
  view-data: 0.4699329072609544
