times:
  edit-metadata: 1.536307405680418
  landing: 0.02513234131038189
  view-data: 0.024151282384991646
