times:
  edit-metadata: 1.4735158365219831
  landing: 0.2085292488336563
  view-data: 0.3141437079757452
