times:
  edit-metadata: 1.5951868519186974
  landing: 0.027037212625145912
  view-data: 0.36415633000433445
