times:
  edit-metadata: 1.6362757217139006
  landing: 0.20497152023017406
  view-data: 0.29867337457835674
