times:
  edit-metadata: 1.369580334983766
  landing: 0.21959053725004196
  view-data: 0.2798027852550149
