times:
  edit-metadata: 1.4165945369750261
  landing: 0.020156165584921837
  view-data: 0.0255657359957695
