times:
  edit-metadata: 1.403365844860673
  landing: 0.02550067938864231
  view-data: 0.025668328627943993
