times:
  edit-metadata: 1.4923939853906631
  landing: 0.23028768226504326
  view-data: 0.15853843092918396
