times:
  edit-metadata: 0.606412700843066
  landing: 0.09966291906312108
  view-data: 0.29847633372992277
