times:
  edit-metadata: 1.66054561547935
  landing: 0.21981860883533955
  view-data: 0.027325326576828957
