times:
  edit-metadata: 1.3119950965046883
  landing: 0.11691698431968689
  view-data: 0.02510032430291176
