times:
  edit-metadata: 0.76099091488868
  landing: 0.04203689284622669
  view-data: 0.211366998963058
