times:
  edit-metadata: 1.5854126643389463
  landing: 0.19654090143740177
  view-data: 0.3781982343643904
