times:
  edit-metadata: 1.3667939584702253
  landing: 0.139848368242383
  view-data: 0.29966126196086407
