times:
  edit-metadata: 0.5481988009996712
  landing: 0.05501156719401479
  view-data: 0.212025027256459
