times:
  edit-metadata: 1.4007546417415142
  landing: 0.0199505016207695
  view-data: 0.1170728113502264
