times:
  edit-metadata: 1.4198323916643858
  landing: 0.018901417031884193
  view-data: 0.3032904714345932
