times:
  edit-metadata: 1.342330016195774
  landing: 0.1199059821665287
  view-data: 0.02444014698266983
