times:
  edit-metadata: 1.5429732780903578
  landing: 0.1445514466613531
  view-data: 0.4407752603292465
