times:
  edit-metadata: 1.5997854638844728
  landing: 0.1863291673362255
  view-data: 0.36925386637449265
