times:
  edit-metadata: 2.2040333300828934
  landing: 0.29935717210173607
  view-data: 0.4912472777068615
