times:
  edit-metadata: 1.3817352168262005
  landing: 0.022289639338850975
  view-data: 0.022678585723042488
