times:
  edit-metadata: 1.4064540304243565
  landing: 0.23233988508582115
  view-data: 0.15116241201758385
