times:
  edit-metadata: 1.422269992530346
  landing: 0.020280991680920124
  view-data: 0.24393273331224918
