times:
  edit-metadata: 1.3211193326860666
  landing: 0.021168533712625504
  view-data: 0.024945687502622604
