times:
  edit-metadata: 1.3268778696656227
  landing: 0.023807615041732788
  view-data: 0.02763526514172554
