times:
  edit-metadata: 1.3474918603897095
  landing: 0.018730271607637405
  view-data: 0.34990868903696537
