times:
  edit-metadata: 1.3156861662864685
  landing: 0.13857660628855228
  view-data: 0.02277594991028309
