times:
  edit-metadata: 1.737944856286049
  landing: 0.025180967524647713
  view-data: 0.4577743820846081
