times:
  edit-metadata: 1.7914050724357367
  landing: 0.19926759041845798
  view-data: 0.35604544170200825
