times:
  edit-metadata: 1.469099735841155
  landing: 0.2663957457989454
  view-data: 0.029804056510329247
