times:
  edit-metadata: 1.4872892815619707
  landing: 0.147051515057683
  view-data: 0.14090844430029392
