times:
  edit-metadata: 1.3699818821623921
  landing: 0.219163304194808
  view-data: 0.2876978190615773
