times:
  edit-metadata: 1.2970460150390863
  landing: 0.021601136773824692
  view-data: 0.022088855504989624
