times:
  edit-metadata: 1.3366437191143632
  landing: 0.2538587739691138
  view-data: 0.02347411308437586
