times:
  edit-metadata: 1.5896281376481056
  landing: 0.2109337691217661
  view-data: 0.3326695319265127
