times:
  edit-metadata: 1.5401871167123318
  landing: 0.24909728579223156
  view-data: 0.34368336386978626
