times:
  edit-metadata: 1.310916630551219
  landing: 0.02285050041973591
  view-data: 0.026094496250152588
