times:
  edit-metadata: 0.8368520527146757
  landing: 0.05277847731485963
  view-data: 0.21317850332707167
