times:
  edit-metadata: 1.594804247841239
  landing: 0.022850053384900093
  view-data: 0.484188636764884
