times:
  edit-metadata: 1.3343235235661268
  landing: 0.20849401783198118
  view-data: 0.26951346825808287
