times:
  edit-metadata: 0.7406945861876011
  landing: 0.07467446615919471
  view-data: 0.21934649115428329
