times:
  edit-metadata: 1.3771589919924736
  landing: 0.023955242708325386
  view-data: 0.3349855784326792
