times:
  edit-metadata: 1.3505865074694157
  landing: 0.02096562646329403
  view-data: 0.34956498444080353
