times:
  edit-metadata: 1.3177555557340384
  landing: 0.022106066346168518
  view-data: 0.026459021493792534
