times:
  edit-metadata: 1.9288511825725436
  landing: 0.02850472368299961
  view-data: 0.5591301647946239
