times:
  edit-metadata: 0.6655537341721356
  landing: 0.0931828198954463
  view-data: 0.20537952100858092
