times:
  edit-metadata: 2.220488643273711
  landing: 0.15195287950336933
  view-data: 0.611099187284708
