times:
  edit-metadata: 1.3314619082957506
  landing: 0.019037220627069473
  view-data: 0.023236725479364395
