times:
  edit-metadata: 1.3769399262964725
  landing: 0.018751364201307297
  view-data: 0.024508850648999214
