times:
  edit-metadata: 1.3106865026056767
  landing: 0.022382546216249466
  view-data: 0.02683068811893463
