times:
  edit-metadata: 1.3526350799947977
  landing: 0.12234155833721161
  view-data: 0.12559892237186432
