times:
  edit-metadata: 1.5071626622229815
  landing: 0.13743292726576328
  view-data: 0.5478215711191297
