times:
  edit-metadata: 1.2961930697783828
  landing: 0.019400572404265404
  view-data: 0.02612368669360876
