times:
  edit-metadata: 1.3388778418302536
  landing: 0.019152523949742317
  view-data: 0.023090658709406853
