times:
  edit-metadata: 1.4641991667449474
  landing: 0.021159883588552475
  view-data: 0.39885213412344456
