times:
  edit-metadata: 1.3450059685856104
  landing: 0.1989873182028532
  view-data: 0.3148895762860775
