times:
  edit-metadata: 1.6057133432477713
  landing: 0.26515846513211727
  view-data: 0.34575009532272816
