times:
  edit-metadata: 0.5857120300643146
  landing: 0.06785416416823864
  view-data: 0.3135670442134142
