times:
  edit-metadata: 1.4354665111750364
  landing: 0.024630384519696236
  view-data: 0.34517187625169754
