times:
  edit-metadata: 1.4514568345621228
  landing: 0.02253505401313305
  view-data: 0.5177037222310901
