times:
  edit-metadata: 1.3704746859148145
  landing: 0.022323080338537693
  view-data: 0.11584199126809835
