times:
  edit-metadata: 1.4739873819053173
  landing: 0.019374625757336617
  view-data: 0.14487067610025406
