times:
  edit-metadata: 1.3631752766668797
  landing: 0.023516612127423286
  view-data: 0.02604551985859871
