times:
  edit-metadata: 2.267886263958644
  landing: 0.37891253299312666
  view-data: 0.6757772980490699
