times:
  edit-metadata: 1.385438732802868
  landing: 0.022005323320627213
  view-data: 0.027781398966908455
