times:
  edit-metadata: 1.435720150358975
  landing: 0.018993351608514786
  view-data: 0.12473856378346682
