times:
  edit-metadata: 1.363461036235094
  landing: 0.19262217171490192
  view-data: 0.027068432420492172
