times:
  edit-metadata: 1.3816309235990047
  landing: 0.12033340334892273
  view-data: 0.02574172057211399
