times:
  edit-metadata: 1.3474593628197908
  landing: 0.02077149786055088
  view-data: 0.2577313017100096
