times:
  edit-metadata: 1.419181739911437
  landing: 0.02286984957754612
  view-data: 0.31080022267997265
