times:
  edit-metadata: 1.4107298199087381
  landing: 0.2260118443518877
  view-data: 0.14056474529206753
