times:
  edit-metadata: 1.351075191050768
  landing: 0.019054682925343513
  view-data: 0.022833814844489098
