times:
  edit-metadata: 1.5287229660898447
  landing: 0.20005546137690544
  view-data: 0.19238904677331448
