times:
  edit-metadata: 1.298497598618269
  landing: 0.17270330805331469
  view-data: 0.02904908824712038
