times:
  edit-metadata: 1.6979629378765821
  landing: 0.16260327585041523
  view-data: 0.13891451619565487
