times:
  edit-metadata: 1.461104890331626
  landing: 0.022142162546515465
  view-data: 0.024783028289675713
