times:
  edit-metadata: 2.464314886019565
  landing: 0.187802353000734
  view-data: 0.49580823100404814
