times:
  edit-metadata: 1.4186186166480184
  landing: 0.020848603919148445
  view-data: 0.026331947185099125
