times:
  edit-metadata: 1.4718392994254827
  landing: 0.021287379786372185
  view-data: 0.12528583221137524
