times:
  edit-metadata: 0.7798130540177226
  landing: 0.09337783325463533
  view-data: 0.20327817182987928
