times:
  edit-metadata: 0.545810105279088
  landing: 0.048803835175931454
  view-data: 0.20487562660127878
