times:
  edit-metadata: 1.353347321972251
  landing: 0.13107940088957548
  view-data: 0.359350573271513
