times:
  edit-metadata: 1.368264064192772
  landing: 0.1418196689337492
  view-data: 0.26669155433773994
