times:
  edit-metadata: 1.3398894220590591
  landing: 0.11736354790627956
  view-data: 0.023447390645742416
