times:
  edit-metadata: 1.4102941136807203
  landing: 0.02370854839682579
  view-data: 0.024576352909207344
