times:
  edit-metadata: 1.5116639845073223
  landing: 0.022123388946056366
  view-data: 0.02787122316658497
