times:
  edit-metadata: 1.5318593587726355
  landing: 0.22231706231832504
  view-data: 0.3397591020911932
