times:
  edit-metadata: 0.7985999351367354
  landing: 0.06930769188329577
  view-data: 0.23496567597612739
