times:
  edit-metadata: 1.323314780369401
  landing: 0.0207834430038929
  view-data: 0.0257828701287508
