times:
  edit-metadata: 1.682193387299776
  landing: 0.1824741642922163
  view-data: 0.2846194636076689
