times:
  edit-metadata: 1.5470029599964619
  landing: 0.31881003454327583
  view-data: 0.3646488655358553
