times:
  edit-metadata: 1.4017258686944842
  landing: 0.01980332937091589
  view-data: 0.022647762671113014
