times:
  edit-metadata: 0.7789297578856349
  landing: 0.12314118118956685
  view-data: 0.2056258269585669
