times:
  edit-metadata: 1.4689613468945026
  landing: 0.24039704352617264
  view-data: 0.29138891212642193
