times:
  edit-metadata: 1.3897959534078836
  landing: 0.020656747743487358
  view-data: 0.1327934917062521
