times:
  edit-metadata: 0.4932339293882251
  landing: 0.06298684608191252
  view-data: 0.1981344181112945
