times:
  edit-metadata: 1.379812391474843
  landing: 0.022773023694753647
  view-data: 0.05787765234708786
