times:
  edit-metadata: 1.358284281566739
  landing: 0.01851356029510498
  view-data: 0.025885630398988724
