times:
  edit-metadata: 1.3482931461185217
  landing: 0.019208712503314018
  view-data: 0.02330685406923294
