times:
  edit-metadata: 1.37269183434546
  landing: 0.2863524369895458
  view-data: 0.1449024435132742
