times:
  edit-metadata: 1.6692971959710121
  landing: 0.020062969997525215
  view-data: 0.38309798017144203
