times:
  edit-metadata: 1.400785162113607
  landing: 0.022356205619871616
  view-data: 0.023711121641099453
