times:
  edit-metadata: 0.49435399007052183
  landing: 0.07425373699516058
  view-data: 0.20710576279088855
