times:
  edit-metadata: 1.3156305011361837
  landing: 0.020943105220794678
  view-data: 0.025252221152186394
