times:
  edit-metadata: 0.7654327461495996
  landing: 0.08194208377972245
  view-data: 0.2652874211780727
