times:
  edit-metadata: 1.3290861761197448
  landing: 0.11121497862040997
  view-data: 0.1382408794015646
