times:
  edit-metadata: 1.3957552276551723
  landing: 0.1131684947758913
  view-data: 0.025605984032154083
