times:
  edit-metadata: 1.4155293591320515
  landing: 0.023066725581884384
  view-data: 0.027090130373835564
