times:
  edit-metadata: 1.9061066638678312
  landing: 0.23696362972259521
  view-data: 0.17859364114701748
