times:
  edit-metadata: 2.300467688590288
  landing: 0.021606678143143654
  view-data: 0.12336551956832409
