times:
  edit-metadata: 1.9598375800997019
  landing: 0.022267216816544533
  view-data: 0.02345445565879345
