times:
  edit-metadata: 1.0019278032705188
  landing: 0.03728275466710329
  view-data: 0.23175956727936864
