times:
  edit-metadata: 2.0301661379635334
  landing: 0.12613136880099773
  view-data: 0.29962258040905
