times:
  edit-metadata: 1.972375050187111
  landing: 0.13524378836154938
  view-data: 0.022803394123911858
