times:
  edit-metadata: 2.324243802577257
  landing: 0.1651092991232872
  view-data: 0.2011621817946434
