times:
  edit-metadata: 2.0328150764107704
  landing: 0.021194886416196823
  view-data: 0.026631226763129234
