times:
  edit-metadata: 2.1509723495692015
  landing: 0.021262843161821365
  view-data: 0.2841199319809675
