times:
  edit-metadata: 1.872298670001328
  landing: 0.1336198030039668
  view-data: 0.4205094827339053
