times:
  edit-metadata: 2.452058643102646
  landing: 0.05326438695192337
  view-data: 0.15302427671849728
