times:
  edit-metadata: 2.006523799151182
  landing: 0.2746218666434288
  view-data: 0.3739172276109457
