times:
  edit-metadata: 1.8987594209611416
  landing: 0.0225722286850214
  view-data: 0.025222163647413254
