times:
  edit-metadata: 2.1203287467360497
  landing: 0.023224664852023125
  view-data: 0.5084338299930096
