times:
  edit-metadata: 2.058044085279107
  landing: 0.13735945709049702
  view-data: 0.02287936955690384
