times:
  edit-metadata: 1.812962924130261
  landing: 0.020137250423431396
  view-data: 0.023034317418932915
