times:
  edit-metadata: 1.910934116691351
  landing: 0.17088059335947037
  view-data: 0.025728687644004822
