times:
  edit-metadata: 1.3541943081654608
  landing: 0.08035229193046689
  view-data: 0.2412936082109809
