times:
  edit-metadata: 1.8175209499895573
  landing: 0.12737932987511158
  view-data: 0.025944729335606098
