times:
  edit-metadata: 1.9380273362621665
  landing: 0.13498080428689718
  view-data: 0.40979216806590557
