times:
  edit-metadata: 2.5130516178905964
  landing: 0.24791215173900127
  view-data: 0.0263114832341671
