times:
  edit-metadata: 1.307511649094522
  landing: 0.16421369602903724
  view-data: 0.24465265171602368
