times:
  edit-metadata: 1.9662531409412622
  landing: 0.024095099419355392
  view-data: 0.33783566392958164
