times:
  edit-metadata: 1.9076596293598413
  landing: 0.019731550477445126
  view-data: 0.054420070722699165
