times:
  edit-metadata: 1.9570990335196257
  landing: 0.19928642734885216
  view-data: 0.12546022236347198
