times:
  edit-metadata: 1.8894999995827675
  landing: 0.023007696494460106
  view-data: 0.026537740603089333
