times:
  edit-metadata: 2.0186190512031317
  landing: 0.2874823957681656
  view-data: 0.023360243067145348
