times:
  edit-metadata: 1.9191615115851164
  landing: 0.02128082886338234
  view-data: 0.13366091437637806
