times:
  edit-metadata: 2.042188711464405
  landing: 0.17611379735171795
  view-data: 0.13948597200214863
