times:
  edit-metadata: 1.2661732947453856
  landing: 0.04439481068402529
  view-data: 0.2542391740716994
