times:
  edit-metadata: 1.949762023985386
  landing: 0.021623725071549416
  view-data: 0.3405800610780716
