times:
  edit-metadata: 2.816340295597911
  landing: 0.29508343152701855
  view-data: 0.2259618490934372
