times:
  edit-metadata: 2.017890440300107
  landing: 0.1298806220293045
  view-data: 0.1308787688612938
