times:
  edit-metadata: 1.9646507315337658
  landing: 0.15775948204100132
  view-data: 0.13134843483567238
