times:
  edit-metadata: 2.47054591961205
  landing: 0.29242816008627415
  view-data: 0.3178951572626829
