times:
  edit-metadata: 2.127189112827182
  landing: 0.02033301070332527
  view-data: 0.02329186722636223
