times:
  edit-metadata: 2.1744252536445856
  landing: 0.2244169358164072
  view-data: 0.025760076940059662
