times:
  edit-metadata: 2.0752538861706853
  landing: 0.01882072538137436
  view-data: 0.022615705616772175
