times:
  edit-metadata: 2.2926921863108873
  landing: 0.018560679629445076
  view-data: 0.02545587718486786
