times:
  edit-metadata: 2.059022228233516
  landing: 0.021972970105707645
  view-data: 0.025378691032528877
