times:
  edit-metadata: 2.2367993891239166
  landing: 0.16991793364286423
  view-data: 0.36686729453504086
