times:
  edit-metadata: 2.3393061170354486
  landing: 0.01863831840455532
  view-data: 0.022152955643832684
