times:
  edit-metadata: 2.2693156246095896
  landing: 0.01928955502808094
  view-data: 0.16648372448980808
