times:
  edit-metadata: 1.2904339651577175
  landing: 0.07017967384308577
  view-data: 0.25574640184640884
