times:
  edit-metadata: 2.8343064710497856
  landing: 0.16786370426416397
  view-data: 0.02809157781302929
