times:
  edit-metadata: 2.1944565437734127
  landing: 0.16333580948412418
  view-data: 0.027027804404497147
