times:
  edit-metadata: 1.9990643803030252
  landing: 0.09105593711137772
  view-data: 0.35531798377633095
