times:
  edit-metadata: 1.8878333950415254
  landing: 0.02201434224843979
  view-data: 0.4559497218579054
