times:
  edit-metadata: 2.6174685526639223
  landing: 0.4214409179985523
  view-data: 0.43224301375448704
