times:
  edit-metadata: 2.0118076875805855
  landing: 0.02145545370876789
  view-data: 0.24054797738790512
