times:
  edit-metadata: 2.048108097165823
  landing: 0.0212082639336586
  view-data: 0.026216501370072365
