times:
  edit-metadata: 2.0535556208342314
  landing: 0.20256179198622704
  view-data: 0.022522415965795517
