times:
  edit-metadata: 1.2737316759303212
  landing: 0.049485820811241865
  view-data: 0.25331396982073784
