times:
  edit-metadata: 1.3209282872267067
  landing: 0.08599276188760996
  view-data: 0.2446709368377924
