times:
  edit-metadata: 1.1848782510496676
  landing: 0.060266152024269104
  view-data: 0.26410016790032387
