times:
  edit-metadata: 2.725797239691019
  landing: 0.14897210896015167
  view-data: 0.395901495590806
