times:
  edit-metadata: 2.164901465177536
  landing: 0.24139023572206497
  view-data: 0.28653141111135483
