times:
  edit-metadata: 5.232133824378252
  landing: 0.2785646319389343
  view-data: 0.5464465748518705
