times:
  edit-metadata: 1.951891167089343
  landing: 0.021302729845046997
  view-data: 0.3785082185640931
