times:
  edit-metadata: 0.9924877812154591
  landing: 0.046361814718693495
  view-data: 0.2337131821550429
