times:
  edit-metadata: 1.9640400428324938
  landing: 0.13137547113001347
  view-data: 0.027157070115208626
