times:
  edit-metadata: 1.374705707654357
  landing: 0.1410536589100957
  view-data: 0.24405063595622778
