times:
  edit-metadata: 2.367653653025627
  landing: 0.36748333647847176
  view-data: 0.14748872257769108
