times:
  edit-metadata: 1.9761190973222256
  landing: 0.20884479954838753
  view-data: 0.4187095146626234
