times:
  edit-metadata: 1.921700730919838
  landing: 0.12700443901121616
  view-data: 0.28202681988477707
