times:
  edit-metadata: 2.17955438233912
  landing: 0.26063764840364456
  view-data: 0.153262035921216
