times:
  edit-metadata: 2.1406639516353607
  landing: 0.15555318258702755
  view-data: 0.1737203449010849
