times:
  edit-metadata: 2.021110601723194
  landing: 0.024736717343330383
  view-data: 0.3034482542425394
