times:
  edit-metadata: 2.1927819307893515
  landing: 0.24808519147336483
  view-data: 0.02691780775785446
