times:
  edit-metadata: 0.990742040798068
  landing: 0.0458879959769547
  view-data: 0.24628777289763093
