times:
  edit-metadata: 1.9228352513164282
  landing: 0.01915624365210533
  view-data: 0.024707628414034843
