times:
  edit-metadata: 1.9304576981812716
  landing: 0.019544709473848343
  view-data: 0.024823514744639397
