times:
  edit-metadata: 1.9491010438650846
  landing: 0.021077122539281845
  view-data: 0.025993548333644867
