times:
  edit-metadata: 2.4201806988567114
  landing: 0.020860904827713966
  view-data: 0.025737924501299858
