times:
  edit-metadata: 1.9764162246137857
  landing: 0.2136400155723095
  view-data: 0.1514135617762804
