times:
  edit-metadata: 2.008819842711091
  landing: 0.022090842947363853
  view-data: 0.024851856753230095
