times:
  edit-metadata: 2.0022318474948406
  landing: 0.020931009203195572
  view-data: 0.15465779602527618
