times:
  edit-metadata: 1.9078745804727077
  landing: 0.019930176436901093
  view-data: 0.03199171833693981
