times:
  edit-metadata: 1.9229345126077533
  landing: 0.12708173785358667
  view-data: 0.026764354668557644
