times:
  edit-metadata: 1.995931874960661
  landing: 0.02144268900156021
  view-data: 0.3382673114538193
