times:
  edit-metadata: 1.9547672551125288
  landing: 0.21591030433773994
  view-data: 0.10552307404577732
