times:
  edit-metadata: 2.4564614072442055
  landing: 0.020495450124144554
  view-data: 0.17492938041687012
