times:
  edit-metadata: 1.9920518025755882
  landing: 0.019405540078878403
  view-data: 0.025514591485261917
