times:
  edit-metadata: 2.1247094366699457
  landing: 0.019288167357444763
  view-data: 0.054942866787314415
