times:
  edit-metadata: 1.33440957730636
  landing: 0.11150841414928436
  view-data: 0.24399297591298819
