times:
  edit-metadata: 2.23232395760715
  landing: 0.020536696538329124
  view-data: 0.37791058234870434
