times:
  edit-metadata: 1.1337966970168054
  landing: 0.08471328299492598
  view-data: 0.23754986096173525
