times:
  edit-metadata: 1.3842508173547685
  landing: 0.11167620727792382
  view-data: 0.31883412040770054
