times:
  edit-metadata: 1.8594119027256966
  landing: 0.023421142250299454
  view-data: 0.11946533620357513
