times:
  edit-metadata: 2.3964194282889366
  landing: 0.17702202126383781
  view-data: 0.4140256578102708
