times:
  edit-metadata: 1.1393269440159202
  landing: 0.09077783301472664
  view-data: 0.3407775070518255
