times:
  edit-metadata: 1.9517390560358763
  landing: 0.14112542942166328
  view-data: 0.022734755650162697
