times:
  edit-metadata: 2.0509680528193712
  landing: 0.021915472112596035
  view-data: 0.023801841773092747
