times:
  edit-metadata: 1.921493331901729
  landing: 0.2122036423534155
  view-data: 0.022187141701579094
