times:
  edit-metadata: 1.961759596131742
  landing: 0.21416145004332066
  view-data: 0.41477092262357473
