times:
  edit-metadata: 1.92510056309402
  landing: 0.024408722296357155
  view-data: 0.02982359565794468
