times:
  edit-metadata: 1.0167770977132022
  landing: 0.04535280494019389
  view-data: 0.24274894362315536
