times:
  edit-metadata: 1.018689671996981
  landing: 0.04206591984257102
  view-data: 0.2333815940655768
