times:
  edit-metadata: 1.839685307815671
  landing: 0.11473361682146788
  view-data: 0.026835212484002113
