times:
  edit-metadata: 2.31508297752589
  landing: 0.019907320849597454
  view-data: 0.17115940805524588
