times:
  edit-metadata: 1.8292718399316072
  landing: 0.09205576684325933
  view-data: 0.12275614775717258
