times:
  edit-metadata: 2.052585979923606
  landing: 0.14183032512664795
  view-data: 0.02487288787961006
