times:
  edit-metadata: 1.9360746182501316
  landing: 0.020470600575208664
  view-data: 0.3355679363012314
