times:
  edit-metadata: 2.0181752797216177
  landing: 0.022477703168988228
  view-data: 0.027533462271094322
