times:
  edit-metadata: 1.9850491434335709
  landing: 0.22477424517273903
  view-data: 0.14229454286396503
