times:
  edit-metadata: 2.0972548611462116
  landing: 0.23019478283822536
  view-data: 0.2346562072634697
