times:
  edit-metadata: 2.5137255024164915
  landing: 0.238060612231493
  view-data: 0.3419716563075781
