times:
  edit-metadata: 2.5201425831764936
  landing: 0.18490620143711567
  view-data: 0.12619148008525372
