times:
  edit-metadata: 1.8488258486613631
  landing: 0.0222183670848608
  view-data: 0.47422831412404776
