times:
  edit-metadata: 1.991705620661378
  landing: 0.019117332994937897
  view-data: 0.024351848289370537
