times:
  edit-metadata: 1.9522531758993864
  landing: 0.2076286505907774
  view-data: 0.02360386587679386
