times:
  edit-metadata: 2.4883824121207
  landing: 0.02197941206395626
  view-data: 0.36734783463180065
