times:
  edit-metadata: 2.205388491973281
  landing: 0.27656102553009987
  view-data: 0.3353332635015249
