times:
  edit-metadata: 1.9768287483602762
  landing: 0.019096186384558678
  view-data: 0.14136574044823647
