times:
  edit-metadata: 1.9737952034920454
  landing: 0.022657936438918114
  view-data: 0.02545383758842945
