times:
  edit-metadata: 2.031134070828557
  landing: 0.24488971196115017
  view-data: 0.02742648869752884
