times:
  edit-metadata: 1.2216588058508933
  landing: 0.04902553837746382
  view-data: 0.3536057500168681
