times:
  edit-metadata: 1.9651019927114248
  landing: 0.0236968994140625
  view-data: 0.0238554198294878
