times:
  edit-metadata: 1.9012266527861357
  landing: 0.13508950266987085
  view-data: 0.02693909779191017
