times:
  edit-metadata: 2.7914214953780174
  landing: 0.24050663225352764
  view-data: 0.44045319966971874
