times:
  edit-metadata: 2.8615159578621387
  landing: 0.5104362834244967
  view-data: 0.149807283654809
