times:
  edit-metadata: 1.971767472103238
  landing: 0.14950233325362206
  view-data: 0.026397038251161575
