times:
  edit-metadata: 1.964256590232253
  landing: 0.25807630829513073
  view-data: 0.02572820894420147
