times:
  edit-metadata: 2.3450925583019853
  landing: 0.020483129657804966
  view-data: 0.02789999358355999
