times:
  edit-metadata: 1.2415324025787413
  landing: 0.13034720113500953
  view-data: 0.24725573509931564
