times:
  edit-metadata: 2.185102716088295
  landing: 0.1351749300956726
  view-data: 0.10179354064166546
