times:
  edit-metadata: 1.1350697660818696
  landing: 0.06296289386227727
  view-data: 0.3054627310484648
