times:
  edit-metadata: 2.2563544251024723
  landing: 0.1888086050748825
  view-data: 0.694633599370718
