times:
  edit-metadata: 1.796835326589644
  landing: 0.02168461959809065
  view-data: 0.13932388462126255
