times:
  edit-metadata: 1.9176766946911812
  landing: 0.019717037677764893
  view-data: 0.025566965341567993
