times:
  edit-metadata: 2.024284638464451
  landing: 0.021375469863414764
  view-data: 0.13336841948330402
