times:
  edit-metadata: 2.037436282262206
  landing: 0.021407026797533035
  view-data: 0.025148868560791016
