times:
  edit-metadata: 3.013962287455797
  landing: 0.3176308963447809
  view-data: 0.42627652920782566
