times:
  edit-metadata: 1.934236878529191
  landing: 0.17816626653075218
  view-data: 0.023366756737232208
