times:
  edit-metadata: 1.931664764881134
  landing: 0.21556833293288946
  view-data: 0.13294327445328236
