times:
  edit-metadata: 1.991262761875987
  landing: 0.1196275744587183
  view-data: 0.026164066046476364
