times:
  edit-metadata: 1.9633809104561806
  landing: 0.022917764261364937
  view-data: 0.02593054063618183
