times:
  edit-metadata: 1.986493719741702
  landing: 0.018735196441411972
  view-data: 0.12802715972065926
