times:
  edit-metadata: 1.180933372117579
  landing: 0.055924263782799244
  view-data: 0.25882225343957543
