times:
  edit-metadata: 2.2444240394979715
  landing: 0.31548723205924034
  view-data: 0.06061391159892082
