times:
  edit-metadata: 1.9264998026192188
  landing: 0.020882408134639263
  view-data: 0.4344392195343971
