times:
  edit-metadata: 1.9768356513231993
  landing: 0.21024640277028084
  view-data: 0.02652423456311226
