times:
  edit-metadata: 1.075494669843465
  landing: 0.05035881092771888
  view-data: 0.24770797789096832
