times:
  edit-metadata: 2.0500818714499474
  landing: 0.12627584859728813
  view-data: 0.1389981061220169
