times:
  edit-metadata: 1.922728642821312
  landing: 0.023031506687402725
  view-data: 0.35872247628867626
