times:
  edit-metadata: 1.9174448493868113
  landing: 0.0231441929936409
  view-data: 0.13425406627357006
