times:
  edit-metadata: 2.11649402230978
  landing: 0.02366952784359455
  view-data: 0.4813120272010565
