times:
  edit-metadata: 1.8842475693672895
  landing: 0.019797511398792267
  view-data: 0.11605927906930447
