times:
  edit-metadata: 2.1211612578481436
  landing: 0.02392800897359848
  view-data: 0.13972054794430733
