times:
  edit-metadata: 2.0946114864200354
  landing: 0.16324266232550144
  view-data: 0.33113258704543114
