times:
  edit-metadata: 1.9970190078020096
  landing: 0.11637454852461815
  view-data: 0.12528444081544876
