times:
  edit-metadata: 2.451217709109187
  landing: 0.2545243948698044
  view-data: 0.19120712392032146
