times:
  edit-metadata: 1.8773148264735937
  landing: 0.22024603839963675
  view-data: 0.501779917627573
