times:
  edit-metadata: 2.3049471471458673
  landing: 0.1892704963684082
  view-data: 0.17792636714875698
