times:
  edit-metadata: 2.9899381939321756
  landing: 0.25707659125328064
  view-data: 0.46787324361503124
