times:
  edit-metadata: 1.3370772758498788
  landing: 0.07059174356982112
  view-data: 0.35663351509720087
