times:
  edit-metadata: 1.9983043503016233
  landing: 0.04667205177247524
  view-data: 0.027710221707820892
