times:
  edit-metadata: 1.9545098133385181
  landing: 0.025861365720629692
  view-data: 0.025815555825829506
