times:
  edit-metadata: 2.1780029889196157
  landing: 0.19683807529509068
  view-data: 0.05563119798898697
