times:
  edit-metadata: 2.073551371693611
  landing: 0.01839430443942547
  view-data: 0.025443417951464653
