times:
  edit-metadata: 1.9436195939779282
  landing: 0.12259888462722301
  view-data: 0.02559863030910492
