times:
  edit-metadata: 1.0013985722325742
  landing: 0.04506325721740723
  view-data: 0.25321097765117884
