times:
  edit-metadata: 1.0345865818671882
  landing: 0.07674342021346092
  view-data: 0.25955295097082853
