times:
  edit-metadata: 2.3121423348784447
  landing: 0.14160230942070484
  view-data: 0.02913159504532814
