times:
  edit-metadata: 1.3959718369878829
  landing: 0.14525646390393376
  view-data: 0.2524552117101848
