times:
  edit-metadata: 1.0955453999340534
  landing: 0.05413917498663068
  view-data: 0.2349689258262515
