times:
  edit-metadata: 1.8991224877536297
  landing: 0.20204592775553465
  view-data: 0.42002683971077204
