times:
  edit-metadata: 0.4603353040292859
  landing: 0.04719053115695715
  view-data: 0.2084196312353015
