times:
  edit-metadata: 0.42669515777379274
  landing: 0.0471051475033164
  view-data: 0.47083890810608864
