times:
  edit-metadata: 0.4521519197151065
  landing: 0.04331230092793703
  view-data: 0.3360088560730219
