times:
  edit-metadata: 0.42418417427688837
  landing: 0.0523899644613266
  view-data: 0.19972428400069475
