times:
  edit-metadata: 1.9361813478171825
  landing: 0.023084621876478195
  view-data: 0.1515518892556429
