times:
  edit-metadata: 1.8798405449779239
  landing: 0.2898327760049142
  view-data: 0.5655538300052285
