times:
  edit-metadata: 0.7051511518657207
  landing: 0.04288151673972607
  view-data: 0.328107625246048
