times:
  edit-metadata: 2.0043330136686563
  landing: 0.021135296672582626
  view-data: 0.24809179455041885
