times:
  edit-metadata: 1.489190911874175
  landing: 0.02213403210043907
  view-data: 0.29786768555641174
