times:
  edit-metadata: 1.4775879960507154
  landing: 0.1134000476449728
  view-data: 0.12730783224105835
