times:
  edit-metadata: 0.7058238801546395
  landing: 0.08971794508397579
  view-data: 0.20949911000207067
