times:
  edit-metadata: 1.4163856748491526
  landing: 0.019398115575313568
  view-data: 0.026818379759788513
