times:
  edit-metadata: 1.5210539251565933
  landing: 0.19960979744791985
  view-data: 0.2994774039834738
