times:
  edit-metadata: 0.6443509082309902
  landing: 0.05221811681985855
  view-data: 0.29007455985993147
