times:
  edit-metadata: 1.4676141813397408
  landing: 0.13160481303930283
  view-data: 0.024890393018722534
