times:
  edit-metadata: 1.571148606017232
  landing: 0.02129133604466915
  view-data: 0.02591312676668167
