times:
  edit-metadata: 1.5013646325096488
  landing: 0.2165328459814191
  view-data: 0.46326720993965864
