times:
  edit-metadata: 0.5600012992508709
  landing: 0.07902071438729763
  view-data: 0.289125835057348
