times:
  edit-metadata: 1.7117300182580948
  landing: 0.32039340026676655
  view-data: 0.15069826319813728
