times:
  edit-metadata: 1.7543581891804934
  landing: 0.2763883490115404
  view-data: 0.32654828391969204
