times:
  edit-metadata: 1.4334973376244307
  landing: 0.19171437062323093
  view-data: 0.025666242465376854
