times:
  edit-metadata: 1.5171037930995226
  landing: 0.021616952493786812
  view-data: 0.025640586391091347
