times:
  edit-metadata: 1.4626360684633255
  landing: 0.019215233623981476
  view-data: 0.02252575382590294
