times:
  edit-metadata: 1.4917748514562845
  landing: 0.1431730892509222
  view-data: 0.025953209027647972
