times:
  edit-metadata: 1.5022561559453607
  landing: 0.2344900881871581
  view-data: 0.023675885051488876
