times:
  edit-metadata: 0.988670424092561
  landing: 0.054706326220184565
  view-data: 0.2776258820667863
