times:
  edit-metadata: 1.6090027894824743
  landing: 0.021180590614676476
  view-data: 0.3265100456774235
