times:
  edit-metadata: 0.5823640851303935
  landing: 0.04400990204885602
  view-data: 0.21315516205504537
