times:
  edit-metadata: 1.452714927494526
  landing: 0.020838454365730286
  view-data: 0.023645884357392788
