times:
  edit-metadata: 1.4711576970294118
  landing: 0.026062957011163235
  view-data: 0.02603937964886427
