times:
  edit-metadata: 1.4906517788767815
  landing: 0.01942192204296589
  view-data: 0.023851284757256508
