times:
  edit-metadata: 1.469584934413433
  landing: 0.1626871805638075
  view-data: 0.42241156101226807
