times:
  edit-metadata: 0.7312634550035
  landing: 0.10061161406338215
  view-data: 0.21738684084266424
