times:
  edit-metadata: 1.423140088096261
  landing: 0.1205315925180912
  view-data: 0.02471938729286194
