times:
  edit-metadata: 1.665991086512804
  landing: 0.02101609855890274
  view-data: 0.3191543333232403
