times:
  edit-metadata: 0.7220836072228849
  landing: 0.07274749036878347
  view-data: 0.2936188569292426
