times:
  edit-metadata: 1.4589559826999903
  landing: 0.21502790972590446
  view-data: 0.022365331649780273
