times:
  edit-metadata: 1.747473742812872
  landing: 0.02199869230389595
  view-data: 0.13645881228148937
