times:
  edit-metadata: 1.4262176640331745
  landing: 0.09676545299589634
  view-data: 0.3525478597730398
