times:
  edit-metadata: 1.5590772796422243
  landing: 0.1409758012741804
  view-data: 0.13157065492123365
