times:
  edit-metadata: 1.5052459370344877
  landing: 0.02038821578025818
  view-data: 0.3080701269209385
