times:
  edit-metadata: 1.7340497598052025
  landing: 0.05891025252640247
  view-data: 0.3766429256647825
