times:
  edit-metadata: 1.4318035077303648
  landing: 0.11856770515441895
  view-data: 0.02666301652789116
