times:
  edit-metadata: 1.8955348320305347
  landing: 0.04757481440901756
  view-data: 0.022792182862758636
