times:
  edit-metadata: 1.478316493332386
  landing: 0.018993165343999863
  view-data: 0.026005929335951805
