times:
  edit-metadata: 1.4851154424250126
  landing: 0.020435091108083725
  view-data: 0.023361753672361374
