times:
  edit-metadata: 1.7842479180544615
  landing: 0.2996163610368967
  view-data: 0.3620947627350688
