times:
  edit-metadata: 1.534725652076304
  landing: 0.12421033624559641
  view-data: 0.2621751883998513
