times:
  edit-metadata: 1.4742686208337545
  landing: 0.15539874136447906
  view-data: 0.31349122151732445
