times:
  edit-metadata: 1.519428001716733
  landing: 0.28177135065197945
  view-data: 0.12216189317405224
