times:
  edit-metadata: 1.571918435394764
  landing: 0.2423243261873722
  view-data: 0.022196084260940552
