times:
  edit-metadata: 1.51792087033391
  landing: 0.022329467348754406
  view-data: 0.028667032718658447
