times:
  edit-metadata: 1.4418590907007456
  landing: 0.01991848833858967
  view-data: 0.026584044098854065
