times:
  edit-metadata: 1.4855670928955078
  landing: 0.22262262739241123
  view-data: 0.35018822364509106
