times:
  edit-metadata: 1.4569563623517752
  landing: 0.02016765996813774
  view-data: 0.026572568342089653
