times:
  edit-metadata: 1.4615486469119787
  landing: 0.2400301657617092
  view-data: 0.027088390663266182
