times:
  edit-metadata: 1.4323642738163471
  landing: 0.021024608984589577
  view-data: 0.026256926357746124
