times:
  edit-metadata: 1.6457813046872616
  landing: 0.1427080985158682
  view-data: 0.03355812840163708
