times:
  edit-metadata: 1.434959877282381
  landing: 0.018994150683283806
  view-data: 0.02356633171439171
