times:
  edit-metadata: 1.4732139017432928
  landing: 0.022578217089176178
  view-data: 0.3422560151666403
