times:
  edit-metadata: 1.9210747051984072
  landing: 0.2932869903743267
  view-data: 0.4141556415706873
