times:
  edit-metadata: 1.473246051929891
  landing: 0.020503610372543335
  view-data: 0.12498437520116568
