times:
  edit-metadata: 1.4355876222252846
  landing: 0.02685602195560932
  view-data: 0.32441455125808716
