times:
  edit-metadata: 1.39202222507447
  landing: 0.020546904765069485
  view-data: 0.12209206633269787
