times:
  edit-metadata: 1.7258694283664227
  landing: 0.34601747058331966
  view-data: 0.17087172903120518
