times:
  edit-metadata: 2.21602772641927
  landing: 0.25790172070264816
  view-data: 0.027270355261862278
