times:
  edit-metadata: 1.5854103900492191
  landing: 0.02028118632733822
  view-data: 0.3275865837931633
