times:
  edit-metadata: 1.428940199315548
  landing: 0.20801460091024637
  view-data: 0.13157943822443485
