times:
  edit-metadata: 1.77376458235085
  landing: 0.24805971421301365
  view-data: 0.14071673341095448
