times:
  edit-metadata: 1.9188539292663336
  landing: 0.1759027037769556
  view-data: 0.43637933395802975
