times:
  edit-metadata: 1.4313641898334026
  landing: 0.018866203725337982
  view-data: 0.12303343415260315
