times:
  edit-metadata: 1.4364673271775246
  landing: 0.20772507041692734
  view-data: 0.11516549065709114
