times:
  edit-metadata: 1.6810905374586582
  landing: 0.1392846219241619
  view-data: 0.3677568193525076
