times:
  edit-metadata: 1.5659629441797733
  landing: 0.024061603471636772
  view-data: 0.025303754955530167
