times:
  edit-metadata: 1.4096088726073503
  landing: 0.020901786163449287
  view-data: 0.3043292313814163
