times:
  edit-metadata: 1.4929404221475124
  landing: 0.25785380229353905
  view-data: 0.17423093132674694
