times:
  edit-metadata: 1.8939699437469244
  landing: 0.2705081943422556
  view-data: 0.18786382488906384
