times:
  edit-metadata: 1.6964187640696764
  landing: 0.2612602561712265
  view-data: 0.14425133168697357
