times:
  edit-metadata: 1.4456910379230976
  landing: 0.019638268277049065
  view-data: 0.026859167963266373
