times:
  edit-metadata: 2.3392082285135984
  landing: 0.331437099725008
  view-data: 0.190105102956295
