times:
  edit-metadata: 1.5327963083982468
  landing: 0.26078997924923897
  view-data: 0.4104103706777096
