times:
  edit-metadata: 0.5840300279669464
  landing: 0.046703129075467587
  view-data: 0.22478901594877243
