times:
  edit-metadata: 0.5732609969563782
  landing: 0.05192584590986371
  view-data: 0.22096386877819896
