times:
  edit-metadata: 1.592071071267128
  landing: 0.13071828708052635
  view-data: 0.026357140392065048
