times:
  edit-metadata: 0.5724420133046806
  landing: 0.04565876768901944
  view-data: 0.22473677899688482
