times:
  edit-metadata: 0.7181360670365393
  landing: 0.04792859498411417
  view-data: 0.21309816697612405
