times:
  edit-metadata: 0.8473586239852011
  landing: 0.09391963994130492
  view-data: 0.2748081558384001
