times:
  edit-metadata: 0.6729920362122357
  landing: 0.07645934913307428
  view-data: 0.22428360488265753
