times:
  edit-metadata: 1.5109061393886805
  landing: 0.11873152013868093
  view-data: 0.028201463632285595
