times:
  edit-metadata: 1.4587114471942186
  landing: 0.1941375657916069
  view-data: 0.33153345435857773
