times:
  edit-metadata: 0.6277502328157425
  landing: 0.05527625186368823
  view-data: 0.2081225528381765
