times:
  edit-metadata: 0.5753078428097069
  landing: 0.04775830591097474
  view-data: 0.22344426903873682
