times:
  edit-metadata: 1.4247717093676329
  landing: 0.20316478610038757
  view-data: 0.026516389101743698
