times:
  edit-metadata: 1.497886909171939
  landing: 0.19616822060197592
  view-data: 0.4265317674726248
