times:
  edit-metadata: 1.5347667094320059
  landing: 0.11587012559175491
  view-data: 0.026161205023527145
