times:
  edit-metadata: 1.5563799291849136
  landing: 0.0204226803034544
  view-data: 0.3357899636030197
