times:
  edit-metadata: 1.465654967352748
  landing: 0.024111231788992882
  view-data: 0.14711259491741657
