times:
  edit-metadata: 1.5410460317507386
  landing: 0.12408863939344883
  view-data: 0.027615212835371494
