times:
  edit-metadata: 1.727972511202097
  landing: 0.157279247418046
  view-data: 0.34631250239908695
