times:
  edit-metadata: 1.4275982286781073
  landing: 0.13354934006929398
  view-data: 0.1220415998250246
