times:
  edit-metadata: 1.4886700976639986
  landing: 0.024087952449917793
  view-data: 0.027392497286200523
