times:
  edit-metadata: 1.559199133887887
  landing: 0.2709756921976805
  view-data: 0.262662710621953
