times:
  edit-metadata: 1.5016667861491442
  landing: 0.183502527885139
  view-data: 0.28492506593465805
