times:
  edit-metadata: 1.5427307020872831
  landing: 0.019471390172839165
  view-data: 0.025755079463124275
