times:
  edit-metadata: 0.5882324618287385
  landing: 0.04952719388529658
  view-data: 0.21844097087159753
