times:
  edit-metadata: 1.5942220389842987
  landing: 0.022152019664645195
  view-data: 0.3520384803414345
