times:
  edit-metadata: 1.451087273657322
  landing: 0.022000258788466454
  view-data: 0.02908296138048172
