times:
  edit-metadata: 1.580140270292759
  landing: 0.020590057596564293
  view-data: 0.1398162767291069
