times:
  edit-metadata: 1.4292885661125183
  landing: 0.02032247930765152
  view-data: 0.02555771730840206
