times:
  edit-metadata: 1.4959537805989385
  landing: 0.13775645662099123
  view-data: 0.4194074673578143
