times:
  edit-metadata: 1.436238881200552
  landing: 0.01971440017223358
  view-data: 0.10481696762144566
