times:
  edit-metadata: 1.4462820030748844
  landing: 0.01960991509258747
  view-data: 0.023610880598425865
