times:
  edit-metadata: 1.4462774079293013
  landing: 0.020013010129332542
  view-data: 0.027550572529435158
