times:
  edit-metadata: 1.8982504289597273
  landing: 0.20965859107673168
  view-data: 0.41034024581313133
