times:
  edit-metadata: 1.7118459846824408
  landing: 0.2881820350885391
  view-data: 0.25575985945761204
