times:
  edit-metadata: 1.633520889095962
  landing: 0.025556763634085655
  view-data: 0.603741992264986
