times:
  edit-metadata: 1.9771726056933403
  landing: 0.3084608633071184
  view-data: 0.39392637833952904
