times:
  edit-metadata: 0.7141665071249008
  landing: 0.05012306896969676
  view-data: 0.27153745014220476
