times:
  edit-metadata: 0.6992509081028402
  landing: 0.08459553588181734
  view-data: 0.22579273860901594
