times:
  edit-metadata: 0.7676410651765764
  landing: 0.044354370795190334
  view-data: 0.24409051425755024
