times:
  edit-metadata: 1.5451438631862402
  landing: 0.024380017071962357
  view-data: 0.3023283965885639
