times:
  edit-metadata: 1.5408194418996572
  landing: 0.11235303245484829
  view-data: 0.1435251124203205
