times:
  edit-metadata: 1.6668817540630698
  landing: 0.04286831710487604
  view-data: 0.40973518788814545
