times:
  edit-metadata: 1.5435754749923944
  landing: 0.24664597027003765
  view-data: 0.023177141323685646
