times:
  edit-metadata: 0.5828103511594236
  landing: 0.04189133318141103
  view-data: 0.23742541018873453
