times:
  edit-metadata: 0.8977350881323218
  landing: 0.08069439977407455
  view-data: 0.3227056497707963
