times:
  edit-metadata: 1.4704158622771502
  landing: 0.13138927146792412
  view-data: 0.28315932117402554
