times:
  edit-metadata: 1.5222816802561283
  landing: 0.021839216351509094
  view-data: 0.02515554428100586
