times:
  edit-metadata: 1.5743489051237702
  landing: 0.21964775398373604
  view-data: 0.2205010950565338
