times:
  edit-metadata: 1.59034314006567
  landing: 0.23828140646219254
  view-data: 0.40048804599791765
