times:
  edit-metadata: 0.7649292936548591
  landing: 0.04693061113357544
  view-data: 0.2112553040497005
