times:
  edit-metadata: 0.5844203676097095
  landing: 0.08596644690260291
  view-data: 0.22341515682637691
