times:
  edit-metadata: 1.5079037565737963
  landing: 0.01972229778766632
  view-data: 0.42018403112888336
