times:
  edit-metadata: 1.575699595734477
  landing: 0.18694516830146313
  view-data: 0.17212742753326893
