times:
  edit-metadata: 1.7450165878981352
  landing: 0.25853757560253143
  view-data: 0.31507652811706066
