times:
  edit-metadata: 1.415890971198678
  landing: 0.020258339121937752
  view-data: 0.026838025078177452
