times:
  edit-metadata: 0.6016513118520379
  landing: 0.053075368981808424
  view-data: 0.2916541248559952
