times:
  edit-metadata: 1.411616649478674
  landing: 0.021809734404087067
  view-data: 0.02981477603316307
