times:
  edit-metadata: 1.7981701493263245
  landing: 0.020320968702435493
  view-data: 0.06476225517690182
