times:
  edit-metadata: 1.5596195198595524
  landing: 0.02224220708012581
  view-data: 0.024741478264331818
