times:
  edit-metadata: 1.4161506164819002
  landing: 0.019930381327867508
  view-data: 0.2799594718962908
