times:
  edit-metadata: 1.4299737233668566
  landing: 0.020945006981492043
  view-data: 0.31859051063656807
