times:
  edit-metadata: 1.4457022901624441
  landing: 0.11846284754574299
  view-data: 0.29337814822793007
