times:
  edit-metadata: 1.5107845477759838
  landing: 0.1208309754729271
  view-data: 0.3660223037004471
