times:
  edit-metadata: 1.6003593746572733
  landing: 0.020394615828990936
  view-data: 0.16215898841619492
