times:
  edit-metadata: 1.575641656294465
  landing: 0.1607773583382368
  view-data: 0.028877899050712585
