times:
  edit-metadata: 1.6054928321391344
  landing: 0.0213692057877779
  view-data: 0.13975217752158642
