times:
  edit-metadata: 1.863347677513957
  landing: 0.3561850041151047
  view-data: 0.3310836050659418
