times:
  edit-metadata: 1.4555577281862497
  landing: 0.020741390995681286
  view-data: 0.22994224447757006
