times:
  edit-metadata: 1.5193039206787944
  landing: 0.019673245027661324
  view-data: 0.027293266728520393
