times:
  edit-metadata: 1.633919881656766
  landing: 0.25750269554555416
  view-data: 0.38712194934487343
