times:
  edit-metadata: 1.4379897844046354
  landing: 0.02147774677723646
  view-data: 0.12584510631859303
