times:
  edit-metadata: 1.5128486566245556
  landing: 0.027353696525096893
  view-data: 0.026230065152049065
