times:
  edit-metadata: 1.422180149704218
  landing: 0.2700689509510994
  view-data: 0.024829035624861717
