times:
  edit-metadata: 1.4500342402607203
  landing: 0.020658932626247406
  view-data: 0.024137092754244804
