times:
  edit-metadata: 1.4454428404569626
  landing: 0.16743600741028786
  view-data: 0.027186185121536255
