times:
  edit-metadata: 1.4414586834609509
  landing: 0.1509578377008438
  view-data: 0.02370297536253929
