times:
  edit-metadata: 1.535779980942607
  landing: 0.1960719544440508
  view-data: 0.12214487604796886
