times:
  edit-metadata: 1.7249338049441576
  landing: 0.2908903621137142
  view-data: 0.257944667711854
