times:
  edit-metadata: 1.4703641440719366
  landing: 0.13789954409003258
  view-data: 0.24364560656249523
