times:
  edit-metadata: 1.4748364444822073
  landing: 0.02340235561132431
  view-data: 0.1010697539895773
