times:
  edit-metadata: 1.4723956966772676
  landing: 0.12278104480355978
  view-data: 0.35678126476705074
