times:
  edit-metadata: 0.5923191718757153
  landing: 0.045432808343321085
  view-data: 0.2159766019321978
