times:
  edit-metadata: 1.4718539267778397
  landing: 0.2402251809835434
  view-data: 0.026164760813117027
