times:
  edit-metadata: 1.8664618842303753
  landing: 0.23487437702715397
  view-data: 0.21318504586815834
