times:
  edit-metadata: 1.729350458830595
  landing: 0.2211577482521534
  view-data: 0.02601507119834423
