times:
  edit-metadata: 1.7999831903725863
  landing: 0.17554010264575481
  view-data: 0.026204045861959457
