times:
  edit-metadata: 1.5267201382666826
  landing: 0.020034777000546455
  view-data: 0.02344704419374466
