times:
  edit-metadata: 1.747363980859518
  landing: 0.2896032240241766
  view-data: 0.3335121590644121
