times:
  edit-metadata: 0.5722587071359158
  landing: 0.07644849084317684
  view-data: 0.3178701396100223
