times:
  edit-metadata: 1.474727926775813
  landing: 0.14231595396995544
  view-data: 0.025267571210861206
