times:
  edit-metadata: 1.459036536514759
  landing: 0.020324631594121456
  view-data: 0.5809696912765503
