times:
  edit-metadata: 0.5034474618732929
  landing: 0.04260187083855271
  view-data: 0.21107589080929756
