times:
  edit-metadata: 0.5248313006013632
  landing: 0.039440847001969814
  view-data: 0.2087602335959673
