times:
  edit-metadata: 0.5169286099262536
  landing: 0.06265966035425663
  view-data: 0.31957837706431746
