times:
  edit-metadata: 0.4733699196949601
  landing: 0.04748410452157259
  view-data: 0.1882409630343318
