times:
  edit-metadata: 0.5016627740114927
  landing: 0.044186496175825596
  view-data: 0.3371898508630693
