times:
  edit-metadata: 0.46460453420877457
  landing: 0.04986258037388325
  view-data: 0.43275046721100807
