times:
  edit-metadata: 0.48997069895267487
  landing: 0.04378899093717337
  view-data: 0.1962975049391389
