times:
  edit-metadata: 0.5158968437463045
  landing: 0.047868105582892895
  view-data: 0.34790313709527254
