times:
  edit-metadata: 0.4961749464273453
  landing: 0.038379319943487644
  view-data: 0.32307481905445457
