times:
  edit-metadata: 0.5277162306010723
  landing: 0.04870014637708664
  view-data: 0.20126430317759514
