times:
  edit-metadata: 2.1892037857323885
  landing: 0.022979149594902992
  view-data: 0.023739244788885117
