times:
  edit-metadata: 2.2908141408115625
  landing: 0.187096631154418
  view-data: 0.02453274093568325
