times:
  edit-metadata: 2.1953181996941566
  landing: 0.1388583779335022
  view-data: 0.2377751898020506
