times:
  edit-metadata: 2.229838514700532
  landing: 0.19120102375745773
  view-data: 0.13774517364799976
