times:
  edit-metadata: 2.1687729600816965
  landing: 0.02276807464659214
  view-data: 0.3434409759938717
