times:
  edit-metadata: 2.1704426649957895
  landing: 0.019328994676470757
  view-data: 0.028629489243030548
