times:
  edit-metadata: 2.1346758790314198
  landing: 0.20242653414607048
  view-data: 0.023989804089069366
