times:
  edit-metadata: 2.675853407010436
  landing: 0.17763187363743782
  view-data: 0.43629332818090916
