times:
  edit-metadata: 2.605412667617202
  landing: 0.2504920270293951
  view-data: 0.024479981511831284
