times:
  edit-metadata: 2.0078307054936886
  landing: 0.019269559532403946
  view-data: 0.1336241401731968
