times:
  edit-metadata: 2.130904335528612
  landing: 0.11776966042816639
  view-data: 0.026516184210777283
