times:
  edit-metadata: 2.902893239632249
  landing: 0.02164548821747303
  view-data: 0.4125898387283087
