times:
  edit-metadata: 3.0049455855041742
  landing: 0.14517613500356674
  view-data: 0.4405474290251732
