times:
  edit-metadata: 2.4874165412038565
  landing: 0.13255566358566284
  view-data: 0.13146249577403069
