times:
  edit-metadata: 2.43111414834857
  landing: 0.02136853337287903
  view-data: 0.026910502463579178
