times:
  edit-metadata: 2.1146657010540366
  landing: 0.21135787665843964
  view-data: 0.1416013352572918
