times:
  edit-metadata: 2.148298056796193
  landing: 0.024476099759340286
  view-data: 0.02267220802605152
