times:
  edit-metadata: 2.1654029777273536
  landing: 0.22287608869373798
  view-data: 0.2478058524429798
