times:
  edit-metadata: 1.3065706971101463
  landing: 0.0488884593360126
  view-data: 0.2512122611515224
