times:
  edit-metadata: 2.093377500772476
  landing: 0.020656581036746502
  view-data: 0.024665803648531437
