times:
  edit-metadata: 2.8258211510255933
  landing: 0.26175628788769245
  view-data: 0.3516671285033226
