times:
  edit-metadata: 2.2479187473654747
  landing: 0.13514875061810017
  view-data: 0.31035755947232246
