times:
  edit-metadata: 2.6172142159193754
  landing: 0.20894768834114075
  view-data: 0.39295984990894794
