times:
  edit-metadata: 3.5554059270070866
  landing: 0.47795892000431195
  view-data: 0.42272385401884094
