times:
  edit-metadata: 2.2598843574523926
  landing: 0.1242131944745779
  view-data: 0.023471582680940628
