times:
  edit-metadata: 1.5526923770084977
  landing: 0.06963936798274517
  view-data: 0.39854417368769646
