times:
  edit-metadata: 1.6017996249720454
  landing: 0.15558124100789428
  view-data: 0.24989905208349228
