times:
  edit-metadata: 2.189104340970516
  landing: 0.019772272557020187
  view-data: 0.12632476538419724
