times:
  edit-metadata: 1.2070206650532782
  landing: 0.06239525321871042
  view-data: 0.24818218685686588
