times:
  edit-metadata: 2.4674184136092663
  landing: 0.021256349980831146
  view-data: 0.025139547884464264
