times:
  edit-metadata: 1.4219818832352757
  landing: 0.04403033899143338
  view-data: 0.38945214729756117
