times:
  edit-metadata: 1.4962246678769588
  landing: 0.05310810403898358
  view-data: 0.37489185901358724
