times:
  edit-metadata: 2.1510843317955732
  landing: 0.02151900716125965
  view-data: 0.027054334059357643
