times:
  edit-metadata: 1.5956660998053849
  landing: 0.06844767183065414
  view-data: 0.26742760837078094
