times:
  edit-metadata: 2.162836631760001
  landing: 0.11793650314211845
  view-data: 0.024804076179862022
