times:
  edit-metadata: 2.399659661576152
  landing: 0.02248089760541916
  view-data: 0.3196714613586664
