times:
  edit-metadata: 2.8694607447832823
  landing: 0.1711206492036581
  view-data: 0.17696714214980602
