times:
  edit-metadata: 2.1710674166679382
  landing: 0.05199040286242962
  view-data: 0.026244627311825752
