times:
  edit-metadata: 1.2066958220675588
  landing: 0.0616980311460793
  view-data: 0.24200465809553862
