times:
  edit-metadata: 2.6999361403286457
  landing: 0.24083693884313107
  view-data: 0.39562700875103474
