times:
  edit-metadata: 4.765333542600274
  landing: 0.636348070576787
  view-data: 0.3619761411100626
