times:
  edit-metadata: 2.492773460224271
  landing: 0.23293218947947025
  view-data: 0.4333288762718439
