times:
  edit-metadata: 2.1920574959367514
  landing: 0.02053573913872242
  view-data: 0.02306910790503025
