times:
  edit-metadata: 2.138606747612357
  landing: 0.021420327946543694
  view-data: 0.025828363373875618
