times:
  edit-metadata: 2.794604966416955
  landing: 0.01879870891571045
  view-data: 0.024547824636101723
