times:
  edit-metadata: 2.1768837589770555
  landing: 0.19112628884613514
  view-data: 0.1002692673355341
