times:
  edit-metadata: 2.1928053237497807
  landing: 0.023494554683566093
  view-data: 0.028049785643815994
