times:
  edit-metadata: 2.015727619640529
  landing: 0.1220762962475419
  view-data: 0.12128603737801313
