times:
  edit-metadata: 1.3957396810874343
  landing: 0.08947465429082513
  view-data: 0.2956747389398515
