times:
  edit-metadata: 2.445214807987213
  landing: 0.16439086385071278
  view-data: 0.023778121918439865
