times:
  edit-metadata: 2.3585998583585024
  landing: 0.020289676263928413
  view-data: 0.024670563638210297
