times:
  edit-metadata: 2.220813440158963
  landing: 0.022563908249139786
  view-data: 0.12687909603118896
