times:
  edit-metadata: 2.5561501067131758
  landing: 0.14618314057588577
  view-data: 0.05376552417874336
