times:
  edit-metadata: 2.1056991517543793
  landing: 0.020228950306773186
  view-data: 0.292109714820981
