times:
  edit-metadata: 2.592134725302458
  landing: 0.1595486681908369
  view-data: 0.3425223231315613
