times:
  edit-metadata: 2.4761764518916607
  landing: 0.23574128933250904
  view-data: 0.023520449176430702
