times:
  edit-metadata: 2.327441357076168
  landing: 0.022855820134282112
  view-data: 0.36458951234817505
