times:
  edit-metadata: 2.6373505126684904
  landing: 0.023444857448339462
  view-data: 0.03194839507341385
