times:
  edit-metadata: 1.3856941149570048
  landing: 0.08811992220580578
  view-data: 0.25887312460690737
