times:
  edit-metadata: 3.092879308387637
  landing: 0.379359083250165
  view-data: 0.4140832833945751
