times:
  edit-metadata: 2.6870520059019327
  landing: 0.2843120824545622
  view-data: 0.2669363673776388
