times:
  edit-metadata: 2.2004047632217407
  landing: 0.018730701878666878
  view-data: 0.022441916167736053
