times:
  edit-metadata: 2.416366007179022
  landing: 0.023230882361531258
  view-data: 0.1730460301041603
