times:
  edit-metadata: 2.1255588373169303
  landing: 0.021254239603877068
  view-data: 0.026303241960704327
