times:
  edit-metadata: 2.0583800012245774
  landing: 0.2054295390844345
  view-data: 0.02531108446419239
