times:
  edit-metadata: 2.1762317959219217
  landing: 0.02440347522497177
  view-data: 0.1238433625549078
