times:
  edit-metadata: 2.2074662912636995
  landing: 0.0960516668856144
  view-data: 0.13723558001220226
