times:
  edit-metadata: 2.1796246021986008
  landing: 0.02249274216592312
  view-data: 0.17147604003548622
