times:
  edit-metadata: 2.0054818196222186
  landing: 0.2001762855798006
  view-data: 0.1273125559091568
