times:
  edit-metadata: 1.2314467779360712
  landing: 0.06242635799571872
  view-data: 0.2680890988558531
