times:
  edit-metadata: 2.19269628636539
  landing: 0.16360029764473438
  view-data: 0.39712261967360973
