times:
  edit-metadata: 2.1957579907029867
  landing: 0.1729486733675003
  view-data: 0.13591267634183168
