times:
  edit-metadata: 2.1795695573091507
  landing: 0.018895555287599564
  view-data: 0.023974910378456116
