times:
  edit-metadata: 2.083064429461956
  landing: 0.12743795290589333
  view-data: 0.49602799117565155
