times:
  edit-metadata: 2.3198456838726997
  landing: 0.023165740072727203
  view-data: 0.02964499592781067
