times:
  edit-metadata: 2.1164609603583813
  landing: 0.019664200022816658
  view-data: 0.026868529617786407
