times:
  edit-metadata: 2.110765352845192
  landing: 0.019131291657686234
  view-data: 0.024243295192718506
