times:
  edit-metadata: 2.1211444288492203
  landing: 0.024611404165625572
  view-data: 0.1286103706806898
