times:
  edit-metadata: 2.161994418129325
  landing: 0.19278379902243614
  view-data: 0.24592040292918682
