times:
  edit-metadata: 1.5073231947608292
  landing: 0.07085191598162055
  view-data: 0.2544012190774083
