times:
  edit-metadata: 2.1964185908436775
  landing: 0.1570327877998352
  view-data: 0.3628777414560318
