times:
  edit-metadata: 2.272147983312607
  landing: 0.13273917324841022
  view-data: 0.03308611176908016
