times:
  edit-metadata: 2.14353996142745
  landing: 0.021892491728067398
  view-data: 0.2885569240897894
