times:
  edit-metadata: 2.087466743774712
  landing: 0.019737388007342815
  view-data: 0.023690481670200825
