times:
  edit-metadata: 2.199497489258647
  landing: 0.019585540518164635
  view-data: 0.02524302341043949
