times:
  edit-metadata: 2.000372792594135
  landing: 0.023814665153622627
  view-data: 0.12750602886080742
