times:
  edit-metadata: 2.1121405689045787
  landing: 0.02124651148915291
  view-data: 0.39152143243700266
