times:
  edit-metadata: 2.1670759934931993
  landing: 0.23489940539002419
  view-data: 0.12437211535871029
