times:
  edit-metadata: 2.7747539579868317
  landing: 0.2542167752981186
  view-data: 0.026035010814666748
