times:
  edit-metadata: 3.0507124606519938
  landing: 0.020258735865354538
  view-data: 0.2628885041922331
