times:
  edit-metadata: 2.230639260262251
  landing: 0.01935584284365177
  view-data: 0.33504799008369446
