times:
  edit-metadata: 1.536388583946973
  landing: 0.15526402415707707
  view-data: 0.2586167100816965
