times:
  edit-metadata: 2.679558180272579
  landing: 0.021853236481547356
  view-data: 0.4504243843257427
