times:
  edit-metadata: 3.05229071341455
  landing: 0.22962323017418385
  view-data: 0.2991640530526638
