times:
  edit-metadata: 2.1586309242993593
  landing: 0.23981679882854223
  view-data: 0.13414200209081173
