times:
  edit-metadata: 2.1398237757384777
  landing: 0.02071600779891014
  view-data: 0.10196780227124691
