times:
  edit-metadata: 2.123840398155153
  landing: 0.15755757223814726
  view-data: 0.1333024464547634
