times:
  edit-metadata: 2.6810094509273767
  landing: 0.10147170349955559
  view-data: 0.2178176362067461
