times:
  edit-metadata: 2.239050067961216
  landing: 0.023337440565228462
  view-data: 0.13298642449080944
