times:
  edit-metadata: 2.328448820859194
  landing: 0.15268422663211823
  view-data: 0.023365633562207222
