times:
  edit-metadata: 3.0773328728973866
  landing: 0.38900699838995934
  view-data: 0.28886144421994686
