times:
  edit-metadata: 2.4065605271607637
  landing: 0.30729722790420055
  view-data: 0.479999128729105
