times:
  edit-metadata: 2.18070450052619
  landing: 0.019989296793937683
  view-data: 0.02678660675883293
