times:
  edit-metadata: 1.3220783909782767
  landing: 0.06815661722794175
  view-data: 0.2622671057470143
