times:
  edit-metadata: 2.09973275847733
  landing: 0.021054554730653763
  view-data: 0.029015298932790756
