times:
  edit-metadata: 2.4243581909686327
  landing: 0.05649389326572418
  view-data: 0.27889925241470337
