times:
  edit-metadata: 2.23723928630352
  landing: 0.019926609471440315
  view-data: 0.02325683832168579
