times:
  edit-metadata: 2.432317154482007
  landing: 0.14453869313001633
  view-data: 0.17363190464675426
