times:
  edit-metadata: 2.2795316707342863
  landing: 0.023587550967931747
  view-data: 0.3239773325622082
