times:
  edit-metadata: 2.2454340867698193
  landing: 0.020079078152775764
  view-data: 0.024655824527144432
