times:
  edit-metadata: 2.1935048792511225
  landing: 0.021999338641762733
  view-data: 0.02464483678340912
