times:
  edit-metadata: 2.2872787807136774
  landing: 0.2128309514373541
  view-data: 0.02464139088988304
