times:
  edit-metadata: 2.222885714843869
  landing: 0.01992393285036087
  view-data: 0.32106137834489346
