times:
  edit-metadata: 1.4946997738443315
  landing: 0.061861169058829546
  view-data: 0.35280542727559805
