times:
  edit-metadata: 1.5903391232714057
  landing: 0.04976336099207401
  view-data: 0.2511467286385596
