times:
  edit-metadata: 2.7716120555996895
  landing: 0.1975207794457674
  view-data: 0.16378520615398884
