times:
  edit-metadata: 1.5668954281136394
  landing: 0.07327498402446508
  view-data: 0.3256827020086348
