times:
  edit-metadata: 2.1262331437319517
  landing: 0.020065298303961754
  view-data: 0.02465134672820568
