times:
  edit-metadata: 2.8833417240530252
  landing: 0.2699541915208101
  view-data: 0.5338324327021837
