times:
  edit-metadata: 2.140844694338739
  landing: 0.17796995025128126
  view-data: 0.3184386007487774
