times:
  edit-metadata: 1.3902034680359066
  landing: 0.13892099680379033
  view-data: 0.3610893660224974
