times:
  edit-metadata: 1.661141003947705
  landing: 0.043141971342265606
  view-data: 0.2604462718591094
