times:
  edit-metadata: 2.055973557755351
  landing: 0.2429153434932232
  view-data: 0.4571640966460109
