times:
  edit-metadata: 2.2031045127660036
  landing: 0.11629417352378368
  view-data: 0.026918303221464157
