times:
  edit-metadata: 2.0730762537568808
  landing: 0.018899282440543175
  view-data: 0.022936007007956505
