times:
  edit-metadata: 2.459201706573367
  landing: 0.11876797396689653
  view-data: 0.5681373653933406
