times:
  edit-metadata: 2.339067168533802
  landing: 0.022513974457979202
  view-data: 0.2750959675759077
