times:
  edit-metadata: 2.1578373163938522
  landing: 0.021106911823153496
  view-data: 0.34245445020496845
