times:
  edit-metadata: 2.142258796840906
  landing: 0.01897997409105301
  view-data: 0.34136891551315784
