times:
  edit-metadata: 2.2458353340625763
  landing: 0.019693898037075996
  view-data: 0.025249816477298737
