times:
  edit-metadata: 1.50367540307343
  landing: 0.08647392969578505
  view-data: 0.2613131874240935
