times:
  edit-metadata: 2.436402255669236
  landing: 0.05520448833703995
  view-data: 0.1525466237217188
