times:
  edit-metadata: 1.4388960930518806
  landing: 0.06874183984473348
  view-data: 0.3269119900651276
