times:
  edit-metadata: 2.1551370099186897
  landing: 0.15116731636226177
  view-data: 0.4227185305207968
