times:
  edit-metadata: 2.7640147991478443
  landing: 0.21202102303504944
  view-data: 0.14797659032046795
