times:
  edit-metadata: 2.181307479739189
  landing: 0.020629530772566795
  view-data: 0.026644237339496613
