times:
  edit-metadata: 2.9170147571712732
  landing: 0.020496180281043053
  view-data: 0.3678447864949703
