times:
  edit-metadata: 1.2099231500178576
  landing: 0.06479130312800407
  view-data: 0.2498711571097374
