times:
  edit-metadata: 2.536655506119132
  landing: 0.1266382522881031
  view-data: 0.4748123176395893
