times:
  edit-metadata: 2.1083916146308184
  landing: 0.020479567348957062
  view-data: 0.02645343355834484
