times:
  edit-metadata: 2.1776678264141083
  landing: 0.12114010192453861
  view-data: 0.317146772518754
