times:
  edit-metadata: 2.13111487403512
  landing: 0.0196587722748518
  view-data: 0.02411675825715065
