times:
  edit-metadata: 2.057953789830208
  landing: 0.11385576333850622
  view-data: 0.11861729249358177
