times:
  edit-metadata: 1.287911156192422
  landing: 0.05634849891066551
  view-data: 0.25185975106433034
