times:
  edit-metadata: 3.027010202407837
  landing: 0.2372798938304186
  view-data: 0.3067426420748234
