times:
  edit-metadata: 2.2286128904670477
  landing: 0.24359125643968582
  view-data: 0.02407797798514366
