times:
  edit-metadata: 2.197965919971466
  landing: 0.018269539810717106
  view-data: 0.38497332856059074
