times:
  edit-metadata: 2.2028491236269474
  landing: 0.01869361847639084
  view-data: 0.022319840267300606
