times:
  edit-metadata: 1.528789731208235
  landing: 0.07020484795793891
  view-data: 0.24006945174187422
