times:
  edit-metadata: 2.041402661241591
  landing: 0.25864984933286905
  view-data: 0.023107131011784077
