times:
  edit-metadata: 2.735979135148227
  landing: 0.19781570322811604
  view-data: 0.19593171495944262
