times:
  edit-metadata: 1.3788833022117615
  landing: 0.14233374502509832
  view-data: 0.34296939708292484
