times:
  edit-metadata: 3.4740246399887837
  landing: 0.21581202099332586
  view-data: 0.5605495040072128
