times:
  edit-metadata: 2.051349806599319
  landing: 0.02017386257648468
  view-data: 0.11623968090862036
