times:
  edit-metadata: 2.5298067089170218
  landing: 0.02064579352736473
  view-data: 0.05634954571723938
