times:
  edit-metadata: 3.450892426073551
  landing: 0.04816395789384842
  view-data: 0.3682187329977751
