times:
  edit-metadata: 2.102470353245735
  landing: 0.13504844158887863
  view-data: 0.12019650544971228
