times:
  edit-metadata: 2.78722951002419
  landing: 0.027786875143647194
  view-data: 0.02696293219923973
