times:
  edit-metadata: 2.371566040441394
  landing: 0.2304715123027563
  view-data: 0.1547349952161312
