times:
  edit-metadata: 2.145298465155065
  landing: 0.20802340749651194
  view-data: 0.3738550804555416
