times:
  edit-metadata: 1.2305172947235405
  landing: 0.04673182312399149
  view-data: 0.24350939691066742
