times:
  edit-metadata: 2.1165928561240435
  landing: 0.020251533016562462
  view-data: 0.025860491208732128
