times:
  edit-metadata: 2.1379045248031616
  landing: 0.020536229014396667
  view-data: 0.2769195754081011
