times:
  edit-metadata: 2.1605195365846157
  landing: 0.018797731027007103
  view-data: 0.026126299053430557
