times:
  edit-metadata: 2.189636157825589
  landing: 0.15062786638736725
  view-data: 0.15029744803905487
