times:
  edit-metadata: 2.3495162446051836
  landing: 0.020594516769051552
  view-data: 0.02528342977166176
