times:
  edit-metadata: 2.0939360857009888
  landing: 0.020662276074290276
  view-data: 0.02629266306757927
