times:
  edit-metadata: 1.5271739680320024
  landing: 0.06359136058017612
  view-data: 0.3121495759114623
