times:
  edit-metadata: 2.1375511828809977
  landing: 0.12855563778430223
  view-data: 0.13556269742548466
