times:
  edit-metadata: 2.2574986461549997
  landing: 0.023786958307027817
  view-data: 0.026893747970461845
