times:
  edit-metadata: 1.2855357630178332
  landing: 0.01995019242167473
  view-data: 0.41837549582123756
