times:
  edit-metadata: 0.6697568516246974
  landing: 0.04959744634106755
  view-data: 0.3155659739859402
