times:
  edit-metadata: 1.419724652543664
  landing: 0.020090868696570396
  view-data: 0.02359340712428093
