times:
  edit-metadata: 0.4970570635050535
  landing: 0.043546270579099655
  view-data: 0.32895880937576294
