times:
  edit-metadata: 1.3061390053480864
  landing: 0.019972833804786205
  view-data: 0.2289876015856862
