times:
  edit-metadata: 1.3618684951215982
  landing: 0.20014441292732954
  view-data: 0.21371642220765352
