times:
  edit-metadata: 1.3514832220971584
  landing: 0.021146642044186592
  view-data: 0.12419116497039795
