times:
  edit-metadata: 0.4858009861782193
  landing: 0.050394102931022644
  view-data: 0.19504130072891712
