times:
  edit-metadata: 1.3633830267935991
  landing: 0.02346136048436165
  view-data: 0.31737505458295345
