times:
  edit-metadata: 1.3323989789932966
  landing: 0.022450260818004608
  view-data: 0.12352718878537416
