times:
  edit-metadata: 1.3836973290890455
  landing: 0.25647036358714104
  view-data: 0.13946467638015747
