times:
  edit-metadata: 1.3311796449124813
  landing: 0.019711356610059738
  view-data: 0.12542449682950974
