times:
  edit-metadata: 1.3777698138728738
  landing: 0.021539379842579365
  view-data: 0.025627806782722473
