times:
  edit-metadata: 0.5533106299117208
  landing: 0.06974398111924529
  view-data: 0.2225587391294539
