times:
  edit-metadata: 1.3581614876165986
  landing: 0.02044118195772171
  view-data: 0.4216001005843282
