times:
  edit-metadata: 0.5620364099740982
  landing: 0.05727291014045477
  view-data: 0.20828158361837268
