times:
  edit-metadata: 1.2808243269100785
  landing: 0.022338594309985638
  view-data: 0.10271136648952961
