times:
  edit-metadata: 1.7289985064417124
  landing: 0.021904433146119118
  view-data: 0.02761648688465357
