times:
  edit-metadata: 1.3134151184931397
  landing: 0.022617067210376263
  view-data: 0.026398668065667152
