times:
  edit-metadata: 1.3615778926759958
  landing: 0.019431257620453835
  view-data: 0.02599710039794445
