times:
  edit-metadata: 0.6322151920758188
  landing: 0.0946762110106647
  view-data: 0.22574952291324735
