times:
  edit-metadata: 1.359709200449288
  landing: 0.02238252479583025
  view-data: 0.11272386088967323
