times:
  edit-metadata: 1.3099629450589418
  landing: 0.018991448916494846
  view-data: 0.12382279429584742
