times:
  edit-metadata: 1.315655323676765
  landing: 0.024621070362627506
  view-data: 0.11860311776399612
