times:
  edit-metadata: 1.3242365662008524
  landing: 0.021379536017775536
  view-data: 0.02893455419689417
