times:
  edit-metadata: 1.4468390811234713
  landing: 0.05113249644637108
  view-data: 0.1446850374341011
