times:
  edit-metadata: 1.4671899005770683
  landing: 0.14296710677444935
  view-data: 0.02867601066827774
