times:
  edit-metadata: 1.2769167385995388
  landing: 0.02169112954288721
  view-data: 0.12213410064578056
