times:
  edit-metadata: 1.7463285475969315
  landing: 0.02015956025570631
  view-data: 0.027245748788118362
