times:
  edit-metadata: 1.3525269087404013
  landing: 0.21253747679293156
  view-data: 0.13314725644886494
