times:
  edit-metadata: 1.2970783542841673
  landing: 0.1627994915470481
  view-data: 0.5300876135006547
