times:
  edit-metadata: 1.3654925804585218
  landing: 0.021195536479353905
  view-data: 0.3140179421752691
