times:
  edit-metadata: 1.3661911357194185
  landing: 0.13782127480953932
  view-data: 0.11625464167445898
