times:
  edit-metadata: 1.468062723055482
  landing: 0.2688307724893093
  view-data: 0.32441249676048756
