times:
  edit-metadata: 0.49895788077265024
  landing: 0.04220569599419832
  view-data: 0.19401883240789175
