times:
  edit-metadata: 1.3305918080732226
  landing: 0.020539743825793266
  view-data: 0.03002727683633566
