times:
  edit-metadata: 1.429992314428091
  landing: 0.01950974017381668
  view-data: 0.022727634757757187
