times:
  edit-metadata: 1.4034644458442926
  landing: 0.022193752229213715
  view-data: 0.024965494871139526
