times:
  edit-metadata: 1.4380741082131863
  landing: 0.1519672479480505
  view-data: 0.38819611445069313
