times:
  edit-metadata: 0.4891654746606946
  landing: 0.0515739843249321
  view-data: 0.2069168407469988
