times:
  edit-metadata: 1.4877400696277618
  landing: 0.22938797064125538
  view-data: 0.36074494011700153
