times:
  edit-metadata: 0.506323104724288
  landing: 0.047159792855381966
  view-data: 0.19821633212268353
