times:
  edit-metadata: 1.317051688209176
  landing: 0.021937684156000614
  view-data: 0.10060339514166117
