times:
  edit-metadata: 1.549614628776908
  landing: 0.2005066405981779
  view-data: 0.027728671208024025
