times:
  edit-metadata: 1.3199258986860514
  landing: 0.025411522015929222
  view-data: 0.02376369945704937
