times:
  edit-metadata: 1.294877584092319
  landing: 0.020179452374577522
  view-data: 0.026898091658949852
