times:
  edit-metadata: 0.4983777478337288
  landing: 0.051091162487864494
  view-data: 0.19794136844575405
