times:
  edit-metadata: 1.3962734024971724
  landing: 0.2571355737745762
  view-data: 0.40358943305909634
