times:
  edit-metadata: 1.3091406570747495
  landing: 0.021045373752713203
  view-data: 0.1280404906719923
