times:
  edit-metadata: 0.49913734942674637
  landing: 0.0527029437944293
  view-data: 0.2199316956102848
