times:
  edit-metadata: 1.4393193386495113
  landing: 0.19859091192483902
  view-data: 0.32203367725014687
