times:
  edit-metadata: 2.2495247777551413
  landing: 0.3387491311877966
  view-data: 0.3238194268196821
