times:
  edit-metadata: 0.7269090209156275
  landing: 0.07490162691101432
  view-data: 0.22143753105774522
