times:
  edit-metadata: 1.3252505846321583
  landing: 0.019407203420996666
  view-data: 0.026362303644418716
