times:
  edit-metadata: 1.3197582140564919
  landing: 0.021905978210270405
  view-data: 0.10279047954827547
