times:
  edit-metadata: 1.2911705989390612
  landing: 0.021909167058765888
  view-data: 0.21820114832371473
