times:
  edit-metadata: 0.48387001268565655
  landing: 0.05273006670176983
  view-data: 0.19971948862075806
