times:
  edit-metadata: 1.3993831500411034
  landing: 0.36308120749890804
  view-data: 0.1851990008726716
