times:
  edit-metadata: 1.457785990089178
  landing: 0.01935395784676075
  view-data: 0.13635627552866936
