times:
  edit-metadata: 1.8755821911618114
  landing: 0.021597773768007755
  view-data: 0.025328349322080612
