times:
  edit-metadata: 1.3164135292172432
  landing: 0.020820215344429016
  view-data: 0.025497695431113243
