times:
  edit-metadata: 1.5116569474339485
  landing: 0.12928542494773865
  view-data: 0.05595031566917896
