times:
  edit-metadata: 1.3167019449174404
  landing: 0.021327458322048187
  view-data: 0.026354923844337463
