times:
  edit-metadata: 0.5161814875900745
  landing: 0.04332057200372219
  view-data: 0.21072343923151493
