times:
  edit-metadata: 1.7167575703933835
  landing: 0.01987376995384693
  view-data: 0.027415987104177475
