times:
  edit-metadata: 0.4983867844566703
  landing: 0.050466801039874554
  view-data: 0.22652033530175686
