times:
  edit-metadata: 1.305885249748826
  landing: 0.02171559352427721
  view-data: 0.2223278358578682
