times:
  edit-metadata: 1.3296473901718855
  landing: 0.018065331503748894
  view-data: 0.022759675979614258
