times:
  edit-metadata: 0.4733378440141678
  landing: 0.04749575722962618
  view-data: 0.19954191707074642
