times:
  edit-metadata: 1.2726989919319749
  landing: 0.02649062778800726
  view-data: 0.4080590195953846
