times:
  edit-metadata: 0.5617962032556534
  landing: 0.1016904036514461
  view-data: 0.3038265067152679
