times:
  edit-metadata: 1.3059480115771294
  landing: 0.02030741237103939
  view-data: 0.023350280709564686
