times:
  edit-metadata: 1.290185872465372
  landing: 0.02099989727139473
  view-data: 0.025144082494080067
