times:
  edit-metadata: 1.3673931993544102
  landing: 0.021808010526001453
  view-data: 0.12596541550010443
