times:
  edit-metadata: 0.4900160701945424
  landing: 0.046290998347103596
  view-data: 0.199531645514071
