times:
  edit-metadata: 0.6743804607540369
  landing: 0.1278358669951558
  view-data: 0.24696148606017232
