times:
  edit-metadata: 1.4302121549844742
  landing: 0.2607437586411834
  view-data: 0.3343323115259409
