times:
  edit-metadata: 1.825233992189169
  landing: 0.3413900211453438
  view-data: 0.19873852655291557
