times:
  edit-metadata: 1.3827850939705968
  landing: 0.1245963554829359
  view-data: 0.026785890571773052
