times:
  edit-metadata: 1.3607148043811321
  landing: 0.04796179011464119
  view-data: 0.1051629688590765
