times:
  edit-metadata: 1.4961581863462925
  landing: 0.3267030045390129
  view-data: 0.17789009772241116
