times:
  edit-metadata: 0.48721045535057783
  landing: 0.04439384024590254
  view-data: 0.3385782968252897
