times:
  edit-metadata: 1.5335797294974327
  landing: 0.30566735193133354
  view-data: 0.3672642335295677
