times:
  edit-metadata: 1.3236253038048744
  landing: 0.022368943318724632
  view-data: 0.12675334885716438
