times:
  edit-metadata: 1.3018164737150073
  landing: 0.12388901039958
  view-data: 0.026409614831209183
