times:
  edit-metadata: 0.48993400391191244
  landing: 0.045680096838623285
  view-data: 0.46453116880729795
