times:
  edit-metadata: 1.3533420208841562
  landing: 0.023046178743243217
  view-data: 0.027863135561347008
