times:
  edit-metadata: 1.3117223121225834
  landing: 0.020271528512239456
  view-data: 0.02621426433324814
