times:
  edit-metadata: 1.3029367104172707
  landing: 0.02073648851364851
  view-data: 0.4158108150586486
