times:
  edit-metadata: 1.2813049396499991
  landing: 0.02753273118287325
  view-data: 0.46205895859748125
