times:
  edit-metadata: 1.3526361752301455
  landing: 0.023085394874215126
  view-data: 0.10152166895568371
