times:
  edit-metadata: 1.480413400568068
  landing: 0.019134988076984882
  view-data: 0.13913025241345167
