times:
  edit-metadata: 1.479196598753333
  landing: 0.02263559401035309
  view-data: 0.347043763846159
