times:
  edit-metadata: 0.4937977883964777
  landing: 0.04248763248324394
  view-data: 0.32557885255664587
