times:
  edit-metadata: 1.4077350655570626
  landing: 0.01870223693549633
  view-data: 0.025778546929359436
