times:
  edit-metadata: 0.4939315039664507
  landing: 0.03907181695103645
  view-data: 0.20735417492687702
