times:
  edit-metadata: 0.5165847465395927
  landing: 0.052056094631552696
  view-data: 0.2735415371134877
