times:
  edit-metadata: 0.5021923966705799
  landing: 0.051145623438060284
  view-data: 0.206294865347445
