times:
  edit-metadata: 0.5085651446133852
  landing: 0.0463577713817358
  view-data: 0.19713835045695305
