times:
  edit-metadata: 1.3291792254894972
  landing: 0.02143540419638157
  view-data: 0.10263139568269253
