times:
  edit-metadata: 1.4102159040048718
  landing: 0.1827065097168088
  view-data: 0.4300598781555891
