times:
  edit-metadata: 0.4793376550078392
  landing: 0.043378702364861965
  view-data: 0.20269719045609236
