times:
  edit-metadata: 1.4231196846812963
  landing: 0.02160406857728958
  view-data: 0.03035866841673851
