times:
  edit-metadata: 1.329796390607953
  landing: 0.021930727176368237
  view-data: 0.02670672256499529
