times:
  edit-metadata: 1.389781485311687
  landing: 0.02077353559434414
  view-data: 0.11947689205408096
