times:
  edit-metadata: 0.531453819014132
  landing: 0.04564077686518431
  view-data: 0.20571152120828629
