times:
  edit-metadata: 1.386789576150477
  landing: 0.14364820625633
  view-data: 0.5630345484241843
