times:
  edit-metadata: 1.4357831794768572
  landing: 0.021372787654399872
  view-data: 0.3525193836539984
