times:
  edit-metadata: 1.3127461429685354
  landing: 0.019046294502913952
  view-data: 0.4294959893450141
