times:
  edit-metadata: 0.4883272349834442
  landing: 0.05796234309673309
  view-data: 0.3078259276226163
