times:
  edit-metadata: 1.5227299891412258
  landing: 0.17870624922215939
  view-data: 0.19654430821537971
