times:
  edit-metadata: 1.5628114696592093
  landing: 0.12501190602779388
  view-data: 0.4122908990830183
