times:
  edit-metadata: 1.4036722872406244
  landing: 0.020841244608163834
  view-data: 0.02883455716073513
