times:
  edit-metadata: 1.3880393002182245
  landing: 0.018589628860354424
  view-data: 0.04532754421234131
