times:
  edit-metadata: 1.5043526124209166
  landing: 0.3230157755315304
  view-data: 0.1567329801619053
