times:
  edit-metadata: 1.3764837980270386
  landing: 0.12015295401215553
  view-data: 0.024561259895563126
