times:
  edit-metadata: 1.3976774215698242
  landing: 0.14708814583718777
  view-data: 0.1439443752169609
