times:
  edit-metadata: 0.7293911031447351
  landing: 0.04908481193706393
  view-data: 0.2629220588132739
