times:
  edit-metadata: 1.3843718012794852
  landing: 0.14294068422168493
  view-data: 0.4715612158179283
