times:
  edit-metadata: 1.3578154239803553
  landing: 0.02053282968699932
  view-data: 0.02616081014275551
