times:
  edit-metadata: 1.2697819825261831
  landing: 0.02230995800346136
  view-data: 0.14136810321360826
