times:
  edit-metadata: 0.7187660839408636
  landing: 0.04573857318609953
  view-data: 0.32018176978453994
