times:
  edit-metadata: 1.3215902661904693
  landing: 0.09795492980629206
  view-data: 0.10664715152233839
