times:
  edit-metadata: 1.3969555292278528
  landing: 0.020219886675477028
  view-data: 0.024911051616072655
