times:
  edit-metadata: 1.3360585756599903
  landing: 0.022942586801946163
  view-data: 0.024897783063352108
