times:
  edit-metadata: 1.2807317096740007
  landing: 0.022004841826856136
  view-data: 0.37428487837314606
