times:
  edit-metadata: 1.2765427250415087
  landing: 0.02007966674864292
  view-data: 0.02551104500889778
