times:
  edit-metadata: 0.7332170330919325
  landing: 0.05029292870312929
  view-data: 0.31233004201203585
