times:
  edit-metadata: 1.6190124079585075
  landing: 0.017927461303770542
  view-data: 0.022546089254319668
