times:
  edit-metadata: 1.5232919957488775
  landing: 0.13776371628046036
  view-data: 0.1626509353518486
