times:
  edit-metadata: 1.6040311008691788
  landing: 0.02019268460571766
  view-data: 0.1533615067601204
