times:
  edit-metadata: 1.3071250459179282
  landing: 0.023007423616945744
  view-data: 0.027369859628379345
