times:
  edit-metadata: 1.3852765709161758
  landing: 0.018922872841358185
  view-data: 0.36322224885225296
