times:
  edit-metadata: 1.4464272502809763
  landing: 0.16829971969127655
  view-data: 0.15698389522731304
