times:
  edit-metadata: 1.4712462900206447
  landing: 0.14561339281499386
  view-data: 0.16284140571951866
