times:
  edit-metadata: 1.317640277557075
  landing: 0.1126565644517541
  view-data: 0.026567679829895496
