times:
  edit-metadata: 0.5438780626282096
  landing: 0.07089479733258486
  view-data: 0.3270604689605534
