times:
  edit-metadata: 1.5958858095109463
  landing: 0.1574726402759552
  view-data: 0.024290546774864197
