times:
  edit-metadata: 0.4823549799621105
  landing: 0.04254856240004301
  view-data: 0.20262395311146975
