times:
  edit-metadata: 1.5812698267400265
  landing: 0.31276174634695053
  view-data: 0.3791922237724066
