times:
  edit-metadata: 0.9103909060359001
  landing: 0.059832578990608454
  view-data: 0.2276239600032568
