times:
  edit-metadata: 0.5442884019576013
  landing: 0.06685049505904317
  view-data: 0.2215123469941318
