times:
  edit-metadata: 1.3308164570480585
  landing: 0.01939686667174101
  view-data: 0.1265614703297615
