times:
  edit-metadata: 1.3501069750636816
  landing: 0.14488443359732628
  view-data: 0.12346428725868464
