times:
  edit-metadata: 1.3570192428305745
  landing: 0.02259147074073553
  view-data: 0.028025108389556408
