times:
  edit-metadata: 1.3343816669657826
  landing: 0.02034755703061819
  view-data: 0.11464085336774588
