times:
  edit-metadata: 1.302695244550705
  landing: 0.023645617999136448
  view-data: 0.11831392627209425
