times:
  edit-metadata: 1.3095059348270297
  landing: 0.02126569952815771
  view-data: 0.02409382164478302
