times:
  edit-metadata: 1.295720076188445
  landing: 0.01885167323052883
  view-data: 0.09882299415767193
