times:
  edit-metadata: 0.5218129111453891
  landing: 0.07416451396420598
  view-data: 0.22944802418351173
