times:
  edit-metadata: 1.2717927554622293
  landing: 0.020790967158973217
  view-data: 0.024615565314888954
