times:
  edit-metadata: 1.352932883426547
  landing: 0.02043868415057659
  view-data: 0.025618983432650566
