times:
  edit-metadata: 1.401231326162815
  landing: 0.23286018706858158
  view-data: 0.3627720382064581
