times:
  edit-metadata: 1.3869949765503407
  landing: 0.0215033870190382
  view-data: 0.02761327661573887
