times:
  edit-metadata: 1.4118971601128578
  landing: 0.020472047850489616
  view-data: 0.31702910736203194
