times:
  edit-metadata: 1.2760637616738677
  landing: 0.020930590108036995
  view-data: 0.025855149142444134
