times:
  edit-metadata: 0.5413527707569301
  landing: 0.07164530409500003
  view-data: 0.22204599902033806
