times:
  edit-metadata: 1.2611746024340391
  landing: 0.16194063145667315
  view-data: 0.42582638934254646
