times:
  edit-metadata: 1.538215328939259
  landing: 0.11566273029893637
  view-data: 0.025597307831048965
