times:
  edit-metadata: 1.2919127475470304
  landing: 0.02128695510327816
  view-data: 0.026452270336449146
