times:
  edit-metadata: 1.4136063531041145
  landing: 0.1557216551154852
  view-data: 0.026626823469996452
