times:
  edit-metadata: 1.3858509212732315
  landing: 0.18731236271560192
  view-data: 0.3327416144311428
