times:
  edit-metadata: 1.3662778055295348
  landing: 0.12290944065898657
  view-data: 0.10056273359805346
