times:
  edit-metadata: 1.3628132548183203
  landing: 0.020274709910154343
  view-data: 0.3291611969470978
