times:
  edit-metadata: 0.6010194798000157
  landing: 0.08767500519752502
  view-data: 0.21466084802523255
