times:
  edit-metadata: 1.2886161608621478
  landing: 0.022046362981200218
  view-data: 0.35290355421602726
