times:
  edit-metadata: 1.28000807762146
  landing: 0.021215996704995632
  view-data: 0.024531660601496696
