times:
  edit-metadata: 0.4859362803399563
  landing: 0.04251236468553543
  view-data: 0.19825813919305801
