times:
  edit-metadata: 1.2654606569558382
  landing: 0.120043127797544
  view-data: 0.4798272028565407
