times:
  edit-metadata: 1.7227606680244207
  landing: 0.1914193220436573
  view-data: 0.592975091189146
