times:
  edit-metadata: 0.7748354286886752
  landing: 0.07827401394024491
  view-data: 0.20590628497302532
