times:
  edit-metadata: 0.5374923627823591
  landing: 0.06577857211232185
  view-data: 0.2159571130760014
