times:
  edit-metadata: 1.78509034588933
  landing: 0.025847699493169785
  view-data: 0.10256562940776348
