times:
  edit-metadata: 0.5425156927667558
  landing: 0.0657815937884152
  view-data: 0.21972724189981818
