times:
  edit-metadata: 1.6662689298391342
  landing: 0.019063906744122505
  view-data: 0.3676557559520006
