times:
  edit-metadata: 1.3547294158488512
  landing: 0.15458963997662067
  view-data: 0.027592217549681664
