times:
  edit-metadata: 0.5555066633969545
  landing: 0.11680261604487896
  view-data: 0.21262409398332238
