times:
  edit-metadata: 1.312732407823205
  landing: 0.01901203766465187
  view-data: 0.41115148924291134
