times:
  edit-metadata: 1.2631979351863265
  landing: 0.01896771229803562
  view-data: 0.11818514298647642
