times:
  edit-metadata: 1.289921585470438
  landing: 0.09597632195800543
  view-data: 0.02724199090152979
