times:
  edit-metadata: 1.5713840834796429
  landing: 0.24358753487467766
  view-data: 0.264467841014266
