times:
  edit-metadata: 1.4117593187838793
  landing: 0.020963488146662712
  view-data: 0.10221049934625626
