times:
  edit-metadata: 1.429504339583218
  landing: 0.020724882371723652
  view-data: 0.24127911496907473
