times:
  edit-metadata: 1.3172983871772885
  landing: 0.02003562916070223
  view-data: 0.45691110845655203
