times:
  edit-metadata: 1.4279048014432192
  landing: 0.02751019224524498
  view-data: 0.02309189923107624
