times:
  edit-metadata: 1.2956511192023754
  landing: 0.021725385449826717
  view-data: 0.19944142270833254
