times:
  edit-metadata: 1.3747865529730916
  landing: 0.1849590865895152
  view-data: 0.45373561698943377
