times:
  edit-metadata: 1.326951526105404
  landing: 0.020003851503133774
  view-data: 0.03299148008227348
