times:
  edit-metadata: 1.4059810349717736
  landing: 0.23264791630208492
  view-data: 0.440637762658298
