times:
  edit-metadata: 1.3585508335381746
  landing: 0.021291164681315422
  view-data: 0.026554936543107033
