times:
  edit-metadata: 1.4850541800260544
  landing: 0.023290647193789482
  view-data: 0.3252190873026848
