times:
  edit-metadata: 1.4118003509938717
  landing: 0.021675068885087967
  view-data: 0.12627577781677246
