times:
  edit-metadata: 1.322793148458004
  landing: 0.021408583037555218
  view-data: 0.028416638262569904
