times:
  edit-metadata: 1.3369753463193774
  landing: 0.021293978206813335
  view-data: 0.02454977948218584
