times:
  edit-metadata: 1.5437008682638407
  landing: 0.1828432995826006
  view-data: 0.12934712134301662
