times:
  edit-metadata: 1.3438874911516905
  landing: 0.1270614992827177
  view-data: 0.1407355647534132
