times:
  edit-metadata: 1.3180046183988452
  landing: 0.021135971881449223
  view-data: 0.12063193041831255
