times:
  edit-metadata: 1.4100480377674103
  landing: 0.019680147990584373
  view-data: 0.027419188991189003
