times:
  edit-metadata: 1.410048047080636
  landing: 0.0217394158244133
  view-data: 0.025663577020168304
