times:
  edit-metadata: 1.2921453453600407
  landing: 0.1260538250207901
  view-data: 0.02815357595682144
