times:
  edit-metadata: 1.5570168513804674
  landing: 0.046800159849226475
  view-data: 0.023836112581193447
