times:
  edit-metadata: 0.546601926907897
  landing: 0.061115654185414314
  view-data: 0.22176855942234397
