times:
  edit-metadata: 1.339021123945713
  landing: 0.13905523903667927
  view-data: 0.049336450174450874
