times:
  edit-metadata: 0.4821380255743861
  landing: 0.04437500797212124
  view-data: 0.3326640399172902
