times:
  edit-metadata: 1.2929797805845737
  landing: 0.12968012690544128
  view-data: 0.023109285160899162
