times:
  edit-metadata: 1.2819478260353208
  landing: 0.021965435706079006
  view-data: 0.023806875571608543
