times:
  edit-metadata: 1.3034878643229604
  landing: 0.1907861176878214
  view-data: 0.12636954709887505
