times:
  edit-metadata: 1.4924002196639776
  landing: 0.18813926354050636
  view-data: 0.3752527926117182
