times:
  edit-metadata: 1.3810991235077381
  landing: 0.02093486115336418
  view-data: 0.11678130738437176
