times:
  edit-metadata: 1.549262136220932
  landing: 0.020507365465164185
  view-data: 0.023843936622142792
