times:
  edit-metadata: 1.3484572805464268
  landing: 0.02481432631611824
  view-data: 0.23815959319472313
