times:
  edit-metadata: 1.7191026899963617
  landing: 0.019947610795497894
  view-data: 0.46065207198262215
