times:
  edit-metadata: 1.353236068971455
  landing: 0.1294080838561058
  view-data: 0.026484517380595207
