times:
  edit-metadata: 1.3781573232263327
  landing: 0.20267462730407715
  view-data: 0.024143340066075325
