times:
  edit-metadata: 1.2961756959557533
  landing: 0.1252304082736373
  view-data: 0.0967828631401062
