times:
  edit-metadata: 1.4127886611968279
  landing: 0.02276013046503067
  view-data: 0.02385177370160818
