times:
  edit-metadata: 1.5813842117786407
  landing: 0.023057015612721443
  view-data: 0.29805440828204155
