times:
  edit-metadata: 1.3434766866266727
  landing: 0.12204229272902012
  view-data: 0.02298194169998169
