times:
  edit-metadata: 1.3649254962801933
  landing: 0.14281300827860832
  view-data: 0.11959447897970676
