times:
  edit-metadata: 0.5496445689350367
  landing: 0.04918370908126235
  view-data: 0.2241329518146813
