times:
  edit-metadata: 0.4782981276512146
  landing: 0.04599662497639656
  view-data: 0.21474953088909388
