times:
  edit-metadata: 0.4836365291848779
  landing: 0.046758346259593964
  view-data: 0.3333229413256049
