times:
  edit-metadata: 0.48822546750307083
  landing: 0.043363163247704506
  view-data: 0.20447175297886133
