times:
  edit-metadata: 1.310943708755076
  landing: 0.020910034887492657
  view-data: 0.02682653348892927
