times:
  edit-metadata: 2.094911868683994
  landing: 0.1822091406211257
  view-data: 0.4350578347221017
