times:
  edit-metadata: 1.7024020329117775
  landing: 0.04432212747633457
  view-data: 0.3806076794862747
