times:
  edit-metadata: 1.8024888848885894
  landing: 0.050516064278781414
  view-data: 0.02397339977324009
