times:
  edit-metadata: 1.3226497629657388
  landing: 0.02081354521214962
  view-data: 0.028886757791042328
