times:
  edit-metadata: 1.5145483687520027
  landing: 0.28242578729987144
  view-data: 0.4377307314425707
