times:
  edit-metadata: 0.481692704372108
  landing: 0.048401311971247196
  view-data: 0.33719570003449917
