times:
  edit-metadata: 1.4429381266236305
  landing: 0.14548498392105103
  view-data: 0.031691912561655045
