times:
  edit-metadata: 0.48476294334977865
  landing: 0.05805071908980608
  view-data: 0.3345970120280981
