times:
  edit-metadata: 1.3493907358497381
  landing: 0.021795716136693954
  view-data: 0.027199385687708855
