times:
  edit-metadata: 1.2965122740715742
  landing: 0.02024976909160614
  view-data: 0.027842236682772636
