times:
  edit-metadata: 1.346989681944251
  landing: 0.12869619764387608
  view-data: 0.2773285573348403
