times:
  edit-metadata: 0.5534713929519057
  landing: 0.06626604590564966
  view-data: 0.21483584586530924
