times:
  edit-metadata: 1.3209267295897007
  landing: 0.043162365444004536
  view-data: 0.29616791382431984
