times:
  edit-metadata: 1.3195526460185647
  landing: 0.02103356458246708
  view-data: 0.026107740588486195
