times:
  edit-metadata: 1.5068811997771263
  landing: 0.019395094364881516
  view-data: 0.029930351302027702
