times:
  edit-metadata: 1.318038808181882
  landing: 0.02027353271842003
  view-data: 0.026186374947428703
