times:
  edit-metadata: 0.7705087019130588
  landing: 0.04608527710661292
  view-data: 0.23280719900503755
