times:
  edit-metadata: 1.520311875268817
  landing: 0.2695839758962393
  view-data: 0.3011563941836357
