times:
  edit-metadata: 0.47795982751995325
  landing: 0.051476829685270786
  view-data: 0.20851887948811054
