times:
  edit-metadata: 0.5080845430493355
  landing: 0.04442403372377157
  view-data: 0.20508318487554789
