times:
  edit-metadata: 1.3793017584830523
  landing: 0.13478855788707733
  view-data: 0.026923857629299164
