times:
  edit-metadata: 1.3105355575680733
  landing: 0.01984081044793129
  view-data: 0.026306824758648872
