times:
  edit-metadata: 1.3681792505085468
  landing: 0.019086629152297974
  view-data: 0.1288356687873602
