times:
  edit-metadata: 1.4986131619662046
  landing: 0.19936069287359715
  view-data: 0.3678156454116106
