times:
  edit-metadata: 1.3712279722094536
  landing: 0.020945552736520767
  view-data: 0.028033562004566193
