times:
  edit-metadata: 0.7572833923622966
  landing: 0.09715203708037734
  view-data: 0.23013174021616578
