times:
  edit-metadata: 1.3410820439457893
  landing: 0.020915878005325794
  view-data: 0.12455676216632128
