times:
  edit-metadata: 0.47848869720473886
  landing: 0.0430653840303421
  view-data: 0.3159211459569633
