times:
  edit-metadata: 0.4816874680109322
  landing: 0.04266198119148612
  view-data: 0.34051324473693967
