times:
  edit-metadata: 1.3299415362998843
  landing: 0.11531396955251694
  view-data: 0.34832392632961273
