times:
  edit-metadata: 1.2896255338564515
  landing: 0.12071623746305704
  view-data: 0.025850994512438774
