times:
  edit-metadata: 0.5017988067120314
  landing: 0.05289965867996216
  view-data: 0.7135504083707929
