times:
  edit-metadata: 1.3951716367155313
  landing: 0.13286763988435268
  view-data: 0.3240738660097122
