times:
  edit-metadata: 1.3665934493765235
  landing: 0.15038854535669088
  view-data: 0.026025294326245785
