times:
  edit-metadata: 1.5301385689526796
  landing: 0.2518103998154402
  view-data: 0.3783922456204891
