times:
  edit-metadata: 0.48289813101291656
  landing: 0.04951199144124985
  view-data: 0.19692685175687075
