times:
  edit-metadata: 1.5226398035883904
  landing: 0.02702735923230648
  view-data: 0.027167802676558495
