times:
  edit-metadata: 0.4938875464722514
  landing: 0.050652876496315
  view-data: 0.19878914300352335
