times:
  edit-metadata: 1.2906719874590635
  landing: 0.02135271020233631
  view-data: 0.025842892937362194
