times:
  edit-metadata: 1.454210039228201
  landing: 0.1663592029362917
  view-data: 0.32152979262173176
