times:
  edit-metadata: 1.3717295359820127
  landing: 0.023699577897787094
  view-data: 0.027531098574399948
