times:
  edit-metadata: 1.3217553729191422
  landing: 0.023661712184548378
  view-data: 0.02685392089188099
