times:
  edit-metadata: 1.3885314036160707
  landing: 0.19042110815644264
  view-data: 0.026307225227355957
