times:
  edit-metadata: 1.34882378205657
  landing: 0.022998050786554813
  view-data: 0.026626472361385822
