times:
  edit-metadata: 1.2877665059641004
  landing: 0.021718032658100128
  view-data: 0.02533517125993967
