times:
  edit-metadata: 1.4096789173781872
  landing: 0.021233750507235527
  view-data: 0.033220985904335976
