times:
  edit-metadata: 1.3452207706868649
  landing: 0.020983122289180756
  view-data: 0.1288773976266384
