times:
  edit-metadata: 1.3183880373835564
  landing: 0.1504928544163704
  view-data: 0.024893678724765778
