times:
  edit-metadata: 1.3549353834241629
  landing: 0.1414739191532135
  view-data: 0.12653954699635506
