times:
  edit-metadata: 1.283882905729115
  landing: 0.021128449589014053
  view-data: 0.10195697657763958
