times:
  edit-metadata: 1.8900162624195218
  landing: 0.15287740621715784
  view-data: 0.053951503708958626
