times:
  edit-metadata: 1.4618497379124165
  landing: 0.21215883269906044
  view-data: 0.36992372199893
