times:
  edit-metadata: 1.3167784474790096
  landing: 0.12697715498507023
  view-data: 0.026843715459108353
