times:
  edit-metadata: 1.31196578592062
  landing: 0.09580042213201523
  view-data: 0.12074510008096695
