times:
  edit-metadata: 1.4330128449946642
  landing: 0.14438496064394712
  view-data: 0.24850733298808336
