times:
  edit-metadata: 1.725498028099537
  landing: 0.02279527857899666
  view-data: 0.1666340995579958
