times:
  edit-metadata: 1.2665522871538997
  landing: 0.018267683684825897
  view-data: 0.12859477568417788
