times:
  edit-metadata: 1.4148838557302952
  landing: 0.14505420811474323
  view-data: 0.025287307798862457
