times:
  edit-metadata: 2.101893922314048
  landing: 0.21697785146534443
  view-data: 0.49491153843700886
