times:
  edit-metadata: 1.7396034263074398
  landing: 0.02085345797240734
  view-data: 0.022654466331005096
