times:
  edit-metadata: 1.3202053336426616
  landing: 0.022608179599046707
  view-data: 0.02807942871004343
