times:
  edit-metadata: 1.2949939798563719
  landing: 0.11378620192408562
  view-data: 0.02478303387761116
