times:
  edit-metadata: 1.3183712717145681
  landing: 0.02316638734191656
  view-data: 0.027645712718367577
