times:
  edit-metadata: 1.3224133383482695
  landing: 0.02144717611372471
  view-data: 0.12949722446501255
