times:
  edit-metadata: 0.5684856553561985
  landing: 0.09304512990638614
  view-data: 0.20237774308770895
