times:
  edit-metadata: 1.477278532460332
  landing: 0.1436302363872528
  view-data: 0.02727040834724903
