times:
  edit-metadata: 1.3188103549182415
  landing: 0.020814677700400352
  view-data: 0.025791028514504433
