times:
  edit-metadata: 1.3321250909939408
  landing: 0.020869193598628044
  view-data: 0.02633463405072689
