times:
  edit-metadata: 1.304998116567731
  landing: 0.02514750510454178
  view-data: 0.46492983400821686
