times:
  edit-metadata: 0.4500237265601754
  landing: 0.04835435934364796
  view-data: 0.2310351049527526
