times:
  edit-metadata: 0.44938679272308946
  landing: 0.05097567709162831
  view-data: 0.21593104070052505
