times:
  edit-metadata: 0.44052651477977633
  landing: 0.0502625466324389
  view-data: 0.21584276389330626
