times:
  edit-metadata: 0.4579503508284688
  landing: 0.04967079311609268
  view-data: 0.22063850983977318
