times:
  edit-metadata: 0.424454209394753
  landing: 0.04685595165938139
  view-data: 0.24482436850667
