times:
  edit-metadata: 0.4149597426876426
  landing: 0.039712172001600266
  view-data: 0.32662102952599525
