times:
  edit-metadata: 0.46345804911106825
  landing: 0.04709793161600828
  view-data: 0.1975399786606431
