times:
  edit-metadata: 1.5600974280387163
  landing: 0.24284392595291138
  view-data: 0.1490784026682377
