times:
  edit-metadata: 1.6191240344196558
  landing: 0.2455817200243473
  view-data: 0.02563055045902729
