times:
  edit-metadata: 1.539991507306695
  landing: 0.33489488437771797
  view-data: 0.34356637112796307
