times:
  edit-metadata: 0.5930900629609823
  landing: 0.06966377329081297
  view-data: 0.2208769773133099
