times:
  edit-metadata: 0.5868136594071984
  landing: 0.05121529195457697
  view-data: 0.2999108051881194
