times:
  edit-metadata: 1.5751868449151516
  landing: 0.20863447152078152
  view-data: 0.023802325129508972
