times:
  edit-metadata: 1.6817453764379025
  landing: 0.34681445732712746
  view-data: 0.15704534389078617
