times:
  edit-metadata: 0.5662263198755682
  landing: 0.06406513322144747
  view-data: 0.22260273899883032
