times:
  edit-metadata: 1.6157964784651995
  landing: 0.18076382391154766
  view-data: 0.15195523016154766
