times:
  edit-metadata: 1.4080191813409328
  landing: 0.026131076738238335
  view-data: 0.2786921728402376
