times:
  edit-metadata: 0.7098654978908598
  landing: 0.06867116736248136
  view-data: 0.30351734021678567
