times:
  edit-metadata: 1.5755517166107893
  landing: 0.13162940554320812
  view-data: 0.3302300479263067
