times:
  edit-metadata: 0.7238027099519968
  landing: 0.07080282224342227
  view-data: 0.3111691582016647
