times:
  edit-metadata: 0.606639982201159
  landing: 0.08523924928158522
  view-data: 0.28154090279713273
