times:
  edit-metadata: 1.5860943589359522
  landing: 0.1445690393447876
  view-data: 0.058536799624562263
