times:
  edit-metadata: 1.5224112793803215
  landing: 0.17570637725293636
  view-data: 0.025066755712032318
