times:
  edit-metadata: 1.691982103511691
  landing: 0.21098142862319946
  view-data: 0.32459738478064537
