times:
  edit-metadata: 0.8658142038621008
  landing: 0.1650729258544743
  view-data: 0.2860869141295552
