times:
  edit-metadata: 0.5910547100938857
  landing: 0.05892019206658006
  view-data: 0.21622326457872987
