times:
  edit-metadata: 0.6820488632656634
  landing: 0.0497488072142005
  view-data: 0.2015852890908718
