times:
  edit-metadata: 1.562878580763936
  landing: 0.19013422168791294
  view-data: 0.13087236881256104
