times:
  edit-metadata: 0.6408130219206214
  landing: 0.11242280900478363
  view-data: 0.21978439902886748
