times:
  edit-metadata: 0.5952142770402133
  landing: 0.06714343093335629
  view-data: 0.2112834737636149
