times:
  edit-metadata: 1.6817785240709782
  landing: 0.021703291684389114
  view-data: 0.3028937987983227
