times:
  edit-metadata: 1.4869176764041185
  landing: 0.022196516394615173
  view-data: 0.023433616384863853
