times:
  edit-metadata: 0.6731471843086183
  landing: 0.09551584394648671
  view-data: 0.22285893792286515
