times:
  edit-metadata: 0.6973017798736691
  landing: 0.06765831680968404
  view-data: 0.21849133679643273
