times:
  edit-metadata: 0.6981288702227175
  landing: 0.07553181098774076
  view-data: 0.2038033688440919
