times:
  edit-metadata: 1.7786457743495703
  landing: 0.2301328144967556
  view-data: 0.029802823439240456
