times:
  edit-metadata: 0.6417484628036618
  landing: 0.1085560810752213
  view-data: 0.3112911549396813
