times:
  edit-metadata: 0.807407399173826
  landing: 0.07939691888168454
  view-data: 0.20842430228367448
