times:
  edit-metadata: 0.5892573026940227
  landing: 0.05301348492503166
  view-data: 0.20696995593607426
