times:
  edit-metadata: 2.131533909996506
  landing: 0.23380859500321094
  view-data: 0.14533892000326887
