times:
  edit-metadata: 0.5880648558959365
  landing: 0.06047553429380059
  view-data: 0.2321857688948512
