times:
  edit-metadata: 0.6070529050193727
  landing: 0.0380009007640183
  view-data: 0.2097704065963626
