times:
  edit-metadata: 1.8765297271311283
  landing: 0.18316196464002132
  view-data: 0.378840159624815
