times:
  edit-metadata: 0.6721428711898625
  landing: 0.046346074901521206
  view-data: 0.31695775082334876
