times:
  edit-metadata: 0.9594528484158218
  landing: 0.054041254334151745
  view-data: 0.2045770352706313
