times:
  edit-metadata: 1.4130387343466282
  landing: 0.020192012190818787
  view-data: 0.030587423592805862
