times:
  edit-metadata: 1.387253837659955
  landing: 0.025956591591238976
  view-data: 0.02597903646528721
