times:
  edit-metadata: 0.5868458701297641
  landing: 0.06894139805808663
  view-data: 0.20764876157045364
