times:
  edit-metadata: 1.6573784481734037
  landing: 0.19933380000293255
  view-data: 0.07085612043738365
