times:
  edit-metadata: 1.4337802827358246
  landing: 0.020873168483376503
  view-data: 0.02812696434557438
