times:
  edit-metadata: 0.6298957196995616
  landing: 0.0738553092814982
  view-data: 0.2948087006807327
