times:
  edit-metadata: 1.4288505744189024
  landing: 0.046395136043429375
  view-data: 0.02602825127542019
