times:
  edit-metadata: 0.6383908255957067
  landing: 0.1044342890381813
  view-data: 0.31792611302807927
