times:
  edit-metadata: 0.5992219131439924
  landing: 0.1607693680562079
  view-data: 0.2200839496217668
