times:
  edit-metadata: 0.6240556538105011
  landing: 0.054325465112924576
  view-data: 0.22726291371509433
