times:
  edit-metadata: 1.5132841803133488
  landing: 0.01793583296239376
  view-data: 0.0249602273106575
