times:
  edit-metadata: 0.6060233670286834
  landing: 0.09766391990706325
  view-data: 0.23587419325485826
