times:
  edit-metadata: 1.5645958669483662
  landing: 0.1850271001458168
  view-data: 0.15559210814535618
