times:
  edit-metadata: 0.4492831779643893
  landing: 0.05240366701036692
  view-data: 0.2055944330058992
