times:
  edit-metadata: 0.5325134070590138
  landing: 0.05384979397058487
  view-data: 0.588044601958245
