times:
  edit-metadata: 0.4553364058956504
  landing: 0.04666077811270952
  view-data: 0.20466384664177895
