times:
  edit-metadata: 0.42623792588710785
  landing: 0.04501429991796613
  view-data: 0.5859642750583589
