times:
  edit-metadata: 0.45742630399763584
  landing: 0.05300113279372454
  view-data: 0.4560352461412549
