times:
  edit-metadata: 0.45505995908752084
  landing: 0.049238956067711115
  view-data: 0.20234877383336425
