times:
  edit-metadata: 0.4594315327703953
  landing: 0.05013682506978512
  view-data: 0.33087192103266716
