times:
  edit-metadata: 0.43565164785832167
  landing: 0.043990280479192734
  view-data: 0.21714777778834105
