times:
  edit-metadata: 0.4458219716325402
  landing: 0.04583156807348132
  view-data: 0.5424433117732406
