times:
  edit-metadata: 0.4536043396219611
  landing: 0.05967342108488083
  view-data: 0.2264145128428936
