times:
  edit-metadata: 0.4435812612064183
  landing: 0.04883545311167836
  view-data: 0.7161127896979451
