times:
  edit-metadata: 0.449000402353704
  landing: 0.03969973186030984
  view-data: 0.33184156799688935
