times:
  edit-metadata: 0.5158481979742646
  landing: 0.04416906461119652
  view-data: 0.46085399761796
