times:
  edit-metadata: 0.4618057031184435
  landing: 0.039283813908696175
  view-data: 0.3403755989857018
