times:
  edit-metadata: 0.48879314959049225
  landing: 0.04896726831793785
  view-data: 0.20566519256681204
