times:
  edit-metadata: 0.4611974451690912
  landing: 0.04500823887065053
  view-data: 0.23785065906122327
