times:
  edit-metadata: 0.5598864182829857
  landing: 0.050805848091840744
  view-data: 0.23217023722827435
