times:
  edit-metadata: 0.4433563407510519
  landing: 0.04306511580944061
  view-data: 0.36404589284211397
