times:
  edit-metadata: 0.42106627579778433
  landing: 0.050097519531846046
  view-data: 0.33012086246162653
