times:
  edit-metadata: 0.4333801791071892
  landing: 0.039068592712283134
  view-data: 0.2214252855628729
