times:
  edit-metadata: 1.5728632844984531
  landing: 0.3166555166244507
  view-data: 0.15323670953512192
