times:
  edit-metadata: 0.7400139216333628
  landing: 0.06953148497268558
  view-data: 0.20684362575411797
