times:
  edit-metadata: 1.5322724934667349
  landing: 0.16196966730058193
  view-data: 0.16815585643053055
