times:
  edit-metadata: 1.3380917124450207
  landing: 0.12973574828356504
  view-data: 0.45433907955884933
