times:
  edit-metadata: 1.2937755333259702
  landing: 0.021679713390767574
  view-data: 0.120722989551723
