times:
  edit-metadata: 1.3757349802181125
  landing: 0.1381987053900957
  view-data: 0.02358237002044916
