times:
  edit-metadata: 1.5867381785064936
  landing: 0.28653555922210217
  view-data: 0.3581355195492506
