times:
  edit-metadata: 0.5297236009500921
  landing: 0.045572116039693356
  view-data: 0.2107900269329548
