times:
  edit-metadata: 0.566758971195668
  landing: 0.049506097100675106
  view-data: 0.20915660029277205
