times:
  edit-metadata: 1.6162641774863005
  landing: 0.3131303135305643
  view-data: 0.33461374044418335
