times:
  edit-metadata: 1.334529222920537
  landing: 0.019446011632680893
  view-data: 0.30090207047760487
