times:
  edit-metadata: 1.362941263243556
  landing: 0.12010647915303707
  view-data: 0.12037840485572815
