times:
  edit-metadata: 1.4352596011012793
  landing: 0.024981502443552017
  view-data: 0.35742720030248165
