times:
  edit-metadata: 1.3751162644475698
  landing: 0.018478835001587868
  view-data: 0.34055338241159916
