times:
  edit-metadata: 1.46106231585145
  landing: 0.11600678786635399
  view-data: 0.027162887156009674
