times:
  edit-metadata: 1.7430753782391548
  landing: 0.299325468018651
  view-data: 0.441029641777277
