times:
  edit-metadata: 0.8381681242026389
  landing: 0.09293892094865441
  view-data: 0.27593279210850596
