times:
  edit-metadata: 1.3754692170768976
  landing: 0.12215203233063221
  view-data: 0.025857096537947655
