times:
  edit-metadata: 1.48854348808527
  landing: 0.22702457569539547
  view-data: 0.1624836679548025
