times:
  edit-metadata: 1.4263943545520306
  landing: 0.022463660687208176
  view-data: 0.02662714011967182
