times:
  edit-metadata: 1.3674344010651112
  landing: 0.02417362853884697
  view-data: 0.024970294907689095
