times:
  edit-metadata: 0.5484645622782409
  landing: 0.07749285129830241
  view-data: 0.21823254087939858
