times:
  edit-metadata: 1.3593509532511234
  landing: 0.021366341039538383
  view-data: 0.024591220542788506
