times:
  edit-metadata: 1.392130108550191
  landing: 0.01759149692952633
  view-data: 0.023079296573996544
