times:
  edit-metadata: 0.7420258522033691
  landing: 0.0436084670946002
  view-data: 0.27491190703585744
