times:
  edit-metadata: 1.538439266383648
  landing: 0.15039172023534775
  view-data: 0.1636045891791582
