times:
  edit-metadata: 1.4191155545413494
  landing: 0.024229228496551514
  view-data: 0.15678994543850422
