times:
  edit-metadata: 1.3792571080848575
  landing: 0.2690905723720789
  view-data: 0.45431564655154943
