times:
  edit-metadata: 1.4124612528830767
  landing: 0.11825419962406158
  view-data: 0.3110840003937483
