times:
  edit-metadata: 1.5379314254969358
  landing: 0.1854939330369234
  view-data: 0.3640742264688015
