times:
  edit-metadata: 0.5316521651111543
  landing: 0.06575395027175546
  view-data: 0.20083253970369697
