times:
  edit-metadata: 1.4517667200416327
  landing: 0.17285358626395464
  view-data: 0.13682381343096495
