times:
  edit-metadata: 1.4817705415189266
  landing: 0.022556768730282784
  view-data: 0.02497183158993721
