times:
  edit-metadata: 1.407714992761612
  landing: 0.13075983710587025
  view-data: 0.3727842941880226
