times:
  edit-metadata: 1.5710960663855076
  landing: 0.022164054214954376
  view-data: 0.152697267010808
