times:
  edit-metadata: 1.5821883473545313
  landing: 0.1857852917164564
  view-data: 0.40593560226261616
