times:
  edit-metadata: 1.7180050611495972
  landing: 0.21856234408915043
  view-data: 0.4830572195351124
