times:
  edit-metadata: 1.3964428827166557
  landing: 0.1421560775488615
  view-data: 0.13049869425594807
