times:
  edit-metadata: 1.3776481039822102
  landing: 0.02005627192556858
  view-data: 0.31423627585172653
