times:
  edit-metadata: 1.3588626440614462
  landing: 0.02063075639307499
  view-data: 0.024068916216492653
