times:
  edit-metadata: 2.30060074001085
  landing: 0.34026819496648386
  view-data: 0.49055940500693396
