times:
  edit-metadata: 1.6798919960856438
  landing: 0.02198580652475357
  view-data: 0.026037780568003654
