times:
  edit-metadata: 1.5499478355050087
  landing: 0.2232814421877265
  view-data: 0.438663306646049
