times:
  edit-metadata: 0.6532427701167762
  landing: 0.059985470958054066
  view-data: 0.20360493892803788
