times:
  edit-metadata: 1.4153682049363852
  landing: 0.021278396248817444
  view-data: 0.025720493867993355
