times:
  edit-metadata: 0.553541112691164
  landing: 0.0885657649487257
  view-data: 0.2120418008416891
