times:
  edit-metadata: 1.342763738706708
  landing: 0.11376660317182541
  view-data: 0.02525966987013817
