times:
  edit-metadata: 1.5219417568296194
  landing: 0.2079596146941185
  view-data: 0.024322576820850372
