times:
  edit-metadata: 1.5916793048381805
  landing: 0.21987122297286987
  view-data: 0.3497310131788254
