times:
  edit-metadata: 0.852579983882606
  landing: 0.053051191847771406
  view-data: 0.2707338370382786
