times:
  edit-metadata: 1.354094073176384
  landing: 0.025327682495117188
  view-data: 0.028524521738290787
