times:
  edit-metadata: 0.5660384697839618
  landing: 0.054022375959903
  view-data: 0.20145191485062242
