times:
  edit-metadata: 0.8112969482317567
  landing: 0.056758347898721695
  view-data: 0.2088373266160488
