times:
  edit-metadata: 1.4104861095547676
  landing: 0.02098620869219303
  view-data: 0.026140542700886726
