times:
  edit-metadata: 1.3516585025936365
  landing: 0.21597542986273766
  view-data: 0.3140755966305733
