times:
  edit-metadata: 1.3516543172299862
  landing: 0.15151375718414783
  view-data: 0.3248808328062296
