times:
  edit-metadata: 1.4493118338286877
  landing: 0.15377190709114075
  view-data: 0.025913499295711517
