times:
  edit-metadata: 1.4743474666029215
  landing: 0.021629085764288902
  view-data: 0.4410406108945608
