times:
  edit-metadata: 1.448000431060791
  landing: 0.020153915509581566
  view-data: 0.025997484102845192
