times:
  edit-metadata: 1.463326781988144
  landing: 0.028429454192519188
  view-data: 0.1280190870165825
