times:
  edit-metadata: 1.6165016684681177
  landing: 0.02057740092277527
  view-data: 0.3527559991925955
