times:
  edit-metadata: 1.6136939320713282
  landing: 0.11234244517982006
  view-data: 0.18071307986974716
