times:
  edit-metadata: 1.5775123182684183
  landing: 0.020269865170121193
  view-data: 0.13526729680597782
