times:
  edit-metadata: 1.4112578080967069
  landing: 0.14237500168383121
  view-data: 0.26236211881041527
