times:
  edit-metadata: 1.414368361234665
  landing: 0.02230638824403286
  view-data: 0.025481091812253
