times:
  edit-metadata: 1.4269626531749964
  landing: 0.12066902220249176
  view-data: 0.34643541648983955
