times:
  edit-metadata: 1.3826769441366196
  landing: 0.01978815346956253
  view-data: 0.022458799183368683
