times:
  edit-metadata: 1.8014649841934443
  landing: 0.21587025187909603
  view-data: 0.365415595471859
