times:
  edit-metadata: 1.4117834083735943
  landing: 0.03858434408903122
  view-data: 0.024059414863586426
