times:
  edit-metadata: 1.7427266519516706
  landing: 0.027073316276073456
  view-data: 0.3380004372447729
