times:
  edit-metadata: 1.5100963432341814
  landing: 0.23077612929046154
  view-data: 0.4085134472697973
