times:
  edit-metadata: 1.5348745994269848
  landing: 0.021599242463707924
  view-data: 0.4367294926196337
