times:
  edit-metadata: 1.8104351796209812
  landing: 0.15120122767984867
  view-data: 0.03155083581805229
