times:
  edit-metadata: 1.369336343370378
  landing: 0.2052633250132203
  view-data: 0.3317633233964443
