times:
  edit-metadata: 1.5837783515453339
  landing: 0.3213267680257559
  view-data: 0.37938360311090946
