times:
  edit-metadata: 0.7245333902537823
  landing: 0.06374560575932264
  view-data: 0.2745339469984174
