times:
  edit-metadata: 0.6160517469979823
  landing: 0.0627180291339755
  view-data: 0.23280074913054705
