times:
  edit-metadata: 1.3644439056515694
  landing: 0.020153027027845383
  view-data: 0.028440777212381363
