times:
  edit-metadata: 1.4531064052134752
  landing: 0.021876264363527298
  view-data: 0.02703835628926754
