times:
  edit-metadata: 1.537797287106514
  landing: 0.027703195810317993
  view-data: 0.4833480678498745
