times:
  edit-metadata: 1.5912927519530058
  landing: 0.05177941359579563
  view-data: 0.14700414799153805
