times:
  edit-metadata: 1.5112860836088657
  landing: 0.2641775831580162
  view-data: 0.03223723731935024
