times:
  edit-metadata: 0.5952117750421166
  landing: 0.04690588312223554
  view-data: 0.22101105423644185
