times:
  edit-metadata: 1.5392615478485823
  landing: 0.12106696795672178
  view-data: 0.22933751717209816
