times:
  edit-metadata: 1.448446772992611
  landing: 0.14308299496769905
  view-data: 0.2862610947340727
