times:
  edit-metadata: 1.5766911003738642
  landing: 0.36619703099131584
  view-data: 0.4188072048127651
