times:
  edit-metadata: 1.3604056295007467
  landing: 0.021165693178772926
  view-data: 0.027997497469186783
