times:
  edit-metadata: 1.3473135195672512
  landing: 0.021256860345602036
  view-data: 0.0257553793489933
