times:
  edit-metadata: 1.4056873563677073
  landing: 0.021384906955063343
  view-data: 0.023154009133577347
