times:
  edit-metadata: 1.481244271621108
  landing: 0.16584782674908638
  view-data: 0.1265704371035099
