times:
  edit-metadata: 0.5244607990607619
  landing: 0.06866793800145388
  view-data: 0.2788081830367446
