times:
  edit-metadata: 1.5412981454283
  landing: 0.02183256484568119
  view-data: 0.023866137489676476
