times:
  edit-metadata: 1.601218342781067
  landing: 0.29753495194017887
  view-data: 0.1371517963707447
