times:
  edit-metadata: 1.4041020218282938
  landing: 0.22424844838678837
  view-data: 0.40108827501535416
