times:
  edit-metadata: 1.49252007342875
  landing: 0.02112305536866188
  view-data: 0.2616061381995678
