times:
  edit-metadata: 1.4522202294319868
  landing: 0.14946728106588125
  view-data: 0.024638261646032333
