times:
  edit-metadata: 1.4257411696016788
  landing: 0.24263380840420723
  view-data: 0.43577530048787594
