times:
  edit-metadata: 1.4081663899123669
  landing: 0.1865469440817833
  view-data: 0.26698716916143894
