times:
  edit-metadata: 0.7712799399159849
  landing: 0.056800952181220055
  view-data: 0.21582655888050795
