times:
  edit-metadata: 1.3983432510867715
  landing: 0.14150965958833694
  view-data: 0.4028377775102854
