times:
  edit-metadata: 1.386081039905548
  landing: 0.020229032263159752
  view-data: 0.11946600303053856
