times:
  edit-metadata: 1.7267084028571844
  landing: 0.021691547706723213
  view-data: 0.1618141196668148
