times:
  edit-metadata: 1.385319267399609
  landing: 0.14467805158346891
  view-data: 0.13298260513693094
