times:
  edit-metadata: 1.3417589850723743
  landing: 0.021978060714900494
  view-data: 0.46025623101741076
