times:
  edit-metadata: 1.4164556991308928
  landing: 0.02298039197921753
  view-data: 0.02391955628991127
