times:
  edit-metadata: 1.541227776557207
  landing: 0.2165736649185419
  view-data: 0.17480438761413097
