times:
  edit-metadata: 1.3280407302081585
  landing: 0.13771715946495533
  view-data: 0.025305265560746193
