times:
  edit-metadata: 1.5898759011179209
  landing: 0.15686767734587193
  view-data: 0.34861799888312817
