times:
  edit-metadata: 0.6680052652955055
  landing: 0.05307164182886481
  view-data: 0.29283049376681447
