times:
  edit-metadata: 0.5213652458041906
  landing: 0.06252438435330987
  view-data: 0.2044592290185392
