times:
  edit-metadata: 1.4472653064876795
  landing: 0.022616563364863396
  view-data: 0.12499924190342426
