times:
  edit-metadata: 1.5887929201126099
  landing: 0.16820761002600193
  view-data: 0.3166850842535496
