times:
  edit-metadata: 1.524739502929151
  landing: 0.11674065049737692
  view-data: 0.11348557658493519
