times:
  edit-metadata: 0.5782013759016991
  landing: 0.04512424394488335
  view-data: 0.20785069884732366
