times:
  edit-metadata: 1.4014043360948563
  landing: 0.11230481043457985
  view-data: 0.13610362261533737
