times:
  edit-metadata: 1.4730305839329958
  landing: 0.15105064772069454
  view-data: 0.5090124849230051
