times:
  edit-metadata: 1.4118839893490076
  landing: 0.021522091701626778
  view-data: 0.026734063401818275
