times:
  edit-metadata: 1.3615558464080095
  landing: 0.02152445912361145
  view-data: 0.02598111890256405
