times:
  edit-metadata: 0.6603141026571393
  landing: 0.06415081303566694
  view-data: 0.26619199477136135
