times:
  edit-metadata: 1.497820264659822
  landing: 0.01924840174615383
  view-data: 0.029945096001029015
