times:
  edit-metadata: 1.3412579521536827
  landing: 0.022134510800242424
  view-data: 0.026952827349305153
