times:
  edit-metadata: 1.5125274136662483
  landing: 0.20315211825072765
  view-data: 0.14267059229314327
