times:
  edit-metadata: 1.3418766148388386
  landing: 0.021426498889923096
  view-data: 0.025008395314216614
