times:
  edit-metadata: 1.3613950237631798
  landing: 0.022465361282229424
  view-data: 0.025945857167243958
