times:
  edit-metadata: 1.50753678008914
  landing: 0.022545693442225456
  view-data: 0.026142794638872147
