times:
  edit-metadata: 1.3318851049989462
  landing: 0.18379555456340313
  view-data: 0.11759230401366949
