times:
  edit-metadata: 1.34672730602324
  landing: 0.023179063573479652
  view-data: 0.028114287182688713
