times:
  edit-metadata: 1.694368889555335
  landing: 0.13768813200294971
  view-data: 0.3541816044598818
