times:
  edit-metadata: 1.3625825261697173
  landing: 0.2087879292666912
  view-data: 0.024620682932436466
