times:
  edit-metadata: 2.089787907898426
  landing: 0.1913234442472458
  view-data: 0.19975419528782368
