times:
  edit-metadata: 1.380208808928728
  landing: 0.02400939352810383
  view-data: 0.028371263295412064
