times:
  edit-metadata: 1.4721514033153653
  landing: 0.21819142438471317
  view-data: 0.22162566520273685
