times:
  edit-metadata: 1.6042122673243284
  landing: 0.21781659312546253
  view-data: 0.15669200383126736
