times:
  edit-metadata: 1.3746806308627129
  landing: 0.02222247328609228
  view-data: 0.4157086322084069
