times:
  edit-metadata: 1.9203785564750433
  landing: 0.1982210148125887
  view-data: 0.4395684786140919
