times:
  edit-metadata: 1.3590906281024218
  landing: 0.02068382315337658
  view-data: 0.4101784098893404
