times:
  edit-metadata: 1.727711420506239
  landing: 0.21795952133834362
  view-data: 0.321323761716485
