times:
  edit-metadata: 1.4356234353035688
  landing: 0.14730970840901136
  view-data: 0.21722932532429695
