times:
  edit-metadata: 0.6228931089863181
  landing: 0.15297380881384015
  view-data: 0.2162605538032949
