times:
  edit-metadata: 1.693985303863883
  landing: 0.02077367529273033
  view-data: 0.2913319244980812
