times:
  edit-metadata: 1.6860155072063208
  landing: 0.2450984288007021
  view-data: 0.0666422713547945
