times:
  edit-metadata: 1.4020847454667091
  landing: 0.021519256755709648
  view-data: 0.02537088841199875
