times:
  edit-metadata: 0.5123312380164862
  landing: 0.0810870979912579
  view-data: 0.21245015924796462
