times:
  edit-metadata: 1.375034835189581
  landing: 0.02135879173874855
  view-data: 0.09971120487898588
