times:
  edit-metadata: 1.3789870776236057
  landing: 0.024077406153082848
  view-data: 0.13269525207579136
