times:
  edit-metadata: 1.5879093520343304
  landing: 0.30428927950561047
  view-data: 0.03203986771404743
