times:
  edit-metadata: 0.5418313853442669
  landing: 0.06370986392721534
  view-data: 0.21332230977714062
