times:
  edit-metadata: 1.3977766279131174
  landing: 0.020055806264281273
  view-data: 0.023445215076208115
