times:
  edit-metadata: 0.5968262148089707
  landing: 0.0570368617773056
  view-data: 0.3206748100928962
