times:
  edit-metadata: 1.361971165984869
  landing: 0.02109764702618122
  view-data: 0.15630865097045898
