times:
  edit-metadata: 1.373662730678916
  landing: 0.13761736638844013
  view-data: 0.12543240562081337
