times:
  edit-metadata: 1.373497650027275
  landing: 0.11641658563166857
  view-data: 0.026461876928806305
