times:
  edit-metadata: 1.4840521290898323
  landing: 0.2156817838549614
  view-data: 0.4333480726927519
