times:
  edit-metadata: 1.3209952199831605
  landing: 0.021275298669934273
  view-data: 0.025477057322859764
