times:
  edit-metadata: 1.4421721585094929
  landing: 0.01969074085354805
  view-data: 0.30418243072927
