times:
  edit-metadata: 1.5758784133940935
  landing: 0.3813235182315111
  view-data: 0.05963532067835331
