times:
  edit-metadata: 1.3539752289652824
  landing: 0.020274756476283073
  view-data: 0.026876205578446388
