times:
  edit-metadata: 1.3155938442796469
  landing: 0.018630153499543667
  view-data: 0.02807420678436756
