times:
  edit-metadata: 0.7158307260833681
  landing: 0.056315962225198746
  view-data: 0.3006437998265028
