times:
  edit-metadata: 0.5734121561981738
  landing: 0.05097219906747341
  view-data: 0.20274730725213885
