times:
  edit-metadata: 1.359950240701437
  landing: 0.020915180444717407
  view-data: 0.027256138622760773
