times:
  edit-metadata: 1.3605386801064014
  landing: 0.019881103187799454
  view-data: 0.33639815263450146
