times:
  edit-metadata: 1.4252641666680574
  landing: 0.13170429039746523
  view-data: 0.27277657855302095
