times:
  edit-metadata: 1.3543659783899784
  landing: 0.1915842555463314
  view-data: 0.1303602159023285
