times:
  edit-metadata: 1.4904935024678707
  landing: 0.19428085908293724
  view-data: 0.10435712896287441
