times:
  edit-metadata: 1.465354785323143
  landing: 0.021196918562054634
  view-data: 0.02838076464831829
