times:
  edit-metadata: 1.4177864603698254
  landing: 0.026368072256445885
  view-data: 0.1412854567170143
