times:
  edit-metadata: 1.5153271351009607
  landing: 0.01851261779665947
  view-data: 0.325154609978199
