times:
  edit-metadata: 1.5109569337219
  landing: 0.020022539421916008
  view-data: 0.3252763971686363
