times:
  edit-metadata: 1.5481934808194637
  landing: 0.2536637056618929
  view-data: 0.1710212118923664
