times:
  edit-metadata: 1.4417609199881554
  landing: 0.1487720925360918
  view-data: 0.48181032203137875
