times:
  edit-metadata: 0.5021106000058353
  landing: 0.06000011973083019
  view-data: 0.21235447702929378
