times:
  edit-metadata: 0.4802230540663004
  landing: 0.06849293503910303
  view-data: 0.2163300751708448
