times:
  edit-metadata: 1.3135089557617903
  landing: 0.01893344335258007
  view-data: 0.02553629595786333
