times:
  edit-metadata: 1.4903951045125723
  landing: 0.2692944146692753
  view-data: 0.1356386411935091
