times:
  edit-metadata: 0.7768169613555074
  landing: 0.06179839698597789
  view-data: 0.2125561167486012
