times:
  edit-metadata: 1.571429967880249
  landing: 0.025996670126914978
  view-data: 0.1410109233111143
