times:
  edit-metadata: 1.4368916768580675
  landing: 0.09954670257866383
  view-data: 0.023352928459644318
