times:
  edit-metadata: 1.41179309040308
  landing: 0.18467956315726042
  view-data: 0.5224311677739024
