times:
  edit-metadata: 1.361132526770234
  landing: 0.1219968106597662
  view-data: 0.0278144720941782
