times:
  edit-metadata: 1.6874654488638043
  landing: 0.042246075347065926
  view-data: 0.02760277595371008
