times:
  edit-metadata: 1.3856522366404533
  landing: 0.021732931956648827
  view-data: 0.025325629860162735
