times:
  edit-metadata: 1.2846724344417453
  landing: 0.02281990461051464
  view-data: 0.02668488770723343
