times:
  edit-metadata: 1.37709079682827
  landing: 0.1495143650099635
  view-data: 0.13370918575674295
