times:
  edit-metadata: 1.4238707553595304
  landing: 0.021854225546121597
  view-data: 0.31097269244492054
