times:
  edit-metadata: 1.3765385039150715
  landing: 0.0195966474711895
  view-data: 0.025686416774988174
