times:
  edit-metadata: 1.4067672360688448
  landing: 0.13974201120436192
  view-data: 0.02469783090054989
