times:
  edit-metadata: 0.5211909553036094
  landing: 0.0473073641769588
  view-data: 0.20909362006932497
