times:
  edit-metadata: 1.3269041180610657
  landing: 0.0185964647680521
  view-data: 0.305255439132452
