times:
  edit-metadata: 0.5509025380015373
  landing: 0.06216520396992564
  view-data: 0.20623927796259522
