times:
  edit-metadata: 1.3147618882358074
  landing: 0.15087635442614555
  view-data: 0.025319280102849007
