times:
  edit-metadata: 1.572713926434517
  landing: 0.16124767251312733
  view-data: 0.1005989108234644
