times:
  edit-metadata: 1.3439968395978212
  landing: 0.01908763311803341
  view-data: 0.024287819862365723
