times:
  edit-metadata: 1.3861059388145804
  landing: 0.2313822926953435
  view-data: 0.4055843949317932
