times:
  edit-metadata: 1.441061144694686
  landing: 0.05538834072649479
  view-data: 0.27675548382103443
