times:
  edit-metadata: 1.5754036214202642
  landing: 0.024144740775227547
  view-data: 0.1492428481578827
