times:
  edit-metadata: 1.8692136239260435
  landing: 0.17135367169976234
  view-data: 0.17347892373800278
