times:
  edit-metadata: 1.478884618729353
  landing: 0.25398655235767365
  view-data: 0.26153290644288063
