times:
  edit-metadata: 1.3967083152383566
  landing: 0.019671587273478508
  view-data: 0.023591874167323112
