times:
  edit-metadata: 1.5486422963440418
  landing: 0.0227560643106699
  view-data: 0.1720949076116085
