times:
  edit-metadata: 1.3205419536679983
  landing: 0.01876734010875225
  view-data: 0.025680141523480415
