times:
  edit-metadata: 1.495160410180688
  landing: 0.1582064926624298
  view-data: 0.19373780116438866
