times:
  edit-metadata: 1.7044791113585234
  landing: 0.35441820323467255
  view-data: 0.026943264529109
