times:
  edit-metadata: 0.5482056732289493
  landing: 0.08593077259138227
  view-data: 0.22133787674829364
