times:
  edit-metadata: 0.4968247259967029
  landing: 0.07075490709394217
  view-data: 0.21047572372481227
