times:
  edit-metadata: 1.40321228466928
  landing: 0.02207418903708458
  view-data: 0.4295226763933897
