times:
  edit-metadata: 0.5432923859916627
  landing: 0.04817925486713648
  view-data: 0.2091504530981183
