times:
  edit-metadata: 0.5469190292060375
  landing: 0.06422347575426102
  view-data: 0.28003058722242713
