times:
  edit-metadata: 0.5210562301799655
  landing: 0.06681217392906547
  view-data: 0.22771470667794347
