times:
  edit-metadata: 0.6871752953156829
  landing: 0.06789950421079993
  view-data: 0.2871532589197159
