times:
  edit-metadata: 1.3201244780793786
  landing: 0.20106702111661434
  view-data: 0.025748657062649727
