times:
  edit-metadata: 0.6122054769657552
  landing: 0.12669790536165237
  view-data: 0.21454661898314953
