times:
  edit-metadata: 1.258368887938559
  landing: 0.02036429103463888
  view-data: 0.02436045929789543
