times:
  edit-metadata: 2.0417732056230307
  landing: 0.17746059969067574
  view-data: 0.37876112200319767
