times:
  edit-metadata: 1.387648368254304
  landing: 0.019143063575029373
  view-data: 0.02394106052815914
