times:
  edit-metadata: 1.5312903746962547
  landing: 0.01867283694446087
  view-data: 0.15896113403141499
