times:
  edit-metadata: 1.4012181218713522
  landing: 0.022884951904416084
  view-data: 0.026994287967681885
