times:
  edit-metadata: 1.724853066727519
  landing: 0.3154308404773474
  view-data: 0.4444493502378464
