times:
  edit-metadata: 1.2773745022714138
  landing: 0.0198568282648921
  view-data: 0.026592694222927094
