times:
  edit-metadata: 0.6311660627834499
  landing: 0.14308812003582716
  view-data: 0.24422550620511174
