times:
  edit-metadata: 1.3728451933711767
  landing: 0.02315707691013813
  view-data: 0.2517370879650116
