times:
  edit-metadata: 1.6400027871131897
  landing: 0.4257885627448559
  view-data: 0.3656935263425112
