times:
  edit-metadata: 1.6348772635683417
  landing: 0.3101365529000759
  view-data: 0.02672683261334896
