times:
  edit-metadata: 1.363516865298152
  landing: 0.020175687968730927
  view-data: 0.05607295595109463
