times:
  edit-metadata: 1.3359561152756214
  landing: 0.02015698328614235
  view-data: 0.31378709711134434
