times:
  edit-metadata: 0.5071192891336977
  landing: 0.09823717782273889
  view-data: 0.20419726567342877
