times:
  edit-metadata: 2.6634208001196384
  landing: 0.2129670586436987
  view-data: 0.48815386183559895
