times:
  edit-metadata: 1.3245610147714615
  landing: 0.02273324877023697
  view-data: 0.33755909092724323
