times:
  edit-metadata: 1.3906215596944094
  landing: 0.01985277235507965
  view-data: 0.28269948810338974
