times:
  edit-metadata: 1.3307643067091703
  landing: 0.020995911210775375
  view-data: 0.0227906983345747
