times:
  edit-metadata: 1.3274550465866923
  landing: 0.020426874049007893
  view-data: 0.02678077109158039
