times:
  edit-metadata: 1.4251313842833042
  landing: 0.2440645331516862
  view-data: 0.44382339995354414
