times:
  edit-metadata: 1.4484203793108463
  landing: 0.11767072044312954
  view-data: 0.0530262291431427
