times:
  edit-metadata: 0.5034695267677307
  landing: 0.07073070295155048
  view-data: 0.23256993992254138
