times:
  edit-metadata: 1.3988103102892637
  landing: 0.2574274968355894
  view-data: 0.3140554204583168
