times:
  edit-metadata: 1.7244709692895412
  landing: 0.024929188191890717
  view-data: 0.15296388790011406
