times:
  edit-metadata: 1.2922952249646187
  landing: 0.021051505580544472
  view-data: 0.02526930719614029
