times:
  edit-metadata: 0.7160132117569447
  landing: 0.06923842895776033
  view-data: 0.21458227699622512
