times:
  edit-metadata: 1.651913272216916
  landing: 0.16986591182649136
  view-data: 0.34961690567433834
