times:
  edit-metadata: 1.4998268149793148
  landing: 0.022176383063197136
  view-data: 0.20252504758536816
