times:
  edit-metadata: 0.6847044629976153
  landing: 0.12117254687473178
  view-data: 0.22626551100984216
