times:
  edit-metadata: 1.376230513677001
  landing: 0.02172168157994747
  view-data: 0.43166646733880043
