times:
  edit-metadata: 1.4607487171888351
  landing: 0.01843179389834404
  view-data: 0.459614846855402
