times:
  edit-metadata: 1.292288476601243
  landing: 0.020031778141856194
  view-data: 0.2790268734097481
