times:
  edit-metadata: 1.2803501887246966
  landing: 0.16255960427224636
  view-data: 0.2914674300700426
