times:
  edit-metadata: 1.289052091538906
  landing: 0.1164408028125763
  view-data: 0.024841131642460823
