times:
  edit-metadata: 1.2571986420080066
  landing: 0.022877158597111702
  view-data: 0.20101694110780954
