times:
  edit-metadata: 1.3804618027061224
  landing: 0.021419966593384743
  view-data: 0.31693900376558304
