times:
  edit-metadata: 1.2855775160714984
  landing: 0.01900605857372284
  view-data: 0.12333788257092237
