times:
  edit-metadata: 1.506880035623908
  landing: 0.021402603015303612
  view-data: 0.13205958157777786
