times:
  edit-metadata: 1.6340458169579506
  landing: 0.23187544383108616
  view-data: 0.4305160120129585
