times:
  edit-metadata: 1.354878162033856
  landing: 0.11560245603322983
  view-data: 0.023232252337038517
