times:
  edit-metadata: 0.7014192617498338
  landing: 0.04743428202345967
  view-data: 0.28579963371157646
