times:
  edit-metadata: 1.3655064888298512
  landing: 0.02452840283513069
  view-data: 0.02624572068452835
