times:
  edit-metadata: 1.3329502046108246
  landing: 0.01851901225745678
  view-data: 0.02302282117307186
