times:
  edit-metadata: 1.6305414326488972
  landing: 0.2729734629392624
  view-data: 0.3971813693642616
