times:
  edit-metadata: 1.543327435851097
  landing: 0.025471000000834465
  view-data: 0.3629290573298931
