times:
  edit-metadata: 1.9820433352142572
  landing: 0.01986805722117424
  view-data: 0.03659803047776222
