times:
  edit-metadata: 1.3412721119821072
  landing: 0.021389367058873177
  view-data: 0.023154020309448242
