times:
  edit-metadata: 1.4873143900185823
  landing: 0.16585823241621256
  view-data: 0.14010666217654943
