times:
  edit-metadata: 1.340793576091528
  landing: 0.020957522094249725
  view-data: 0.027527514845132828
