times:
  edit-metadata: 0.48398171039298177
  landing: 0.06772327423095703
  view-data: 0.2069803518243134
