times:
  edit-metadata: 0.6373974587768316
  landing: 0.12475318368524313
  view-data: 0.28736844612285495
