times:
  edit-metadata: 1.4361999202519655
  landing: 0.17300285398960114
  view-data: 0.3221472520381212
