times:
  edit-metadata: 1.3924865536391735
  landing: 0.018639542162418365
  view-data: 0.02375304512679577
