times:
  edit-metadata: 1.3448125906288624
  landing: 0.11539876274764538
  view-data: 0.02745187282562256
