times:
  edit-metadata: 1.4331884942948818
  landing: 0.021072866395115852
  view-data: 0.33444471284747124
