times:
  edit-metadata: 1.3682070672512054
  landing: 0.01878519169986248
  view-data: 0.02433324046432972
