times:
  edit-metadata: 1.9950792025774717
  landing: 0.26061895303428173
  view-data: 0.4076063111424446
