times:
  edit-metadata: 1.5127702485769987
  landing: 0.02058904804289341
  view-data: 0.14547167532145977
