times:
  edit-metadata: 1.349946841597557
  landing: 0.01966862380504608
  view-data: 0.022730087861418724
