times:
  edit-metadata: 1.487109860405326
  landing: 0.12372981384396553
  view-data: 0.3539939150214195
