times:
  edit-metadata: 1.351612526923418
  landing: 0.01901308260858059
  view-data: 0.025371281430125237
