times:
  edit-metadata: 1.3130107503384352
  landing: 0.048729317262768745
  view-data: 0.1278983522206545
