times:
  edit-metadata: 1.3460773965343833
  landing: 0.17803922574967146
  view-data: 0.4990239189937711
