times:
  edit-metadata: 1.4828706439584494
  landing: 0.18083385936915874
  view-data: 0.02603611908853054
