times:
  edit-metadata: 1.5321299377828836
  landing: 0.40750307962298393
  view-data: 0.025273628532886505
