times:
  edit-metadata: 1.2932028770446777
  landing: 0.021498514339327812
  view-data: 0.02624829113483429
