times:
  edit-metadata: 1.4787411112338305
  landing: 0.19695833697915077
  view-data: 0.4635934941470623
