times:
  edit-metadata: 1.337843014858663
  landing: 0.14973583444952965
  view-data: 0.4938169354572892
