times:
  edit-metadata: 1.4243361903354526
  landing: 0.16576922219246626
  view-data: 0.1164640299975872
