times:
  edit-metadata: 1.3199966605752707
  landing: 0.022964894771575928
  view-data: 0.10345110110938549
