times:
  edit-metadata: 0.8250281517393887
  landing: 0.06275120098143816
  view-data: 0.20103984791785479
