times:
  edit-metadata: 1.8597693145275116
  landing: 0.1572371181100607
  view-data: 0.06622734107077122
