times:
  edit-metadata: 1.4523469116538763
  landing: 0.2883889824151993
  view-data: 0.12712949514389038
