times:
  edit-metadata: 1.3381971456110477
  landing: 0.020240871235728264
  view-data: 0.023568512871861458
