times:
  edit-metadata: 1.294105565175414
  landing: 0.02331734634935856
  view-data: 0.39540961291640997
