times:
  edit-metadata: 1.347321456298232
  landing: 0.02426779828965664
  view-data: 0.22935118153691292
