times:
  edit-metadata: 1.3234007358551025
  landing: 0.018669459968805313
  view-data: 0.12191246449947357
