times:
  edit-metadata: 1.303574312478304
  landing: 0.04699009098112583
  view-data: 0.15953175351023674
