times:
  edit-metadata: 1.8998577520251274
  landing: 0.02051568031311035
  view-data: 0.371104234829545
