times:
  edit-metadata: 1.370676975697279
  landing: 0.022598056122660637
  view-data: 0.14045511931180954
