times:
  edit-metadata: 0.5068739568814635
  landing: 0.17183835292235017
  view-data: 0.28278942918404937
