times:
  edit-metadata: 1.5460949763655663
  landing: 0.2670763321220875
  view-data: 0.20942972786724567
