times:
  edit-metadata: 1.339195555076003
  landing: 0.2625386342406273
  view-data: 0.025327397510409355
