times:
  edit-metadata: 1.3838468194007874
  landing: 0.24631190113723278
  view-data: 0.14462151378393173
