times:
  edit-metadata: 1.3438053596764803
  landing: 0.02197149582207203
  view-data: 0.02674385905265808
