times:
  edit-metadata: 1.312282733619213
  landing: 0.020795967429876328
  view-data: 0.029621699824929237
