times:
  edit-metadata: 1.5783198894932866
  landing: 0.22288099490106106
  view-data: 0.47910851147025824
