times:
  edit-metadata: 1.5091284457594156
  landing: 0.20589253306388855
  view-data: 0.1419344525784254
