times:
  edit-metadata: 1.3488000631332397
  landing: 0.14109049923717976
  view-data: 0.12640370428562164
