times:
  edit-metadata: 1.3047433607280254
  landing: 0.1487195584923029
  view-data: 0.02322162315249443
