times:
  edit-metadata: 1.2790424097329378
  landing: 0.12013631127774715
  view-data: 0.027387553825974464
