times:
  edit-metadata: 1.4087720159441233
  landing: 0.13273275084793568
  view-data: 0.3187527097761631
