times:
  edit-metadata: 2.08561734855175
  landing: 0.3235372696071863
  view-data: 0.3222072906792164
