times:
  edit-metadata: 1.522500367835164
  landing: 0.14145780354738235
  view-data: 0.13011407665908337
