times:
  edit-metadata: 1.4686533063650131
  landing: 0.2358554918318987
  view-data: 0.02718663588166237
