times:
  edit-metadata: 2.328531990002375
  landing: 0.3398559950001072
  view-data: 0.6362138900149148
