times:
  edit-metadata: 0.5094167273491621
  landing: 0.1358987670391798
  view-data: 0.21330290520563722
