times:
  edit-metadata: 1.6775018479675055
  landing: 0.16478796675801277
  view-data: 0.3635193910449743
