times:
  edit-metadata: 1.393272502347827
  landing: 0.021898465231060982
  view-data: 0.027141690254211426
