times:
  edit-metadata: 1.337253911420703
  landing: 0.024391235783696175
  view-data: 0.3535702768713236
