times:
  edit-metadata: 1.491169735789299
  landing: 0.16915187798440456
  view-data: 0.1858565527945757
