times:
  edit-metadata: 1.448222791776061
  landing: 0.12429824098944664
  view-data: 0.1240879762917757
