times:
  edit-metadata: 1.4097416438162327
  landing: 0.14774620532989502
  view-data: 0.3245206046849489
