times:
  edit-metadata: 1.311997089534998
  landing: 0.020641235634684563
  view-data: 0.11963839642703533
