times:
  edit-metadata: 1.3288766853511333
  landing: 0.11707603931427002
  view-data: 0.023391230031847954
