times:
  edit-metadata: 1.3620097059756517
  landing: 0.020428383722901344
  view-data: 0.02601134590804577
