times:
  edit-metadata: 1.3293231539428234
  landing: 0.13284615706652403
  view-data: 0.1185076180845499
