times:
  edit-metadata: 1.4278892241418362
  landing: 0.1879322249442339
  view-data: 0.3642256949096918
