times:
  edit-metadata: 1.4451394602656364
  landing: 0.16175571642816067
  view-data: 0.43644561432302
