times:
  edit-metadata: 0.6095170811749995
  landing: 0.0805679983459413
  view-data: 0.3297808771021664
