times:
  edit-metadata: 1.3412621449679136
  landing: 0.01959013193845749
  view-data: 0.2595139089971781
