times:
  edit-metadata: 1.6679157800972462
  landing: 0.17336948774755
  view-data: 0.2934261281043291
