times:
  edit-metadata: 1.3720547184348106
  landing: 0.10862237587571144
  view-data: 0.025300830602645874
