times:
  edit-metadata: 1.3779860846698284
  landing: 0.020547503605484962
  view-data: 0.027723053470253944
