times:
  edit-metadata: 1.3829257152974606
  landing: 0.1380809247493744
  view-data: 0.02367600053548813
