times:
  edit-metadata: 1.504880789667368
  landing: 0.027909746393561363
  view-data: 0.17969375476241112
