times:
  edit-metadata: 0.5188167318701744
  landing: 0.05858742818236351
  view-data: 0.2985898810438812
