times:
  edit-metadata: 1.39708286896348
  landing: 0.022102979943156242
  view-data: 0.026475802063941956
