times:
  edit-metadata: 1.3102413062006235
  landing: 0.022423602640628815
  view-data: 0.2867207322269678
