times:
  edit-metadata: 1.3326710760593414
  landing: 0.019294675439596176
  view-data: 0.2937498167157173
