times:
  edit-metadata: 1.5296862199902534
  landing: 0.2868414390832186
  view-data: 0.14585399068892002
