times:
  edit-metadata: 0.5315601136535406
  landing: 0.05980853922665119
  view-data: 0.20685928454622626
