times:
  edit-metadata: 0.6083856890909374
  landing: 0.052613474894315004
  view-data: 0.28667457681149244
