times:
  edit-metadata: 1.2762369932606816
  landing: 0.021543226204812527
  view-data: 0.12152642197906971
