times:
  edit-metadata: 1.381197016686201
  landing: 0.13418473303318024
  view-data: 0.02393164671957493
