times:
  edit-metadata: 1.8042039889842272
  landing: 0.3300101514905691
  view-data: 0.4081171490252018
