times:
  edit-metadata: 1.4441106896847486
  landing: 0.024786513298749924
  view-data: 0.13627096824347973
