times:
  edit-metadata: 1.465504251420498
  landing: 0.018993226811289787
  view-data: 0.0269102044403553
