times:
  edit-metadata: 1.4227494075894356
  landing: 0.11923674680292606
  view-data: 0.3109276257455349
