times:
  edit-metadata: 0.5910646999254823
  landing: 0.06347649358212948
  view-data: 0.2345635942183435
