times:
  edit-metadata: 1.4936768151819706
  landing: 0.14938602689653635
  view-data: 0.5072471871972084
