times:
  edit-metadata: 1.614600233733654
  landing: 0.1656538788229227
  view-data: 0.024380236864089966
