times:
  edit-metadata: 1.59450445137918
  landing: 0.25247880443930626
  view-data: 0.17559493333101273
