times:
  edit-metadata: 0.8884105961769819
  landing: 0.13635542802512646
  view-data: 0.2823118777014315
