times:
  edit-metadata: 1.5569553598761559
  landing: 0.20431967824697495
  view-data: 0.1378168687224388
