times:
  edit-metadata: 1.4620519075542688
  landing: 0.020448356866836548
  view-data: 0.023040611296892166
