times:
  edit-metadata: 1.7840845342725515
  landing: 0.17373074032366276
  view-data: 0.15977618098258972
