times:
  edit-metadata: 0.6744048707187176
  landing: 0.059011722914874554
  view-data: 0.21631507202982903
