times:
  edit-metadata: 1.4197276514023542
  landing: 0.01859443634748459
  view-data: 0.35543794743716717
