times:
  edit-metadata: 1.5366548150777817
  landing: 0.2547598648816347
  view-data: 0.23742005787789822
