times:
  edit-metadata: 1.4862284613773227
  landing: 0.020772975869476795
  view-data: 0.4296964770182967
