times:
  edit-metadata: 2.2520231679081917
  landing: 0.2840625233948231
  view-data: 0.02876478061079979
