times:
  edit-metadata: 1.596940839663148
  landing: 0.2262643314898014
  view-data: 0.27849538810551167
