times:
  edit-metadata: 1.6367370281368494
  landing: 0.2860681563615799
  view-data: 0.19031746126711369
