times:
  edit-metadata: 1.5565323010087013
  landing: 0.021168522536754608
  view-data: 0.12294472940266132
