times:
  edit-metadata: 0.6224759654141963
  landing: 0.06059185368940234
  view-data: 0.2079310161061585
