times:
  edit-metadata: 1.4039856102317572
  landing: 0.20596124324947596
  view-data: 0.026117391884326935
