times:
  edit-metadata: 1.5667185746133327
  landing: 0.02047303132712841
  view-data: 0.37139952555298805
