times:
  edit-metadata: 1.4465967919677496
  landing: 0.15326576121151447
  view-data: 0.332493195310235
