times:
  edit-metadata: 0.6047479971311986
  landing: 0.07182766497135162
  view-data: 0.22976881405338645
