times:
  edit-metadata: 1.474329436197877
  landing: 0.01994754560291767
  view-data: 0.29750178568065166
