times:
  edit-metadata: 0.6316636032424867
  landing: 0.06353280786424875
  view-data: 0.2858793390914798
