times:
  edit-metadata: 0.8968391311354935
  landing: 0.056088345125317574
  view-data: 0.21144194155931473
