times:
  edit-metadata: 1.501293282955885
  landing: 0.19985268078744411
  view-data: 0.31158769130706787
