times:
  edit-metadata: 1.5553814433515072
  landing: 0.2102836463600397
  view-data: 0.12400123290717602
