times:
  edit-metadata: 0.7622767761349678
  landing: 0.12450008792802691
  view-data: 0.2125199749134481
