times:
  edit-metadata: 1.449407683685422
  landing: 0.021895578131079674
  view-data: 0.025439152494072914
