times:
  edit-metadata: 0.8488194323144853
  landing: 0.12639879807829857
  view-data: 0.2752538030035794
