times:
  edit-metadata: 1.4744352865964174
  landing: 0.0219966359436512
  view-data: 0.02578154020011425
