times:
  edit-metadata: 1.4416329246014357
  landing: 0.18594830110669136
  view-data: 0.046659186482429504
