times:
  edit-metadata: 1.48298279941082
  landing: 0.14020530320703983
  view-data: 0.27764214761555195
