times:
  edit-metadata: 2.028524873778224
  landing: 0.5809250846505165
  view-data: 0.21413015946745872
