times:
  edit-metadata: 0.5825343178585172
  landing: 0.05952721182256937
  view-data: 0.2270472520031035
