times:
  edit-metadata: 1.403714799322188
  landing: 0.019416618160903454
  view-data: 0.4089882392436266
