times:
  edit-metadata: 1.4273046795278788
  landing: 0.020627079531550407
  view-data: 0.023159276694059372
