times:
  edit-metadata: 1.4517787052318454
  landing: 0.11918633431196213
  view-data: 0.025357814505696297
