times:
  edit-metadata: 1.613056469708681
  landing: 0.30596105568110943
  view-data: 0.3629019483923912
