times:
  edit-metadata: 0.6350555033423007
  landing: 0.05704070581123233
  view-data: 0.21744799613952637
