times:
  edit-metadata: 2.1934265345335007
  landing: 0.15467212721705437
  view-data: 0.4508858993649483
