times:
  edit-metadata: 1.9278665576130152
  landing: 0.1513311006128788
  view-data: 0.37771351635456085
