times:
  edit-metadata: 1.4327703081071377
  landing: 0.22528707794845104
  view-data: 0.023480918258428574
