times:
  edit-metadata: 1.4374110586941242
  landing: 0.019792551174759865
  view-data: 0.024400046095252037
