times:
  edit-metadata: 1.416662024334073
  landing: 0.019455548375844955
  view-data: 0.025214463472366333
