times:
  edit-metadata: 1.4070847649127245
  landing: 0.2285904623568058
  view-data: 0.13746562041342258
