times:
  edit-metadata: 1.3976457472890615
  landing: 0.01818159595131874
  view-data: 0.3281891979277134
