times:
  edit-metadata: 1.4757777601480484
  landing: 0.2538528088480234
  view-data: 0.3401372451335192
