times:
  edit-metadata: 1.4950584787875414
  landing: 0.2805868573486805
  view-data: 0.5098533425480127
