times:
  edit-metadata: 1.4660838842391968
  landing: 0.18250910565257072
  view-data: 0.02744888700544834
