times:
  edit-metadata: 1.6749140210449696
  landing: 0.24618796817958355
  view-data: 0.5553944762796164
