times:
  edit-metadata: 1.6611339002847672
  landing: 0.02126728557050228
  view-data: 0.4454944524914026
