times:
  edit-metadata: 1.367321646772325
  landing: 0.12255321443080902
  view-data: 0.14219942595809698
