times:
  edit-metadata: 1.6509696580469608
  landing: 0.14505951292812824
  view-data: 0.14180194586515427
