times:
  edit-metadata: 1.3947500567883253
  landing: 0.01937337964773178
  view-data: 0.02407889813184738
