times:
  edit-metadata: 1.4683790057897568
  landing: 0.022204607725143433
  view-data: 0.2494083307683468
