times:
  edit-metadata: 1.510032088495791
  landing: 0.16462208610028028
  view-data: 0.3009805679321289
