times:
  edit-metadata: 1.525006240233779
  landing: 0.09079288691282272
  view-data: 0.4035875201225281
