times:
  edit-metadata: 1.4885962354019284
  landing: 0.11309958156198263
  view-data: 0.40713978558778763
