times:
  edit-metadata: 1.5615287646651268
  landing: 0.19878925383090973
  view-data: 0.02599249966442585
