times:
  edit-metadata: 1.5332679254934192
  landing: 0.22794616222381592
  view-data: 0.41010868456214666
