times:
  edit-metadata: 1.5218858923763037
  landing: 0.2410192470997572
  view-data: 0.2659082328900695
