times:
  edit-metadata: 1.4673298709094524
  landing: 0.02011903189122677
  view-data: 0.1223775390535593
