times:
  edit-metadata: 1.7195053976029158
  landing: 0.02159949578344822
  view-data: 0.024329954758286476
