times:
  edit-metadata: 1.3938869461417198
  landing: 0.01801041141152382
  view-data: 0.02561896201223135
