times:
  edit-metadata: 1.565485006198287
  landing: 0.26252478174865246
  view-data: 0.02731984853744507
