times:
  edit-metadata: 1.4740011543035507
  landing: 0.14900853484869003
  view-data: 0.02535347081720829
