times:
  edit-metadata: 3.0597153869457543
  landing: 0.5850560130202211
  view-data: 0.273372090945486
