times:
  edit-metadata: 1.3999835513532162
  landing: 0.021817498840391636
  view-data: 0.4500487558543682
