times:
  edit-metadata: 1.422100979834795
  landing: 0.019329039379954338
  view-data: 0.024797672405838966
