times:
  edit-metadata: 0.8188764816150069
  landing: 0.12042839825153351
  view-data: 0.29588424088433385
