times:
  edit-metadata: 1.9759470969438553
  landing: 0.40759762190282345
  view-data: 0.03639300353825092
