times:
  edit-metadata: 0.6146173621527851
  landing: 0.058594655245542526
  view-data: 0.2409967239946127
