times:
  edit-metadata: 1.479963866993785
  landing: 0.13779141753911972
  view-data: 0.32599085196852684
