times:
  edit-metadata: 0.6125860554166138
  landing: 0.0564279961399734
  view-data: 0.26774301193654537
