times:
  edit-metadata: 1.4542191661894321
  landing: 0.020553341135382652
  view-data: 0.022502459585666656
