times:
  edit-metadata: 0.6627818392589688
  landing: 0.07418414391577244
  view-data: 0.31086469907313585
