times:
  edit-metadata: 1.5909269712865353
  landing: 0.2746452409774065
  view-data: 0.2587192915380001
