times:
  edit-metadata: 1.4856857527047396
  landing: 0.02035653032362461
  view-data: 0.027893289923667908
