times:
  edit-metadata: 1.5478182584047318
  landing: 0.02377179265022278
  view-data: 0.023193754255771637
