times:
  edit-metadata: 0.6023164940997958
  landing: 0.16165993735194206
  view-data: 0.3169823200441897
