times:
  edit-metadata: 0.5893597109243274
  landing: 0.14263057196512818
  view-data: 0.30378538789227605
