times:
  edit-metadata: 1.4364214092493057
  landing: 0.02010023221373558
  view-data: 0.10118912905454636
