times:
  edit-metadata: 1.4360973127186298
  landing: 0.12536700442433357
  view-data: 0.024626033380627632
