times:
  edit-metadata: 0.571883792988956
  landing: 0.06049685925245285
  view-data: 0.20989350602030754
