times:
  edit-metadata: 1.5213622208684683
  landing: 0.2091888841241598
  view-data: 0.42792597971856594
