times:
  edit-metadata: 1.5620196387171745
  landing: 0.10038331337273121
  view-data: 0.14823823049664497
