times:
  edit-metadata: 1.4236956499516964
  landing: 0.02135857567191124
  view-data: 0.31210716627538204
