times:
  edit-metadata: 1.429689984768629
  landing: 0.019979652017354965
  view-data: 0.29803025908768177
