times:
  edit-metadata: 1.5521716214716434
  landing: 0.02132852002978325
  view-data: 0.35304843448102474
