times:
  edit-metadata: 1.4735902734100819
  landing: 0.02215810865163803
  view-data: 0.027017323300242424
