times:
  edit-metadata: 1.479186413809657
  landing: 0.02223343588411808
  view-data: 0.37528279423713684
