times:
  edit-metadata: 2.1284577026963234
  landing: 0.026477884501218796
  view-data: 0.3847245629876852
