times:
  edit-metadata: 1.4876633528620005
  landing: 0.1957637369632721
  view-data: 0.263218623585999
