times:
  edit-metadata: 2.0359848719090223
  landing: 0.02358189783990383
  view-data: 0.3686721045523882
