times:
  edit-metadata: 1.8496090676635504
  landing: 0.29770893417298794
  view-data: 0.5076231881976128
