times:
  edit-metadata: 1.534321991726756
  landing: 0.14216960780322552
  view-data: 0.12112092599272728
