times:
  edit-metadata: 1.6337528228759766
  landing: 0.12173041701316833
  view-data: 0.024766964837908745
