times:
  edit-metadata: 1.4016016852110624
  landing: 0.022942958399653435
  view-data: 0.02647780254483223
