times:
  edit-metadata: 1.8528612926602364
  landing: 0.1300480868667364
  view-data: 0.442756075412035
