times:
  edit-metadata: 1.6027668602764606
  landing: 0.2734227515757084
  view-data: 0.027475884184241295
