times:
  edit-metadata: 1.5750281661748886
  landing: 0.021717600524425507
  view-data: 0.026918454095721245
