times:
  edit-metadata: 1.4517561458051205
  landing: 0.021458682604134083
  view-data: 0.22504791803658009
