times:
  edit-metadata: 1.5862788688391447
  landing: 0.15596619434654713
  view-data: 0.2747907377779484
