times:
  edit-metadata: 1.4189437627792358
  landing: 0.019906893372535706
  view-data: 0.28527905605733395
