times:
  edit-metadata: 1.5177959483116865
  landing: 0.14022046513855457
  view-data: 0.023535966873168945
