times:
  edit-metadata: 1.6038233879953623
  landing: 0.019005997106432915
  view-data: 0.19896751455962658
