times:
  edit-metadata: 0.894379357341677
  landing: 0.05973754497244954
  view-data: 0.21743573574349284
