times:
  edit-metadata: 1.6735899094492197
  landing: 0.1730542592704296
  view-data: 0.02685442380607128
