times:
  edit-metadata: 0.7680472140200436
  landing: 0.08953659888356924
  view-data: 0.20747371530160308
