times:
  edit-metadata: 1.5298186466097832
  landing: 0.017939832992851734
  view-data: 0.026593556627631187
