times:
  edit-metadata: 1.5463898815214634
  landing: 0.2164825089275837
  view-data: 0.38316539488732815
