times:
  edit-metadata: 1.450714210048318
  landing: 0.021332263946533203
  view-data: 0.02669346146285534
