times:
  edit-metadata: 1.5201026014983654
  landing: 0.0999126099050045
  view-data: 0.37999994680285454
