times:
  edit-metadata: 1.4552689529955387
  landing: 0.021155372262001038
  view-data: 0.2903431858867407
