times:
  edit-metadata: 1.4447070322930813
  landing: 0.1315610036253929
  view-data: 0.12340410612523556
