times:
  edit-metadata: 1.5266200434416533
  landing: 0.1473300587385893
  view-data: 0.027684710919857025
