times:
  edit-metadata: 1.7480876818299294
  landing: 0.15412312000989914
  view-data: 0.4588468950241804
