times:
  edit-metadata: 1.5581240318715572
  landing: 0.23781641200184822
  view-data: 0.36463639326393604
