times:
  edit-metadata: 1.4965877970680594
  landing: 0.20519088301807642
  view-data: 0.026119735091924667
