times:
  edit-metadata: 1.4959071762859821
  landing: 0.108740309253335
  view-data: 0.024098476395010948
