times:
  edit-metadata: 0.653516958002001
  landing: 0.06288138497620821
  view-data: 0.2851704186759889
