times:
  edit-metadata: 1.4920373763889074
  landing: 0.020269595086574554
  view-data: 0.14778260700404644
