times:
  edit-metadata: 1.5571965500712395
  landing: 0.021480796858668327
  view-data: 0.2811358980834484
