times:
  edit-metadata: 0.6962411282584071
  landing: 0.1148737040348351
  view-data: 0.21037247404456139
