times:
  edit-metadata: 1.405845182016492
  landing: 0.09622256457805634
  view-data: 0.02512544859200716
