times:
  edit-metadata: 1.8433231133967638
  landing: 0.12912808917462826
  view-data: 0.032401032745838165
