times:
  edit-metadata: 1.6264318022876978
  landing: 0.18049430660903454
  view-data: 0.02302708476781845
