times:
  edit-metadata: 1.7683158721774817
  landing: 0.1575564444065094
  view-data: 0.40209181793034077
