times:
  edit-metadata: 1.6773687694221735
  landing: 0.3122680652886629
  view-data: 0.3249856885522604
