times:
  edit-metadata: 1.4984776601195335
  landing: 0.02150435373187065
  view-data: 0.02952391654253006
