times:
  edit-metadata: 1.4736405536532402
  landing: 0.020871276035904884
  view-data: 0.336275827139616
