times:
  edit-metadata: 1.7217751378193498
  landing: 0.6465371754020452
  view-data: 0.3115754760801792
