times:
  edit-metadata: 1.4424785003066063
  landing: 0.02298407256603241
  view-data: 0.11980021558701992
