times:
  edit-metadata: 1.3925162237137556
  landing: 0.021029699593782425
  view-data: 0.12753004767000675
