times:
  edit-metadata: 1.748570155352354
  landing: 0.29502687975764275
  view-data: 0.1475842483341694
