times:
  edit-metadata: 1.4867254868149757
  landing: 0.17209227569401264
  view-data: 0.2279871627688408
