times:
  edit-metadata: 1.4980080146342516
  landing: 0.020688535645604134
  view-data: 0.026352329179644585
