times:
  edit-metadata: 1.5272515900433064
  landing: 0.14176864735782146
  view-data: 0.02844247594475746
