times:
  edit-metadata: 1.4557885359972715
  landing: 0.02038657572120428
  view-data: 0.02286316268146038
