times:
  edit-metadata: 1.5340541396290064
  landing: 0.21160199213773012
  view-data: 0.024070577695965767
