times:
  edit-metadata: 1.4104931764304638
  landing: 0.12895623221993446
  view-data: 0.025746367871761322
