times:
  edit-metadata: 0.9232536102645099
  landing: 0.0857553300447762
  view-data: 0.21257634367793798
