times:
  edit-metadata: 1.7441806942224503
  landing: 0.24932237714529037
  view-data: 0.4969064015895128
