times:
  edit-metadata: 1.499628383666277
  landing: 0.021814316511154175
  view-data: 0.13920559361577034
