times:
  edit-metadata: 2.0410052556544542
  landing: 0.15521455369889736
  view-data: 0.026217171922326088
