times:
  edit-metadata: 1.6394222918897867
  landing: 0.02038445882499218
  view-data: 0.16363833099603653
