times:
  edit-metadata: 1.7643385082483292
  landing: 0.2025098167359829
  view-data: 0.026054702699184418
