times:
  edit-metadata: 1.500655397772789
  landing: 0.12523108534514904
  view-data: 0.12889322265982628
