times:
  edit-metadata: 0.6114897397346795
  landing: 0.07139289518818259
  view-data: 0.2215212439186871
