times:
  edit-metadata: 1.4450849052518606
  landing: 0.01938176341354847
  view-data: 0.15827287547290325
