times:
  edit-metadata: 1.7211083695292473
  landing: 0.16542364843189716
  view-data: 0.30545156262815
