times:
  edit-metadata: 1.4470150265842676
  landing: 0.02306845411658287
  view-data: 0.02665167860686779
