times:
  edit-metadata: 0.6878326176665723
  landing: 0.061988925095647573
  view-data: 0.23236729763448238
