times:
  edit-metadata: 1.5206027403473854
  landing: 0.0210257638245821
  view-data: 0.025328058749437332
