times:
  edit-metadata: 1.52891219034791
  landing: 0.13798441365361214
  view-data: 0.02332443743944168
