times:
  edit-metadata: 1.4869383983314037
  landing: 0.11555526219308376
  view-data: 0.38938819617033005
