times:
  edit-metadata: 1.5511557944118977
  landing: 0.018885578028857708
  view-data: 0.11960882879793644
