times:
  edit-metadata: 0.6318543092347682
  landing: 0.10992925707250834
  view-data: 0.22709387261420488
