times:
  edit-metadata: 1.5282215904444456
  landing: 0.01922256499528885
  view-data: 0.14158054627478123
