times:
  edit-metadata: 0.7896601529791951
  landing: 0.07797750132158399
  view-data: 0.2542890626937151
