times:
  edit-metadata: 1.4851348251104355
  landing: 0.022083759307861328
  view-data: 0.2969105262309313
