times:
  edit-metadata: 1.4802115596830845
  landing: 0.019513612613081932
  view-data: 0.025228895246982574
