times:
  edit-metadata: 1.4731491934508085
  landing: 0.02184508740901947
  view-data: 0.1222272627055645
