times:
  edit-metadata: 1.5340266451239586
  landing: 0.02077985368669033
  view-data: 0.025724291801452637
