times:
  edit-metadata: 1.6150870453566313
  landing: 0.02125822938978672
  view-data: 0.13602291233837605
