times:
  edit-metadata: 1.4895000327378511
  landing: 0.02087639644742012
  view-data: 0.02406570129096508
