times:
  edit-metadata: 1.3705252772197127
  landing: 0.021036976017057896
  view-data: 0.024276603013277054
