times:
  edit-metadata: 1.557751502841711
  landing: 0.16260239109396935
  view-data: 0.15896208211779594
