times:
  edit-metadata: 1.350011682137847
  landing: 0.24230837263166904
  view-data: 0.22110389545559883
