times:
  edit-metadata: 1.3083847416564822
  landing: 0.02205901127308607
  view-data: 0.12464496400207281
