times:
  edit-metadata: 1.3869786774739623
  landing: 0.019678409211337566
  view-data: 0.12468541320413351
