times:
  edit-metadata: 1.3939056256785989
  landing: 0.22794244159013033
  view-data: 0.48191951867192984
