times:
  edit-metadata: 1.4090073872357607
  landing: 0.019814033061265945
  view-data: 0.0231655053794384
