times:
  edit-metadata: 1.448562953621149
  landing: 0.019442243501544
  view-data: 0.02287076599895954
