times:
  edit-metadata: 1.3960618684068322
  landing: 0.0213024215772748
  view-data: 0.22501415573060513
