times:
  edit-metadata: 1.4441766552627087
  landing: 0.2041334854438901
  view-data: 0.12639290746301413
