times:
  edit-metadata: 1.4229814354330301
  landing: 0.01961374469101429
  view-data: 0.0290010217577219
