times:
  edit-metadata: 1.3325847554951906
  landing: 0.19197441637516022
  view-data: 0.025155792012810707
