times:
  edit-metadata: 1.6435146750882268
  landing: 0.022442791610956192
  view-data: 0.23796238377690315
