times:
  edit-metadata: 1.6394138019531965
  landing: 0.23678657598793507
  view-data: 0.12363427132368088
