times:
  edit-metadata: 1.4442412555217743
  landing: 0.020291749387979507
  view-data: 0.02564414218068123
