times:
  edit-metadata: 0.633016562089324
  landing: 0.1047402429394424
  view-data: 0.21128417318686843
