times:
  edit-metadata: 1.3642563242465258
  landing: 0.017825160175561905
  view-data: 0.025287091732025146
