times:
  edit-metadata: 1.390488131903112
  landing: 0.18495210632681847
  view-data: 0.3146901596337557
