times:
  edit-metadata: 1.436936603859067
  landing: 0.15830769576132298
  view-data: 0.12507504597306252
