times:
  edit-metadata: 1.6876565758138895
  landing: 0.15615196339786053
  view-data: 0.2940616514533758
