times:
  edit-metadata: 1.6134684085845947
  landing: 0.5102734118700027
  view-data: 0.17996122501790524
