times:
  edit-metadata: 1.3146061263978481
  landing: 0.019881239160895348
  view-data: 0.20241278689354658
