times:
  edit-metadata: 1.6033713649958372
  landing: 0.11810776218771935
  view-data: 0.364755617454648
