times:
  edit-metadata: 1.4313103705644608
  landing: 0.019827794283628464
  view-data: 0.026733923703432083
