times:
  edit-metadata: 1.3517794981598854
  landing: 0.021339873783290386
  view-data: 0.11786683928221464
