times:
  edit-metadata: 1.4508888842538
  landing: 0.24599795322865248
  view-data: 0.4257160546258092
