times:
  edit-metadata: 2.1701685301959515
  landing: 0.1797730214893818
  view-data: 0.17738274578005075
