times:
  edit-metadata: 1.4074255134910345
  landing: 0.020846204832196236
  view-data: 0.3541464600712061
