times:
  edit-metadata: 1.292693993076682
  landing: 0.19550201389938593
  view-data: 0.029254868626594543
