times:
  edit-metadata: 1.4183090850710869
  landing: 0.023086288943886757
  view-data: 0.32016093470156193
