times:
  edit-metadata: 1.419384254142642
  landing: 0.19934418983757496
  view-data: 0.1235130000859499
