times:
  edit-metadata: 1.6270972341299057
  landing: 0.22822146490216255
  view-data: 0.546245263889432
