times:
  edit-metadata: 1.3640941102057695
  landing: 0.02069966308772564
  view-data: 0.024755176156759262
