times:
  edit-metadata: 1.3908203914761543
  landing: 0.19308830238878727
  view-data: 0.024935314431786537
