times:
  edit-metadata: 1.2874800506979227
  landing: 0.020422646775841713
  view-data: 0.12791861314326525
