times:
  edit-metadata: 1.3184222765266895
  landing: 0.23237714357674122
  view-data: 0.22648957930505276
