times:
  edit-metadata: 1.300763445906341
  landing: 0.018857399933040142
  view-data: 0.10212074313312769
