times:
  edit-metadata: 0.7411907278001308
  landing: 0.06383262295275927
  view-data: 0.2762577482499182
