times:
  edit-metadata: 0.6697584982030094
  landing: 0.04978213692083955
  view-data: 0.20487749390304089
