times:
  edit-metadata: 1.3460081480443478
  landing: 0.021528251469135284
  view-data: 0.119462164118886
