times:
  edit-metadata: 1.4349427036941051
  landing: 0.2166039776057005
  view-data: 0.2509884834289551
