times:
  edit-metadata: 1.4127918286249042
  landing: 0.022496704943478107
  view-data: 0.026756562292575836
