times:
  edit-metadata: 1.3516810704022646
  landing: 0.022918496280908585
  view-data: 0.026647979393601418
