times:
  edit-metadata: 1.6253493372350931
  landing: 0.1762232519686222
  view-data: 0.15361271984875202
