times:
  edit-metadata: 1.8165394067764282
  landing: 0.13948650658130646
  view-data: 0.27590761333703995
