times:
  edit-metadata: 1.4064294956624508
  landing: 0.020346885547041893
  view-data: 0.026385778561234474
