times:
  edit-metadata: 0.5237219268456101
  landing: 0.0704302960075438
  view-data: 0.2156263911165297
