times:
  edit-metadata: 1.2849296499043703
  landing: 0.021413427777588367
  view-data: 0.028319403529167175
