times:
  edit-metadata: 1.3080216720700264
  landing: 0.02151232585310936
  view-data: 0.024915136396884918
