times:
  edit-metadata: 1.2831812212243676
  landing: 0.02305765450000763
  view-data: 0.12121806107461452
