times:
  edit-metadata: 0.623179564718157
  landing: 0.08023773692548275
  view-data: 0.29375931108370423
