times:
  edit-metadata: 1.8131319601088762
  landing: 0.40885157510638237
  view-data: 0.4502590447664261
