times:
  edit-metadata: 1.4816701915115118
  landing: 0.3089083172380924
  view-data: 0.13216247968375683
