times:
  edit-metadata: 1.624745523557067
  landing: 0.22827080637216568
  view-data: 0.17466421984136105
