times:
  edit-metadata: 1.4007742088288069
  landing: 0.3476096782833338
  view-data: 0.42582794837653637
