times:
  edit-metadata: 1.8306886535137892
  landing: 0.30320402048528194
  view-data: 0.37891554832458496
