times:
  edit-metadata: 1.4274101424962282
  landing: 0.01911461539566517
  view-data: 0.02765006199479103
