times:
  edit-metadata: 1.3067522682249546
  landing: 0.022103164345026016
  view-data: 0.11924631800502539
