times:
  edit-metadata: 1.3127479022368789
  landing: 0.23945788200944662
  view-data: 0.40487876906991005
