times:
  edit-metadata: 1.3662766069173813
  landing: 0.024467170238494873
  view-data: 0.024245211854577065
