times:
  edit-metadata: 0.5502560310997069
  landing: 0.14462107932195067
  view-data: 0.32574640214443207
