times:
  edit-metadata: 1.2559669893234968
  landing: 0.023081396706402302
  view-data: 0.028387315571308136
