times:
  edit-metadata: 1.3310206644237041
  landing: 0.01979732420295477
  view-data: 0.025321594439446926
