times:
  edit-metadata: 1.3178277388215065
  landing: 0.021943826228380203
  view-data: 0.09742941055446863
