times:
  edit-metadata: 1.33029861189425
  landing: 0.02750119287520647
  view-data: 0.09886764828115702
