times:
  edit-metadata: 1.3446836341172457
  landing: 0.022121069952845573
  view-data: 0.023598967120051384
