times:
  edit-metadata: 1.3944016639143229
  landing: 0.019787782803177834
  view-data: 0.02356358803808689
