times:
  edit-metadata: 1.3113470552489161
  landing: 0.11384277045726776
  view-data: 0.024306602776050568
