times:
  edit-metadata: 1.328861404210329
  landing: 0.021181711927056313
  view-data: 0.02671860344707966
