times:
  edit-metadata: 1.331194474361837
  landing: 0.020159535109996796
  view-data: 0.023950569331645966
