times:
  edit-metadata: 0.7187377880327404
  landing: 0.07366108009591699
  view-data: 0.29658541129902005
