times:
  edit-metadata: 1.3932535536587238
  landing: 0.020365111529827118
  view-data: 0.1218031458556652
