times:
  edit-metadata: 1.3605589820072055
  landing: 0.20535406097769737
  view-data: 0.11685194075107574
