times:
  edit-metadata: 1.2967527080327272
  landing: 0.020568624138832092
  view-data: 0.12005503848195076
