times:
  edit-metadata: 1.3650790499523282
  landing: 0.019862034358084202
  view-data: 0.22946776170283556
