times:
  edit-metadata: 1.3582738367840648
  landing: 0.13566468097269535
  view-data: 0.23189297039061785
