times:
  edit-metadata: 1.294965692795813
  landing: 0.020401631481945515
  view-data: 0.34594904631376266
