times:
  edit-metadata: 0.7391830608248711
  landing: 0.09501527482643723
  view-data: 0.2127324491739273
