times:
  edit-metadata: 1.3495451714843512
  landing: 0.021733510307967663
  view-data: 0.02507756743580103
