times:
  edit-metadata: 1.6268894597887993
  landing: 0.16177311167120934
  view-data: 0.02896738238632679
