times:
  edit-metadata: 1.3606918547302485
  landing: 0.021675627678632736
  view-data: 0.24337762035429478
