times:
  edit-metadata: 1.5887099541723728
  landing: 0.31228253431618214
  view-data: 0.18335894867777824
