times:
  edit-metadata: 1.348316054791212
  landing: 0.02003243938088417
  view-data: 0.0235283263027668
