times:
  edit-metadata: 1.4596949703991413
  landing: 0.1956192273646593
  view-data: 0.028000351041555405
