times:
  edit-metadata: 1.2757941633462906
  landing: 0.11378543358296156
  view-data: 0.025454891845583916
