times:
  edit-metadata: 1.28603530023247
  landing: 0.24022734723985195
  view-data: 0.11706397868692875
