times:
  edit-metadata: 1.4110987465828657
  landing: 0.1235212441533804
  view-data: 0.47184480261057615
