times:
  edit-metadata: 2.6085186089912895
  landing: 0.3220249729929492
  view-data: 0.1544658119964879
