times:
  edit-metadata: 1.3778298674151301
  landing: 0.14246760867536068
  view-data: 0.10032094456255436
