times:
  edit-metadata: 1.614493764936924
  landing: 0.1613754816353321
  view-data: 0.37332612462341785
