times:
  edit-metadata: 1.5566272418946028
  landing: 0.13960287906229496
  view-data: 0.025944918394088745
