times:
  edit-metadata: 2.0484231021255255
  landing: 0.23465650156140327
  view-data: 0.45219487324357033
