times:
  edit-metadata: 1.3102089036256075
  landing: 0.024259380996227264
  view-data: 0.1313613187521696
