times:
  edit-metadata: 1.4743237206712365
  landing: 0.01944034919142723
  view-data: 0.02390591148287058
