times:
  edit-metadata: 1.396441106684506
  landing: 0.15533328149467707
  view-data: 0.11816900968551636
