times:
  edit-metadata: 1.3150925785303116
  landing: 0.022774167358875275
  view-data: 0.12368831224739552
