times:
  edit-metadata: 1.3117082118988037
  landing: 0.1778634674847126
  view-data: 0.09908280614763498
