times:
  edit-metadata: 1.423975732177496
  landing: 0.021471215412020683
  view-data: 0.1380576752126217
