times:
  edit-metadata: 1.4352009519934654
  landing: 0.22238052356988192
  view-data: 0.45741346292197704
