times:
  edit-metadata: 1.590390047058463
  landing: 0.020797695964574814
  view-data: 0.14802878350019455
