times:
  edit-metadata: 1.3477853629738092
  landing: 0.022047903388738632
  view-data: 0.12106123380362988
