times:
  edit-metadata: 1.3519076369702816
  landing: 0.12692489475011826
  view-data: 0.023843489587306976
