times:
  edit-metadata: 1.3642728235572577
  landing: 0.13472157530486584
  view-data: 0.1280351746827364
