times:
  edit-metadata: 1.3175869509577751
  landing: 0.021216068416833878
  view-data: 0.026525920256972313
