times:
  edit-metadata: 1.3941754810512066
  landing: 0.13475175481289625
  view-data: 0.2111129965633154
