times:
  edit-metadata: 0.6107351332902908
  landing: 0.05683674104511738
  view-data: 0.26101990696042776
