times:
  edit-metadata: 1.3154710847884417
  landing: 0.01954407151788473
  view-data: 0.023188743740320206
