times:
  edit-metadata: 1.2800880298018456
  landing: 0.02096622623503208
  view-data: 0.11987899523228407
