times:
  edit-metadata: 1.3197747208178043
  landing: 0.13205407559871674
  view-data: 0.12186198681592941
