times:
  edit-metadata: 1.3445910643786192
  landing: 0.1326978038996458
  view-data: 0.02703728247433901
