times:
  edit-metadata: 1.3871507123112679
  landing: 0.019869783893227577
  view-data: 0.027524231001734734
