times:
  edit-metadata: 1.8637405391782522
  landing: 0.27712531853467226
  view-data: 0.03372480161488056
