times:
  edit-metadata: 1.359253641217947
  landing: 0.020152270793914795
  view-data: 0.31279113981872797
