times:
  edit-metadata: 1.387056391686201
  landing: 0.028260612860322
  view-data: 0.02743467129766941
