times:
  edit-metadata: 1.3276839572936296
  landing: 0.16084881592541933
  view-data: 0.12095235008746386
