times:
  edit-metadata: 1.4965469762682915
  landing: 0.1524417009204626
  view-data: 0.1526038870215416
