times:
  edit-metadata: 1.3896287474781275
  landing: 0.131177993491292
  view-data: 0.23347518779337406
