times:
  edit-metadata: 1.2869828343391418
  landing: 0.12896995060145855
  view-data: 0.026279063895344734
