times:
  edit-metadata: 1.3194956658408046
  landing: 0.021075952798128128
  view-data: 0.026251391507685184
