times:
  edit-metadata: 1.45423249527812
  landing: 0.020874127745628357
  view-data: 0.029440484941005707
