times:
  edit-metadata: 1.335123049095273
  landing: 0.1623258851468563
  view-data: 0.026720276102423668
