times:
  edit-metadata: 1.4631822146475315
  landing: 0.15162155218422413
  view-data: 0.14895325154066086
