times:
  edit-metadata: 1.7185819214209914
  landing: 0.01972415577620268
  view-data: 0.14292388875037432
