times:
  edit-metadata: 1.3096058517694473
  landing: 0.12747672572731972
  view-data: 0.12419222667813301
