times:
  edit-metadata: 1.339406382292509
  landing: 0.01986617222428322
  view-data: 0.024736275896430016
