times:
  edit-metadata: 1.4226966705173254
  landing: 0.019535554572939873
  view-data: 0.10338577441871166
