times:
  edit-metadata: 1.4393284376710653
  landing: 0.12467907555401325
  view-data: 0.40554845705628395
