times:
  edit-metadata: 1.3784294528886676
  landing: 0.020148525945842266
  view-data: 0.025315468199551105
