times:
  edit-metadata: 1.3602828159928322
  landing: 0.021760035306215286
  view-data: 0.1257733590900898
