times:
  edit-metadata: 0.5397639740258455
  landing: 0.09635219210758805
  view-data: 0.21225901134312153
