times:
  edit-metadata: 1.4438357278704643
  landing: 0.019161885604262352
  view-data: 0.4368384489789605
