times:
  edit-metadata: 0.5715507967397571
  landing: 0.050652792211622
  view-data: 0.21243800688534975
