times:
  edit-metadata: 1.6711160615086555
  landing: 0.32526882737874985
  view-data: 0.296319798566401
