times:
  edit-metadata: 2.1403483878821135
  landing: 0.3440276999026537
  view-data: 0.38359474018216133
