times:
  edit-metadata: 0.5367831801995635
  landing: 0.06403419002890587
  view-data: 0.20431074034422636
