times:
  edit-metadata: 0.8225206770002842
  landing: 0.08705771621316671
  view-data: 0.2633938631042838
