times:
  edit-metadata: 1.5883300341665745
  landing: 0.30550441332161427
  view-data: 0.3209364637732506
