times:
  edit-metadata: 1.7368690930306911
  landing: 0.15001545287668705
  view-data: 0.2669058423489332
