times:
  edit-metadata: 1.6011979822069407
  landing: 0.30984204076230526
  view-data: 0.17064717411994934
