times:
  edit-metadata: 1.3232207912951708
  landing: 0.022782699204981327
  view-data: 0.1017578886821866
