times:
  edit-metadata: 1.4191150348633528
  landing: 0.13511648029088974
  view-data: 0.02553713135421276
