times:
  edit-metadata: 1.2846502931788564
  landing: 0.025138950906693935
  view-data: 0.025802789255976677
