times:
  edit-metadata: 1.3865679502487183
  landing: 0.02043537236750126
  view-data: 0.025862134993076324
