times:
  edit-metadata: 1.385460733436048
  landing: 0.12437153235077858
  view-data: 0.1305177453905344
