times:
  edit-metadata: 1.2987086735665798
  landing: 0.20670749247074127
  view-data: 0.40423606149852276
