times:
  edit-metadata: 1.3264449844136834
  landing: 0.01973720360547304
  view-data: 0.025328568182885647
