times:
  edit-metadata: 1.5176783427596092
  landing: 0.02291937544941902
  view-data: 0.2798775229603052
