times:
  edit-metadata: 0.5559681779704988
  landing: 0.0467544486746192
  view-data: 0.21530654886737466
