times:
  edit-metadata: 1.3077654419466853
  landing: 0.1377600347623229
  view-data: 0.4554736353456974
