times:
  edit-metadata: 1.4811140950769186
  landing: 0.12113788723945618
  view-data: 0.026521842926740646
