times:
  edit-metadata: 1.3602933250367641
  landing: 0.11987845972180367
  view-data: 0.10373811423778534
