times:
  edit-metadata: 1.4016215354204178
  landing: 0.01788150891661644
  view-data: 0.49091077968478203
