times:
  edit-metadata: 1.3192537119612098
  landing: 0.020858260802924633
  view-data: 0.13425586186349392
