times:
  edit-metadata: 1.4204115588217974
  landing: 0.024322859942913055
  view-data: 0.38231283612549305
