times:
  edit-metadata: 1.7513775639235973
  landing: 0.24709314666688442
  view-data: 0.1758427917957306
