times:
  edit-metadata: 1.4424409363418818
  landing: 0.2847367823123932
  view-data: 0.33798823133111
