times:
  edit-metadata: 1.301726508885622
  landing: 0.022880625911056995
  view-data: 0.024348784238100052
