times:
  edit-metadata: 1.3395853582769632
  landing: 0.02819029800593853
  view-data: 0.42633009888231754
