times:
  edit-metadata: 1.5433328691869974
  landing: 0.04073305055499077
  view-data: 0.02320118062198162
