times:
  edit-metadata: 1.278071254491806
  landing: 0.13558360282331705
  view-data: 0.09798206947743893
