times:
  edit-metadata: 1.4430598560720682
  landing: 0.14163037948310375
  view-data: 0.023081377148628235
