times:
  edit-metadata: 1.3651098757982254
  landing: 0.020958056673407555
  view-data: 0.025604022666811943
