times:
  edit-metadata: 1.9214286915957928
  landing: 0.18000512942671776
  view-data: 0.23485810682177544
