times:
  edit-metadata: 1.41432526987046
  landing: 0.017803804017603397
  view-data: 0.5933330841362476
