times:
  edit-metadata: 1.4788322476670146
  landing: 0.01803099364042282
  view-data: 0.032531023025512695
