times:
  edit-metadata: 0.638386560138315
  landing: 0.06428356422111392
  view-data: 0.29437621124088764
