times:
  edit-metadata: 1.2989951884374022
  landing: 0.022785753943026066
  view-data: 0.027228771708905697
