times:
  edit-metadata: 1.5911671593785286
  landing: 0.02278877981007099
  view-data: 0.38031991943717003
