times:
  edit-metadata: 1.820315072312951
  landing: 0.2751329727470875
  view-data: 0.3120550122112036
