times:
  edit-metadata: 1.4421934597194195
  landing: 0.018555695191025734
  view-data: 0.10646381601691246
