times:
  edit-metadata: 1.3333562314510345
  landing: 0.02164742723107338
  view-data: 0.10499947145581245
