times:
  edit-metadata: 1.3795188516378403
  landing: 0.022122854366898537
  view-data: 0.026681391522288322
