times:
  edit-metadata: 1.5077094361186028
  landing: 0.02141444757580757
  view-data: 0.32543363608419895
