times:
  edit-metadata: 1.690969306975603
  landing: 0.14907599613070488
  view-data: 0.4473104868084192
