times:
  edit-metadata: 0.557418892160058
  landing: 0.05877093691378832
  view-data: 0.21430217009037733
