times:
  edit-metadata: 1.6271560490131378
  landing: 0.24780558608472347
  view-data: 0.390746533870697
