times:
  edit-metadata: 2.713742522522807
  landing: 0.380953649058938
  view-data: 0.10752294026315212
