times:
  edit-metadata: 1.3459454327821732
  landing: 0.021579697728157043
  view-data: 0.1583221387118101
