times:
  edit-metadata: 1.3530388893559575
  landing: 0.1500599319115281
  view-data: 0.1299975048750639
