times:
  edit-metadata: 1.340602446347475
  landing: 0.019925814121961594
  view-data: 0.2832207214087248
