times:
  edit-metadata: 0.5993428882211447
  landing: 0.13072135485708714
  view-data: 0.20697293523699045
