times:
  edit-metadata: 1.443860825151205
  landing: 0.1386728659272194
  view-data: 0.3165961019694805
