times:
  edit-metadata: 1.3097122050821781
  landing: 0.0193617083132267
  view-data: 0.4879474937915802
