times:
  edit-metadata: 1.3168997587636113
  landing: 0.020884345285594463
  view-data: 0.02639865130186081
