times:
  edit-metadata: 1.333898963406682
  landing: 0.022959092631936073
  view-data: 0.2780745141208172
