times:
  edit-metadata: 1.4015842974185944
  landing: 0.021302463486790657
  view-data: 0.0244812723249197
