times:
  edit-metadata: 0.5566177009604871
  landing: 0.10097928298637271
  view-data: 0.28350051306188107
