times:
  edit-metadata: 1.3021331075578928
  landing: 0.13241757825016975
  view-data: 0.1260972088202834
