times:
  edit-metadata: 0.640126652084291
  landing: 0.048751498106867075
  view-data: 0.2996810171753168
