times:
  edit-metadata: 1.3178933979943395
  landing: 0.01851958967745304
  view-data: 0.2737024109810591
