times:
  edit-metadata: 1.479239309206605
  landing: 0.10769877769052982
  view-data: 0.11308082193136215
