times:
  edit-metadata: 1.301068626344204
  landing: 0.020087658427655697
  view-data: 0.12442151922732592
