times:
  edit-metadata: 1.3275923561304808
  landing: 0.12797794118523598
  view-data: 0.23022166825830936
