times:
  edit-metadata: 1.3316326439380646
  landing: 0.019641179591417313
  view-data: 0.13046586513519287
