times:
  edit-metadata: 1.3225104426965117
  landing: 0.021217063069343567
  view-data: 0.12340787891298532
