times:
  edit-metadata: 1.3377247750759125
  landing: 0.026329376734793186
  view-data: 0.02701401151716709
