times:
  edit-metadata: 1.288380578160286
  landing: 0.02055175695568323
  view-data: 0.11769966408610344
