times:
  edit-metadata: 1.347545636817813
  landing: 0.021011128090322018
  view-data: 0.11758466064929962
