times:
  edit-metadata: 1.4009603802114725
  landing: 0.020519595593214035
  view-data: 0.12740165274590254
