times:
  edit-metadata: 1.4123226311057806
  landing: 0.0212274007499218
  view-data: 0.2831864096224308
