times:
  edit-metadata: 1.2965070139616728
  landing: 0.12746687326580286
  view-data: 0.1291770888492465
