times:
  edit-metadata: 1.387723246589303
  landing: 0.022220216691493988
  view-data: 0.3277337197214365
