times:
  edit-metadata: 1.2914639376103878
  landing: 0.019661715254187584
  view-data: 0.024843872524797916
