times:
  edit-metadata: 1.8426345027983189
  landing: 0.13451026380062103
  view-data: 0.025286460295319557
