times:
  edit-metadata: 1.4859870988875628
  landing: 0.02269233576953411
  view-data: 0.2787792459130287
