times:
  edit-metadata: 1.334834035485983
  landing: 0.023369673639535904
  view-data: 0.12686516530811787
