times:
  edit-metadata: 1.3740089312195778
  landing: 0.018985165283083916
  view-data: 0.33857185766100883
