times:
  edit-metadata: 1.3311920072883368
  landing: 0.02152927592396736
  view-data: 0.028196546249091625
