times:
  edit-metadata: 1.3275030255317688
  landing: 0.02282536029815674
  view-data: 0.02485889010131359
