times:
  edit-metadata: 1.4725091345608234
  landing: 0.18582702614367008
  view-data: 0.12566131725907326
