times:
  edit-metadata: 1.297555947676301
  landing: 0.02413043938577175
  view-data: 0.12093340791761875
