times:
  edit-metadata: 0.8463033232837915
  landing: 0.07849386613816023
  view-data: 0.23669927613809705
