times:
  edit-metadata: 1.470145532861352
  landing: 0.021611427888274193
  view-data: 0.02489258162677288
