times:
  edit-metadata: 1.2984963105991483
  landing: 0.02244587056338787
  view-data: 0.02717492263764143
