times:
  edit-metadata: 1.4790983479470015
  landing: 0.2687664832919836
  view-data: 0.5840177554637194
