times:
  edit-metadata: 0.8956789020448923
  landing: 0.06747296405956149
  view-data: 0.21136859292164445
