times:
  edit-metadata: 1.3002909747883677
  landing: 0.023021275177598
  view-data: 0.024242300540208817
