times:
  edit-metadata: 1.330384373664856
  landing: 0.021685977466404438
  view-data: 0.029123444110155106
