times:
  edit-metadata: 0.5263369116000831
  landing: 0.06603971915319562
  view-data: 0.2032727962359786
