times:
  edit-metadata: 1.3644086821004748
  landing: 0.019672698341310024
  view-data: 0.43740340787917376
