times:
  edit-metadata: 0.8128723599947989
  landing: 0.08449442638084292
  view-data: 0.2063295510597527
