times:
  edit-metadata: 1.5273731732740998
  landing: 0.1525220088660717
  view-data: 0.23193876259028912
