times:
  edit-metadata: 1.3164239963516593
  landing: 0.020365378819406033
  view-data: 0.02973991446197033
