times:
  edit-metadata: 1.2932518338784575
  landing: 0.0228557912632823
  view-data: 0.02528075873851776
