times:
  edit-metadata: 0.5558109451085329
  landing: 0.07455435488373041
  view-data: 0.21900590183213353
