times:
  edit-metadata: 1.3229832723736763
  landing: 0.023023687303066254
  view-data: 0.12082868628203869
