times:
  edit-metadata: 1.33996906504035
  landing: 0.01963731460273266
  view-data: 0.024712489917874336
