times:
  edit-metadata: 1.348308214917779
  landing: 0.048656318336725235
  view-data: 0.023131566122174263
