times:
  edit-metadata: 1.2943771425634623
  landing: 0.02181863971054554
  view-data: 0.02542707324028015
