times:
  edit-metadata: 1.4002340137958527
  landing: 0.02445090562105179
  view-data: 0.02286333590745926
