times:
  edit-metadata: 1.3173092920333147
  landing: 0.12124286778271198
  view-data: 0.02624872699379921
