times:
  edit-metadata: 1.4610486757010221
  landing: 0.02180832251906395
  view-data: 0.13974827714264393
