times:
  edit-metadata: 1.5914514772593975
  landing: 0.16067716851830482
  view-data: 0.2577044852077961
