times:
  edit-metadata: 1.3535812888294458
  landing: 0.03337196260690689
  view-data: 0.024253349751234055
