times:
  edit-metadata: 0.7310052649118006
  landing: 0.04626596486195922
  view-data: 0.331890270113945
