times:
  edit-metadata: 1.2944170124828815
  landing: 0.02160121500492096
  view-data: 0.025626913644373417
