times:
  edit-metadata: 0.5363484020344913
  landing: 0.04871441377326846
  view-data: 0.2183759887702763
