times:
  edit-metadata: 1.3316654497757554
  landing: 0.02064333390444517
  view-data: 0.024682043120265007
