times:
  edit-metadata: 1.4101302986964583
  landing: 0.02304964419454336
  view-data: 0.19741420447826385
