times:
  edit-metadata: 0.5541930310428143
  landing: 0.051678624004125595
  view-data: 0.20552285434678197
