times:
  edit-metadata: 1.2942498279735446
  landing: 0.020503826439380646
  view-data: 0.026780441403388977
