times:
  edit-metadata: 1.327157107181847
  landing: 0.019929856993258
  view-data: 0.11999763268977404
