times:
  edit-metadata: 1.7271784842014313
  landing: 0.23282828740775585
  view-data: 0.14031286910176277
