times:
  edit-metadata: 1.3731763111427426
  landing: 0.14395382534712553
  view-data: 0.39297849126160145
