times:
  edit-metadata: 1.3094373364001513
  landing: 0.022000577300786972
  view-data: 0.032925842329859734
