times:
  edit-metadata: 1.4205884486436844
  landing: 0.020080996677279472
  view-data: 0.13530904427170753
