times:
  edit-metadata: 1.271700257435441
  landing: 0.01897404808551073
  view-data: 0.21184133552014828
