times:
  edit-metadata: 1.381804483011365
  landing: 0.21995998173952103
  view-data: 0.02255997434258461
