times:
  edit-metadata: 0.4463528716005385
  landing: 0.05313581274822354
  view-data: 0.47697989270091057
