times:
  edit-metadata: 0.45464717876166105
  landing: 0.047791474498808384
  view-data: 0.3729963796213269
