times:
  edit-metadata: 0.4371759360656142
  landing: 0.04433150216937065
  view-data: 0.19995298609137535
