times:
  edit-metadata: 0.4399449788033962
  landing: 0.04680219339206815
  view-data: 0.49509450420737267
