times:
  edit-metadata: 0.4302145387046039
  landing: 0.04728811839595437
  view-data: 0.2204187037423253
