times:
  edit-metadata: 0.4560877410694957
  landing: 0.04165062867105007
  view-data: 0.22660728357732296
