times:
  edit-metadata: 0.443351773545146
  landing: 0.05297023244202137
  view-data: 0.2016332969069481
