times:
  edit-metadata: 0.4512062883004546
  landing: 0.05236724903807044
  view-data: 0.21528265718370676
