times:
  edit-metadata: 0.4375606905668974
  landing: 0.041140110697597265
  view-data: 0.34067436028271914
