times:
  edit-metadata: 0.4456360600888729
  landing: 0.03858800511807203
  view-data: 0.33925751596689224
