times:
  edit-metadata: 0.4695616476237774
  landing: 0.05179105885326862
  view-data: 0.2178613869473338
