times:
  edit-metadata: 0.42869091406464577
  landing: 0.04751996090635657
  view-data: 0.32497072219848633
