times:
  edit-metadata: 0.45919066295027733
  landing: 0.04125870205461979
  view-data: 0.34152417071163654
