times:
  edit-metadata: 0.4320815992541611
  landing: 0.051497971173375845
  view-data: 0.5829797796905041
