times:
  edit-metadata: 0.4496689629741013
  landing: 0.05145798996090889
  view-data: 0.21986081218346953
