times:
  edit-metadata: 0.44592595379799604
  landing: 0.0486243674531579
  view-data: 0.20569190476089716
