times:
  edit-metadata: 0.43869365472346544
  landing: 0.05102573335170746
  view-data: 0.2290450595319271
