times:
  edit-metadata: 0.45018449798226357
  landing: 0.0571132842451334
  view-data: 0.3310625799931586
