times:
  edit-metadata: 0.44369314704090357
  landing: 0.04968797694891691
  view-data: 0.3390168668702245
