times:
  edit-metadata: 0.4379904018715024
  landing: 0.04353920370340347
  view-data: 0.348183142952621
