times:
  edit-metadata: 1.4541692547500134
  landing: 0.01913687027990818
  view-data: 0.34492441453039646
