times:
  edit-metadata: 1.326736968010664
  landing: 0.019964227452874184
  view-data: 0.029024828225374222
