times:
  edit-metadata: 0.5008994261734188
  landing: 0.058695959858596325
  view-data: 0.20952422311529517
