times:
  edit-metadata: 0.5098876780830324
  landing: 0.11888940213248134
  view-data: 0.2998075867071748
