times:
  edit-metadata: 1.4622780848294497
  landing: 0.023291325196623802
  view-data: 0.1740911491215229
