times:
  edit-metadata: 1.3685786733403802
  landing: 0.018652208149433136
  view-data: 0.024069338105618954
