times:
  edit-metadata: 1.4233140740543604
  landing: 0.19068662263453007
  view-data: 0.02860448695719242
