times:
  edit-metadata: 1.4423020463436842
  landing: 0.15051820687949657
  view-data: 0.5642182007431984
