times:
  edit-metadata: 1.348219532519579
  landing: 0.02373235486447811
  view-data: 0.12261339090764523
