times:
  edit-metadata: 1.3268073610961437
  landing: 0.20425052009522915
  view-data: 0.022861594334244728
