times:
  edit-metadata: 2.0367024689912796
  landing: 0.1614360362291336
  view-data: 0.3201501816511154
