times:
  edit-metadata: 1.3952178843319416
  landing: 0.023230979219079018
  view-data: 0.02465025521814823
