times:
  edit-metadata: 0.5005737580358982
  landing: 0.07522678328678012
  view-data: 0.2272973656654358
