times:
  edit-metadata: 0.5770497131161392
  landing: 0.07580283982679248
  view-data: 0.20319819869473577
