times:
  edit-metadata: 1.2816054001450539
  landing: 0.019490026868879795
  view-data: 0.025694048032164574
