times:
  edit-metadata: 2.358372632006649
  landing: 0.320080917008454
  view-data: 0.17379183499724604
