times:
  edit-metadata: 1.3182560624554753
  landing: 0.11431100033223629
  view-data: 0.2121887607499957
