times:
  edit-metadata: 1.3820311594754457
  landing: 0.020043296739459038
  view-data: 0.1356213577091694
