times:
  edit-metadata: 1.3130269814282656
  landing: 0.019476765766739845
  view-data: 0.026686275377869606
