times:
  edit-metadata: 1.42944610491395
  landing: 0.019876863807439804
  view-data: 0.0993870161473751
