times:
  edit-metadata: 0.50068006105721
  landing: 0.08058348298072815
  view-data: 0.21824032068252563
