times:
  edit-metadata: 1.3138890508562326
  landing: 0.023752760142087936
  view-data: 0.02673281356692314
