times:
  edit-metadata: 1.3201401326805353
  landing: 0.021538013592362404
  view-data: 0.025020936504006386
