times:
  edit-metadata: 1.3750886153429747
  landing: 0.19046614691615105
  view-data: 0.31731116957962513
