times:
  edit-metadata: 1.3223322555422783
  landing: 0.020401688292622566
  view-data: 0.2789825852960348
