times:
  edit-metadata: 1.3966414853930473
  landing: 0.17548250406980515
  view-data: 0.023065652698278427
