times:
  edit-metadata: 0.5822239946573973
  landing: 0.06503708194941282
  view-data: 0.20884481305256486
