times:
  edit-metadata: 1.422818023711443
  landing: 0.021913884207606316
  view-data: 0.04202263988554478
