times:
  edit-metadata: 1.4588990658521652
  landing: 0.0216656606644392
  view-data: 0.02429837640374899
