times:
  edit-metadata: 1.4257907615974545
  landing: 0.13505334127694368
  view-data: 0.44527334347367287
