times:
  edit-metadata: 0.502716280054301
  landing: 0.05799164995551109
  view-data: 0.2081902390345931
