times:
  edit-metadata: 1.408687986433506
  landing: 0.12258800491690636
  view-data: 0.3204575255513191
