times:
  edit-metadata: 1.6411363668739796
  landing: 0.2890709489583969
  view-data: 0.3559270668774843
