times:
  edit-metadata: 1.7443682085722685
  landing: 0.16261865384876728
  view-data: 0.3919262010604143
