times:
  edit-metadata: 1.415929175913334
  landing: 0.11579629965126514
  view-data: 0.3162844739854336
