times:
  edit-metadata: 1.3406671341508627
  landing: 0.13216638006269932
  view-data: 0.4059429969638586
