times:
  edit-metadata: 1.3175982926040888
  landing: 0.020187044516205788
  view-data: 0.3114660233259201
