times:
  edit-metadata: 1.35034916177392
  landing: 0.020515650510787964
  view-data: 0.029202839359641075
