times:
  edit-metadata: 1.3424207475036383
  landing: 0.022262705489993095
  view-data: 0.02576378546655178
