times:
  edit-metadata: 1.6422789990901947
  landing: 0.1612372975796461
  view-data: 0.1722005046904087
