times:
  edit-metadata: 0.49638913618400693
  landing: 0.15815756982192397
  view-data: 0.26674471981823444
