times:
  edit-metadata: 0.5025158799253404
  landing: 0.0905550098977983
  view-data: 0.2797546968795359
