times:
  edit-metadata: 1.5184560753405094
  landing: 0.021402373909950256
  view-data: 0.024709386751055717
