times:
  edit-metadata: 1.427407218143344
  landing: 0.022728271782398224
  view-data: 0.34928528405725956
