times:
  edit-metadata: 1.3945553582161665
  landing: 0.019882643595337868
  view-data: 0.2863075528293848
