times:
  edit-metadata: 0.6098323985934258
  landing: 0.06801521172747016
  view-data: 0.3291755151003599
