times:
  edit-metadata: 1.4625596441328526
  landing: 0.02123778872191906
  view-data: 0.1278151199221611
