times:
  edit-metadata: 1.5195660199970007
  landing: 0.21285401098430157
  view-data: 0.38223076052963734
