times:
  edit-metadata: 1.3150212280452251
  landing: 0.019711049273610115
  view-data: 0.026270315051078796
