times:
  edit-metadata: 1.5871825702488422
  landing: 0.3250902034342289
  view-data: 0.13414728455245495
