times:
  edit-metadata: 0.6161917648278177
  landing: 0.09762984607368708
  view-data: 0.32128241704776883
