times:
  edit-metadata: 0.5192624437622726
  landing: 0.04322683438658714
  view-data: 0.21058700187131763
