times:
  edit-metadata: 1.2889985023066401
  landing: 0.019187776371836662
  view-data: 0.1286308690905571
