times:
  edit-metadata: 1.475194139406085
  landing: 0.19132963381707668
  view-data: 0.027551323175430298
