times:
  edit-metadata: 1.5005789492279291
  landing: 0.22535609267652035
  view-data: 0.14044769667088985
