times:
  edit-metadata: 0.5234540598466992
  landing: 0.04011187329888344
  view-data: 0.21332465298473835
