times:
  edit-metadata: 1.3485646229237318
  landing: 0.019840159453451633
  view-data: 0.2760125482454896
