times:
  edit-metadata: 0.5097436658106744
  landing: 0.06877331482246518
  view-data: 0.2075767470523715
