times:
  edit-metadata: 1.732844876125455
  landing: 0.15612024627625942
  view-data: 0.34731251187622547
