times:
  edit-metadata: 1.3453658036887646
  landing: 0.02139981836080551
  view-data: 0.024286601692438126
