times:
  edit-metadata: 1.3581516034901142
  landing: 0.1357748582959175
  view-data: 0.02402779646217823
