times:
  edit-metadata: 1.3531589359045029
  landing: 0.13797646015882492
  view-data: 0.31654486805200577
