times:
  edit-metadata: 1.3722353801131248
  landing: 0.01986198127269745
  view-data: 0.3051348924636841
