times:
  edit-metadata: 1.5397537890821695
  landing: 0.15980099141597748
  view-data: 0.26414166390895844
