times:
  edit-metadata: 1.4297888241708279
  landing: 0.021161265671253204
  view-data: 0.3170115724205971
