times:
  edit-metadata: 1.4949244447052479
  landing: 0.02047387883067131
  view-data: 0.15406772680580616
