times:
  edit-metadata: 2.3636061754077673
  landing: 0.4937139302492142
  view-data: 0.3306141644716263
