times:
  edit-metadata: 1.374386977404356
  landing: 0.019774341955780983
  view-data: 0.02479487471282482
