times:
  edit-metadata: 1.6286475844681263
  landing: 0.1489285882562399
  view-data: 0.1484011895954609
