times:
  edit-metadata: 1.3192560393363237
  landing: 0.021276967599987984
  view-data: 0.12476116977632046
