times:
  edit-metadata: 1.4482882674783468
  landing: 0.1360467690974474
  view-data: 0.03635026700794697
