times:
  edit-metadata: 1.406895149499178
  landing: 0.2417004369199276
  view-data: 0.34003799222409725
