times:
  edit-metadata: 1.7115696286782622
  landing: 0.26693281438201666
  view-data: 0.15389080345630646
