times:
  edit-metadata: 1.3108573444187641
  landing: 0.24624341633170843
  view-data: 0.43505941797047853
