times:
  edit-metadata: 1.3330147452652454
  landing: 0.019841354340314865
  view-data: 0.027339184656739235
