times:
  edit-metadata: 1.3852989915758371
  landing: 0.19140241481363773
  view-data: 0.025685667991638184
