times:
  edit-metadata: 1.6378702223300934
  landing: 0.02247261069715023
  view-data: 0.030076466500759125
