times:
  edit-metadata: 1.4373209811747074
  landing: 0.24334478005766869
  view-data: 0.023066396825015545
