times:
  edit-metadata: 1.6535654868930578
  landing: 0.022219648584723473
  view-data: 0.023202786222100258
