times:
  edit-metadata: 1.3547216318547726
  landing: 0.021680649369955063
  view-data: 0.22967874817550182
