times:
  edit-metadata: 1.32777732424438
  landing: 0.01920260488986969
  view-data: 0.027246829122304916
