times:
  edit-metadata: 1.3751312540844083
  landing: 0.021047864109277725
  view-data: 0.14068688545376062
