times:
  edit-metadata: 1.3143528820946813
  landing: 0.13640054874122143
  view-data: 0.3204336790367961
