times:
  edit-metadata: 1.4014366790652275
  landing: 0.13807530887424946
  view-data: 0.023327384144067764
