times:
  edit-metadata: 1.7987907938659191
  landing: 0.1756670605391264
  view-data: 0.22954663634300232
