times:
  edit-metadata: 1.3231815490871668
  landing: 0.02096123993396759
  view-data: 0.026159198954701424
