times:
  edit-metadata: 1.7882795091718435
  landing: 0.24556191451847553
  view-data: 0.18160598911345005
