times:
  edit-metadata: 1.2826648568734527
  landing: 0.021192679181694984
  view-data: 0.026897196657955647
