times:
  edit-metadata: 1.403221720829606
  landing: 0.021504295989871025
  view-data: 0.025423604995012283
