times:
  edit-metadata: 1.5055732503533363
  landing: 0.021593056619167328
  view-data: 0.026763828471302986
