times:
  edit-metadata: 1.3434926439076662
  landing: 0.023527512326836586
  view-data: 0.10310111753642559
