times:
  edit-metadata: 1.5028256624937057
  landing: 0.02065206505358219
  view-data: 0.02591964416205883
