times:
  edit-metadata: 1.90810720436275
  landing: 0.019347533583641052
  view-data: 0.3395074550062418
