times:
  edit-metadata: 1.3645939715206623
  landing: 0.02087215892970562
  view-data: 0.02344548888504505
