times:
  edit-metadata: 1.4516258537769318
  landing: 0.14465144835412502
  view-data: 0.1089248787611723
