times:
  edit-metadata: 1.597764678299427
  landing: 0.22742937691509724
  view-data: 0.3101239614188671
