times:
  edit-metadata: 1.314367938786745
  landing: 0.018461577594280243
  view-data: 0.02692502923309803
