times:
  edit-metadata: 1.3807060811668634
  landing: 0.020461559295654297
  view-data: 0.12309537082910538
