times:
  edit-metadata: 0.508088368922472
  landing: 0.22232883516699076
  view-data: 0.3068149210885167
