times:
  edit-metadata: 1.5114633813500404
  landing: 0.21891973726451397
  view-data: 0.14925142377614975
