times:
  edit-metadata: 1.3399514965713024
  landing: 0.18427879735827446
  view-data: 0.2642143703997135
