times:
  edit-metadata: 1.3242643512785435
  landing: 0.13091931492090225
  view-data: 0.27642632834613323
