times:
  edit-metadata: 0.7138477619737387
  landing: 0.04609432863071561
  view-data: 0.2807795056141913
