times:
  edit-metadata: 1.283423326909542
  landing: 0.02033035270869732
  view-data: 0.1194630591198802
