times:
  edit-metadata: 1.786267425864935
  landing: 0.4009264372289181
  view-data: 0.13131116330623627
