times:
  edit-metadata: 1.956318074837327
  landing: 0.18388435244560242
  view-data: 0.15975994803011417
