times:
  edit-metadata: 1.742049552500248
  landing: 0.384615371003747
  view-data: 0.14403613843023777
