times:
  edit-metadata: 1.3850087765604258
  landing: 0.13517614267766476
  view-data: 0.4413782423362136
