times:
  edit-metadata: 1.2881813859567046
  landing: 0.01991200353950262
  view-data: 0.0974454591050744
