times:
  edit-metadata: 1.6538135819137096
  landing: 0.2521409820765257
  view-data: 0.37339485064148903
