times:
  edit-metadata: 1.3903847318142653
  landing: 0.0207645483314991
  view-data: 0.2707199826836586
