times:
  edit-metadata: 1.373094156384468
  landing: 0.01973763294517994
  view-data: 0.32446787133812904
