times:
  edit-metadata: 1.5086921080946922
  landing: 0.15150580182671547
  view-data: 0.02548914961516857
