times:
  edit-metadata: 1.3027128847315907
  landing: 0.20823871437460184
  view-data: 0.0247375825420022
