times:
  edit-metadata: 1.3897796850651503
  landing: 0.0194590762257576
  view-data: 0.3184326570481062
