times:
  edit-metadata: 1.3254661429673433
  landing: 0.022499747574329376
  view-data: 0.025008758530020714
