times:
  edit-metadata: 0.5786005919799209
  landing: 0.06169865420088172
  view-data: 0.2935212389566004
