times:
  edit-metadata: 1.5947488117963076
  landing: 0.21267952769994736
  view-data: 0.3466331325471401
