times:
  edit-metadata: 1.3410504329949617
  landing: 0.01963371131569147
  view-data: 0.023596249520778656
