times:
  edit-metadata: 1.3533547865226865
  landing: 0.14839403051882982
  view-data: 0.02371042873710394
