times:
  edit-metadata: 1.7841824274510145
  landing: 0.2875261511653662
  view-data: 0.40393163450062275
