times:
  edit-metadata: 1.3887022882699966
  landing: 0.023002134636044502
  view-data: 0.02666281908750534
