times:
  edit-metadata: 1.4261808497831225
  landing: 0.19641600735485554
  view-data: 0.02411192748695612
