times:
  edit-metadata: 1.3705767737701535
  landing: 0.01920609548687935
  view-data: 0.45706965774297714
