times:
  edit-metadata: 1.5150836165994406
  landing: 0.2141352128237486
  view-data: 0.1304794829338789
