times:
  edit-metadata: 0.5242246999405324
  landing: 0.1630115802399814
  view-data: 0.274939124006778
