times:
  edit-metadata: 1.426868611946702
  landing: 0.018975176848471165
  view-data: 0.45587102603167295
