times:
  edit-metadata: 0.5470020263455808
  landing: 0.04795763874426484
  view-data: 0.2668544230982661
