times:
  edit-metadata: 2.1199768874794245
  landing: 0.23901413194835186
  view-data: 0.17731867730617523
