times:
  edit-metadata: 0.5285205198451877
  landing: 0.04776277672499418
  view-data: 0.24640260031446815
