times:
  edit-metadata: 1.6050210278481245
  landing: 0.281039223074913
  view-data: 0.2906951531767845
