times:
  edit-metadata: 0.5105877406895161
  landing: 0.06602793792262673
  view-data: 0.3088762629777193
