times:
  edit-metadata: 1.7331856843084097
  landing: 0.054720439016819
  view-data: 0.19448660127818584
