times:
  edit-metadata: 1.3171668574213982
  landing: 0.11048203706741333
  view-data: 0.027415020391345024
