times:
  edit-metadata: 0.5323143140412867
  landing: 0.05989229865372181
  view-data: 0.2202907488681376
