times:
  edit-metadata: 1.5813890155404806
  landing: 0.2951509412378073
  view-data: 0.43729816004633904
