times:
  edit-metadata: 1.3928332775831223
  landing: 0.22995417565107346
  view-data: 0.42068437673151493
