times:
  edit-metadata: 1.4292544145137072
  landing: 0.023972121998667717
  view-data: 0.028081443160772324
