times:
  edit-metadata: 1.361869027838111
  landing: 0.24133969098329544
  view-data: 0.13195153512060642
