times:
  edit-metadata: 0.5095561360940337
  landing: 0.05543158808723092
  view-data: 0.21219403482973576
