times:
  edit-metadata: 0.533545880112797
  landing: 0.05443828320130706
  view-data: 0.310675285756588
