times:
  edit-metadata: 1.2771105105057359
  landing: 0.18569382838904858
  view-data: 0.025208129547536373
