times:
  edit-metadata: 1.6171446088701487
  landing: 0.1648656316101551
  view-data: 0.02689189650118351
