times:
  edit-metadata: 1.3277662303298712
  landing: 0.13256688974797726
  view-data: 0.02328123152256012
