times:
  edit-metadata: 1.4119430091232061
  landing: 0.04944934416562319
  view-data: 0.128879489377141
