times:
  edit-metadata: 1.406289187259972
  landing: 0.2275332733988762
  view-data: 0.13628638722002506
