times:
  edit-metadata: 1.413670253008604
  landing: 0.12338981963694096
  view-data: 0.025395261123776436
