times:
  edit-metadata: 1.403891796246171
  landing: 0.018752336502075195
  view-data: 0.023908449336886406
