times:
  edit-metadata: 0.5162027608603239
  landing: 0.09394352696835995
  view-data: 0.20625793701037765
