times:
  edit-metadata: 1.333744702860713
  landing: 0.19914582185447216
  view-data: 0.023725198581814766
