times:
  edit-metadata: 0.7192804696969688
  landing: 0.09156225202605128
  view-data: 0.2998580723069608
