times:
  edit-metadata: 1.410878511145711
  landing: 0.20618913881480694
  view-data: 0.4165642987936735
