times:
  edit-metadata: 1.2681138087064028
  landing: 0.025048482231795788
  view-data: 0.026241512037813663
