times:
  edit-metadata: 1.2867678022012115
  landing: 0.24417622480541468
  view-data: 0.2162003256380558
