times:
  edit-metadata: 1.6995508037507534
  landing: 0.29714031517505646
  view-data: 0.21550533920526505
