times:
  edit-metadata: 1.3550290558487177
  landing: 0.018520237877964973
  view-data: 0.02285713329911232
