times:
  edit-metadata: 1.4541944786906242
  landing: 0.23878916539251804
  view-data: 0.43557252176105976
