times:
  edit-metadata: 1.3299595173448324
  landing: 0.021208234131336212
  view-data: 0.12379277683794498
