times:
  edit-metadata: 1.5739816017448902
  landing: 0.15062427707016468
  view-data: 0.16657639108598232
