times:
  edit-metadata: 1.5359573047608137
  landing: 0.3406997062265873
  view-data: 0.41701397486031055
