times:
  edit-metadata: 1.3854248896241188
  landing: 0.02833274006843567
  view-data: 0.13373207673430443
