times:
  edit-metadata: 1.3717198818922043
  landing: 0.023703237995505333
  view-data: 0.026239776983857155
