times:
  edit-metadata: 1.3794138059020042
  landing: 0.020705711096525192
  view-data: 0.13016285561025143
