times:
  edit-metadata: 1.6843696888536215
  landing: 0.18730892427265644
  view-data: 0.13350730948150158
