times:
  edit-metadata: 1.436576347798109
  landing: 0.14902473986148834
  view-data: 0.04746924713253975
