times:
  edit-metadata: 0.5149597828276455
  landing: 0.06962093012407422
  view-data: 0.2085831267759204
