times:
  edit-metadata: 1.7024865970015526
  landing: 0.1641254723072052
  view-data: 0.14601514860987663
