times:
  edit-metadata: 1.6147558949887753
  landing: 0.3066719137132168
  view-data: 0.02619192562997341
