times:
  edit-metadata: 1.2746367892250419
  landing: 0.1896004332229495
  view-data: 0.024624722078442574
