times:
  edit-metadata: 1.3257194980978966
  landing: 0.021880184300243855
  view-data: 0.024429475888609886
