times:
  edit-metadata: 1.385508120059967
  landing: 0.024657631292939186
  view-data: 0.025570690631866455
