times:
  edit-metadata: 1.3693338008597493
  landing: 0.21916857175529003
  view-data: 0.2225411171093583
