times:
  edit-metadata: 1.363127512857318
  landing: 0.021268945187330246
  view-data: 0.02554861269891262
