times:
  edit-metadata: 1.4965886566787958
  landing: 0.35390947945415974
  view-data: 0.370706420391798
