times:
  edit-metadata: 0.5253110369667411
  landing: 0.06988462479785085
  view-data: 0.26401599310338497
