times:
  edit-metadata: 1.6710136476904154
  landing: 0.2692589946091175
  view-data: 0.17669633589684963
