times:
  edit-metadata: 1.9340603426098824
  landing: 0.2715104017406702
  view-data: 0.5107432901859283
