times:
  edit-metadata: 1.3631972707808018
  landing: 0.13201255910098553
  view-data: 0.05837605893611908
