times:
  edit-metadata: 1.3831084817647934
  landing: 0.020884759724140167
  view-data: 0.024449458345770836
