times:
  edit-metadata: 1.8715523425489664
  landing: 0.02208622731268406
  view-data: 0.3051292635500431
