times:
  edit-metadata: 0.7456611320376396
  landing: 0.10019872896373272
  view-data: 0.3044092571362853
