times:
  edit-metadata: 0.6729769818484783
  landing: 0.046596374828368425
  view-data: 0.32293241703882813
