times:
  edit-metadata: 1.5134822987020016
  landing: 0.01958615891635418
  view-data: 0.1643265187740326
