times:
  edit-metadata: 1.3087701555341482
  landing: 0.018644949421286583
  view-data: 0.02644502744078636
