times:
  edit-metadata: 1.6072004958987236
  landing: 0.0705507155507803
  view-data: 0.3932790942490101
