times:
  edit-metadata: 1.7894539777189493
  landing: 0.35500599816441536
  view-data: 0.20043332315981388
