times:
  edit-metadata: 1.306667560711503
  landing: 0.02040822058916092
  view-data: 0.31006819382309914
