times:
  edit-metadata: 1.373879086226225
  landing: 0.28936433605849743
  view-data: 0.16418813355267048
