times:
  edit-metadata: 0.4840568648651242
  landing: 0.07138789398595691
  view-data: 0.2194649870507419
