times:
  edit-metadata: 1.3693372253328562
  landing: 0.019473519176244736
  view-data: 0.027365487068891525
