times:
  edit-metadata: 1.3485434632748365
  landing: 0.18773004040122032
  view-data: 0.026584362611174583
