times:
  edit-metadata: 1.5819141995161772
  landing: 0.20659233070909977
  view-data: 0.027921339496970177
