times:
  edit-metadata: 1.3133737817406654
  landing: 0.1363726556301117
  view-data: 0.024099120870232582
