times:
  edit-metadata: 1.313045309856534
  landing: 0.18563312105834484
  view-data: 0.027303069829940796
