times:
  edit-metadata: 1.336641862988472
  landing: 0.026074273511767387
  view-data: 0.1261911727488041
