times:
  edit-metadata: 1.2987455949187279
  landing: 0.019392292946577072
  view-data: 0.027797704562544823
