times:
  edit-metadata: 1.517146784812212
  landing: 0.24442091397941113
  view-data: 0.13861713744699955
