times:
  edit-metadata: 0.7369519253261387
  landing: 0.04550136998295784
  view-data: 0.2092228909023106
