times:
  edit-metadata: 1.5163848586380482
  landing: 0.019597938284277916
  view-data: 0.0313394945114851
