times:
  edit-metadata: 1.4374706838279963
  landing: 0.19026351161301136
  view-data: 0.3424937594681978
