times:
  edit-metadata: 1.4618572611361742
  landing: 0.22700626216828823
  view-data: 0.32765442691743374
