times:
  edit-metadata: 1.3006694186478853
  landing: 0.01868392340838909
  view-data: 0.028319383040070534
