times:
  edit-metadata: 1.404825473204255
  landing: 0.14066520147025585
  view-data: 0.12461180984973907
