times:
  edit-metadata: 1.5599315222352743
  landing: 0.15703129209578037
  view-data: 0.18508052825927734
