times:
  edit-metadata: 0.4937028610147536
  landing: 0.16341601684689522
  view-data: 0.2897073826752603
