times:
  edit-metadata: 1.4717876315116882
  landing: 0.10775097832083702
  view-data: 0.37996525317430496
