times:
  edit-metadata: 1.2959467004984617
  landing: 0.020810207352042198
  view-data: 0.023835355415940285
