times:
  edit-metadata: 1.3127018343657255
  landing: 0.11736707575619221
  view-data: 0.02780740335583687
