times:
  edit-metadata: 0.6570314290001988
  landing: 0.046007733792066574
  view-data: 0.2680563912726939
