times:
  edit-metadata: 1.4783312007784843
  landing: 0.02111009880900383
  view-data: 0.43060008250176907
