times:
  edit-metadata: 1.4830287843942642
  landing: 0.021927274763584137
  view-data: 0.319494204595685
