times:
  edit-metadata: 1.31504724919796
  landing: 0.020162219181656837
  view-data: 0.12270321883261204
