times:
  edit-metadata: 1.4774474147707224
  landing: 0.02323657087981701
  view-data: 0.24354321882128716
