times:
  edit-metadata: 1.2767608938738704
  landing: 0.02212255261838436
  view-data: 0.025123695842921734
