times:
  edit-metadata: 1.5743054896593094
  landing: 0.2898739594966173
  view-data: 0.28588639944791794
