times:
  edit-metadata: 1.2949622254818678
  landing: 0.022913122549653053
  view-data: 0.03041580319404602
