times:
  edit-metadata: 1.4702092669904232
  landing: 0.18741324916481972
  view-data: 0.33117605559527874
