times:
  edit-metadata: 0.5491761919111013
  landing: 0.04434945806860924
  view-data: 0.22267994191497564
