times:
  edit-metadata: 1.4239656496793032
  landing: 0.021336128935217857
  view-data: 0.12493431754410267
