times:
  edit-metadata: 1.4355042977258563
  landing: 0.23663632106035948
  view-data: 0.4998143455013633
