times:
  edit-metadata: 1.3821166092529893
  landing: 0.20955658331513405
  view-data: 0.4786139791831374
