times:
  edit-metadata: 1.5221999567002058
  landing: 0.26981322281062603
  view-data: 0.026698343455791473
