times:
  edit-metadata: 1.776156272739172
  landing: 0.03622463159263134
  view-data: 0.3639377783983946
