times:
  edit-metadata: 1.3552732048556209
  landing: 0.20954039972275496
  view-data: 0.1337222196161747
