times:
  edit-metadata: 1.398135444149375
  landing: 0.02097897417843342
  view-data: 0.02651340700685978
