times:
  edit-metadata: 1.3215348506346345
  landing: 0.02112947404384613
  view-data: 0.025742165744304657
