times:
  edit-metadata: 0.5288858590647578
  landing: 0.06962677603587508
  view-data: 0.21188628673553467
