times:
  edit-metadata: 0.7538576242513955
  landing: 0.09490511706098914
  view-data: 0.3015545350499451
