times:
  edit-metadata: 1.261880112811923
  landing: 0.09512349776923656
  view-data: 0.41680624708533287
