times:
  edit-metadata: 1.401850450783968
  landing: 0.01899413950741291
  view-data: 0.023534681648015976
