times:
  edit-metadata: 0.5556071638129652
  landing: 0.05390555690973997
  view-data: 0.2094977949745953
