times:
  edit-metadata: 2.9231503903865814
  landing: 0.05055280961096287
  view-data: 0.06312021240592003
