times:
  edit-metadata: 0.5203666971065104
  landing: 0.0527624418027699
  view-data: 0.2164115821942687
