times:
  edit-metadata: 1.582495723851025
  landing: 0.1826738277450204
  view-data: 0.05504671297967434
