times:
  edit-metadata: 1.3202254064381123
  landing: 0.1387555804103613
  view-data: 0.13757255673408508
