times:
  edit-metadata: 0.5055719967931509
  landing: 0.04916748171672225
  view-data: 0.21008140919730067
