times:
  edit-metadata: 1.4209656063467264
  landing: 0.23097900301218033
  view-data: 0.2525774445384741
