times:
  edit-metadata: 1.3127422332763672
  landing: 0.02043808437883854
  view-data: 0.023237934336066246
