times:
  edit-metadata: 1.4026000685989857
  landing: 0.2933454401791096
  view-data: 0.26804012060165405
