times:
  edit-metadata: 1.3281705975532532
  landing: 0.018306555226445198
  view-data: 0.32377122715115547
