times:
  edit-metadata: 1.7722749300301075
  landing: 0.29655298590660095
  view-data: 0.3444928415119648
