times:
  edit-metadata: 1.4045824147760868
  landing: 0.21933801658451557
  view-data: 0.02556559070944786
