times:
  edit-metadata: 0.5956550552509725
  landing: 0.10540492879226804
  view-data: 0.2071575503796339
