times:
  edit-metadata: 1.3906213194131851
  landing: 0.018581323325634003
  view-data: 0.3726697824895382
