times:
  edit-metadata: 1.5530866459012032
  landing: 0.26696336083114147
  view-data: 0.32251597568392754
