times:
  edit-metadata: 1.4485862664878368
  landing: 0.15166841819882393
  view-data: 0.3460144195705652
