times:
  edit-metadata: 1.3316231220960617
  landing: 0.13060696423053741
  view-data: 0.025794511660933495
