times:
  edit-metadata: 1.3367047719657421
  landing: 0.02283513732254505
  view-data: 0.24378964863717556
