times:
  edit-metadata: 1.49766861833632
  landing: 0.15702264197170734
  view-data: 0.3403741642832756
