times:
  edit-metadata: 1.3848657887429
  landing: 0.0213815588504076
  view-data: 0.10569706000387669
