times:
  edit-metadata: 1.3795410608872771
  landing: 0.18417758401483297
  view-data: 0.20406562741845846
