times:
  edit-metadata: 1.368076916784048
  landing: 0.048605820164084435
  view-data: 0.02573029138147831
