times:
  edit-metadata: 0.6886441358365119
  landing: 0.04129200102761388
  view-data: 0.20587965799495578
