times:
  edit-metadata: 1.3057172819972038
  landing: 0.023554891347885132
  view-data: 0.09884973429143429
