times:
  edit-metadata: 1.5722509734332561
  landing: 0.020420672371983528
  view-data: 0.34117851220071316
