times:
  edit-metadata: 1.3287925124168396
  landing: 0.12194623984396458
  view-data: 0.024457888677716255
