times:
  edit-metadata: 2.83282675902592
  landing: 0.3349238670198247
  view-data: 0.5695828020107001
