times:
  edit-metadata: 0.4695375240407884
  landing: 0.05239609722048044
  view-data: 0.3146197856403887
