times:
  edit-metadata: 1.303202586248517
  landing: 0.018242627382278442
  view-data: 0.14921138994395733
