times:
  edit-metadata: 1.4460023026913404
  landing: 0.13722903281450272
  view-data: 0.3075235541909933
