times:
  edit-metadata: 1.4765242040157318
  landing: 0.26550236344337463
  view-data: 0.17508359998464584
