times:
  edit-metadata: 1.3827506890520453
  landing: 0.1438184855505824
  view-data: 0.1389074632897973
