times:
  edit-metadata: 1.463700970634818
  landing: 0.12827118020504713
  view-data: 0.44433160312473774
