times:
  edit-metadata: 1.2952676676213741
  landing: 0.02001073583960533
  view-data: 0.023621559143066406
