times:
  edit-metadata: 1.2918708370998502
  landing: 0.115253871306777
  view-data: 0.31693704705685377
