times:
  edit-metadata: 1.3163087386637926
  landing: 0.019970016553997993
  view-data: 0.3411245057359338
