times:
  edit-metadata: 1.2987528424710035
  landing: 0.01886795088648796
  view-data: 0.02773032709956169
