times:
  edit-metadata: 0.5133340959437191
  landing: 0.04891716921702027
  view-data: 0.21472233580425382
