times:
  edit-metadata: 1.3136616069823503
  landing: 0.02100655995309353
  view-data: 0.13762707822024822
