times:
  edit-metadata: 1.339981747791171
  landing: 0.02077949047088623
  view-data: 0.3131400942802429
