times:
  edit-metadata: 1.3496142970398068
  landing: 0.19514853041619062
  view-data: 0.024514224380254745
