times:
  edit-metadata: 0.7815497927367687
  landing: 0.04564386326819658
  view-data: 0.21149493288248777
