times:
  edit-metadata: 1.5560657177120447
  landing: 0.02065577171742916
  view-data: 0.45537081360816956
