times:
  edit-metadata: 1.3016758970916271
  landing: 0.0197006743401289
  view-data: 0.29123159870505333
