times:
  edit-metadata: 1.3735279608517885
  landing: 0.024445274844765663
  view-data: 0.35798870027065277
