times:
  edit-metadata: 1.3954469449818134
  landing: 0.019934851676225662
  view-data: 0.14756889082491398
