times:
  edit-metadata: 1.2909150458872318
  landing: 0.21551096253097057
  view-data: 0.4077213825657964
