times:
  edit-metadata: 1.4202051181346178
  landing: 0.22525067627429962
  view-data: 0.1512348558753729
