times:
  edit-metadata: 0.5540358577854931
  landing: 0.0923464410007
  view-data: 0.2326701758429408
