times:
  edit-metadata: 1.3302762378007174
  landing: 0.14256517216563225
  view-data: 0.2924668751657009
