times:
  edit-metadata: 1.3541583120822906
  landing: 0.15083469823002815
  view-data: 0.13311286084353924
