times:
  edit-metadata: 1.2796843945980072
  landing: 0.0195138081908226
  view-data: 0.023356296122074127
