times:
  edit-metadata: 0.8235202641226351
  landing: 0.07382767694070935
  view-data: 0.3139019589871168
