times:
  edit-metadata: 1.3653105646371841
  landing: 0.022268468514084816
  view-data: 0.027900956571102142
