times:
  edit-metadata: 1.632460692897439
  landing: 0.27426491864025593
  view-data: 0.3195502031594515
