times:
  edit-metadata: 1.334877310320735
  landing: 0.023630652576684952
  view-data: 0.02604689449071884
