times:
  edit-metadata: 1.2713876506313682
  landing: 0.02085096575319767
  view-data: 0.023723546415567398
