times:
  edit-metadata: 1.4699386097490788
  landing: 0.16957920044660568
  view-data: 0.34857776388525963
