times:
  edit-metadata: 1.4310754835605621
  landing: 0.13560845702886581
  view-data: 0.028445182368159294
