times:
  edit-metadata: 1.3857012875378132
  landing: 0.02090134471654892
  view-data: 0.2936813645064831
