times:
  edit-metadata: 1.4383560754358768
  landing: 0.16969775594770908
  view-data: 0.027705706655979156
