times:
  edit-metadata: 0.49820390064269304
  landing: 0.07722743134945631
  view-data: 0.3069503107108176
