times:
  edit-metadata: 1.6738643981516361
  landing: 0.22141695953905582
  view-data: 0.4813215620815754
