times:
  edit-metadata: 1.5549630708992481
  landing: 0.15112541243433952
  view-data: 0.30826312862336636
