times:
  edit-metadata: 0.5463678706437349
  landing: 0.0521585438400507
  view-data: 0.3146869819611311
