times:
  edit-metadata: 1.3488924503326416
  landing: 0.019510915502905846
  view-data: 0.024553963914513588
