times:
  edit-metadata: 1.250062040053308
  landing: 0.04309775587171316
  view-data: 0.26099105924367905
