times:
  edit-metadata: 1.3597052991390228
  landing: 0.022235773503780365
  view-data: 0.025559894740581512
