times:
  edit-metadata: 1.5186450071632862
  landing: 0.1891824509948492
  view-data: 0.5178888570517302
