times:
  edit-metadata: 1.372845970094204
  landing: 0.022249843925237656
  view-data: 0.12516270950436592
