times:
  edit-metadata: 1.6740768663585186
  landing: 0.16767802648246288
  view-data: 0.05671381577849388
