times:
  edit-metadata: 1.2692469581961632
  landing: 0.018825422041118145
  view-data: 0.026135706342756748
