times:
  edit-metadata: 1.3652705736458302
  landing: 0.23090418055653572
  view-data: 0.13931380212306976
