times:
  edit-metadata: 1.5093454234302044
  landing: 0.25103939697146416
  view-data: 0.41048014536499977
