times:
  edit-metadata: 1.6503389831632376
  landing: 0.27789396420121193
  view-data: 0.1484776958823204
