times:
  edit-metadata: 0.5000411681830883
  landing: 0.06171297887340188
  view-data: 0.21958502288907766
