times:
  edit-metadata: 1.3134796414524317
  landing: 0.022139064967632294
  view-data: 0.0266311913728714
