times:
  edit-metadata: 0.47272195387631655
  landing: 0.06683844001963735
  view-data: 0.2996411779895425
