times:
  edit-metadata: 1.2990386113524437
  landing: 0.24264162965118885
  view-data: 0.32284834515303373
