times:
  edit-metadata: 1.4520951798185706
  landing: 0.11241056956350803
  view-data: 0.5927567379549146
