times:
  edit-metadata: 1.3661875650286674
  landing: 0.1422028038650751
  view-data: 0.4646024778485298
