times:
  edit-metadata: 1.4089335594326258
  landing: 0.01867404393851757
  view-data: 0.3815977927297354
