times:
  edit-metadata: 1.298507995903492
  landing: 0.1201836597174406
  view-data: 0.12444450706243515
