times:
  edit-metadata: 1.3538306280970573
  landing: 0.020937995985150337
  view-data: 0.027777956798672676
