times:
  edit-metadata: 1.3646946754306555
  landing: 0.02283003367483616
  view-data: 0.36549673043191433
