times:
  edit-metadata: 1.4112060833722353
  landing: 0.019051408395171165
  view-data: 0.35463060438632965
