times:
  edit-metadata: 1.2496628975495696
  landing: 0.019933568313717842
  view-data: 0.11948479060083628
