times:
  edit-metadata: 1.2982884403318167
  landing: 0.019373830407857895
  view-data: 0.026005377992987633
