times:
  edit-metadata: 1.2825055196881294
  landing: 0.02189289592206478
  view-data: 0.09974123165011406
