times:
  edit-metadata: 1.2641392089426517
  landing: 0.02101610228419304
  view-data: 0.3996706698089838
