times:
  edit-metadata: 1.3911101464182138
  landing: 0.01981421932578087
  view-data: 0.023620471358299255
