times:
  edit-metadata: 1.4360911892727017
  landing: 0.20020178891718388
  view-data: 0.02346542850136757
