times:
  edit-metadata: 1.366736869327724
  landing: 0.19011493027210236
  view-data: 0.22747226897627115
