times:
  edit-metadata: 1.510596837848425
  landing: 0.019809231162071228
  view-data: 0.3739019352942705
