times:
  edit-metadata: 1.3586949054151773
  landing: 0.02317947894334793
  view-data: 0.026773549616336823
