times:
  edit-metadata: 1.3299705479294062
  landing: 0.019336353987455368
  view-data: 0.022308647632598877
