times:
  edit-metadata: 0.514580343849957
  landing: 0.04431174090132117
  view-data: 0.2151674060150981
