times:
  edit-metadata: 1.395896663889289
  landing: 0.021349821239709854
  view-data: 0.027432307600975037
