times:
  edit-metadata: 1.310322193428874
  landing: 0.01987817883491516
  view-data: 0.11934180371463299
