times:
  edit-metadata: 1.8139150962233543
  landing: 0.335844025015831
  view-data: 0.21194531954824924
