times:
  edit-metadata: 1.3950217682868242
  landing: 0.019070811569690704
  view-data: 0.17155580036342144
