times:
  edit-metadata: 1.3269270844757557
  landing: 0.14851264096796513
  view-data: 0.026085197925567627
