times:
  edit-metadata: 1.3109175562858582
  landing: 0.019825372844934464
  view-data: 0.02334827184677124
