times:
  edit-metadata: 1.445013402029872
  landing: 0.23918724432587624
  view-data: 0.46718793362379074
