times:
  edit-metadata: 1.9019421890261583
  landing: 0.24838166899280623
  view-data: 0.20832767899264582
