times:
  edit-metadata: 1.6569559164345264
  landing: 0.02369968220591545
  view-data: 0.027169782668352127
