times:
  edit-metadata: 1.423016119748354
  landing: 0.22778885625302792
  view-data: 0.41224388405680656
