times:
  edit-metadata: 0.5526105449534953
  landing: 0.05468529975041747
  view-data: 0.2133396388962865
