times:
  edit-metadata: 0.4460075171664357
  landing: 0.04832000844180584
  view-data: 0.3476231303066015
