times:
  edit-metadata: 0.4515310041606426
  landing: 0.05130857601761818
  view-data: 0.21672896202653646
