times:
  edit-metadata: 0.4328785380348563
  landing: 0.04454297386109829
  view-data: 0.23987793736159801
