times:
  edit-metadata: 0.44547902327030897
  landing: 0.05192042514681816
  view-data: 0.23174103163182735
