times:
  edit-metadata: 0.4280330422334373
  landing: 0.046108064241707325
  view-data: 0.6082523390650749
