times:
  edit-metadata: 0.43466340471059084
  landing: 0.04827778413891792
  view-data: 0.20251390896737576
