times:
  edit-metadata: 0.440924865193665
  landing: 0.04413183685392141
  view-data: 0.4707392496056855
