times:
  edit-metadata: 0.4330529570579529
  landing: 0.049198371823877096
  view-data: 0.43289485573768616
