times:
  edit-metadata: 0.4269761638715863
  landing: 0.042849231977015734
  view-data: 0.3291945066303015
