times:
  edit-metadata: 0.42696119379252195
  landing: 0.04562845826148987
  view-data: 0.4560951115563512
