times:
  edit-metadata: 0.4359098710119724
  landing: 0.04322160966694355
  view-data: 0.2026380766183138
