times:
  edit-metadata: 0.4463850064203143
  landing: 0.04302504286170006
  view-data: 0.33897185884416103
