times:
  edit-metadata: 0.4205915415659547
  landing: 0.04066457040607929
  view-data: 0.1944538177922368
