times:
  edit-metadata: 0.44671410880982876
  landing: 0.04511346761137247
  view-data: 0.21312117390334606
