times:
  edit-metadata: 0.4364191968925297
  landing: 0.05179673293605447
  view-data: 0.5943938619457185
