times:
  edit-metadata: 0.42960810801014304
  landing: 0.04420362273231149
  view-data: 0.5848796367645264
