times:
  edit-metadata: 0.5394630022346973
  landing: 0.049643236212432384
  view-data: 0.19721873197704554
