times:
  edit-metadata: 0.4592531402595341
  landing: 0.050300444941967726
  view-data: 0.22217339184135199
