times:
  edit-metadata: 0.4511748212389648
  landing: 0.05126682296395302
  view-data: 0.33258783584460616
