times:
  edit-metadata: 0.4382071942090988
  landing: 0.06317568011581898
  view-data: 0.4758088029921055
