times:
  edit-metadata: 0.4563735891133547
  landing: 0.05181184317916632
  view-data: 0.33541002310812473
