times:
  edit-metadata: 0.45076463744044304
  landing: 0.04055375140160322
  view-data: 0.30965115409344435
