times:
  edit-metadata: 0.45256913360208273
  landing: 0.042111191898584366
  view-data: 0.20011014305055141
