times:
  edit-metadata: 0.46100808400660753
  landing: 0.0420826505869627
  view-data: 0.19612196274101734
