times:
  edit-metadata: 2.187215231359005
  landing: 0.01943121664226055
  view-data: 0.02499641664326191
