times:
  edit-metadata: 2.7213787622749805
  landing: 0.34377820044755936
  view-data: 0.40789511054754257
