times:
  edit-metadata: 2.556548859924078
  landing: 0.023031428456306458
  view-data: 0.5185811687260866
