times:
  edit-metadata: 2.514075817540288
  landing: 0.2128751575946808
  view-data: 0.4103129580616951
