times:
  edit-metadata: 2.1402588430792093
  landing: 0.02042633295059204
  view-data: 0.022520586848258972
