times:
  edit-metadata: 1.1423086686991155
  landing: 0.05241944594308734
  view-data: 0.23617343697696924
