times:
  edit-metadata: 2.430777357891202
  landing: 0.23979035019874573
  view-data: 0.27714668586850166
