times:
  edit-metadata: 2.0549677051603794
  landing: 0.018542859703302383
  view-data: 0.04905214253813028
