times:
  edit-metadata: 2.190503591671586
  landing: 0.021907078102231026
  view-data: 0.14259545877575874
