times:
  edit-metadata: 1.2886208188720047
  landing: 0.04578402312472463
  view-data: 0.24064134992659092
