times:
  edit-metadata: 2.1651385817676783
  landing: 0.019717292860150337
  view-data: 0.2654868960380554
