times:
  edit-metadata: 1.9152962788939476
  landing: 0.02392925973981619
  view-data: 0.4159389128908515
