times:
  edit-metadata: 2.37206800468266
  landing: 0.14430570043623447
  view-data: 0.024966435506939888
