times:
  edit-metadata: 2.1546185985207558
  landing: 0.1230065580457449
  view-data: 0.31705684401094913
