times:
  edit-metadata: 2.084293717518449
  landing: 0.022057903930544853
  view-data: 0.3014730168506503
