times:
  edit-metadata: 1.1444944557733834
  landing: 0.043404224794358015
  view-data: 0.23585566086694598
