times:
  edit-metadata: 2.123380484059453
  landing: 0.025346951559185982
  view-data: 0.023193292319774628
