times:
  edit-metadata: 2.341680698096752
  landing: 0.1480824090540409
  view-data: 0.36673685908317566
