times:
  edit-metadata: 2.111618332564831
  landing: 0.020369846373796463
  view-data: 0.02874341607093811
