times:
  edit-metadata: 2.1581744700670242
  landing: 0.01927553489804268
  view-data: 0.13020556420087814
