times:
  edit-metadata: 2.2974945697933435
  landing: 0.022073909640312195
  view-data: 0.02645229548215866
