times:
  edit-metadata: 2.6769292037934065
  landing: 0.022883348166942596
  view-data: 0.4233546108007431
