times:
  edit-metadata: 1.1379333031363785
  landing: 0.04597498383373022
  view-data: 0.24091755831614137
