times:
  edit-metadata: 2.138758591376245
  landing: 0.2209098432213068
  view-data: 0.02304599992930889
