times:
  edit-metadata: 2.5119025176391006
  landing: 0.2873213943094015
  view-data: 0.48920799139887094
