times:
  edit-metadata: 2.2670704126358032
  landing: 0.14363127946853638
  view-data: 0.02569434605538845
