times:
  edit-metadata: 2.531987441703677
  landing: 0.39762818813323975
  view-data: 0.359252717345953
