times:
  edit-metadata: 1.990947186946869
  landing: 0.11833967361599207
  view-data: 0.022834953851997852
