times:
  edit-metadata: 1.3539228769950569
  landing: 0.06458612205460668
  view-data: 0.2512373449280858
