times:
  edit-metadata: 2.5210918206721544
  landing: 0.1470140516757965
  view-data: 0.31626647897064686
