times:
  edit-metadata: 1.9842431480064988
  landing: 0.023133656941354275
  view-data: 0.028578806668519974
