times:
  edit-metadata: 2.236932773143053
  landing: 0.16160877980291843
  view-data: 0.027504488825798035
