times:
  edit-metadata: 1.1702503529377282
  landing: 0.05570589005947113
  view-data: 0.2695075678639114
