times:
  edit-metadata: 2.6141552850604057
  landing: 0.297745818272233
  view-data: 0.2262209728360176
