times:
  edit-metadata: 2.2505226749926805
  landing: 0.01949547976255417
  view-data: 0.22357169538736343
