times:
  edit-metadata: 2.1266751531511545
  landing: 0.01899239793419838
  view-data: 0.024611908942461014
