times:
  edit-metadata: 2.7305061668157578
  landing: 0.15664075128734112
  view-data: 0.3976563364267349
