times:
  edit-metadata: 1.2269942560233176
  landing: 0.049693710170686245
  view-data: 0.24407669296488166
