times:
  edit-metadata: 2.253372034057975
  landing: 0.022587323561310768
  view-data: 0.029273275285959244
