times:
  edit-metadata: 3.459894325584173
  landing: 0.20743783377110958
  view-data: 0.39925752952694893
