times:
  edit-metadata: 2.1256130132824183
  landing: 0.14716668706387281
  view-data: 0.023552846163511276
