times:
  edit-metadata: 2.0604960843920708
  landing: 0.021403808146715164
  view-data: 0.025202704593539238
