times:
  edit-metadata: 1.424405214842409
  landing: 0.085102170240134
  view-data: 0.23820913070812821
