times:
  edit-metadata: 2.384758347645402
  landing: 0.026986878365278244
  view-data: 0.02377597987651825
