times:
  edit-metadata: 1.2576507241465151
  landing: 0.07291435310617089
  view-data: 0.248185854870826
