times:
  edit-metadata: 2.147495498880744
  landing: 0.2230920772999525
  view-data: 0.025204841047525406
