times:
  edit-metadata: 2.410884065553546
  landing: 0.020430011674761772
  view-data: 0.34059720300137997
