times:
  edit-metadata: 2.27960192412138
  landing: 0.026910945773124695
  view-data: 0.12243109382688999
