times:
  edit-metadata: 2.0942041156813502
  landing: 0.2029956392943859
  view-data: 0.5961544774472713
