times:
  edit-metadata: 2.0287639470770955
  landing: 0.24832159094512463
  view-data: 0.22674691025167704
