times:
  edit-metadata: 2.3075662590563297
  landing: 0.020824329927563667
  view-data: 0.13179419562220573
