times:
  edit-metadata: 1.2453451277688146
  landing: 0.048116205260157585
  view-data: 0.2491380013525486
