times:
  edit-metadata: 2.0687840301543474
  landing: 0.26043520122766495
  view-data: 0.022879377007484436
