times:
  edit-metadata: 1.9975082026794553
  landing: 0.023239295929670334
  view-data: 0.02537278365343809
