times:
  edit-metadata: 2.1501539703458548
  landing: 0.1268175933510065
  view-data: 0.5480628646910191
