times:
  edit-metadata: 2.3778416980057955
  landing: 0.30838828533887863
  view-data: 0.13287832029163837
