times:
  edit-metadata: 2.433446943759918
  landing: 0.2241158951073885
  view-data: 0.1561776138842106
