times:
  edit-metadata: 1.220601291861385
  landing: 0.08926840405911207
  view-data: 0.23810137109830976
