times:
  edit-metadata: 2.1763207633048296
  landing: 0.021573282778263092
  view-data: 0.025891494005918503
