times:
  edit-metadata: 2.0941966120153666
  landing: 0.02366352640092373
  view-data: 0.24551056697964668
