times:
  edit-metadata: 1.9514096034690738
  landing: 0.022337754257023335
  view-data: 0.11321241222321987
