times:
  edit-metadata: 2.127542369067669
  landing: 0.020206790417432785
  view-data: 0.02479085698723793
