times:
  edit-metadata: 2.1263584159314632
  landing: 0.020732589066028595
  view-data: 0.4345222394913435
