times:
  edit-metadata: 2.235066916793585
  landing: 0.1524625774472952
  view-data: 0.02706013061106205
