times:
  edit-metadata: 1.9772067023441195
  landing: 0.021121119149029255
  view-data: 0.23449215944856405
