times:
  edit-metadata: 2.7761863246560097
  landing: 0.3119813743978739
  view-data: 0.028301382437348366
