times:
  edit-metadata: 1.5862852088175714
  landing: 0.04195020208135247
  view-data: 0.38265348691493273
