times:
  edit-metadata: 1.3515657330863178
  landing: 0.04540952201932669
  view-data: 0.25021938560530543
