times:
  edit-metadata: 2.418878972530365
  landing: 0.14983219280838966
  view-data: 0.02906797081232071
