times:
  edit-metadata: 1.935862804763019
  landing: 0.22217863518744707
  view-data: 0.027084840461611748
