times:
  edit-metadata: 1.57270090514794
  landing: 0.04492446966469288
  view-data: 0.3663880848325789
