times:
  edit-metadata: 2.142116231843829
  landing: 0.2203160636126995
  view-data: 0.10338726080954075
