times:
  edit-metadata: 2.1985143441706896
  landing: 0.09911897964775562
  view-data: 0.15223699621856213
