times:
  edit-metadata: 2.073865085840225
  landing: 0.1320194359868765
  view-data: 0.4800509847700596
