times:
  edit-metadata: 1.370871146209538
  landing: 0.08423057803884149
  view-data: 0.34583922009915113
