times:
  edit-metadata: 2.1815081629902124
  landing: 0.14546236395835876
  view-data: 0.024099666625261307
