times:
  edit-metadata: 2.3196803107857704
  landing: 0.09745399281382561
  view-data: 0.348658911883831
