times:
  edit-metadata: 2.3109500650316477
  landing: 0.02300519309937954
  view-data: 0.4849918559193611
