times:
  edit-metadata: 2.0348765067756176
  landing: 0.1442200057208538
  view-data: 0.13146528974175453
