times:
  edit-metadata: 1.3281404613517225
  landing: 0.04659615131095052
  view-data: 0.24029189022257924
