times:
  edit-metadata: 2.2149462066590786
  landing: 0.10136754438281059
  view-data: 0.025244569405913353
