times:
  edit-metadata: 2.7033812273293734
  landing: 0.03214582800865173
  view-data: 0.43502688221633434
