times:
  edit-metadata: 2.006452502682805
  landing: 0.019050374627113342
  view-data: 0.024838142096996307
