times:
  edit-metadata: 2.146472068503499
  landing: 0.2461889199912548
  view-data: 0.027192916721105576
