times:
  edit-metadata: 2.2144380640238523
  landing: 0.01904398947954178
  view-data: 0.023165784776210785
