times:
  edit-metadata: 2.294981472194195
  landing: 0.0231543630361557
  view-data: 0.36641766503453255
