times:
  edit-metadata: 2.4626126289367676
  landing: 0.021667849272489548
  view-data: 0.026960480958223343
