times:
  edit-metadata: 2.088158119469881
  landing: 0.12621480785310268
  view-data: 0.39770145807415247
