times:
  edit-metadata: 2.1691959481686354
  landing: 0.12254144437611103
  view-data: 0.14829968474805355
