times:
  edit-metadata: 2.126318048685789
  landing: 0.11958484165370464
  view-data: 0.02429547719657421
