times:
  edit-metadata: 2.207587294280529
  landing: 0.019759805873036385
  view-data: 0.026962239295244217
