times:
  edit-metadata: 1.9980314560234547
  landing: 0.01939858589321375
  view-data: 0.025579378008842468
