times:
  edit-metadata: 3.118882242590189
  landing: 0.19727549701929092
  view-data: 0.5790136810392141
