times:
  edit-metadata: 2.3748550079762936
  landing: 0.021337216719985008
  view-data: 0.3775212801992893
