times:
  edit-metadata: 1.9448626656085253
  landing: 0.021131450310349464
  view-data: 0.023034049198031425
