times:
  edit-metadata: 2.096207058057189
  landing: 0.018538505770266056
  view-data: 0.5860248068347573
