times:
  edit-metadata: 2.1802918761968613
  landing: 0.1985188126564026
  view-data: 0.02970300056040287
