times:
  edit-metadata: 2.077400142326951
  landing: 0.021463880315423012
  view-data: 0.024460764601826668
