times:
  edit-metadata: 3.5186313316226006
  landing: 0.051229363307356834
  view-data: 0.05436626821756363
