times:
  edit-metadata: 1.9465553108602762
  landing: 0.1577820023521781
  view-data: 0.02625538781285286
