times:
  edit-metadata: 2.7509693037718534
  landing: 0.022064216434955597
  view-data: 0.026716848835349083
