times:
  edit-metadata: 2.5441188998520374
  landing: 0.24493768624961376
  view-data: 0.03416617214679718
