times:
  edit-metadata: 2.355721974745393
  landing: 0.24024352058768272
  view-data: 0.15892817452549934
