times:
  edit-metadata: 2.113475466147065
  landing: 0.21197158377617598
  view-data: 0.44459377508610487
