times:
  edit-metadata: 2.3319300450384617
  landing: 0.24164188839495182
  view-data: 0.0269403588026762
