times:
  edit-metadata: 2.0609431248158216
  landing: 0.021402444690465927
  view-data: 0.3255927711725235
