times:
  edit-metadata: 2.336808690801263
  landing: 0.021261343732476234
  view-data: 0.12349325232207775
