times:
  edit-metadata: 2.452854312956333
  landing: 0.22382462583482265
  view-data: 0.025429869070649147
