times:
  edit-metadata: 2.143329154700041
  landing: 0.20600742101669312
  view-data: 0.3046990931034088
