times:
  edit-metadata: 1.1392781883478165
  landing: 0.05285242013633251
  view-data: 0.2421473520807922
