times:
  edit-metadata: 2.1019297894090414
  landing: 0.020155876874923706
  view-data: 0.023515133187174797
