times:
  edit-metadata: 2.0687380973249674
  landing: 0.02076294645667076
  view-data: 0.2995144259184599
