times:
  edit-metadata: 1.3655190546996891
  landing: 0.08492822013795376
  view-data: 0.24411293771117926
