times:
  edit-metadata: 2.330643540248275
  landing: 0.022253381088376045
  view-data: 0.02273804508149624
