times:
  edit-metadata: 2.020010028965771
  landing: 0.1208659615367651
  view-data: 0.5237896395847201
