times:
  edit-metadata: 2.7062223069369793
  landing: 0.23930863104760647
  view-data: 0.05712675116956234
