times:
  edit-metadata: 2.072789780795574
  landing: 0.15008044429123402
  view-data: 0.32752248272299767
