times:
  edit-metadata: 2.337776757776737
  landing: 0.020831378176808357
  view-data: 0.026278672739863396
