times:
  edit-metadata: 2.49751340970397
  landing: 0.020797930657863617
  view-data: 0.44302255287766457
