times:
  edit-metadata: 1.3919395618140697
  landing: 0.06860489025712013
  view-data: 0.2824905156157911
