times:
  edit-metadata: 2.4276705123484135
  landing: 0.019069012254476547
  view-data: 0.14991864375770092
