times:
  edit-metadata: 2.0695299319922924
  landing: 0.19890023954212666
  view-data: 0.025149570778012276
