times:
  edit-metadata: 2.437103906646371
  landing: 0.020418208092451096
  view-data: 0.37122764624655247
