times:
  edit-metadata: 2.628573650494218
  landing: 0.1926906742155552
  view-data: 0.43073539435863495
