times:
  edit-metadata: 2.2787447664886713
  landing: 0.27549009770154953
  view-data: 0.1453997567296028
