times:
  edit-metadata: 1.4141452880576253
  landing: 0.03843346890062094
  view-data: 0.24292784882709384
