times:
  edit-metadata: 2.121255511417985
  landing: 0.19595421850681305
  view-data: 0.026864049956202507
