times:
  edit-metadata: 1.2689867061562836
  landing: 0.04588265484198928
  view-data: 0.35088710533455014
