times:
  edit-metadata: 3.0347179006785154
  landing: 0.061641521751880646
  view-data: 0.20668576657772064
