times:
  edit-metadata: 2.314060978591442
  landing: 0.3095512315630913
  view-data: 0.3343697264790535
