times:
  edit-metadata: 2.610805068165064
  landing: 0.16233427450060844
  view-data: 0.029071541503071785
