times:
  edit-metadata: 1.987977810204029
  landing: 0.11522179283201694
  view-data: 0.024880066514015198
