times:
  edit-metadata: 1.98244424816221
  landing: 0.13643987476825714
  view-data: 0.42872354947030544
