times:
  edit-metadata: 2.127947000786662
  landing: 0.01969933696091175
  view-data: 0.12080993317067623
