times:
  edit-metadata: 2.8054919838905334
  landing: 0.1915456112474203
  view-data: 0.14484012313187122
