times:
  edit-metadata: 1.1362478039227426
  landing: 0.04872878594323993
  view-data: 0.2515145018696785
