times:
  edit-metadata: 2.0126687567681074
  landing: 0.027509694918990135
  view-data: 0.026852529495954514
