times:
  edit-metadata: 2.10697671584785
  landing: 0.22344660572707653
  view-data: 0.026349274441599846
