times:
  edit-metadata: 1.939465536735952
  landing: 0.2694577807560563
  view-data: 0.4085853165015578
