times:
  edit-metadata: 2.082624550908804
  landing: 0.1287169149145484
  view-data: 0.39718549977988005
