times:
  edit-metadata: 2.021662679500878
  landing: 0.20958501379936934
  view-data: 0.02280494011938572
