times:
  edit-metadata: 1.1643729167990386
  landing: 0.04520162986591458
  view-data: 0.24032159382477403
