times:
  edit-metadata: 2.138262487947941
  landing: 0.018544457852840424
  view-data: 0.12257714755833149
