times:
  edit-metadata: 2.1449307333678007
  landing: 0.22791161201894283
  view-data: 0.027120904996991158
