times:
  edit-metadata: 2.1907403226941824
  landing: 0.022045211866497993
  view-data: 0.13164793513715267
