times:
  edit-metadata: 2.2807608544826508
  landing: 0.11475059390068054
  view-data: 0.12781674601137638
