times:
  edit-metadata: 2.7964875996112823
  landing: 0.04131677933037281
  view-data: 0.14710765331983566
