times:
  edit-metadata: 2.97877000272274
  landing: 0.4216475021094084
  view-data: 0.221957640722394
