times:
  edit-metadata: 2.6755657102912664
  landing: 0.2185828648507595
  view-data: 0.42166183330118656
