times:
  edit-metadata: 2.0997172351926565
  landing: 0.01907554641366005
  view-data: 0.026199184358119965
