times:
  edit-metadata: 2.5916263945400715
  landing: 0.02244851365685463
  view-data: 0.3333939518779516
