times:
  edit-metadata: 1.398333989083767
  landing: 0.044364411383867264
  view-data: 0.2858597100712359
