times:
  edit-metadata: 2.5081260204315186
  landing: 0.022295834496617317
  view-data: 0.27871859446167946
