times:
  edit-metadata: 2.173174482770264
  landing: 0.12846012879163027
  view-data: 0.022680281661450863
