times:
  edit-metadata: 2.1090760100632906
  landing: 0.021566251292824745
  view-data: 0.023529767990112305
