times:
  edit-metadata: 2.1629455145448446
  landing: 0.16876512952148914
  view-data: 0.022766124457120895
