times:
  edit-metadata: 2.1019126269966364
  landing: 0.02051137387752533
  view-data: 0.11620361916720867
