times:
  edit-metadata: 2.0911255115643144
  landing: 0.018873732537031174
  view-data: 0.22746675740927458
