times:
  edit-metadata: 2.1886167842894793
  landing: 0.13972982950508595
  view-data: 0.3310988489538431
