times:
  edit-metadata: 2.188865700736642
  landing: 0.01873648911714554
  view-data: 0.12716094963252544
