times:
  edit-metadata: 2.158771526068449
  landing: 0.18990401178598404
  view-data: 0.02327618934214115
