times:
  edit-metadata: 2.107144810259342
  landing: 0.019320257008075714
  view-data: 0.024247676134109497
