times:
  edit-metadata: 2.028483892790973
  landing: 0.1989228930324316
  view-data: 0.41304114554077387
