times:
  edit-metadata: 1.2694775802083313
  landing: 0.054269575979560614
  view-data: 0.36025061225518584
