times:
  edit-metadata: 2.4534162990748882
  landing: 0.022877991199493408
  view-data: 0.14414777047932148
