times:
  edit-metadata: 2.2460920605808496
  landing: 0.12501798570156097
  view-data: 0.3634051773697138
