times:
  edit-metadata: 2.1000429652631283
  landing: 0.021004972979426384
  view-data: 0.36850934475660324
