times:
  edit-metadata: 1.4422379839234054
  landing: 0.06576556479558349
  view-data: 0.2743098819628358
