times:
  edit-metadata: 1.2458202759735286
  landing: 0.072720258962363
  view-data: 0.24348676903173327
