times:
  edit-metadata: 3.6515998486429453
  landing: 0.3632451631128788
  view-data: 0.44262939877808094
