times:
  edit-metadata: 2.4788475073873997
  landing: 0.1484533352777362
  view-data: 0.39818638283759356
