times:
  edit-metadata: 3.164679080247879
  landing: 0.16902531124651432
  view-data: 0.3926301430910826
