times:
  edit-metadata: 2.5773180071264505
  landing: 0.02053472213447094
  view-data: 0.026832466945052147
