times:
  edit-metadata: 2.56738069280982
  landing: 0.22446777019649744
  view-data: 0.118172787129879
