times:
  edit-metadata: 2.4826855482533574
  landing: 0.13016233872622252
  view-data: 0.23505456279963255
