times:
  edit-metadata: 2.7537922095507383
  landing: 0.12641690857708454
  view-data: 0.1627797670662403
