times:
  edit-metadata: 1.9250830691307783
  landing: 0.04722757311537862
  view-data: 0.2711204099468887
