times:
  edit-metadata: 2.9120139349251986
  landing: 0.26815323531627655
  view-data: 0.38317912444472313
