times:
  edit-metadata: 2.4277458265423775
  landing: 0.1463239211589098
  view-data: 0.13202964421361685
