times:
  edit-metadata: 2.608595995232463
  landing: 0.018629247322678566
  view-data: 0.024961698800325394
