times:
  edit-metadata: 1.6517898738384247
  landing: 0.07998535688966513
  view-data: 0.27487412421032786
