times:
  edit-metadata: 1.792078454978764
  landing: 0.061909953597933054
  view-data: 0.26769520808011293
