times:
  edit-metadata: 1.6169503889977932
  landing: 0.07216354180127382
  view-data: 0.2733871778473258
