times:
  edit-metadata: 2.6325476951897144
  landing: 0.02559797465801239
  view-data: 0.1270794663578272
