times:
  edit-metadata: 2.7265494596213102
  landing: 0.11936243250966072
  view-data: 0.42644353210926056
