times:
  edit-metadata: 2.6412499975413084
  landing: 0.1878275079652667
  view-data: 0.21820624079555273
