times:
  edit-metadata: 2.6182806733995676
  landing: 0.022370513528585434
  view-data: 0.09956976026296616
