times:
  edit-metadata: 2.0103889359161258
  landing: 0.0531771588139236
  view-data: 0.3573001651093364
