times:
  edit-metadata: 1.9207287039607763
  landing: 0.11091665597632527
  view-data: 0.2895339811220765
