times:
  edit-metadata: 1.5995337907224894
  landing: 0.06556353904306889
  view-data: 0.2670577121898532
