times:
  edit-metadata: 2.5806787367910147
  landing: 0.20573316514492035
  view-data: 0.025059742853045464
