times:
  edit-metadata: 2.565785209648311
  landing: 0.019886992871761322
  view-data: 0.3852596636861563
