times:
  edit-metadata: 2.7913616159930825
  landing: 0.01997549459338188
  view-data: 0.025063960812985897
