times:
  edit-metadata: 2.9990675263106823
  landing: 0.11741731874644756
  view-data: 0.38962154649198055
