times:
  edit-metadata: 2.5951984710991383
  landing: 0.02164098434150219
  view-data: 0.02586975134909153
