times:
  edit-metadata: 2.5768860280513763
  landing: 0.021039288491010666
  view-data: 0.355899790301919
