times:
  edit-metadata: 2.622861308977008
  landing: 0.019987979903817177
  view-data: 0.023707037791609764
