times:
  edit-metadata: 2.664492579177022
  landing: 0.1463179923593998
  view-data: 0.02286132611334324
