times:
  edit-metadata: 2.807394605129957
  landing: 0.26239894330501556
  view-data: 0.27546311169862747
