times:
  edit-metadata: 3.247716160491109
  landing: 0.2711148839443922
  view-data: 0.4577552303671837
