times:
  edit-metadata: 3.221226518973708
  landing: 0.2878107037395239
  view-data: 0.13053979352116585
