times:
  edit-metadata: 3.1319167278707027
  landing: 0.16053833067417145
  view-data: 0.17555207386612892
