times:
  edit-metadata: 1.729527500923723
  landing: 0.06312591908499599
  view-data: 0.44713929295539856
