times:
  edit-metadata: 2.887432783842087
  landing: 0.25029267370700836
  view-data: 0.128677386790514
