times:
  edit-metadata: 3.6137018017470837
  landing: 0.021633215248584747
  view-data: 0.35239878483116627
