times:
  edit-metadata: 2.6646341867744923
  landing: 0.11547543667256832
  view-data: 0.13525698892772198
