times:
  edit-metadata: 2.724942460656166
  landing: 0.019072799012064934
  view-data: 0.024153051897883415
