times:
  edit-metadata: 2.6197239719331264
  landing: 0.021558016538619995
  view-data: 0.026039989665150642
