times:
  edit-metadata: 2.8238712083548307
  landing: 0.217744879424572
  view-data: 0.026294752955436707
