times:
  edit-metadata: 2.4998822547495365
  landing: 0.018955746665596962
  view-data: 0.024604189209640026
