times:
  edit-metadata: 2.8366741202771664
  landing: 0.024637755006551743
  view-data: 0.023713761009275913
