times:
  edit-metadata: 3.3012029342353344
  landing: 0.2678191028535366
  view-data: 0.19040942564606667
