times:
  edit-metadata: 2.4502379409968853
  landing: 0.021723411045968533
  view-data: 0.42407578509300947
