times:
  edit-metadata: 2.904474638402462
  landing: 0.21763883903622627
  view-data: 0.36816373467445374
