times:
  edit-metadata: 2.0646247072145343
  landing: 0.10070873284712434
  view-data: 0.27710255002602935
