times:
  edit-metadata: 2.605400601401925
  landing: 0.11523700505495071
  view-data: 0.025526070967316628
