times:
  edit-metadata: 2.949201947078109
  landing: 0.14111890830099583
  view-data: 0.31229595094919205
