times:
  edit-metadata: 1.8457506741397083
  landing: 0.11038657231256366
  view-data: 0.28517023380845785
