times:
  edit-metadata: 3.078205209225416
  landing: 0.020745091140270233
  view-data: 0.1593646164983511
