times:
  edit-metadata: 3.435109656304121
  landing: 0.15384201519191265
  view-data: 0.36765911988914013
