times:
  edit-metadata: 2.5080643696710467
  landing: 0.020370126701891422
  view-data: 0.02626353595405817
