times:
  edit-metadata: 2.6563167087733746
  landing: 0.019408030435442924
  view-data: 0.023511242121458054
