times:
  edit-metadata: 2.687650376930833
  landing: 0.021614128723740578
  view-data: 0.028880581259727478
