times:
  edit-metadata: 2.7809334862977266
  landing: 0.019835663959383965
  view-data: 0.03730272687971592
