times:
  edit-metadata: 2.6048173028975725
  landing: 0.022971443831920624
  view-data: 0.025263220071792603
