times:
  edit-metadata: 2.7945173662155867
  landing: 0.19507949240505695
  view-data: 0.025990024209022522
