times:
  edit-metadata: 2.7112171836197376
  landing: 0.01959311217069626
  view-data: 0.02298407442867756
