times:
  edit-metadata: 3.724318108521402
  landing: 0.4525618562474847
  view-data: 0.2833176413550973
