times:
  edit-metadata: 3.211988704279065
  landing: 0.021660091355443
  view-data: 0.42557184770703316
