times:
  edit-metadata: 3.7724204398691654
  landing: 0.14046694058924913
  view-data: 0.3774890759959817
