times:
  edit-metadata: 3.131059844046831
  landing: 0.16688097268342972
  view-data: 0.39162423834204674
