times:
  edit-metadata: 2.573308417573571
  landing: 0.11863273568451405
  view-data: 0.025815261527895927
