times:
  edit-metadata: 2.7013841718435287
  landing: 0.10341926664113998
  view-data: 0.025797538459300995
