times:
  edit-metadata: 1.9203757881186903
  landing: 0.11408273503184319
  view-data: 0.3781596920453012
