times:
  edit-metadata: 2.802540320903063
  landing: 0.14180236123502254
  view-data: 0.026480933651328087
