times:
  edit-metadata: 2.5966520253568888
  landing: 0.01985999569296837
  view-data: 0.027685735374689102
