times:
  edit-metadata: 3.2675683572888374
  landing: 0.19544662535190582
  view-data: 0.04740902967751026
