times:
  edit-metadata: 2.0519983638077974
  landing: 0.04158539092168212
  view-data: 0.4591101408004761
