times:
  edit-metadata: 2.8158056177198887
  landing: 0.2133965641260147
  view-data: 0.024480722844600677
