times:
  edit-metadata: 2.6352763567119837
  landing: 0.2018543817102909
  view-data: 0.29365584440529346
