times:
  edit-metadata: 2.565888646990061
  landing: 0.021246768534183502
  view-data: 0.026176918298006058
