times:
  edit-metadata: 2.7385356053709984
  landing: 0.04685025941580534
  view-data: 0.09293938614428043
