times:
  edit-metadata: 2.4800533335655928
  landing: 0.11469126120209694
  view-data: 0.48218771163374186
