times:
  edit-metadata: 2.675996031612158
  landing: 0.14696108177304268
  view-data: 0.026948370039463043
