times:
  edit-metadata: 1.9213662007823586
  landing: 0.066191460005939
  view-data: 0.4254528060555458
