times:
  edit-metadata: 2.6596838869154453
  landing: 0.022340716794133186
  view-data: 0.3579976037144661
