times:
  edit-metadata: 2.536958757787943
  landing: 0.02150583826005459
  view-data: 0.02616606280207634
