times:
  edit-metadata: 2.7505006873980165
  landing: 0.1377374231815338
  view-data: 0.45261815935373306
