times:
  edit-metadata: 2.6237871907651424
  landing: 0.02112092636525631
  view-data: 0.02454802766442299
