times:
  edit-metadata: 1.6694723218679428
  landing: 0.04615531675517559
  view-data: 0.28319469932466745
