times:
  edit-metadata: 2.590627295896411
  landing: 0.02060975506901741
  view-data: 0.025730181485414505
