times:
  edit-metadata: 2.62323946878314
  landing: 0.027067098766565323
  view-data: 0.13046457432210445
