times:
  edit-metadata: 2.4832614473998547
  landing: 0.019752460531890392
  view-data: 0.11686733737587929
