times:
  edit-metadata: 2.58448151871562
  landing: 0.02210244070738554
  view-data: 0.025088450871407986
