times:
  edit-metadata: 2.093454121146351
  landing: 0.1376243382692337
  view-data: 0.4325999626889825
