times:
  edit-metadata: 1.6548873400315642
  landing: 0.047406360041350126
  view-data: 0.28518209839239717
