times:
  edit-metadata: 3.868524009361863
  landing: 0.43800224736332893
  view-data: 0.45834860391914845
