times:
  edit-metadata: 2.7051141560077667
  landing: 0.021215200424194336
  view-data: 0.023267759010195732
