times:
  edit-metadata: 2.638887207955122
  landing: 0.021488670259714127
  view-data: 0.024714823812246323
