times:
  edit-metadata: 2.6538604516535997
  landing: 0.02031424641609192
  view-data: 0.31825149059295654
