times:
  edit-metadata: 2.586406208574772
  landing: 0.021283570677042007
  view-data: 0.02301927376538515
