times:
  edit-metadata: 2.7064921371638775
  landing: 0.020872099325060844
  view-data: 0.025300191715359688
