times:
  edit-metadata: 2.6199456956237555
  landing: 0.022852765396237373
  view-data: 0.02722208946943283
