times:
  edit-metadata: 2.5161442421376705
  landing: 0.020662499591708183
  view-data: 0.1254952773451805
