times:
  edit-metadata: 3.053361875936389
  landing: 0.1930188685655594
  view-data: 0.4797671511769295
