times:
  edit-metadata: 2.6976729463785887
  landing: 0.21256695315241814
  view-data: 0.02476315200328827
