times:
  edit-metadata: 2.7373491767793894
  landing: 0.021007506176829338
  view-data: 0.12325571104884148
