times:
  edit-metadata: 3.1898232270032167
  landing: 0.21514606848359108
  view-data: 0.18759118765592575
