times:
  edit-metadata: 2.753267876803875
  landing: 0.021412117406725883
  view-data: 0.3198213279247284
