times:
  edit-metadata: 2.5737893860787153
  landing: 0.021851465106010437
  view-data: 0.024187404662370682
