times:
  edit-metadata: 1.7473732563667
  landing: 0.07172455405816436
  view-data: 0.4494471992366016
