times:
  edit-metadata: 2.0097303288057446
  landing: 0.07661749515682459
  view-data: 0.2651904090307653
