times:
  edit-metadata: 2.631593095138669
  landing: 0.12972642667591572
  view-data: 0.3409146685153246
