times:
  edit-metadata: 3.0068301428109407
  landing: 0.2698691263794899
  view-data: 0.33123781718313694
