times:
  edit-metadata: 2.567063570022583
  landing: 0.020453961566090584
  view-data: 0.024840569123625755
