times:
  edit-metadata: 2.6493578869849443
  landing: 0.03451527375727892
  view-data: 0.02544912602752447
