times:
  edit-metadata: 1.9400454727001488
  landing: 0.07897050864994526
  view-data: 0.42307044193148613
