times:
  edit-metadata: 2.4484173636883497
  landing: 0.01942565105855465
  view-data: 0.02542729489505291
