times:
  edit-metadata: 2.870530417189002
  landing: 0.21926490776240826
  view-data: 0.5541689451783895
