times:
  edit-metadata: 2.691634241491556
  landing: 0.02186744473874569
  view-data: 0.11946971155703068
