times:
  edit-metadata: 2.7452434431761503
  landing: 0.02143166773021221
  view-data: 0.027334075421094894
