times:
  edit-metadata: 3.015514723956585
  landing: 0.24572515301406384
  view-data: 0.43974568136036396
