times:
  edit-metadata: 2.7335149608552456
  landing: 0.04767680913209915
  view-data: 0.26142916455864906
