times:
  edit-metadata: 2.7802339028567076
  landing: 0.022844716906547546
  view-data: 0.1427339520305395
