times:
  edit-metadata: 2.723573423922062
  landing: 0.1698420625180006
  view-data: 0.34434722177684307
