times:
  edit-metadata: 2.9357288777828217
  landing: 0.020268922671675682
  view-data: 0.024865925312042236
