times:
  edit-metadata: 4.9237682379898615
  landing: 0.41992008200031705
  view-data: 0.4465569290041458
