times:
  edit-metadata: 2.887366618961096
  landing: 0.01932259276509285
  view-data: 0.1371212787926197
