times:
  edit-metadata: 3.197687342762947
  landing: 0.14087209105491638
  view-data: 0.17188110202550888
