times:
  edit-metadata: 2.475453951396048
  landing: 0.019035412929952145
  view-data: 0.024566003121435642
