times:
  edit-metadata: 2.3952974528074265
  landing: 0.11738821491599083
  view-data: 0.13285149447619915
