times:
  edit-metadata: 1.588747117202729
  landing: 0.07358971796929836
  view-data: 0.25969977024942636
