times:
  edit-metadata: 1.8820386459119618
  landing: 0.044305155985057354
  view-data: 0.2712917127646506
