times:
  edit-metadata: 2.684199122712016
  landing: 0.019488830119371414
  view-data: 0.025515109300613403
