times:
  edit-metadata: 3.155283283442259
  landing: 0.22155963070690632
  view-data: 0.3899949137121439
