times:
  edit-metadata: 2.5587002728134394
  landing: 0.023787496611475945
  view-data: 0.28107027523219585
