times:
  edit-metadata: 2.8057681787759066
  landing: 0.02229136973619461
  view-data: 0.11749541759490967
