times:
  edit-metadata: 2.508123858831823
  landing: 0.14221909269690514
  view-data: 0.48322450276464224
