times:
  edit-metadata: 2.572381993755698
  landing: 0.2028488302603364
  view-data: 0.22115905303508043
