times:
  edit-metadata: 2.7193447034806013
  landing: 0.02061278186738491
  view-data: 0.02499234862625599
