times:
  edit-metadata: 3.3397381752729416
  landing: 0.2283300068229437
  view-data: 0.46940663643181324
