times:
  edit-metadata: 2.8785279989242554
  landing: 0.2673341706395149
  view-data: 0.5098772570490837
