times:
  edit-metadata: 2.624705296009779
  landing: 0.019938690587878227
  view-data: 0.12994025088846684
