times:
  edit-metadata: 2.7545859795063734
  landing: 0.19984017126262188
  view-data: 0.12484585680067539
