times:
  edit-metadata: 2.21662476984784
  landing: 0.08569028694182634
  view-data: 0.261536693200469
