times:
  edit-metadata: 2.594039084389806
  landing: 0.019926346838474274
  view-data: 0.28697447665035725
