times:
  edit-metadata: 2.8199697453528643
  landing: 0.0196857787668705
  view-data: 0.1460794433951378
