times:
  edit-metadata: 2.446007694117725
  landing: 0.22440057527273893
  view-data: 0.4173247804865241
