times:
  edit-metadata: 2.013398000970483
  landing: 0.13116594264283776
  view-data: 0.4361282358877361
