times:
  edit-metadata: 3.091004015877843
  landing: 0.19143947586417198
  view-data: 0.14357007667422295
