times:
  edit-metadata: 2.94296533241868
  landing: 0.01959948055446148
  view-data: 0.31680475920438766
