times:
  edit-metadata: 2.603829702362418
  landing: 0.12420042417943478
  view-data: 0.027892660349607468
