times:
  edit-metadata: 2.731499328278005
  landing: 0.18622487597167492
  view-data: 0.1242536436766386
