times:
  edit-metadata: 2.3953028139658272
  landing: 0.04197405045852065
  view-data: 0.28214530274271965
