times:
  edit-metadata: 2.6046034414321184
  landing: 0.18874578550457954
  view-data: 0.027573222294449806
