times:
  edit-metadata: 2.652196366339922
  landing: 0.12054873630404472
  view-data: 0.023928899317979813
