times:
  edit-metadata: 2.8005153760313988
  landing: 0.13590948283672333
  view-data: 0.12498182989656925
