times:
  edit-metadata: 3.68365210108459
  landing: 0.18576616421341896
  view-data: 0.18714703805744648
