times:
  edit-metadata: 2.6450922451913357
  landing: 0.0247234757989645
  view-data: 0.02676980011165142
