times:
  edit-metadata: 1.6061836490407586
  landing: 0.060125596821308136
  view-data: 0.2711440878920257
