times:
  edit-metadata: 2.7971796058118343
  landing: 0.2941753100603819
  view-data: 0.4959932640194893
