times:
  edit-metadata: 2.5951637029647827
  landing: 0.13649085722863674
  view-data: 0.023118631914258003
