times:
  edit-metadata: 2.8947604931890965
  landing: 0.2961914259940386
  view-data: 0.37911118380725384
