times:
  edit-metadata: 2.5822209268808365
  landing: 0.2358782310038805
  view-data: 0.023701535537838936
