times:
  edit-metadata: 2.6552503537386656
  landing: 0.01946168951690197
  view-data: 0.023582283407449722
