times:
  edit-metadata: 2.5802866965532303
  landing: 0.20006881654262543
  view-data: 0.025669444352388382
