times:
  edit-metadata: 1.8503703442402184
  landing: 0.07507745875045657
  view-data: 0.4439824288710952
