times:
  edit-metadata: 2.462215021252632
  landing: 0.1356987776234746
  view-data: 0.2262901123613119
