times:
  edit-metadata: 2.672376101836562
  landing: 0.01870080642402172
  view-data: 0.11821004375815392
