times:
  edit-metadata: 2.8034573327749968
  landing: 0.16155066527426243
  view-data: 0.40637686662375927
