times:
  edit-metadata: 2.7026274856179953
  landing: 0.018129367381334305
  view-data: 0.1270193550735712
