times:
  edit-metadata: 2.8558246977627277
  landing: 0.31125590205192566
  view-data: 0.16285960376262665
