times:
  edit-metadata: 2.57742334343493
  landing: 0.02002648264169693
  view-data: 0.02543046325445175
