times:
  edit-metadata: 2.661911204457283
  landing: 0.020538486540317535
  view-data: 0.3449087794870138
