times:
  edit-metadata: 3.8568158354610205
  landing: 0.22286134585738182
  view-data: 0.5523158479481936
