times:
  edit-metadata: 2.704208843410015
  landing: 0.022173548117280006
  view-data: 0.02972697652876377
