times:
  edit-metadata: 1.932608051225543
  landing: 0.05857713194563985
  view-data: 0.3369464431889355
