times:
  edit-metadata: 1.3572945054620504
  landing: 0.020345856435596943
  view-data: 0.023444433696568012
