times:
  edit-metadata: 1.5515507087111473
  landing: 0.17871496453881264
  view-data: 0.028728539124131203
