times:
  edit-metadata: 1.5562822185456753
  landing: 0.15318580530583858
  view-data: 0.3886555340141058
