times:
  edit-metadata: 1.465060068294406
  landing: 0.12472379393875599
  view-data: 0.02315446361899376
