times:
  edit-metadata: 1.426564110442996
  landing: 0.018754860386252403
  view-data: 0.02480710856616497
