times:
  edit-metadata: 1.4738025236874819
  landing: 0.0204386617988348
  view-data: 0.38061642460525036
