times:
  edit-metadata: 0.43650330789387226
  landing: 0.04489314742386341
  view-data: 0.20291729737073183
