times:
  edit-metadata: 1.496866261586547
  landing: 0.02007073163986206
  view-data: 0.12232520803809166
