times:
  edit-metadata: 1.3591590356081724
  landing: 0.021414940245449543
  view-data: 0.027705826796591282
