times:
  edit-metadata: 0.7981668240390718
  landing: 0.06061995169147849
  view-data: 0.3070028689689934
