times:
  edit-metadata: 1.364656951278448
  landing: 0.02228197455406189
  view-data: 0.11969885881990194
