times:
  edit-metadata: 0.9050317802466452
  landing: 0.05920572020113468
  view-data: 0.21086125215515494
