times:
  edit-metadata: 1.3828373858705163
  landing: 0.02062864787876606
  view-data: 0.11891293991357088
