times:
  edit-metadata: 0.4590080315247178
  landing: 0.04145790729671717
  view-data: 0.3460333850234747
