times:
  edit-metadata: 0.4444412710145116
  landing: 0.04901111591607332
  view-data: 0.341040120460093
