times:
  edit-metadata: 1.4721124731004238
  landing: 0.20076476782560349
  view-data: 0.026698164641857147
