times:
  edit-metadata: 1.3440322373062372
  landing: 0.022068651393055916
  view-data: 0.12279643677175045
