times:
  edit-metadata: 0.616495059337467
  landing: 0.06561565306037664
  view-data: 0.2172633158043027
