times:
  edit-metadata: 1.2766989497467875
  landing: 0.0193672813475132
  view-data: 0.1249239444732666
