times:
  edit-metadata: 1.2754457024857402
  landing: 0.02164752408862114
  view-data: 0.025463035330176353
