times:
  edit-metadata: 1.8318062014877796
  landing: 0.22896902076900005
  view-data: 0.4874707832932472
