times:
  edit-metadata: 1.4542678650468588
  landing: 0.01940928027033806
  view-data: 0.022945215925574303
