times:
  edit-metadata: 1.3579968931153417
  landing: 0.02246544137597084
  view-data: 0.02288949489593506
