times:
  edit-metadata: 1.4626171234995127
  landing: 0.020793108269572258
  view-data: 0.12309726513922215
