times:
  edit-metadata: 1.2828363319858909
  landing: 0.023559502325952053
  view-data: 0.027097415179014206
