times:
  edit-metadata: 1.284645302221179
  landing: 0.02314513921737671
  view-data: 0.026206213049590588
