times:
  edit-metadata: 1.3414699649438262
  landing: 0.021492461673915386
  view-data: 0.027970122173428535
