times:
  edit-metadata: 1.2913848012685776
  landing: 0.18155769258737564
  view-data: 0.028601262718439102
