times:
  edit-metadata: 1.4829550590366125
  landing: 0.023835688829421997
  view-data: 0.025854820385575294
