times:
  edit-metadata: 2.4727100860327482
  landing: 0.19097930379211903
  view-data: 0.4305123183876276
