times:
  edit-metadata: 1.283731896430254
  landing: 0.019968545995652676
  view-data: 0.12334788218140602
