times:
  edit-metadata: 1.660850640386343
  landing: 0.04106990061700344
  view-data: 0.04692959226667881
