times:
  edit-metadata: 0.442970990203321
  landing: 0.045663969591259956
  view-data: 0.31697331741452217
