times:
  edit-metadata: 1.4370448058471084
  landing: 0.045885780826210976
  view-data: 0.026282857172191143
