times:
  edit-metadata: 1.2589965984225273
  landing: 0.02311093546450138
  view-data: 0.40941916685551405
