times:
  edit-metadata: 1.3288663253188133
  landing: 0.021082240156829357
  view-data: 0.40156521555036306
