times:
  edit-metadata: 0.4376495685428381
  landing: 0.045008404180407524
  view-data: 0.22527944389730692
