times:
  edit-metadata: 0.4391944035887718
  landing: 0.043549271300435066
  view-data: 0.20753776747733355
