times:
  edit-metadata: 1.3677014028653502
  landing: 0.020221910439431667
  view-data: 0.11482219398021698
