times:
  edit-metadata: 1.4305200353264809
  landing: 0.01963983103632927
  view-data: 0.022713981568813324
