times:
  edit-metadata: 1.2902664262801409
  landing: 0.019423446618020535
  view-data: 0.420008298009634
