times:
  edit-metadata: 1.6297890059649944
  landing: 0.35540736094117165
  view-data: 0.3708932362496853
