times:
  edit-metadata: 1.6372699961066246
  landing: 0.22318437695503235
  view-data: 0.024706272408366203
