times:
  edit-metadata: 1.279104707762599
  landing: 0.019508042372763157
  view-data: 0.030739196576178074
