times:
  edit-metadata: 1.3959498601034284
  landing: 0.0222821906208992
  view-data: 0.22083296533674002
