times:
  edit-metadata: 1.343409152701497
  landing: 0.018341406248509884
  view-data: 0.4127989215776324
