times:
  edit-metadata: 1.566491199657321
  landing: 0.13426193222403526
  view-data: 0.4058552235364914
