times:
  edit-metadata: 0.8391374330967665
  landing: 0.07514348113909364
  view-data: 0.3052330305799842
