times:
  edit-metadata: 1.9020737577229738
  landing: 0.2857606839388609
  view-data: 0.18395605869591236
