times:
  edit-metadata: 0.47897433303296566
  landing: 0.04443469177931547
  view-data: 0.20300106331706047
