times:
  edit-metadata: 0.44932836573570967
  landing: 0.0462074801325798
  view-data: 0.19452738016843796
