times:
  edit-metadata: 0.45368956960737705
  landing: 0.043284899555146694
  view-data: 0.19531237985938787
