times:
  edit-metadata: 1.6093885451555252
  landing: 0.15630020201206207
  view-data: 0.4433726444840431
