times:
  edit-metadata: 1.4973532911390066
  landing: 0.019736550748348236
  view-data: 0.024439483880996704
