times:
  edit-metadata: 1.3867055978626013
  landing: 0.19798948522657156
  view-data: 0.2242197496816516
