times:
  edit-metadata: 1.464497523382306
  landing: 0.019936051219701767
  view-data: 0.02554057352244854
