times:
  edit-metadata: 1.412572618573904
  landing: 0.025100819766521454
  view-data: 0.12019125185906887
