times:
  edit-metadata: 1.281817707233131
  landing: 0.02048909943550825
  view-data: 0.12508043739944696
