times:
  edit-metadata: 1.3568844720721245
  landing: 0.01858933363109827
  view-data: 0.025764470919966698
