times:
  edit-metadata: 1.3802231708541512
  landing: 0.17735851369798183
  view-data: 0.21126436721533537
