times:
  edit-metadata: 1.5840027704834938
  landing: 0.021746009588241577
  view-data: 0.027483487501740456
