times:
  edit-metadata: 1.5107512529939413
  landing: 0.12952425330877304
  view-data: 0.023389048874378204
