times:
  edit-metadata: 0.47105487529188395
  landing: 0.04245183523744345
  view-data: 0.23582108039408922
