times:
  edit-metadata: 0.7015573210082948
  landing: 0.0632041241042316
  view-data: 0.20565001294016838
