times:
  edit-metadata: 1.5486608743667603
  landing: 0.24659858364611864
  view-data: 0.4234855528920889
