times:
  edit-metadata: 1.5611869171261787
  landing: 0.02500034309923649
  view-data: 0.026034023612737656
