times:
  edit-metadata: 1.4151938082650304
  landing: 0.021462108939886093
  view-data: 0.20337169338017702
