times:
  edit-metadata: 1.3008087445050478
  landing: 0.1544854622334242
  view-data: 0.025310651399195194
