times:
  edit-metadata: 0.4474529270082712
  landing: 0.05028341244906187
  view-data: 0.32735614385455847
