times:
  edit-metadata: 1.7772921845316887
  landing: 0.023113567382097244
  view-data: 0.34948140755295753
