times:
  edit-metadata: 1.354864003136754
  landing: 0.022296275943517685
  view-data: 0.026345649734139442
