times:
  edit-metadata: 1.288057784549892
  landing: 0.021955197677016258
  view-data: 0.3762065228074789
