times:
  edit-metadata: 1.5333225075155497
  landing: 0.022702161222696304
  view-data: 0.030041174963116646
