times:
  edit-metadata: 1.2732780063524842
  landing: 0.021679703146219254
  view-data: 0.43092496879398823
