times:
  edit-metadata: 1.2920996425673366
  landing: 0.12380022741854191
  view-data: 0.025309408083558083
