times:
  edit-metadata: 1.7485205875709653
  landing: 0.11427279934287071
  view-data: 0.05335296969860792
