times:
  edit-metadata: 1.4970429930835962
  landing: 0.021758021786808968
  view-data: 0.02590712159872055
