times:
  edit-metadata: 1.6123626502230763
  landing: 0.02162365522235632
  view-data: 0.052887857891619205
