times:
  edit-metadata: 1.8181510716676712
  landing: 0.02225845865905285
  view-data: 0.41201623156666756
