times:
  edit-metadata: 1.3396469913423061
  landing: 0.020511632785201073
  view-data: 0.025626501999795437
