times:
  edit-metadata: 1.4605039935559034
  landing: 0.020290682092308998
  view-data: 0.024719607084989548
