times:
  edit-metadata: 1.4280242398381233
  landing: 0.022288594394922256
  view-data: 0.025177625939249992
