times:
  edit-metadata: 1.484961474314332
  landing: 0.0197067242115736
  view-data: 0.13275417499244213
