times:
  edit-metadata: 1.9275986440479755
  landing: 0.02131442353129387
  view-data: 0.41478224098682404
