times:
  edit-metadata: 0.6617352431640029
  landing: 0.06579214241355658
  view-data: 0.2655011541210115
