times:
  edit-metadata: 0.6218614401295781
  landing: 0.06764860590919852
  view-data: 0.2196272388100624
