times:
  edit-metadata: 1.485404247418046
  landing: 0.19175993837416172
  view-data: 0.023474548012018204
