times:
  edit-metadata: 1.5093729551881552
  landing: 0.02009035460650921
  view-data: 0.1256312746554613
