times:
  edit-metadata: 1.485959343612194
  landing: 0.11731669493019581
  view-data: 0.028271060436964035
