times:
  edit-metadata: 1.499398112297058
  landing: 0.024093404412269592
  view-data: 0.02361120656132698
