times:
  edit-metadata: 0.45460454374551773
  landing: 0.04346342198550701
  view-data: 0.2120237061753869
