times:
  edit-metadata: 1.9846661109477282
  landing: 0.22231251001358032
  view-data: 0.3786423709243536
