times:
  edit-metadata: 0.4450566256418824
  landing: 0.04800291918218136
  view-data: 0.1989065781235695
