times:
  edit-metadata: 1.6999576445668936
  landing: 0.1332958284765482
  view-data: 0.3879234567284584
