times:
  edit-metadata: 1.80041435174644
  landing: 0.02905825711786747
  view-data: 0.3426426872611046
