times:
  edit-metadata: 1.35607470292598
  landing: 0.02095257956534624
  view-data: 0.3971380777657032
