times:
  edit-metadata: 1.8542229114100337
  landing: 0.0513111911714077
  view-data: 0.026592823676764965
