times:
  edit-metadata: 1.6846633907407522
  landing: 0.21402883529663086
  view-data: 0.058434754610061646
