times:
  edit-metadata: 0.44308879040181637
  landing: 0.04174619913101196
  view-data: 0.20761687494814396
