times:
  edit-metadata: 0.44090842735022306
  landing: 0.045417179353535175
  view-data: 0.3286056285724044
