times:
  edit-metadata: 0.4470746237784624
  landing: 0.04839154100045562
  view-data: 0.3281563469208777
