times:
  edit-metadata: 0.6271800310350955
  landing: 0.07283729501068592
  view-data: 0.20198132982477546
