times:
  edit-metadata: 1.4248371552675962
  landing: 0.14082684367895126
  view-data: 0.025578388944268227
