times:
  edit-metadata: 1.5698430221527815
  landing: 0.02303079329431057
  view-data: 0.2492679115384817
