times:
  edit-metadata: 0.46626294357702136
  landing: 0.04531242698431015
  view-data: 0.330115610267967
