times:
  edit-metadata: 1.4492800263687968
  landing: 0.1388865802437067
  view-data: 0.4268953260034323
