times:
  edit-metadata: 1.511378371156752
  landing: 0.02426555659621954
  view-data: 0.14786062389612198
