times:
  edit-metadata: 1.4591877181082964
  landing: 0.13783615827560425
  view-data: 0.3526316247880459
