times:
  edit-metadata: 1.4219202604144812
  landing: 0.1281308326870203
  view-data: 0.3250161036849022
