times:
  edit-metadata: 1.2767545031383634
  landing: 0.1617866549640894
  view-data: 0.0255706999450922
