times:
  edit-metadata: 1.8674955125898123
  landing: 0.028783632442355156
  view-data: 0.4865600597113371
