times:
  edit-metadata: 0.6223984779790044
  landing: 0.0634742290712893
  view-data: 0.2430120031349361
