times:
  edit-metadata: 1.4184856647625566
  landing: 0.16465303301811218
  view-data: 0.12192341219633818
