times:
  edit-metadata: 0.658509218133986
  landing: 0.09093203907832503
  view-data: 0.22182905580848455
