times:
  edit-metadata: 1.3520422670990229
  landing: 0.12641495373100042
  view-data: 0.027039090171456337
