times:
  edit-metadata: 0.45173830538988113
  landing: 0.05239171255379915
  view-data: 0.21243043709546328
