times:
  edit-metadata: 1.465076657012105
  landing: 0.01886630803346634
  view-data: 0.02863493748009205
