times:
  edit-metadata: 1.6504381895065308
  landing: 0.23988746851682663
  view-data: 0.024173013865947723
