times:
  edit-metadata: 1.4402455538511276
  landing: 0.02176458016037941
  view-data: 0.342926699668169
