times:
  edit-metadata: 0.4621727094054222
  landing: 0.045840322971343994
  view-data: 0.2001020833849907
