times:
  edit-metadata: 1.6196824554353952
  landing: 0.2909204252064228
  view-data: 0.4907445590943098
