times:
  edit-metadata: 1.5487731508910656
  landing: 0.2982587609440088
  view-data: 0.3868339639157057
