times:
  edit-metadata: 1.5046474942937493
  landing: 0.04939049202948809
  view-data: 0.682385397143662
