times:
  edit-metadata: 1.5740035846829414
  landing: 0.31504320353269577
  view-data: 0.027183514088392258
