times:
  edit-metadata: 1.2677424727007747
  landing: 0.021545943804085255
  view-data: 0.024479910731315613
