times:
  edit-metadata: 1.325703808106482
  landing: 0.01960383541882038
  view-data: 0.11813229974359274
