times:
  edit-metadata: 0.6094780759885907
  landing: 0.07334631262347102
  view-data: 0.2121913661248982
