times:
  edit-metadata: 0.44728462491184473
  landing: 0.04644338693469763
  view-data: 0.46483752503991127
