times:
  edit-metadata: 0.6084967306815088
  landing: 0.12524763774126768
  view-data: 0.21365902200341225
