times:
  edit-metadata: 1.9135058671236038
  landing: 0.0221305713057518
  view-data: 0.3504803739488125
