times:
  edit-metadata: 1.5266750864684582
  landing: 0.16361111588776112
  view-data: 0.02732674963772297
