times:
  edit-metadata: 0.9110436248593032
  landing: 0.05418013408780098
  view-data: 0.3003307948820293
