times:
  edit-metadata: 1.3138065310195088
  landing: 0.019004717469215393
  view-data: 0.12261107936501503
