times:
  edit-metadata: 1.5998998321592808
  landing: 0.021926891058683395
  view-data: 0.28988104313611984
