times:
  edit-metadata: 0.4693775549530983
  landing: 0.04431144520640373
  view-data: 0.4569172952324152
