times:
  edit-metadata: 0.4454686874523759
  landing: 0.04244409780949354
  view-data: 0.20388166047632694
