times:
  edit-metadata: 2.4186800625175238
  landing: 0.34006416983902454
  view-data: 0.2595789134502411
