times:
  edit-metadata: 1.6175355687737465
  landing: 0.022756297141313553
  view-data: 0.02566584013402462
