times:
  edit-metadata: 1.8885721620172262
  landing: 0.15047105960547924
  view-data: 0.5219694599509239
