times:
  edit-metadata: 1.5109057119116187
  landing: 0.1452169818803668
  view-data: 0.34145985543727875
