times:
  edit-metadata: 1.7276299698278308
  landing: 0.2819679416716099
  view-data: 0.15404374990612268
