times:
  edit-metadata: 1.4309824304655194
  landing: 0.1786879003047943
  view-data: 0.22342337854206562
