times:
  edit-metadata: 0.6066038319841027
  landing: 0.07049866998568177
  view-data: 0.2101642326451838
