times:
  edit-metadata: 0.4621587786823511
  landing: 0.043838731944561005
  view-data: 0.20623929426074028
