times:
  edit-metadata: 1.6554456558078527
  landing: 0.019670657813549042
  view-data: 0.03161368519067764
