times:
  edit-metadata: 1.7877039890736341
  landing: 0.24680140428245068
  view-data: 0.3521231897175312
