times:
  edit-metadata: 1.716653123497963
  landing: 0.045277148485183716
  view-data: 0.16695114225149155
