times:
  edit-metadata: 1.388841406442225
  landing: 0.23768316116183996
  view-data: 0.1335015268996358
