times:
  edit-metadata: 1.3425300410017371
  landing: 0.021426014602184296
  view-data: 0.027162989601492882
