times:
  edit-metadata: 0.4378959434106946
  landing: 0.044932776130735874
  view-data: 0.34872301388531923
