times:
  edit-metadata: 1.2951134908944368
  landing: 0.021151014603674412
  view-data: 0.027953438460826874
