times:
  edit-metadata: 1.2659332351759076
  landing: 0.14394339080899954
  view-data: 0.027880152687430382
