times:
  edit-metadata: 1.3651888892054558
  landing: 0.019814083352684975
  view-data: 0.02498113177716732
