times:
  edit-metadata: 1.4825208969414234
  landing: 0.02128896489739418
  view-data: 0.43805997259914875
