times:
  edit-metadata: 1.4727081954479218
  landing: 0.16094578988850117
  view-data: 0.024631239473819733
