times:
  edit-metadata: 1.2613375540822744
  landing: 0.022168301977217197
  view-data: 0.11681209597736597
