times:
  edit-metadata: 0.475008986890316
  landing: 0.0498814657330513
  view-data: 0.4563486762344837
