times:
  edit-metadata: 1.3547154162079096
  landing: 0.13679483346641064
  view-data: 0.22383216954767704
