times:
  edit-metadata: 1.8132173269987106
  landing: 0.02124919556081295
  view-data: 0.029122453182935715
