times:
  edit-metadata: 1.7967160232365131
  landing: 0.28151520527899265
  view-data: 0.12839804217219353
