times:
  edit-metadata: 0.7487600091844797
  landing: 0.07289888709783554
  view-data: 0.29580613458529115
