times:
  edit-metadata: 1.7148494254797697
  landing: 0.023265356197953224
  view-data: 0.025333881378173828
