times:
  edit-metadata: 1.414033753797412
  landing: 0.22409475781023502
  view-data: 0.4364580297842622
