times:
  edit-metadata: 1.27837192453444
  landing: 0.022768987342715263
  view-data: 0.12446006573736668
