times:
  edit-metadata: 1.592396717518568
  landing: 0.2233789674937725
  view-data: 0.23595033586025238
