times:
  edit-metadata: 0.4640998784452677
  landing: 0.04550079628825188
  view-data: 0.4719879627227783
