times:
  edit-metadata: 1.4588398281484842
  landing: 0.14903191104531288
  view-data: 0.02380352094769478
