times:
  edit-metadata: 1.3328087301924825
  landing: 0.01922772452235222
  view-data: 0.025966198183596134
