times:
  edit-metadata: 1.3289059419184923
  landing: 0.02044343575835228
  view-data: 0.025521766394376755
