times:
  edit-metadata: 1.4213846856728196
  landing: 0.1310679204761982
  view-data: 0.11848030053079128
