times:
  edit-metadata: 1.2620817022398114
  landing: 0.11531483754515648
  view-data: 0.1200349759310484
