times:
  edit-metadata: 1.4437131378799677
  landing: 0.021827474236488342
  view-data: 0.024535255506634712
