times:
  edit-metadata: 1.4285280238837004
  landing: 0.10686697904020548
  view-data: 0.12114242371171713
