times:
  edit-metadata: 1.4973035119473934
  landing: 0.019781826063990593
  view-data: 0.0324809942394495
