times:
  edit-metadata: 1.4963945588096976
  landing: 0.019875583238899708
  view-data: 0.02241801656782627
