times:
  edit-metadata: 1.3525477116927505
  landing: 0.023052342236042023
  view-data: 0.12046114075928926
