times:
  edit-metadata: 1.4739358071237803
  landing: 0.020800499245524406
  view-data: 0.03222752921283245
