times:
  edit-metadata: 1.2783207837492228
  landing: 0.16945148818194866
  view-data: 0.10056864004582167
