times:
  edit-metadata: 0.6135816811583936
  landing: 0.11380454013124108
  view-data: 0.299884919077158
