times:
  edit-metadata: 1.3617519149556756
  landing: 0.021367238834500313
  view-data: 0.02788302581757307
