times:
  edit-metadata: 1.3020155215635896
  landing: 0.020037381909787655
  view-data: 0.39761111978441477
