times:
  edit-metadata: 1.2867885353043675
  landing: 0.022209868766367435
  view-data: 0.027912940829992294
