times:
  edit-metadata: 1.4851015228778124
  landing: 0.020829658955335617
  view-data: 0.31574317440390587
