times:
  edit-metadata: 1.2730662720277905
  landing: 0.01791687961667776
  view-data: 0.0269561680033803
