times:
  edit-metadata: 1.4536798996850848
  landing: 0.20656038541346788
  view-data: 0.2154702404513955
