times:
  edit-metadata: 1.45484453253448
  landing: 0.022974824532866478
  view-data: 0.02928158827126026
