times:
  edit-metadata: 1.4590913280844688
  landing: 0.02041035983711481
  view-data: 0.028316848911345005
