times:
  edit-metadata: 1.5905657317489386
  landing: 0.021286221221089363
  view-data: 0.026720356196165085
