times:
  edit-metadata: 1.8266547806560993
  landing: 0.049574924632906914
  view-data: 0.3671796340495348
