times:
  edit-metadata: 1.438413511030376
  landing: 0.2088728193193674
  view-data: 0.23830406088382006
