times:
  edit-metadata: 1.421526212245226
  landing: 0.019533513113856316
  view-data: 0.026479375548660755
