times:
  edit-metadata: 1.2539211167022586
  landing: 0.021329686045646667
  view-data: 0.11947881523519754
