times:
  edit-metadata: 1.3316148770973086
  landing: 0.021425841376185417
  view-data: 0.12436635605990887
