times:
  edit-metadata: 1.662491463124752
  landing: 0.02097255177795887
  view-data: 0.5156953278928995
