times:
  edit-metadata: 1.9861947540193796
  landing: 0.26884299889206886
  view-data: 0.3390113543719053
