times:
  edit-metadata: 1.3790520103648305
  landing: 0.021028214134275913
  view-data: 0.20659227296710014
