times:
  edit-metadata: 2.019216626882553
  landing: 0.13061400689184666
  view-data: 0.182432871311903
