times:
  edit-metadata: 0.4428638834506273
  landing: 0.05263380520045757
  view-data: 0.33037170488387346
