times:
  edit-metadata: 0.6030281060375273
  landing: 0.06957361288368702
  view-data: 0.20703900884836912
