times:
  edit-metadata: 1.4673181753605604
  landing: 0.14851757138967514
  view-data: 0.14103677216917276
