times:
  edit-metadata: 1.6474293060600758
  landing: 0.2061360888183117
  view-data: 0.16919882595539093
