times:
  edit-metadata: 1.4248286597430706
  landing: 0.01931801252067089
  view-data: 0.026437124237418175
