times:
  edit-metadata: 1.4550161492079496
  landing: 0.19865315593779087
  view-data: 0.028408056125044823
