times:
  edit-metadata: 1.2895713998004794
  landing: 0.02432091999799013
  view-data: 0.02857698779553175
