times:
  edit-metadata: 1.4056119099259377
  landing: 0.01904045045375824
  view-data: 0.3339541032910347
