times:
  edit-metadata: 0.4622287582606077
  landing: 0.04474356584250927
  view-data: 0.19590140506625175
