times:
  edit-metadata: 1.4539203410968184
  landing: 0.018745185807347298
  view-data: 0.24463274702429771
