times:
  edit-metadata: 1.5388978980481625
  landing: 0.02190380170941353
  view-data: 0.026694994419813156
