times:
  edit-metadata: 1.4623536877334118
  landing: 0.01846648007631302
  view-data: 0.026679951697587967
