times:
  edit-metadata: 0.6578253279440105
  landing: 0.07584674935787916
  view-data: 0.21353636495769024
