times:
  edit-metadata: 1.530632097274065
  landing: 0.021109964698553085
  view-data: 0.02566690184175968
