times:
  edit-metadata: 1.352519086562097
  landing: 0.11320944596081972
  view-data: 0.024833837524056435
