times:
  edit-metadata: 1.3050557356327772
  landing: 0.020057945512235165
  view-data: 0.11942191515117884
