times:
  edit-metadata: 1.3221139591187239
  landing: 0.12552618142217398
  view-data: 0.025101627223193645
