times:
  edit-metadata: 1.5214071050286293
  landing: 0.02220209874212742
  view-data: 0.11899898201227188
