times:
  edit-metadata: 1.2686097966507077
  landing: 0.02177457232028246
  view-data: 0.1265196232125163
