times:
  edit-metadata: 1.4881449230015278
  landing: 0.04713192209601402
  view-data: 0.05331350490450859
