times:
  edit-metadata: 0.6169237312860787
  landing: 0.15486077684909105
  view-data: 0.3187933159060776
