times:
  edit-metadata: 1.5266731847077608
  landing: 0.02155899628996849
  view-data: 0.02392764948308468
