times:
  edit-metadata: 0.6650372240692377
  landing: 0.06689339689910412
  view-data: 0.34587021404877305
