times:
  edit-metadata: 0.6998014473356307
  landing: 0.15257266676053405
  view-data: 0.22671992797404528
