times:
  edit-metadata: 1.319326146505773
  landing: 0.1628102846443653
  view-data: 0.027009197510778904
