times:
  edit-metadata: 0.46384359523653984
  landing: 0.041991169564425945
  view-data: 0.22009614761918783
