times:
  edit-metadata: 1.6858002226799726
  landing: 0.12911895662546158
  view-data: 0.027849629521369934
