times:
  edit-metadata: 1.2872715080156922
  landing: 0.12160349637269974
  view-data: 0.024036016315221786
