times:
  edit-metadata: 1.3312382586300373
  landing: 0.1462580831721425
  view-data: 0.11341414228081703
