times:
  edit-metadata: 1.315101838670671
  landing: 0.021434067748486996
  view-data: 0.028573958203196526
