times:
  edit-metadata: 1.3300790870562196
  landing: 0.01891773659735918
  view-data: 0.02563750185072422
