times:
  edit-metadata: 1.5162196401506662
  landing: 0.020869245752692223
  view-data: 0.12879700027406216
