times:
  edit-metadata: 1.8777466211467981
  landing: 0.14864162914454937
  view-data: 0.46828657761216164
