times:
  edit-metadata: 1.468413356691599
  landing: 0.01881532184779644
  view-data: 0.09683877974748611
