times:
  edit-metadata: 1.356380038894713
  landing: 0.01994616538286209
  view-data: 0.12568791303783655
