times:
  edit-metadata: 1.2943927440792322
  landing: 0.02132635936141014
  view-data: 0.027861515060067177
