times:
  edit-metadata: 1.3632863946259022
  landing: 0.13541145529597998
  view-data: 0.13557345047593117
