times:
  edit-metadata: 1.4295475594699383
  landing: 0.20769896358251572
  view-data: 0.1274798959493637
