times:
  edit-metadata: 1.4532790957018733
  landing: 0.020409153774380684
  view-data: 0.026722537353634834
