times:
  edit-metadata: 1.2951309774070978
  landing: 0.02264184784144163
  view-data: 0.02937221433967352
