times:
  edit-metadata: 1.4301646947860718
  landing: 0.19504843838512897
  view-data: 0.3707296773791313
