times:
  edit-metadata: 1.9578627087175846
  landing: 0.2658063620328903
  view-data: 0.4434605184942484
