times:
  edit-metadata: 1.3627456342801452
  landing: 0.02332621067762375
  view-data: 0.13301375694572926
