times:
  edit-metadata: 0.4515572478994727
  landing: 0.04609034210443497
  view-data: 0.1920719174668193
