times:
  edit-metadata: 1.2865043738856912
  landing: 0.020906793884932995
  view-data: 0.12684142123907804
