times:
  edit-metadata: 1.2556978734210134
  landing: 0.194849475286901
  view-data: 0.024235444143414497
