times:
  edit-metadata: 1.4847368150949478
  landing: 0.17845713905990124
  view-data: 0.022987186908721924
