times:
  edit-metadata: 1.5112152863293886
  landing: 0.15443365089595318
  view-data: 0.023168141022324562
