times:
  edit-metadata: 0.4533608960919082
  landing: 0.0405996348708868
  view-data: 0.4738671821542084
