times:
  edit-metadata: 0.449738223105669
  landing: 0.046955485828220844
  view-data: 0.21989362314343452
