times:
  edit-metadata: 1.527542888186872
  landing: 0.2488386994227767
  view-data: 0.5767272245138884
