times:
  edit-metadata: 1.495326530188322
  landing: 0.16722213849425316
  view-data: 0.153740419074893
