times:
  edit-metadata: 0.6758694481104612
  landing: 0.1246107891201973
  view-data: 0.21798781910911202
