times:
  edit-metadata: 1.4337488124147058
  landing: 0.019871643744409084
  view-data: 0.25024689827114344
