times:
  edit-metadata: 1.27891094237566
  landing: 0.024172937497496605
  view-data: 0.4620977118611336
