times:
  edit-metadata: 1.8329862765967846
  landing: 0.02723739668726921
  view-data: 0.3147816117852926
