times:
  edit-metadata: 1.3603891767561436
  landing: 0.01941645983606577
  view-data: 0.023956632241606712
