times:
  edit-metadata: 0.4607509719207883
  landing: 0.056397237814962864
  view-data: 0.20258690975606441
