times:
  edit-metadata: 1.5030605662614107
  landing: 0.021989798173308372
  view-data: 0.026379624381661415
