times:
  edit-metadata: 1.5816494021564722
  landing: 0.024775201454758644
  view-data: 0.023253479972481728
