times:
  edit-metadata: 1.7287870105355978
  landing: 0.10295786056667566
  view-data: 0.02623086702078581
