times:
  edit-metadata: 1.4642615392804146
  landing: 0.02028157189488411
  view-data: 0.022644156590104103
