times:
  edit-metadata: 1.9770452436059713
  landing: 0.35137136094272137
  view-data: 0.058534709736704826
