times:
  edit-metadata: 1.4768924862146378
  landing: 0.018546026200056076
  view-data: 0.29318766109645367
