times:
  edit-metadata: 0.5980066964402795
  landing: 0.06672048103064299
  view-data: 0.21762453066185117
