times:
  edit-metadata: 1.2742233872413635
  landing: 0.019568411633372307
  view-data: 0.4770450461655855
