times:
  edit-metadata: 1.4911188837140799
  landing: 0.021571774035692215
  view-data: 0.02718382142484188
