times:
  edit-metadata: 1.4371019657701254
  landing: 0.020152822136878967
  view-data: 0.32020293548703194
