times:
  edit-metadata: 1.2735422234982252
  landing: 0.01957272458821535
  view-data: 0.12561594881117344
