times:
  edit-metadata: 1.496752510778606
  landing: 0.15523516107350588
  view-data: 0.13137090485543013
