times:
  edit-metadata: 0.444800553843379
  landing: 0.05558550078421831
  view-data: 0.49195014126598835
