times:
  edit-metadata: 0.46754802530631423
  landing: 0.047902814112603664
  view-data: 0.33454046584665775
