times:
  edit-metadata: 0.4676344394683838
  landing: 0.050498116761446
  view-data: 0.19500923063606024
