times:
  edit-metadata: 1.6670623980462551
  landing: 0.019615907222032547
  view-data: 0.3733724430203438
