times:
  edit-metadata: 0.706524427048862
  landing: 0.07574897026643157
  view-data: 0.28122507221996784
