times:
  edit-metadata: 1.3755167070776224
  landing: 0.0205419659614563
  view-data: 0.024195807985961437
