times:
  edit-metadata: 0.8812429779209197
  landing: 0.06950653996318579
  view-data: 0.28439853293821216
