times:
  edit-metadata: 1.3653678856790066
  landing: 0.12407544534653425
  view-data: 0.12500984873622656
