times:
  edit-metadata: 1.6089548282325268
  landing: 0.02523617260158062
  view-data: 0.025545598939061165
