times:
  edit-metadata: 1.3169168522581458
  landing: 0.020234303548932076
  view-data: 0.027392256073653698
