times:
  edit-metadata: 1.4578402936458588
  landing: 0.02443852461874485
  view-data: 0.02708297036588192
