times:
  edit-metadata: 1.4245258998125792
  landing: 0.18220378924161196
  view-data: 0.1335389818996191
