times:
  edit-metadata: 0.6140113268047571
  landing: 0.06543103605508804
  view-data: 0.2347342181019485
