times:
  edit-metadata: 1.536588067188859
  landing: 0.15848816372454166
  view-data: 0.2552449833601713
