times:
  edit-metadata: 0.6969620850868523
  landing: 0.0771138146519661
  view-data: 0.25230272579938173
