times:
  edit-metadata: 0.46181819774210453
  landing: 0.04335588775575161
  view-data: 0.20171016734093428
