times:
  edit-metadata: 1.3490694323554635
  landing: 0.02177676372230053
  view-data: 0.02524418104439974
