times:
  edit-metadata: 1.5053719356656075
  landing: 0.021181009709835052
  view-data: 0.02527488023042679
