times:
  edit-metadata: 1.4189092088490725
  landing: 0.019726887345314026
  view-data: 0.023429345339536667
