times:
  edit-metadata: 1.735759750008583
  landing: 0.20584197714924812
  view-data: 0.34436422027647495
