times:
  edit-metadata: 1.2750220485031605
  landing: 0.11819774936884642
  view-data: 0.10459595918655396
