times:
  edit-metadata: 1.3834798224270344
  landing: 0.021647371351718903
  view-data: 0.025410013273358345
