times:
  edit-metadata: 1.4263313552364707
  landing: 0.2399314884096384
  view-data: 0.024838262237608433
