times:
  edit-metadata: 1.35593730956316
  landing: 0.021767725236713886
  view-data: 0.02550463005900383
