times:
  edit-metadata: 1.3491204278543591
  landing: 0.020069366320967674
  view-data: 0.11829063389450312
