times:
  edit-metadata: 0.4299034900031984
  landing: 0.042099669110029936
  view-data: 0.46796164475381374
