times:
  edit-metadata: 0.4502642787992954
  landing: 0.054968733340501785
  view-data: 0.3326724348589778
