times:
  edit-metadata: 0.43341014068573713
  landing: 0.04987853951752186
  view-data: 0.19671685434877872
