times:
  edit-metadata: 0.4514187821187079
  landing: 0.04433515900745988
  view-data: 0.5864833309315145
