times:
  edit-metadata: 0.4251577164977789
  landing: 0.04644406121224165
  view-data: 0.21957381255924702
