times:
  edit-metadata: 0.4453022126108408
  landing: 0.051194421015679836
  view-data: 0.3367289835587144
