times:
  edit-metadata: 0.4648984307423234
  landing: 0.04321468062698841
  view-data: 0.3304914878681302
