times:
  edit-metadata: 0.450250422116369
  landing: 0.04080115258693695
  view-data: 0.20432904502376914
