times:
  edit-metadata: 0.44193594297394156
  landing: 0.05366530502215028
  view-data: 0.2122394321486354
