times:
  edit-metadata: 0.44677992397919297
  landing: 0.048629970755428076
  view-data: 0.3264866811223328
