times:
  edit-metadata: 2.3776462487876415
  landing: 0.22914624866098166
  view-data: 0.2729156408458948
