times:
  edit-metadata: 2.4753926657140255
  landing: 0.021235324442386627
  view-data: 0.02441304363310337
