times:
  edit-metadata: 2.924899086356163
  landing: 0.16213305294513702
  view-data: 0.028518905863165855
