times:
  edit-metadata: 2.472496470436454
  landing: 0.20610732771456242
  view-data: 0.02284926362335682
