times:
  edit-metadata: 2.6114303413778543
  landing: 0.02380790002644062
  view-data: 0.025624597445130348
