times:
  edit-metadata: 3.0856385212391615
  landing: 0.28143743984401226
  view-data: 0.3493875730782747
