times:
  edit-metadata: 2.3801390985026956
  landing: 0.021952249109745026
  view-data: 0.33238849602639675
