times:
  edit-metadata: 2.5352034494280815
  landing: 0.23262901231646538
  view-data: 0.3556018117815256
