times:
  edit-metadata: 1.4889267743565142
  landing: 0.06634559435769916
  view-data: 0.2594721717759967
