times:
  edit-metadata: 2.477529287338257
  landing: 0.01951618865132332
  view-data: 0.024328863248229027
