times:
  edit-metadata: 2.661726640537381
  landing: 0.020845171064138412
  view-data: 0.028072787448763847
