times:
  edit-metadata: 1.6948892772197723
  landing: 0.0435793730430305
  view-data: 0.2636923920363188
