times:
  edit-metadata: 2.5525212064385414
  landing: 0.02326485514640808
  view-data: 0.028378859162330627
