times:
  edit-metadata: 1.5194727247580886
  landing: 0.09291658317670226
  view-data: 0.2643053028732538
