times:
  edit-metadata: 3.5570312160998583
  landing: 0.05218708887696266
  view-data: 0.5695325396955013
