times:
  edit-metadata: 1.6915470589883626
  landing: 0.12631974508985877
  view-data: 0.3461795309558511
