times:
  edit-metadata: 4.437731152400374
  landing: 0.5135420188307762
  view-data: 0.5535825453698635
