times:
  edit-metadata: 2.670169049873948
  landing: 0.021566282957792282
  view-data: 0.026923224329948425
