times:
  edit-metadata: 2.3793567148968577
  landing: 0.2371672671288252
  view-data: 0.30952787958085537
