times:
  edit-metadata: 2.331096631474793
  landing: 0.02120979316532612
  view-data: 0.40755233727395535
