times:
  edit-metadata: 2.980078214779496
  landing: 0.2807098999619484
  view-data: 0.33007933385670185
