times:
  edit-metadata: 3.0056204702705145
  landing: 0.2851719595491886
  view-data: 0.3283775504678488
