times:
  edit-metadata: 2.485089873895049
  landing: 0.11105941794812679
  view-data: 0.023960988968610764
