times:
  edit-metadata: 3.114793101325631
  landing: 0.305683184415102
  view-data: 0.38415450416505337
