times:
  edit-metadata: 1.5104712243191898
  landing: 0.046756450086832047
  view-data: 0.2550186198204756
