times:
  edit-metadata: 2.5860166680067778
  landing: 0.022072328254580498
  view-data: 0.13055670633912086
