times:
  edit-metadata: 1.866786738857627
  landing: 0.11338392412289977
  view-data: 0.4417185219936073
