times:
  edit-metadata: 2.965917957946658
  landing: 0.3005986325442791
  view-data: 0.15580568462610245
