times:
  edit-metadata: 2.6101172380149364
  landing: 0.02271069586277008
  view-data: 0.026617104187607765
