times:
  edit-metadata: 2.282952655106783
  landing: 0.021322916261851788
  view-data: 0.025112872011959553
