times:
  edit-metadata: 2.563651902601123
  landing: 0.1410091258585453
  view-data: 0.2970369104295969
