times:
  edit-metadata: 3.1156562119722366
  landing: 0.020331762731075287
  view-data: 0.28880360536277294
