times:
  edit-metadata: 3.870661433786154
  landing: 0.3373883757740259
  view-data: 0.3461823109537363
