times:
  edit-metadata: 2.3925271444022655
  landing: 0.27368576265871525
  view-data: 0.024118651635944843
