times:
  edit-metadata: 2.3938585678115487
  landing: 0.13048965111374855
  view-data: 0.529781804420054
