times:
  edit-metadata: 2.971449252218008
  landing: 0.021817129105329514
  view-data: 0.5383835956454277
