times:
  edit-metadata: 2.686113940551877
  landing: 0.24532976374030113
  view-data: 0.3578844405710697
