times:
  edit-metadata: 2.5621499978005886
  landing: 0.1319327224045992
  view-data: 0.35884295776486397
