times:
  edit-metadata: 2.577102778479457
  landing: 0.2207423374056816
  view-data: 0.1506653819233179
