times:
  edit-metadata: 2.3610975109040737
  landing: 0.20977087412029505
  view-data: 0.022972840815782547
