times:
  edit-metadata: 2.881851140409708
  landing: 0.24135809019207954
  view-data: 0.30501888692379
