times:
  edit-metadata: 2.123045810032636
  landing: 0.05892909364774823
  view-data: 0.2566113309003413
