times:
  edit-metadata: 2.4930370785295963
  landing: 0.023142680525779724
  view-data: 0.12499415874481201
