times:
  edit-metadata: 2.506377013400197
  landing: 0.025067752227187157
  view-data: 0.32758546993136406
