times:
  edit-metadata: 3.2064835987985134
  landing: 0.14266453683376312
  view-data: 0.3455033674836159
