times:
  edit-metadata: 2.338263498619199
  landing: 0.01841752789914608
  view-data: 0.33257327787578106
