times:
  edit-metadata: 2.601167030632496
  landing: 0.0980245303362608
  view-data: 0.3209841363132
