times:
  edit-metadata: 2.5087759755551815
  landing: 0.020246490836143494
  view-data: 0.023452172055840492
