times:
  edit-metadata: 2.6819134149700403
  landing: 0.3457796797156334
  view-data: 0.7320150323212147
