times:
  edit-metadata: 1.6541920700110495
  landing: 0.052722335793077946
  view-data: 0.2800032487139106
