times:
  edit-metadata: 2.8992059007287025
  landing: 0.23835262283682823
  view-data: 0.15037080645561218
