times:
  edit-metadata: 2.4570562597364187
  landing: 0.2556811226531863
  view-data: 0.2310785697773099
