times:
  edit-metadata: 2.5470046922564507
  landing: 0.12921578623354435
  view-data: 0.13667014054954052
