times:
  edit-metadata: 2.7084882259368896
  landing: 0.26223450526595116
  view-data: 0.1534169726073742
