times:
  edit-metadata: 2.3909783605486155
  landing: 0.020653704181313515
  view-data: 0.023927314206957817
