times:
  edit-metadata: 2.3404268231242895
  landing: 0.15429704915732145
  view-data: 0.22663953620940447
