times:
  edit-metadata: 3.0845944862812757
  landing: 0.24859732948243618
  view-data: 0.14698880165815353
