times:
  edit-metadata: 2.877906996756792
  landing: 0.2527800425887108
  view-data: 0.3303487244993448
