times:
  edit-metadata: 2.424191113561392
  landing: 0.19372433610260487
  view-data: 0.12162390165030956
