times:
  edit-metadata: 2.4531725589185953
  landing: 0.021106287837028503
  view-data: 0.025516409426927567
