times:
  edit-metadata: 2.7610302437096834
  landing: 0.24645154923200607
  view-data: 0.1507743075489998
