times:
  edit-metadata: 2.467629387974739
  landing: 0.020209725946187973
  view-data: 0.02752586454153061
