times:
  edit-metadata: 2.317608973942697
  landing: 0.12500129267573357
  view-data: 0.12888854648917913
