times:
  edit-metadata: 2.5470494870096445
  landing: 0.02005535364151001
  view-data: 0.13357439823448658
