times:
  edit-metadata: 2.41869555413723
  landing: 0.021052174270153046
  view-data: 0.025192681699991226
