times:
  edit-metadata: 2.408957156352699
  landing: 0.1498709972947836
  view-data: 0.5198030844330788
