times:
  edit-metadata: 2.5964921414852142
  landing: 0.02279771864414215
  view-data: 0.02685927040874958
