times:
  edit-metadata: 2.5974808614701033
  landing: 0.2202636208385229
  view-data: 0.02399156242609024
