times:
  edit-metadata: 2.4750581439584494
  landing: 0.020060067996382713
  view-data: 0.026464540511369705
