times:
  edit-metadata: 2.552341366186738
  landing: 0.09462496265769005
  view-data: 0.12810762971639633
