times:
  edit-metadata: 2.4209280479699373
  landing: 0.022314559668302536
  view-data: 0.026020623743534088
