times:
  edit-metadata: 3.46408237144351
  landing: 0.25492922589182854
  view-data: 0.16490127705037594
