times:
  edit-metadata: 2.699755435809493
  landing: 0.2160907480865717
  view-data: 0.34178572334349155
