times:
  edit-metadata: 2.432570308446884
  landing: 0.13255784288048744
  view-data: 0.027345450595021248
