times:
  edit-metadata: 2.3161498038098216
  landing: 0.020643536932766438
  view-data: 0.11817127279937267
