times:
  edit-metadata: 2.4581775031983852
  landing: 0.13331277295947075
  view-data: 0.13934849202632904
