times:
  edit-metadata: 2.5631748884916306
  landing: 0.15924104489386082
  view-data: 0.03039643168449402
