times:
  edit-metadata: 2.474870139732957
  landing: 0.14049161784350872
  view-data: 0.14023790694773197
