times:
  edit-metadata: 1.7166564660146832
  landing: 0.059821791015565395
  view-data: 0.2879296480678022
