times:
  edit-metadata: 1.5980320912785828
  landing: 0.12482075719162822
  view-data: 0.26355058513581753
