times:
  edit-metadata: 2.4690626952797174
  landing: 0.01932537741959095
  view-data: 0.02589554712176323
