times:
  edit-metadata: 2.333312095142901
  landing: 0.20187086146324873
  view-data: 0.023782961070537567
