times:
  edit-metadata: 2.685568204149604
  landing: 0.3533100914210081
  view-data: 0.3194276262074709
