times:
  edit-metadata: 2.8736669942736626
  landing: 0.3014772403985262
  view-data: 0.38754184544086456
