times:
  edit-metadata: 2.6322813518345356
  landing: 0.022723980247974396
  view-data: 0.024805039167404175
