times:
  edit-metadata: 2.512322910130024
  landing: 0.13224000856280327
  view-data: 0.3417931906878948
