times:
  edit-metadata: 2.443099657073617
  landing: 0.12442872487008572
  view-data: 0.13574653305113316
