times:
  edit-metadata: 2.895616164430976
  landing: 0.23298916779458523
  view-data: 0.2771926373243332
