times:
  edit-metadata: 2.4770554397255182
  landing: 0.020698223263025284
  view-data: 0.02742963470518589
