times:
  edit-metadata: 2.4969466030597687
  landing: 0.11324746161699295
  view-data: 0.02468057908117771
