times:
  edit-metadata: 2.6038698609918356
  landing: 0.2219918891787529
  view-data: 0.13860520720481873
