times:
  edit-metadata: 2.784968575462699
  landing: 0.18122735060751438
  view-data: 0.028764842078089714
