times:
  edit-metadata: 2.5682507026940584
  landing: 0.021484078839421272
  view-data: 0.026102706789970398
