times:
  edit-metadata: 3.083284916356206
  landing: 0.30295941419899464
  view-data: 0.5176277179270983
