times:
  edit-metadata: 2.515584159642458
  landing: 0.1212360467761755
  view-data: 0.3102089688181877
