times:
  edit-metadata: 2.407883122563362
  landing: 0.16527194902300835
  view-data: 0.14899823255836964
