times:
  edit-metadata: 2.9130278658121824
  landing: 0.22270241752266884
  view-data: 0.16129296459257603
