times:
  edit-metadata: 2.72287480160594
  landing: 0.02750232443213463
  view-data: 0.024959295988082886
