times:
  edit-metadata: 2.373633924871683
  landing: 0.019263953901827335
  view-data: 0.025317668914794922
