times:
  edit-metadata: 2.495376756414771
  landing: 0.018720218911767006
  view-data: 0.12030831724405289
