times:
  edit-metadata: 3.07544775120914
  landing: 0.32980301789939404
  view-data: 0.024885332211852074
