times:
  edit-metadata: 2.795763961970806
  landing: 0.2241970393806696
  view-data: 0.02573956362903118
