times:
  edit-metadata: 2.4540817756205797
  landing: 0.020013684406876564
  view-data: 0.28019178099930286
