times:
  edit-metadata: 2.4258139487355947
  landing: 0.13629043754190207
  view-data: 0.3547774897888303
