times:
  edit-metadata: 2.3251664880663157
  landing: 0.02051663212478161
  view-data: 0.39675306528806686
