times:
  edit-metadata: 2.528528058901429
  landing: 0.025857627391815186
  view-data: 0.31888926960527897
