times:
  edit-metadata: 2.691049460321665
  landing: 0.02103566750884056
  view-data: 0.3454175963997841
