times:
  edit-metadata: 2.53785109706223
  landing: 0.12799937278032303
  view-data: 0.1228521317243576
