times:
  edit-metadata: 2.586188692599535
  landing: 0.02252854034304619
  view-data: 0.02566642500460148
