times:
  edit-metadata: 1.9503846252337098
  landing: 0.1399765508249402
  view-data: 0.42065956676378846
