times:
  edit-metadata: 3.0383625365793705
  landing: 0.19315264374017715
  view-data: 0.6476764753460884
