times:
  edit-metadata: 2.6107553970068693
  landing: 0.02234307862818241
  view-data: 0.12749101221561432
