times:
  edit-metadata: 2.427776001393795
  landing: 0.022154828533530235
  view-data: 0.025679156184196472
