times:
  edit-metadata: 2.530635070055723
  landing: 0.16153669357299805
  view-data: 0.31973004899919033
