times:
  edit-metadata: 2.7017247304320335
  landing: 0.21846471540629864
  view-data: 0.15012477152049541
