times:
  edit-metadata: 2.45974843762815
  landing: 0.023908700793981552
  view-data: 0.02480255253612995
