times:
  edit-metadata: 3.0297963470220566
  landing: 0.20155475102365017
  view-data: 0.331261832267046
