times:
  edit-metadata: 1.8673718636855483
  landing: 0.09220076771453023
  view-data: 0.4047682057134807
