times:
  edit-metadata: 2.420347660779953
  landing: 0.24801506847143173
  view-data: 0.4190033841878176
