times:
  edit-metadata: 2.397023854777217
  landing: 0.01966715417802334
  view-data: 0.1264756340533495
