times:
  edit-metadata: 2.9467578064650297
  landing: 0.2405932880938053
  view-data: 0.41606554202735424
