times:
  edit-metadata: 3.02893228456378
  landing: 0.23277290910482407
  view-data: 0.13440541736781597
