times:
  edit-metadata: 3.0483351461589336
  landing: 0.018165569752454758
  view-data: 0.13681963086128235
