times:
  edit-metadata: 2.5686836168169975
  landing: 0.18989400565624237
  view-data: 0.02744436450302601
