times:
  edit-metadata: 2.413832343183458
  landing: 0.14241962041705847
  view-data: 0.13888390082865953
