times:
  edit-metadata: 2.607893317937851
  landing: 0.019854530692100525
  view-data: 0.3195854816585779
