times:
  edit-metadata: 2.042764101177454
  landing: 0.07005878770723939
  view-data: 0.27005037292838097
