times:
  edit-metadata: 2.3849576599895954
  landing: 0.14424020145088434
  view-data: 0.10242732521146536
