times:
  edit-metadata: 1.7764880899339914
  landing: 0.07088925316929817
  view-data: 0.39961979538202286
