times:
  edit-metadata: 1.903803130146116
  landing: 0.057151119224727154
  view-data: 0.30463284300640225
