times:
  edit-metadata: 2.4875876139849424
  landing: 0.12169698439538479
  view-data: 0.31244393065571785
