times:
  edit-metadata: 1.5578980059362948
  landing: 0.043524330016225576
  view-data: 0.2734791259281337
