times:
  edit-metadata: 2.3880787063390017
  landing: 0.020838629454374313
  view-data: 0.025842320173978806
