times:
  edit-metadata: 2.537990870885551
  landing: 0.1283017499372363
  view-data: 0.5083254110068083
