times:
  edit-metadata: 2.583041725680232
  landing: 0.023957952857017517
  view-data: 0.1297661680728197
