times:
  edit-metadata: 4.3110590018332005
  landing: 0.21132166869938374
  view-data: 0.36868900060653687
