times:
  edit-metadata: 1.5094949933700264
  landing: 0.038753338158130646
  view-data: 0.2619411409832537
