times:
  edit-metadata: 2.3735167970880866
  landing: 0.020035995170474052
  view-data: 0.4935978427529335
