times:
  edit-metadata: 1.5316650508902967
  landing: 0.04690624075010419
  view-data: 0.2619572919793427
