times:
  edit-metadata: 2.0005124928429723
  landing: 0.0651212609373033
  view-data: 0.41071600606665015
