times:
  edit-metadata: 2.7074439581483603
  landing: 0.23539052717387676
  view-data: 0.02406625635921955
