times:
  edit-metadata: 2.538601962849498
  landing: 0.018557080999016762
  view-data: 0.30217430368065834
