times:
  edit-metadata: 2.445992199704051
  landing: 0.02298637293279171
  view-data: 0.12342043220996857
