times:
  edit-metadata: 2.48907021433115
  landing: 0.22196422703564167
  view-data: 0.024688667617738247
