times:
  edit-metadata: 2.323987128213048
  landing: 0.021882524713873863
  view-data: 0.027727325446903706
