times:
  edit-metadata: 2.462779363617301
  landing: 0.020602993667125702
  view-data: 0.02744339592754841
