times:
  edit-metadata: 2.007377568166703
  landing: 0.06965456111356616
  view-data: 0.2770538218319416
