times:
  edit-metadata: 1.6436467608436942
  landing: 0.045489512383937836
  view-data: 0.272505487781018
