times:
  edit-metadata: 2.5213392470031977
  landing: 0.02076887898147106
  view-data: 0.025952767580747604
