times:
  edit-metadata: 2.4199620839208364
  landing: 0.018278050236403942
  view-data: 0.10603311005979776
