times:
  edit-metadata: 2.5453015100210905
  landing: 0.1472659334540367
  view-data: 0.023937547579407692
