times:
  edit-metadata: 1.8521650289185345
  landing: 0.08125194581225514
  view-data: 0.30283066630363464
