times:
  edit-metadata: 2.629953885450959
  landing: 0.018028443679213524
  view-data: 0.02207731083035469
