times:
  edit-metadata: 1.9027376268059015
  landing: 0.06698599504306912
  view-data: 0.32753707468509674
