times:
  edit-metadata: 1.9309868863783777
  landing: 0.19311912218108773
  view-data: 0.32566294306889176
