times:
  edit-metadata: 2.559784783050418
  landing: 0.18253221549093723
  view-data: 0.02392321452498436
