times:
  edit-metadata: 2.5340449530631304
  landing: 0.13170787505805492
  view-data: 0.02447335049510002
