times:
  edit-metadata: 2.3597410218790174
  landing: 0.1264748675748706
  view-data: 0.09826983511447906
