times:
  edit-metadata: 2.4474393986165524
  landing: 0.022708211094141006
  view-data: 0.026831884868443012
