times:
  edit-metadata: 1.7588200960308313
  landing: 0.06350797601044178
  view-data: 0.3908230350352824
