times:
  edit-metadata: 1.549113892018795
  landing: 0.05334951728582382
  view-data: 0.27037767274305224
