times:
  edit-metadata: 2.748083148151636
  landing: 0.257795836776495
  view-data: 0.1942969113588333
