times:
  edit-metadata: 1.7681874460540712
  landing: 0.07537744706496596
  view-data: 0.2761953556910157
