times:
  edit-metadata: 2.4089961033314466
  landing: 0.021306237205863
  view-data: 0.2972899042069912
