times:
  edit-metadata: 3.359116083011031
  landing: 0.06253675743937492
  view-data: 0.36543774232268333
