times:
  edit-metadata: 2.4947957769036293
  landing: 0.17901727184653282
  view-data: 0.30827481858432293
