times:
  edit-metadata: 2.472532030194998
  landing: 0.04384341277182102
  view-data: 0.27058051340281963
