times:
  edit-metadata: 2.5500297863036394
  landing: 0.021458469331264496
  view-data: 0.2763272915035486
