times:
  edit-metadata: 1.7465744875371456
  landing: 0.19531440548598766
  view-data: 0.3181391190737486
