times:
  edit-metadata: 1.9382038433104753
  landing: 0.021274670958518982
  view-data: 0.13821630366146564
