times:
  edit-metadata: 1.897869718261063
  landing: 0.04965352267026901
  view-data: 0.022566894069314003
