times:
  edit-metadata: 2.016490690410137
  landing: 0.2086026892066002
  view-data: 0.4907894190400839
