times:
  edit-metadata: 2.2393794134259224
  landing: 0.3114050757139921
  view-data: 0.13954729214310646
