times:
  edit-metadata: 1.9150825552642345
  landing: 0.20239691622555256
  view-data: 0.30666313879191875
