times:
  edit-metadata: 1.8085680585354567
  landing: 0.021705808117985725
  view-data: 0.02588377334177494
