times:
  edit-metadata: 1.55895811971277
  landing: 0.13581058476120234
  view-data: 0.022837908938527107
