times:
  edit-metadata: 1.715519579127431
  landing: 0.020240405574440956
  view-data: 0.13432641979306936
