times:
  edit-metadata: 1.9294299464672804
  landing: 0.3862883346155286
  view-data: 0.2512718327343464
