times:
  edit-metadata: 1.8873896598815918
  landing: 0.024288667365908623
  view-data: 0.032379910349845886
