times:
  edit-metadata: 2.2256985623389482
  landing: 0.25290716625750065
  view-data: 0.36707209423184395
