times:
  edit-metadata: 1.8646170403808355
  landing: 0.23529420979321003
  view-data: 0.025328731164336205
