times:
  edit-metadata: 1.7738273702561855
  landing: 0.01880575530230999
  view-data: 0.35573461279273033
