times:
  edit-metadata: 1.724546680226922
  landing: 0.1186053603887558
  view-data: 0.026730278506875038
