times:
  edit-metadata: 1.166098059155047
  landing: 0.04783604107797146
  view-data: 0.26655568880960345
