times:
  edit-metadata: 1.9317257441580296
  landing: 0.019136503338813782
  view-data: 0.31755806878209114
