times:
  edit-metadata: 1.706601807847619
  landing: 0.021065402776002884
  view-data: 0.27350574918091297
