times:
  edit-metadata: 2.0451213475316763
  landing: 0.24893913604319096
  view-data: 0.2098293211311102
