times:
  edit-metadata: 1.8266127575188875
  landing: 0.02095997892320156
  view-data: 0.33682616241276264
