times:
  edit-metadata: 1.8004284799098969
  landing: 0.02187613770365715
  view-data: 0.32864492014050484
