times:
  edit-metadata: 1.7660895390436053
  landing: 0.018888927064836025
  view-data: 0.024575977586209774
