times:
  edit-metadata: 1.7177419504150748
  landing: 0.18344264570623636
  view-data: 0.024167068302631378
