times:
  edit-metadata: 1.7070372551679611
  landing: 0.019451899453997612
  view-data: 0.3071998115628958
