times:
  edit-metadata: 2.0336070731282234
  landing: 0.39151641353964806
  view-data: 0.4712121281772852
