times:
  edit-metadata: 1.859064133837819
  landing: 0.23560531996190548
  view-data: 0.34375497698783875
