times:
  edit-metadata: 1.7410901822149754
  landing: 0.022429129108786583
  view-data: 0.2758070584386587
