times:
  edit-metadata: 1.698354072868824
  landing: 0.019819047302007675
  view-data: 0.024142973124980927
