times:
  edit-metadata: 1.8466057032346725
  landing: 0.019756311550736427
  view-data: 0.13288035988807678
