times:
  edit-metadata: 2.091090399771929
  landing: 0.1487513706088066
  view-data: 0.284087797626853
