times:
  edit-metadata: 1.816659001633525
  landing: 0.02132507786154747
  view-data: 0.14862986654043198
