times:
  edit-metadata: 2.1830696910619736
  landing: 0.12285526469349861
  view-data: 0.024730268865823746
