times:
  edit-metadata: 2.1465157717466354
  landing: 0.2823876067996025
  view-data: 0.370113966986537
