times:
  edit-metadata: 1.5970679465681314
  landing: 0.021189778111875057
  view-data: 0.09837805386632681
