times:
  edit-metadata: 1.7360122743993998
  landing: 0.022036124020814896
  view-data: 0.026854971423745155
