times:
  edit-metadata: 1.755189798772335
  landing: 0.019704200327396393
  view-data: 0.0228535458445549
