times:
  edit-metadata: 0.8903423473238945
  landing: 0.0526857003569603
  view-data: 0.3362707137130201
