times:
  edit-metadata: 1.0477532781660557
  landing: 0.04761409293860197
  view-data: 0.25508520379662514
