times:
  edit-metadata: 2.2381817400455475
  landing: 0.1703621968626976
  view-data: 0.17716649919748306
