times:
  edit-metadata: 1.7225426025688648
  landing: 0.11860156431794167
  view-data: 0.1030584815889597
