times:
  edit-metadata: 1.6753449123352766
  landing: 0.022525077685713768
  view-data: 0.028337091207504272
