times:
  edit-metadata: 1.7677315287292004
  landing: 0.05347145535051823
  view-data: 0.02660289965569973
