times:
  edit-metadata: 1.7276892587542534
  landing: 0.11382507905364037
  view-data: 0.024056870490312576
