times:
  edit-metadata: 1.6574054826050997
  landing: 0.019670166075229645
  view-data: 0.02494700998067856
