times:
  edit-metadata: 1.8245081510394812
  landing: 0.3727810885757208
  view-data: 0.355249235406518
