times:
  edit-metadata: 1.833094859495759
  landing: 0.20993291400372982
  view-data: 0.318301796913147
