times:
  edit-metadata: 1.9826384745538235
  landing: 0.25974151492118835
  view-data: 0.40269669331610203
