times:
  edit-metadata: 1.8380765654146671
  landing: 0.021155208349227905
  view-data: 0.02721513994038105
