times:
  edit-metadata: 1.8306157225742936
  landing: 0.13671717699617147
  view-data: 0.02388694602996111
