times:
  edit-metadata: 1.7750824987888336
  landing: 0.1841917484998703
  view-data: 0.42979361582547426
