times:
  edit-metadata: 1.0118291741237044
  landing: 0.07163811288774014
  view-data: 0.3298285608179867
