times:
  edit-metadata: 1.7244368568062782
  landing: 0.021279383450746536
  view-data: 0.3660117667168379
