times:
  edit-metadata: 1.724189380183816
  landing: 0.14621170796453953
  view-data: 0.023211250081658363
