times:
  edit-metadata: 0.8613315550610423
  landing: 0.06011933693662286
  view-data: 0.28525455109775066
