times:
  edit-metadata: 0.8201995720155537
  landing: 0.06526449369266629
  view-data: 0.22600133437663317
