times:
  edit-metadata: 1.7488246141001582
  landing: 0.24455482698976994
  view-data: 0.477932745590806
