times:
  edit-metadata: 1.822421781718731
  landing: 0.1681698802858591
  view-data: 0.02442052587866783
