times:
  edit-metadata: 1.723772032186389
  landing: 0.021503880620002747
  view-data: 0.025100985541939735
