times:
  edit-metadata: 1.7815121579915285
  landing: 0.2100810706615448
  view-data: 0.2732441630214453
