times:
  edit-metadata: 2.1090884879231453
  landing: 0.15776780620217323
  view-data: 0.3563458751887083
