times:
  edit-metadata: 0.8123598699457943
  landing: 0.04059501690790057
  view-data: 0.22031625406816602
