times:
  edit-metadata: 2.032868642359972
  landing: 0.020481791347265244
  view-data: 0.4280675183981657
