times:
  edit-metadata: 1.782068028114736
  landing: 0.020383739843964577
  view-data: 0.29128554556518793
