times:
  edit-metadata: 1.994583673775196
  landing: 0.1470685563981533
  view-data: 0.02471214160323143
