times:
  edit-metadata: 1.8786710537970066
  landing: 0.13840067386627197
  view-data: 0.13928987365216017
