times:
  edit-metadata: 1.7899175398051739
  landing: 0.10082006454467773
  view-data: 0.027079254388809204
