times:
  edit-metadata: 1.7458266206085682
  landing: 0.12595125660300255
  view-data: 0.024323713034391403
