times:
  edit-metadata: 2.0842041596770287
  landing: 0.13907188549637794
  view-data: 0.4234462808817625
