times:
  edit-metadata: 1.8501843120902777
  landing: 0.023603156208992004
  view-data: 0.02382127195596695
