times:
  edit-metadata: 2.112266456708312
  landing: 0.2467008400708437
  view-data: 0.4001350402832031
