times:
  edit-metadata: 1.7074988428503275
  landing: 0.21180100552737713
  view-data: 0.02652967907488346
