times:
  edit-metadata: 1.755992678925395
  landing: 0.22556535247713327
  view-data: 0.15580560453236103
