times:
  edit-metadata: 1.0946185910142958
  landing: 0.08188516786321998
  view-data: 0.3293200354091823
