times:
  edit-metadata: 1.7533946949988604
  landing: 0.1379508264362812
  view-data: 0.12370385602116585
