times:
  edit-metadata: 1.0847538099624217
  landing: 0.045353191904723644
  view-data: 0.3096623248420656
