times:
  edit-metadata: 1.7127052694559097
  landing: 0.019346648827195168
  view-data: 0.12930476665496826
