times:
  edit-metadata: 1.9476703777909279
  landing: 0.17769737169146538
  view-data: 0.031094687059521675
