times:
  edit-metadata: 2.3457909375429153
  landing: 0.02238295041024685
  view-data: 0.39733944460749626
