times:
  edit-metadata: 1.9593203626573086
  landing: 0.2990660909563303
  view-data: 0.16496313735842705
