times:
  edit-metadata: 1.7354269865900278
  landing: 0.023376518860459328
  view-data: 0.02415638603270054
