times:
  edit-metadata: 1.6340393563732505
  landing: 0.14389184676110744
  view-data: 0.023063570261001587
