times:
  edit-metadata: 0.8594685290008783
  landing: 0.049075864255428314
  view-data: 0.22571683023124933
