times:
  edit-metadata: 2.078493596985936
  landing: 0.12353380024433136
  view-data: 0.15467463433742523
