times:
  edit-metadata: 2.3493673093616962
  landing: 0.02319640852510929
  view-data: 0.35359649546444416
