times:
  edit-metadata: 1.5501234978437424
  landing: 0.021502580493688583
  view-data: 0.028692180290818214
