times:
  edit-metadata: 2.363835008814931
  landing: 0.16615944914519787
  view-data: 0.29287431202828884
