times:
  edit-metadata: 1.7534374557435513
  landing: 0.2515232041478157
  view-data: 0.023658620193600655
