times:
  edit-metadata: 1.7326327059417963
  landing: 0.11390570551156998
  view-data: 0.2776041552424431
