times:
  edit-metadata: 0.8197953370399773
  landing: 0.045374615117907524
  view-data: 0.22111332044005394
