times:
  edit-metadata: 3.24496803060174
  landing: 0.019267555326223373
  view-data: 0.024641480296850204
