times:
  edit-metadata: 1.6769639439880848
  landing: 0.019754448905587196
  view-data: 0.1029589381068945
