times:
  edit-metadata: 1.7997862175107002
  landing: 0.19882787205278873
  view-data: 0.02591228485107422
