times:
  edit-metadata: 1.087525247130543
  landing: 0.09223982878029346
  view-data: 0.22433787025511265
