times:
  edit-metadata: 1.6928079221397638
  landing: 0.019745729863643646
  view-data: 0.02632554993033409
