times:
  edit-metadata: 2.3737058620899916
  landing: 0.33496731147170067
  view-data: 0.34842031449079514
