times:
  edit-metadata: 1.0137561010196805
  landing: 0.14123574597761035
  view-data: 0.315815974958241
