times:
  edit-metadata: 1.8385756630450487
  landing: 0.02380368858575821
  view-data: 0.028249235823750496
