times:
  edit-metadata: 1.9823493026196957
  landing: 0.020297180861234665
  view-data: 0.322876650840044
