times:
  edit-metadata: 1.0025889929383993
  landing: 0.08848702488467097
  view-data: 0.22907759808003902
