times:
  edit-metadata: 1.05955595895648
  landing: 0.07636654889211059
  view-data: 0.22648582002148032
