times:
  edit-metadata: 1.7472126465290785
  landing: 0.020193329080939293
  view-data: 0.3376318886876106
