times:
  edit-metadata: 1.697879932820797
  landing: 0.01933559589087963
  view-data: 0.28695250302553177
