times:
  edit-metadata: 0.9084242158569396
  landing: 0.04538557073101401
  view-data: 0.23935791430994868
