times:
  edit-metadata: 1.72289904858917
  landing: 0.19990729354321957
  view-data: 0.1409272402524948
