times:
  edit-metadata: 1.5488589480519295
  landing: 0.11714877653867006
  view-data: 0.11917219869792461
