times:
  edit-metadata: 1.7857158072292805
  landing: 0.019833942875266075
  view-data: 0.02417936734855175
