times:
  edit-metadata: 1.8516271505504847
  landing: 0.019333168864250183
  view-data: 0.3202713932842016
