times:
  edit-metadata: 1.7928743474185467
  landing: 0.1297817025333643
  view-data: 0.23664920404553413
