times:
  edit-metadata: 1.9263810459524393
  landing: 0.022524327039718628
  view-data: 0.1402390692383051
