times:
  edit-metadata: 1.8799216207116842
  landing: 0.26259411312639713
  view-data: 0.16409907303750515
