times:
  edit-metadata: 1.9312429893761873
  landing: 0.13360131345689297
  view-data: 0.02915716916322708
