times:
  edit-metadata: 1.805633277632296
  landing: 0.019536773674190044
  view-data: 0.02463171537965536
