times:
  edit-metadata: 1.8495727721601725
  landing: 0.1404685229063034
  view-data: 0.02892003208398819
