times:
  edit-metadata: 0.9468865799717605
  landing: 0.04073660494759679
  view-data: 0.229860361199826
