times:
  edit-metadata: 1.5376708917319775
  landing: 0.17862929962575436
  view-data: 0.023921494372189045
