times:
  edit-metadata: 1.7475341968238354
  landing: 0.019194860011339188
  view-data: 0.025143636390566826
