times:
  edit-metadata: 2.0359712839126587
  landing: 0.023758139461278915
  view-data: 0.028181424364447594
