times:
  edit-metadata: 2.1328795719891787
  landing: 0.024212490767240524
  view-data: 0.027897000312805176
