times:
  edit-metadata: 0.8399221687577665
  landing: 0.04864187864586711
  view-data: 0.23400687985122204
