times:
  edit-metadata: 2.144146602600813
  landing: 0.2360013909637928
  view-data: 0.02562922239303589
