times:
  edit-metadata: 1.976018900051713
  landing: 0.24573435075581074
  view-data: 0.4824361000210047
