times:
  edit-metadata: 0.9426867510192096
  landing: 0.1141918171197176
  view-data: 0.23495599580928683
