times:
  edit-metadata: 2.0895684994757175
  landing: 0.027448080480098724
  view-data: 0.0241163969039917
