times:
  edit-metadata: 1.032169720157981
  landing: 0.050397243816405535
  view-data: 0.269291159696877
