times:
  edit-metadata: 1.8007176090031862
  landing: 0.19284052960574627
  view-data: 0.12500383146107197
