times:
  edit-metadata: 1.743328532204032
  landing: 0.019401773810386658
  view-data: 0.023221055045723915
