times:
  edit-metadata: 0.9861013810150325
  landing: 0.06746738310903311
  view-data: 0.3120385007932782
