times:
  edit-metadata: 2.3812048649415374
  landing: 0.02967893984168768
  view-data: 0.36177233047783375
