times:
  edit-metadata: 1.773337590508163
  landing: 0.020779453217983246
  view-data: 0.24972106609493494
