times:
  edit-metadata: 0.8225925178267062
  landing: 0.04596388200297952
  view-data: 0.23555977502837777
