times:
  edit-metadata: 1.8265624791383743
  landing: 0.12866566143929958
  view-data: 0.04955435823649168
