times:
  edit-metadata: 1.7249532788991928
  landing: 0.01869354397058487
  view-data: 0.12745539098978043
