times:
  edit-metadata: 2.3400718700140715
  landing: 0.03218560293316841
  view-data: 0.22981686517596245
