times:
  edit-metadata: 1.8151550199836493
  landing: 0.13070261757820845
  view-data: 0.24992000870406628
