times:
  edit-metadata: 1.6843008007854223
  landing: 0.02206222340464592
  view-data: 0.10439802147448063
