times:
  edit-metadata: 1.7485562544316053
  landing: 0.02035243809223175
  view-data: 0.024230588227510452
