times:
  edit-metadata: 2.6770300287753344
  landing: 0.28563382290303707
  view-data: 0.41268048621714115
