times:
  edit-metadata: 1.6856894120573997
  landing: 0.02166679874062538
  view-data: 0.027942495420575142
