times:
  edit-metadata: 1.6651685340330005
  landing: 0.021380428224802017
  view-data: 0.024817809462547302
