times:
  edit-metadata: 1.5514562353491783
  landing: 0.0947330929338932
  view-data: 0.41245432384312153
