times:
  edit-metadata: 1.8532545026391745
  landing: 0.09550393000245094
  view-data: 0.027333717793226242
