times:
  edit-metadata: 0.9089348139241338
  landing: 0.048045102041214705
  view-data: 0.2245975281111896
