times:
  edit-metadata: 1.7656735042110085
  landing: 0.02034732047468424
  view-data: 0.4244909221306443
