times:
  edit-metadata: 1.7286533154547215
  landing: 0.02029920369386673
  view-data: 0.1275681033730507
