times:
  edit-metadata: 1.023013194091618
  landing: 0.06676151230931282
  view-data: 0.2789518181234598
