times:
  edit-metadata: 1.7690046895295382
  landing: 0.01927436888217926
  view-data: 0.03205658681690693
