times:
  edit-metadata: 1.72347361035645
  landing: 0.1286995504051447
  view-data: 0.024296926334500313
