times:
  edit-metadata: 1.8014950659126043
  landing: 0.0207331832498312
  view-data: 0.023194948211312294
