times:
  edit-metadata: 2.22091824375093
  landing: 0.20043540187180042
  view-data: 0.18337666615843773
