times:
  edit-metadata: 2.9923440255224705
  landing: 0.20302276499569416
  view-data: 0.39455002173781395
