times:
  edit-metadata: 1.8649885412305593
  landing: 0.2996669467538595
  view-data: 0.4090056363493204
