times:
  edit-metadata: 1.9086807910352945
  landing: 0.020947013050317764
  view-data: 0.16853975132107735
