times:
  edit-metadata: 1.7392593063414097
  landing: 0.11856750212609768
  view-data: 0.02435169741511345
