times:
  edit-metadata: 1.7404183614999056
  landing: 0.023112744092941284
  view-data: 0.027401529252529144
