times:
  edit-metadata: 1.6799796652048826
  landing: 0.0212718453258276
  view-data: 0.024497403763234615
