times:
  edit-metadata: 2.2525162398815155
  landing: 0.33890955336391926
  view-data: 0.34846814163029194
