times:
  edit-metadata: 1.9024884011596441
  landing: 0.1370477918535471
  view-data: 0.24730445258319378
