times:
  edit-metadata: 1.8653916344046593
  landing: 0.13223895523697138
  view-data: 0.14274946879595518
