times:
  edit-metadata: 1.7316359803080559
  landing: 0.1113433949649334
  view-data: 0.025763148441910744
