times:
  edit-metadata: 1.7531911358237267
  landing: 0.14723275043070316
  view-data: 0.146571546792984
