times:
  edit-metadata: 0.8336179140023887
  landing: 0.04585627419874072
  view-data: 0.2324612340889871
