times:
  edit-metadata: 1.8680065721273422
  landing: 0.020108170807361603
  view-data: 0.027251949533820152
