times:
  edit-metadata: 1.7479829099029303
  landing: 0.13737314380705357
  view-data: 0.13686964102089405
