times:
  edit-metadata: 0.8410444748587906
  landing: 0.04515982698649168
  view-data: 0.2312242421321571
