times:
  edit-metadata: 1.0549231879413128
  landing: 0.049706218764185905
  view-data: 0.3386719669215381
