times:
  edit-metadata: 1.7721935026347637
  landing: 0.02086249552667141
  view-data: 0.023323701694607735
