times:
  edit-metadata: 2.5316698979586363
  landing: 0.3840251211076975
  view-data: 0.21867032162845135
