times:
  edit-metadata: 1.8655150048434734
  landing: 0.019944028928875923
  view-data: 0.15339916944503784
