times:
  edit-metadata: 0.4437808208167553
  landing: 0.05128058046102524
  view-data: 0.19737357646226883
