times:
  edit-metadata: 0.45187695883214474
  landing: 0.04876262508332729
  view-data: 0.33168763387948275
