times:
  edit-metadata: 0.4915493819862604
  landing: 0.04770446661859751
  view-data: 0.20783772971481085
