times:
  edit-metadata: 0.4287445154041052
  landing: 0.054572935216128826
  view-data: 0.34358000475913286
