times:
  edit-metadata: 0.5251254779286683
  landing: 0.06395170092582703
  view-data: 0.22248880891129375
