times:
  edit-metadata: 0.6609512497670949
  landing: 0.10694962693378329
  view-data: 0.21694587310776114
