times:
  edit-metadata: 0.7358887828886509
  landing: 0.07571025006473064
  view-data: 0.3116714949719608
