times:
  edit-metadata: 1.5454597808420658
  landing: 0.2751080393791199
  view-data: 0.34171860851347446
