times:
  edit-metadata: 1.746571270748973
  landing: 0.20573765598237514
  view-data: 0.42286378890275955
