times:
  edit-metadata: 0.6032872730866075
  landing: 0.1480153207667172
  view-data: 0.2142281411215663
