times:
  edit-metadata: 1.513697076588869
  landing: 0.23826141096651554
  view-data: 0.3874465115368366
