times:
  edit-metadata: 0.538227410055697
  landing: 0.04512966191396117
  view-data: 0.21611931081861258
