times:
  edit-metadata: 0.548537221737206
  landing: 0.11820887867361307
  view-data: 0.21475119795650244
