times:
  edit-metadata: 1.386827940121293
  landing: 0.26353250816464424
  view-data: 0.02457309700548649
