times:
  edit-metadata: 1.7276508189970627
  landing: 0.2753263209888246
  view-data: 0.26597275599488057
