times:
  edit-metadata: 0.5250785700045526
  landing: 0.06551382504403591
  view-data: 0.2171498197130859
