times:
  edit-metadata: 0.5496760415844619
  landing: 0.10641776584088802
  view-data: 0.21584019483998418
