times:
  edit-metadata: 0.6018245629966259
  landing: 0.0557985226623714
  view-data: 0.2091282568871975
