times:
  edit-metadata: 0.6156330439262092
  landing: 0.07121837697923183
  view-data: 0.21354384999722242
