times:
  edit-metadata: 0.5271476521156728
  landing: 0.08121804613620043
  view-data: 0.21178047498688102
