times:
  edit-metadata: 0.5338045819662511
  landing: 0.06966543896123767
  view-data: 0.22274610586464405
