times:
  edit-metadata: 0.7020495408214629
  landing: 0.15726021490991116
  view-data: 0.21735896496102214
