times:
  edit-metadata: 0.5371011826209724
  landing: 0.05916395829990506
  view-data: 0.21164364833384752
