times:
  edit-metadata: 0.7243720982223749
  landing: 0.06402154313400388
  view-data: 0.21213146019726992
