times:
  edit-metadata: 0.708163539879024
  landing: 0.07483130879700184
  view-data: 0.29254223871976137
