times:
  edit-metadata: 0.8897983538918197
  landing: 0.06877546291798353
  view-data: 0.21299516083672643
