times:
  edit-metadata: 0.5388182192109525
  landing: 0.07510245591402054
  view-data: 0.2220996073447168
