times:
  edit-metadata: 0.5494939968921244
  landing: 0.0703692059032619
  view-data: 0.21914525795727968
