times:
  edit-metadata: 0.5386375123634934
  landing: 0.07455229805782437
  view-data: 0.2171303923241794
