times:
  edit-metadata: 0.5617576353251934
  landing: 0.047295869793742895
  view-data: 0.20515659311786294
