times:
  edit-metadata: 0.588375146035105
  landing: 0.14983839495107532
  view-data: 0.2696749153546989
