times:
  edit-metadata: 0.5890298099257052
  landing: 0.094915471971035
  view-data: 0.27718151407316327
