times:
  edit-metadata: 0.5646747667342424
  landing: 0.05226485524326563
  view-data: 0.29725584713742137
