times:
  edit-metadata: 0.8232158338651061
  landing: 0.05807280074805021
  view-data: 0.20547302393242717
