times:
  edit-metadata: 0.7436595922335982
  landing: 0.07180522428825498
  view-data: 0.3184442059136927
