times:
  edit-metadata: 0.6102685439400375
  landing: 0.08282933197915554
  view-data: 0.21701636305078864
