times:
  edit-metadata: 1.320486782118678
  landing: 0.019514039158821106
  view-data: 0.0265839621424675
