times:
  edit-metadata: 1.48524134978652
  landing: 0.22785022482275963
  view-data: 0.05653718113899231
