times:
  edit-metadata: 1.3434787765145302
  landing: 0.020093603059649467
  view-data: 0.02519170753657818
