times:
  edit-metadata: 1.5444475524127483
  landing: 0.13955260440707207
  view-data: 0.29291292279958725
