times:
  edit-metadata: 1.6758946161717176
  landing: 0.020398778840899467
  view-data: 0.38020674139261246
