times:
  edit-metadata: 1.411620007827878
  landing: 0.22452210076153278
  view-data: 0.3548630177974701
