times:
  edit-metadata: 0.4777085902169347
  landing: 0.06998692033812404
  view-data: 0.21716977981850505
