times:
  edit-metadata: 1.767175929620862
  landing: 0.05650603771209717
  view-data: 0.42047928646206856
