times:
  edit-metadata: 1.3203521929681301
  landing: 0.13843913562595844
  view-data: 0.14134404249489307
