times:
  edit-metadata: 0.48274325020611286
  landing: 0.07091567292809486
  view-data: 0.22138855559751391
