times:
  edit-metadata: 1.328916311264038
  landing: 0.02063918113708496
  view-data: 0.3322624899446964
