times:
  edit-metadata: 1.3471766542643309
  landing: 0.019139550626277924
  view-data: 0.0229524876922369
