times:
  edit-metadata: 1.80564477853477
  landing: 0.019721990451216698
  view-data: 0.3532309401780367
