times:
  edit-metadata: 0.48714683996513486
  landing: 0.07125360984355211
  view-data: 0.3031603009440005
