times:
  edit-metadata: 1.6014127489179373
  landing: 0.2283316794782877
  view-data: 0.17498709075152874
