times:
  edit-metadata: 0.49775373516604304
  landing: 0.10569991497322917
  view-data: 0.21293811406940222
