times:
  edit-metadata: 1.4389552026987076
  landing: 0.10754567384719849
  view-data: 0.02468901965767145
