times:
  edit-metadata: 0.5790400882251561
  landing: 0.09225668106228113
  view-data: 0.26751370821148157
