times:
  edit-metadata: 1.580192657187581
  landing: 0.2210654877126217
  view-data: 0.30277727358043194
