times:
  edit-metadata: 1.3362838216125965
  landing: 0.02071188949048519
  view-data: 0.1298101209104061
