times:
  edit-metadata: 0.6433757520280778
  landing: 0.18180551705881953
  view-data: 0.21185373375192285
