times:
  edit-metadata: 1.4114363882690668
  landing: 0.13394294679164886
  view-data: 0.05553419888019562
