times:
  edit-metadata: 0.7255571158602834
  landing: 0.06271053291857243
  view-data: 0.2184183062054217
