times:
  edit-metadata: 0.4845317988656461
  landing: 0.07099650613963604
  view-data: 0.21443537203595042
