times:
  edit-metadata: 0.6570389969274402
  landing: 0.07269460009410977
  view-data: 0.2757252361625433
