times:
  edit-metadata: 1.355946209281683
  landing: 0.02050873637199402
  view-data: 0.1183728314936161
