times:
  edit-metadata: 1.3157156547531486
  landing: 0.12034858670085669
  view-data: 0.024366713128983974
