times:
  edit-metadata: 0.6020834590308368
  landing: 0.06889065261930227
  view-data: 0.2672776412218809
