times:
  edit-metadata: 1.3181758187711239
  landing: 0.022016534581780434
  view-data: 0.025442160665988922
