times:
  edit-metadata: 1.2688300209119916
  landing: 0.022347094491124153
  view-data: 0.1208088742569089
