times:
  edit-metadata: 1.428674703463912
  landing: 0.24454547837376595
  view-data: 0.027081085368990898
