times:
  edit-metadata: 1.3919410556554794
  landing: 0.02203311398625374
  view-data: 0.1530496682971716
