times:
  edit-metadata: 0.517197331879288
  landing: 0.15156844211742282
  view-data: 0.23151120590046048
