times:
  edit-metadata: 1.5191289354115725
  landing: 0.020855052396655083
  view-data: 0.29815342649817467
