times:
  edit-metadata: 1.3578823553398252
  landing: 0.12575831450521946
  view-data: 0.02580945659428835
