times:
  edit-metadata: 1.4633298739790916
  landing: 0.27307101152837276
  view-data: 0.35751297138631344
