times:
  edit-metadata: 1.3389308135956526
  landing: 0.020148340612649918
  view-data: 0.02398451790213585
