times:
  edit-metadata: 1.4243193184956908
  landing: 0.14263284672051668
  view-data: 0.3561250865459442
