times:
  edit-metadata: 1.569855635985732
  landing: 0.2871365565806627
  view-data: 0.3580032642930746
