times:
  edit-metadata: 0.47797169210389256
  landing: 0.09297076426446438
  view-data: 0.28335306188091636
