times:
  edit-metadata: 1.2628321321681142
  landing: 0.02192835323512554
  view-data: 0.02704166527837515
