times:
  edit-metadata: 1.574408408254385
  landing: 0.02112138271331787
  view-data: 0.13109714724123478
