times:
  edit-metadata: 1.4113945178687572
  landing: 0.12416080944240093
  view-data: 0.027939140796661377
