times:
  edit-metadata: 1.5389514844864607
  landing: 0.257494542747736
  view-data: 0.35054222866892815
