times:
  edit-metadata: 1.3646570071578026
  landing: 0.021555256098508835
  view-data: 0.025687498971819878
