times:
  edit-metadata: 1.3580308416858315
  landing: 0.23115152586251497
  view-data: 0.1401687217876315
