times:
  edit-metadata: 1.3553143162280321
  landing: 0.021760856732726097
  view-data: 0.0236210860311985
