times:
  edit-metadata: 1.5322812581434846
  landing: 0.32512666285037994
  view-data: 0.4847226096317172
