times:
  edit-metadata: 0.5343543412163854
  landing: 0.04997454723343253
  view-data: 0.21663000108674169
