times:
  edit-metadata: 1.395623965188861
  landing: 0.20752129331231117
  view-data: 0.23159015737473965
