times:
  edit-metadata: 1.6387301124632359
  landing: 0.16193090751767159
  view-data: 0.3118106070905924
