times:
  edit-metadata: 1.3697477830573916
  landing: 0.1827831156551838
  view-data: 0.23998304642736912
