times:
  edit-metadata: 1.3812701515853405
  landing: 0.02492258884012699
  view-data: 0.20214591547846794
