times:
  edit-metadata: 1.3376403357833624
  landing: 0.020018137991428375
  view-data: 0.12895417213439941
