times:
  edit-metadata: 0.6771109378896654
  landing: 0.0666964496485889
  view-data: 0.3308174000121653
