times:
  edit-metadata: 1.397003373131156
  landing: 0.0476677380502224
  view-data: 0.023621654137969017
