times:
  edit-metadata: 0.48586971731856465
  landing: 0.06539275916293263
  view-data: 0.21564986696466804
