times:
  edit-metadata: 1.3346491903066635
  landing: 0.023857399821281433
  view-data: 0.026825958862900734
