times:
  edit-metadata: 1.3767754305154085
  landing: 0.2178451493382454
  view-data: 0.12211823649704456
