times:
  edit-metadata: 1.5168217001482844
  landing: 0.024242973886430264
  view-data: 0.1318860212340951
