times:
  edit-metadata: 1.627263579517603
  landing: 0.125762689858675
  view-data: 0.3543997351080179
