times:
  edit-metadata: 1.5430943146348
  landing: 0.31488215923309326
  view-data: 0.5653632543981075
