times:
  edit-metadata: 1.2961995527148247
  landing: 0.022164685651659966
  view-data: 0.02476498670876026
