times:
  edit-metadata: 1.3489934345707297
  landing: 0.136742920614779
  view-data: 0.13308663945645094
