times:
  edit-metadata: 1.3675538450479507
  landing: 0.02041548117995262
  view-data: 0.12234683334827423
