times:
  edit-metadata: 0.7908360701985657
  landing: 0.06930872099474072
  view-data: 0.2083638720214367
