times:
  edit-metadata: 1.309339428320527
  landing: 0.023402225226163864
  view-data: 0.02566119097173214
