times:
  edit-metadata: 1.3205314222723246
  landing: 0.02151818387210369
  view-data: 0.025238413363695145
