times:
  edit-metadata: 1.834431640803814
  landing: 0.20923148281872272
  view-data: 0.023106138221919537
