times:
  edit-metadata: 1.4395306687802076
  landing: 0.14874080382287502
  view-data: 0.33426662161946297
