times:
  edit-metadata: 1.3280190359801054
  landing: 0.021171810105443
  view-data: 0.024734539911150932
