times:
  edit-metadata: 1.2960058581084013
  landing: 0.02031567692756653
  view-data: 0.023955881595611572
