times:
  edit-metadata: 1.647278679534793
  landing: 0.2134431842714548
  view-data: 0.023474400863051414
