times:
  edit-metadata: 1.4920592177659273
  landing: 0.4356473386287689
  view-data: 0.30387132614851
