times:
  edit-metadata: 1.385425966233015
  landing: 0.195420503616333
  view-data: 0.024317413568496704
