times:
  edit-metadata: 0.5860366788692772
  landing: 0.11162533378228545
  view-data: 0.22970377001911402
