times:
  edit-metadata: 0.46819584304466844
  landing: 0.06790164206176996
  view-data: 0.29017231287434697
