times:
  edit-metadata: 1.3146647065877914
  landing: 0.12626789696514606
  view-data: 0.02508719451725483
