times:
  edit-metadata: 1.37628342397511
  landing: 0.01979001797735691
  view-data: 0.337444806471467
