times:
  edit-metadata: 0.48850461142137647
  landing: 0.07964257802814245
  view-data: 0.2119106319732964
