times:
  edit-metadata: 1.5827050246298313
  landing: 0.2412053868174553
  view-data: 0.1803688332438469
