times:
  edit-metadata: 1.367927803657949
  landing: 0.2100740522146225
  view-data: 0.41984829865396023
