times:
  edit-metadata: 1.3010794818401337
  landing: 0.018725600093603134
  view-data: 0.023645013570785522
