times:
  edit-metadata: 1.3247891142964363
  landing: 0.18606956489384174
  view-data: 0.4112678589299321
