times:
  edit-metadata: 0.5445814658887684
  landing: 0.05481994990259409
  view-data: 0.2067322051152587
