times:
  edit-metadata: 1.4067166894674301
  landing: 0.16034987568855286
  view-data: 0.14483207650482655
