times:
  edit-metadata: 1.270828559063375
  landing: 0.02155459113419056
  view-data: 0.024183427914977074
