times:
  edit-metadata: 1.2973316693678498
  landing: 0.021721013821661472
  view-data: 0.026344023644924164
