times:
  edit-metadata: 1.405699536204338
  landing: 0.1198904700577259
  view-data: 0.023333923891186714
