times:
  edit-metadata: 1.35853754542768
  landing: 0.19094427302479744
  view-data: 0.022974285297095776
