times:
  edit-metadata: 2.2054562363773584
  landing: 0.34946343302726746
  view-data: 0.34280368126928806
