times:
  edit-metadata: 1.9215462561696768
  landing: 0.24023761972784996
  view-data: 0.02821749821305275
