times:
  edit-metadata: 1.5033630970865488
  landing: 0.2685660533607006
  view-data: 0.46082647144794464
