times:
  edit-metadata: 1.4246225655078888
  landing: 0.022172898054122925
  view-data: 0.025525681674480438
