times:
  edit-metadata: 1.3654673350974917
  landing: 0.1940017743036151
  view-data: 0.42942701652646065
