times:
  edit-metadata: 1.755117192864418
  landing: 0.021396581083536148
  view-data: 0.02431063912808895
