times:
  edit-metadata: 1.3630933091044426
  landing: 0.020453384146094322
  view-data: 0.02575257234275341
