times:
  edit-metadata: 1.3159345779567957
  landing: 0.0212999414652586
  view-data: 0.129167215898633
