times:
  edit-metadata: 1.5465757846832275
  landing: 0.2042353879660368
  view-data: 0.35183156467974186
