times:
  edit-metadata: 2.251949366182089
  landing: 0.364395072683692
  view-data: 0.3705178629606962
