times:
  edit-metadata: 1.8178326729685068
  landing: 0.1445426195859909
  view-data: 0.32278870046138763
