times:
  edit-metadata: 1.3475257186219096
  landing: 0.018390266224741936
  view-data: 0.026182061061263084
