times:
  edit-metadata: 1.2737988643348217
  landing: 0.019081762060523033
  view-data: 0.022312987595796585
