times:
  edit-metadata: 0.6586985308676958
  landing: 0.13548668706789613
  view-data: 0.21185622503980994
