times:
  edit-metadata: 1.3310863636434078
  landing: 0.021669205278158188
  view-data: 0.29194246605038643
