times:
  edit-metadata: 1.4156893379986286
  landing: 0.20874949172139168
  view-data: 0.12832041271030903
