times:
  edit-metadata: 0.6339405220933259
  landing: 0.05613233242183924
  view-data: 0.27056439593434334
