times:
  edit-metadata: 1.3206989355385303
  landing: 0.01967485062777996
  view-data: 0.02593838796019554
