times:
  edit-metadata: 1.3095134068280458
  landing: 0.02431993931531906
  view-data: 0.02734428644180298
