times:
  edit-metadata: 1.453853938728571
  landing: 0.02203592099249363
  view-data: 0.02420865371823311
