times:
  edit-metadata: 1.3744124248623848
  landing: 0.021912021562457085
  view-data: 0.16555973514914513
