times:
  edit-metadata: 1.5056239599362016
  landing: 0.019531712867319584
  view-data: 0.04498217161744833
