times:
  edit-metadata: 1.5135690085589886
  landing: 0.18878820352256298
  view-data: 0.02295624278485775
