times:
  edit-metadata: 1.3135420568287373
  landing: 0.019253844395279884
  view-data: 0.026387430727481842
