times:
  edit-metadata: 1.3734747637063265
  landing: 0.020761504769325256
  view-data: 0.2448916044086218
