times:
  edit-metadata: 1.4175090612843633
  landing: 0.041736921295523643
  view-data: 0.6126894438639283
