times:
  edit-metadata: 1.3494655340909958
  landing: 0.18988834880292416
  view-data: 0.02549360692501068
