times:
  edit-metadata: 1.6981643848121166
  landing: 0.14612581580877304
  view-data: 0.03142842464148998
