times:
  edit-metadata: 1.3107069935649633
  landing: 0.019924143329262733
  view-data: 0.023363128304481506
