times:
  edit-metadata: 1.4253170024603605
  landing: 0.1476442664861679
  view-data: 0.17893075942993164
