times:
  edit-metadata: 1.4677294436842203
  landing: 0.14622332528233528
  view-data: 0.3593272864818573
