times:
  edit-metadata: 1.4138657934963703
  landing: 0.15865527093410492
  view-data: 0.02593742124736309
