times:
  edit-metadata: 1.5011845957487822
  landing: 0.02377360127866268
  view-data: 0.29985663667321205
