times:
  edit-metadata: 1.432959177531302
  landing: 0.23466708976775408
  view-data: 0.4244390847161412
