times:
  edit-metadata: 1.464271081611514
  landing: 0.17530008684843779
  view-data: 0.2658017482608557
