times:
  edit-metadata: 1.3169894618913531
  landing: 0.02000466175377369
  view-data: 0.09621390327811241
