times:
  edit-metadata: 1.47650982812047
  landing: 0.0211962703615427
  view-data: 0.36101966351270676
