times:
  edit-metadata: 1.3120206575840712
  landing: 0.02168187126517296
  view-data: 0.02619384415447712
