times:
  edit-metadata: 1.314395161345601
  landing: 0.11939291842281818
  view-data: 0.02538178116083145
