times:
  edit-metadata: 1.3632851094007492
  landing: 0.11873622424900532
  view-data: 0.31786554120481014
