times:
  edit-metadata: 1.3987115900963545
  landing: 0.09053915180265903
  view-data: 0.1412966176867485
