times:
  edit-metadata: 1.3647839408367872
  landing: 0.15510393492877483
  view-data: 0.31272139959037304
