times:
  edit-metadata: 1.6871217675507069
  landing: 0.32432799600064754
  view-data: 0.31819579377770424
