times:
  edit-metadata: 1.3096319492906332
  landing: 0.12089928053319454
  view-data: 0.024477927014231682
