times:
  edit-metadata: 1.4576984029263258
  landing: 0.02132369950413704
  view-data: 0.4102484919130802
