times:
  edit-metadata: 0.6901964619755745
  landing: 0.08229347737506032
  view-data: 0.21413167379796505
