times:
  edit-metadata: 1.3975588800385594
  landing: 0.02025316283106804
  view-data: 0.47554845083504915
