times:
  edit-metadata: 1.346884835511446
  landing: 0.20645046047866344
  view-data: 0.3782640676945448
