times:
  edit-metadata: 1.2580401562154293
  landing: 0.021130099892616272
  view-data: 0.02591751515865326
