times:
  edit-metadata: 1.3934421576559544
  landing: 0.023445600643754005
  view-data: 0.14656854048371315
