times:
  edit-metadata: 1.4606287833303213
  landing: 0.12820021621882915
  view-data: 0.3561747148633003
