times:
  edit-metadata: 1.6660757958889008
  landing: 0.3516204562038183
  view-data: 0.390131626278162
