times:
  edit-metadata: 2.1470267549157143
  landing: 0.20287925750017166
  view-data: 0.18406645022332668
