times:
  edit-metadata: 1.3114730212837458
  landing: 0.15326087176799774
  view-data: 0.2923481184989214
