times:
  edit-metadata: 1.3189138853922486
  landing: 0.13066450599581003
  view-data: 0.023946203291416168
