times:
  edit-metadata: 0.49072821624577045
  landing: 0.06849711667746305
  view-data: 0.21828540181741118
