times:
  edit-metadata: 1.3486710041761398
  landing: 0.14525409787893295
  view-data: 0.27272435650229454
