times:
  edit-metadata: 1.3908509220927954
  landing: 0.29070414416491985
  view-data: 0.16391700692474842
