times:
  edit-metadata: 1.4175793640315533
  landing: 0.020352112129330635
  view-data: 0.12082260102033615
