times:
  edit-metadata: 1.3572012148797512
  landing: 0.020340749993920326
  view-data: 0.02539222687482834
