times:
  edit-metadata: 1.3149856831878424
  landing: 0.02094077318906784
  view-data: 0.027226602658629417
