times:
  edit-metadata: 1.2789399214088917
  landing: 0.02204083651304245
  view-data: 0.02326876111328602
