times:
  edit-metadata: 1.4772179536521435
  landing: 0.19302678853273392
  view-data: 0.33331237733364105
