times:
  edit-metadata: 1.335128216072917
  landing: 0.021670550107955933
  view-data: 0.12869857251644135
