times:
  edit-metadata: 0.7908700150437653
  landing: 0.04614399513229728
  view-data: 0.2959788851439953
