times:
  edit-metadata: 1.3760300809517503
  landing: 0.023336447775363922
  view-data: 0.02622812334448099
