times:
  edit-metadata: 1.4964433554559946
  landing: 0.23441487736999989
  view-data: 0.15529970824718475
