times:
  edit-metadata: 1.3959779646247625
  landing: 0.02089412324130535
  view-data: 0.02587353251874447
