times:
  edit-metadata: 1.5239331535995007
  landing: 0.32427781634032726
  view-data: 0.3985116872936487
