times:
  edit-metadata: 1.4347019316628575
  landing: 0.20114370435476303
  view-data: 0.02516415622085333
