times:
  edit-metadata: 1.3095726240426302
  landing: 0.19622962921857834
  view-data: 0.28711458668112755
