times:
  edit-metadata: 0.7989772059954703
  landing: 0.08414215967059135
  view-data: 0.3059926927089691
