times:
  edit-metadata: 0.7611552011221647
  landing: 0.042796241119503975
  view-data: 0.20486988127231598
