times:
  edit-metadata: 1.7551923915743828
  landing: 0.22426514886319637
  view-data: 0.33226606622338295
