times:
  edit-metadata: 1.3577777771279216
  landing: 0.25314487237483263
  view-data: 0.2897114818915725
