times:
  edit-metadata: 1.3044383022934198
  landing: 0.018560128286480904
  view-data: 0.026876993477344513
