times:
  edit-metadata: 1.524693712592125
  landing: 0.020300189033150673
  view-data: 0.39984378404915333
