times:
  edit-metadata: 1.3794019967317581
  landing: 0.19218293763697147
  view-data: 0.0253541711717844
