times:
  edit-metadata: 0.4924953579902649
  landing: 0.07482703309506178
  view-data: 0.20403078570961952
