times:
  edit-metadata: 1.433550551533699
  landing: 0.019867682829499245
  view-data: 0.024257836863398552
