times:
  edit-metadata: 1.461124550551176
  landing: 0.021825717762112617
  view-data: 0.02695469930768013
