times:
  edit-metadata: 1.3244117079302669
  landing: 0.0223715053871274
  view-data: 0.02787049487233162
