times:
  edit-metadata: 0.5108108990825713
  landing: 0.10254881717264652
  view-data: 0.30796099035069346
