times:
  edit-metadata: 1.2817818950861692
  landing: 0.1210673563182354
  view-data: 0.30469819717109203
