times:
  edit-metadata: 1.4458841569721699
  landing: 0.0463158767670393
  view-data: 0.5186015255749226
