times:
  edit-metadata: 1.7652475573122501
  landing: 0.027236774563789368
  view-data: 0.3183913640677929
