times:
  edit-metadata: 1.326854906976223
  landing: 0.020772147923707962
  view-data: 0.025755133479833603
