times:
  edit-metadata: 1.425636762753129
  landing: 0.19204760994762182
  view-data: 0.41602391470223665
