times:
  edit-metadata: 0.797163032926619
  landing: 0.08952591195702553
  view-data: 0.29475367814302444
