times:
  edit-metadata: 1.2888959404081106
  landing: 0.02337212674319744
  view-data: 0.02361912652850151
