times:
  edit-metadata: 1.4762264611199498
  landing: 0.01909224782139063
  view-data: 0.4057570518925786
