times:
  edit-metadata: 1.366388550028205
  landing: 0.12453593034297228
  view-data: 0.2220018981024623
