times:
  edit-metadata: 1.3283991776406765
  landing: 0.021334689110517502
  view-data: 0.024339979514479637
