times:
  edit-metadata: 1.4757035840302706
  landing: 0.26928389072418213
  view-data: 0.02361995540559292
