times:
  edit-metadata: 1.3947972021996975
  landing: 0.020326273515820503
  view-data: 0.313460536301136
