times:
  edit-metadata: 1.3240250777453184
  landing: 0.0211601834744215
  view-data: 0.02676684781908989
