times:
  edit-metadata: 1.3188476916402578
  landing: 0.021751536056399345
  view-data: 0.12651804648339748
