times:
  edit-metadata: 1.3960634768009186
  landing: 0.020657965913414955
  view-data: 0.02717781439423561
