times:
  edit-metadata: 1.3644468672573566
  landing: 0.252346932888031
  view-data: 0.27200354635715485
