times:
  edit-metadata: 0.5136507181450725
  landing: 0.10607527289539576
  view-data: 0.25715953996405005
