times:
  edit-metadata: 1.3960690069943666
  landing: 0.15612264722585678
  view-data: 0.10566199384629726
