times:
  edit-metadata: 1.5276352521032095
  landing: 0.15786766819655895
  view-data: 0.33074861019849777
