times:
  edit-metadata: 1.3773879976943135
  landing: 0.11925624683499336
  view-data: 0.02322185318917036
