times:
  edit-metadata: 1.3727421332150698
  landing: 0.14893868006765842
  view-data: 0.15168291330337524
