times:
  edit-metadata: 1.3446670528501272
  landing: 0.20517869107425213
  view-data: 0.27075699530541897
