times:
  edit-metadata: 0.4903553929179907
  landing: 0.1370187820866704
  view-data: 0.2138746757991612
