times:
  edit-metadata: 0.4862168300896883
  landing: 0.06186095392331481
  view-data: 0.21124304039403796
