times:
  edit-metadata: 3.289969587000087
  landing: 0.35153401902061887
  view-data: 0.7746286379988305
