times:
  edit-metadata: 0.5214126906357706
  landing: 0.07854733802378178
  view-data: 0.2823491240851581
