times:
  edit-metadata: 1.385568993166089
  landing: 0.2999350316822529
  view-data: 0.024812573567032814
