times:
  edit-metadata: 1.353706020861864
  landing: 0.019509311765432358
  view-data: 0.025668425485491753
