times:
  edit-metadata: 1.7510065976530313
  landing: 0.3041035681962967
  view-data: 0.34556841291487217
