times:
  edit-metadata: 1.3951913863420486
  landing: 0.020618898794054985
  view-data: 0.02612478658556938
