times:
  edit-metadata: 0.48923373501747847
  landing: 0.11714333295822144
  view-data: 0.31244998099282384
