times:
  edit-metadata: 1.5677701495587826
  landing: 0.22244814410805702
  view-data: 0.06314923241734505
