times:
  edit-metadata: 0.6550783021375537
  landing: 0.060950657818466425
  view-data: 0.27651785826310515
