times:
  edit-metadata: 1.3799634519964457
  landing: 0.19034411292523146
  view-data: 0.3730805441737175
