times:
  edit-metadata: 1.4325136244297028
  landing: 0.021923918277025223
  view-data: 0.027310874313116074
