times:
  edit-metadata: 1.5889646746218204
  landing: 0.3578381687402725
  view-data: 0.2943911273032427
