times:
  edit-metadata: 1.5624080002307892
  landing: 0.22078868933022022
  view-data: 0.3837434612214565
