times:
  edit-metadata: 0.6825061049312353
  landing: 0.15645110327750444
  view-data: 0.3052113982848823
