times:
  edit-metadata: 1.393112039193511
  landing: 0.2042727917432785
  view-data: 0.13657637685537338
