times:
  edit-metadata: 0.6367143020033836
  landing: 0.0771056073717773
  view-data: 0.2139104250818491
