times:
  edit-metadata: 0.5160750071518123
  landing: 0.048872578889131546
  view-data: 0.21082289516925812
