times:
  edit-metadata: 0.5103114950470626
  landing: 0.05028290022164583
  view-data: 0.20980933494865894
