times:
  edit-metadata: 1.3382099252194166
  landing: 0.2485579801723361
  view-data: 0.02332934271544218
