times:
  edit-metadata: 1.3374847993254662
  landing: 0.019124303944408894
  view-data: 0.43267063330858946
