times:
  edit-metadata: 0.5718199820257723
  landing: 0.058363731019198895
  view-data: 0.19458499317988753
