times:
  edit-metadata: 1.38244947232306
  landing: 0.1401207884773612
  view-data: 0.13475763890892267
