times:
  edit-metadata: 1.3628002842888236
  landing: 0.21990860160440207
  view-data: 0.24176505394279957
