times:
  edit-metadata: 1.3798962514847517
  landing: 0.02417656034231186
  view-data: 0.13660220988094807
