times:
  edit-metadata: 1.5288571007549763
  landing: 0.4095881748944521
  view-data: 0.19079503417015076
