times:
  edit-metadata: 1.3509388491511345
  landing: 0.1956690615043044
  view-data: 0.022981240414083004
