times:
  edit-metadata: 1.3789747655391693
  landing: 0.16357346996665
  view-data: 0.02292364276945591
