times:
  edit-metadata: 1.5099323224276304
  landing: 0.2383743841201067
  view-data: 0.2639781981706619
