times:
  edit-metadata: 1.4261470958590508
  landing: 0.33379307575523853
  view-data: 0.024606646969914436
