times:
  edit-metadata: 1.3114903569221497
  landing: 0.025471830740571022
  view-data: 0.024882357567548752
