times:
  edit-metadata: 1.3770870994776487
  landing: 0.02092420496046543
  view-data: 0.3072490394115448
