times:
  edit-metadata: 1.6173890307545662
  landing: 0.25657493993639946
  view-data: 0.02489546872675419
