times:
  edit-metadata: 1.4493063930422068
  landing: 0.02490515634417534
  view-data: 0.33524005860090256
