times:
  edit-metadata: 1.3384352643042803
  landing: 0.23345806077122688
  view-data: 0.1215626411139965
