times:
  edit-metadata: 1.3521911278367043
  landing: 0.15220611356198788
  view-data: 0.39908548444509506
