times:
  edit-metadata: 0.5253063249401748
  landing: 0.04774825507774949
  view-data: 0.2212646473199129
