times:
  edit-metadata: 1.3780229119583964
  landing: 0.24135845992714167
  view-data: 0.12376954220235348
