times:
  edit-metadata: 0.7601452809758484
  landing: 0.04883849807083607
  view-data: 0.30955557292327285
