times:
  edit-metadata: 1.5160995908081532
  landing: 0.021242940798401833
  view-data: 0.024815410375595093
