times:
  edit-metadata: 1.33290433883667
  landing: 0.019214611500501633
  view-data: 0.3148846998810768
