times:
  edit-metadata: 1.4133075531572104
  landing: 0.023138152435421944
  view-data: 0.25033024698495865
