times:
  edit-metadata: 1.3490136358886957
  landing: 0.02116241119801998
  view-data: 0.025380542501807213
