times:
  edit-metadata: 1.786374369636178
  landing: 0.2847034726291895
  view-data: 0.1457527857273817
