times:
  edit-metadata: 1.488217769190669
  landing: 0.1425098404288292
  view-data: 0.4019029326736927
