times:
  edit-metadata: 1.7173412945121527
  landing: 0.41121687181293964
  view-data: 0.356740090996027
