times:
  edit-metadata: 1.7487394325435162
  landing: 0.3443594090640545
  view-data: 0.31681438721716404
