times:
  edit-metadata: 1.416084224358201
  landing: 0.022032909095287323
  view-data: 0.02306339330971241
