times:
  edit-metadata: 1.2843711487948895
  landing: 0.019397707656025887
  view-data: 0.023730922490358353
