times:
  edit-metadata: 1.3875937517732382
  landing: 0.18426242470741272
  view-data: 0.022619180381298065
