times:
  edit-metadata: 1.728374382480979
  landing: 0.020107228308916092
  view-data: 0.32442642375826836
