times:
  edit-metadata: 1.31529557146132
  landing: 0.020722636952996254
  view-data: 0.025648904964327812
