times:
  edit-metadata: 1.3232956379652023
  landing: 0.020361648872494698
  view-data: 0.028433479368686676
