times:
  edit-metadata: 1.6690660193562508
  landing: 0.2324561160057783
  view-data: 0.17126540280878544
