times:
  edit-metadata: 1.282195090316236
  landing: 0.11917378474026918
  view-data: 0.11753761861473322
