times:
  edit-metadata: 1.4379590805619955
  landing: 0.15123908314853907
  view-data: 0.23646107409149408
