times:
  edit-metadata: 1.26892280112952
  landing: 0.021908357739448547
  view-data: 0.025618662126362324
