times:
  edit-metadata: 1.4552992079406977
  landing: 0.15649672970175743
  view-data: 0.13262394443154335
