times:
  edit-metadata: 1.6043854244053364
  landing: 0.2294598836451769
  view-data: 0.023704521358013153
