times:
  edit-metadata: 1.4762540329247713
  landing: 0.2007826790213585
  view-data: 0.603105359710753
