times:
  edit-metadata: 1.4120526853948832
  landing: 0.13318488933146
  view-data: 0.3339090943336487
