times:
  edit-metadata: 1.3686772249639034
  landing: 0.20136942900717258
  view-data: 0.024855395779013634
