times:
  edit-metadata: 0.5131462099961936
  landing: 0.09724921500310302
  view-data: 0.2095642671920359
