times:
  edit-metadata: 1.3940550722181797
  landing: 0.16881954111158848
  view-data: 0.1627945750951767
