times:
  edit-metadata: 1.5045725721865892
  landing: 0.3637873772531748
  view-data: 0.3449323680251837
