times:
  edit-metadata: 0.472747297026217
  landing: 0.07021841173991561
  view-data: 0.20573414536193013
