times:
  edit-metadata: 1.480569126084447
  landing: 0.02545696496963501
  view-data: 0.16377715207636356
