times:
  edit-metadata: 1.3897929172962904
  landing: 0.24740791507065296
  view-data: 0.3246331885457039
