times:
  edit-metadata: 0.4922572569921613
  landing: 0.11280254600569606
  view-data: 0.20890295412391424
