times:
  edit-metadata: 2.436728348955512
  landing: 0.23293142393231392
  view-data: 0.2157774306833744
