times:
  edit-metadata: 1.295772384852171
  landing: 0.02251034788787365
  view-data: 0.1311566587537527
