times:
  edit-metadata: 1.389783464372158
  landing: 0.019801368936896324
  view-data: 0.28609874472022057
