times:
  edit-metadata: 1.4891215059906244
  landing: 0.15173441171646118
  view-data: 0.26847271621227264
