times:
  edit-metadata: 0.8011445142328739
  landing: 0.056326466146856546
  view-data: 0.2037344411946833
