times:
  edit-metadata: 1.7904270850121975
  landing: 0.2798208501189947
  view-data: 0.2835752535611391
