times:
  edit-metadata: 1.7490888563916087
  landing: 0.028619132936000824
  view-data: 0.47078796848654747
