times:
  edit-metadata: 1.2890097722411156
  landing: 0.020948247984051704
  view-data: 0.28171753138303757
