times:
  edit-metadata: 1.372523207217455
  landing: 0.023951660841703415
  view-data: 0.10208088532090187
