times:
  edit-metadata: 1.5475804135203362
  landing: 0.15757595747709274
  view-data: 0.3593829311430454
