times:
  edit-metadata: 1.515624113380909
  landing: 0.2073275949805975
  view-data: 0.47587259486317635
