times:
  edit-metadata: 1.4753210861235857
  landing: 0.13234798423945904
  view-data: 0.02405792847275734
