times:
  edit-metadata: 1.386626910418272
  landing: 0.019915008917450905
  view-data: 0.2992871403694153
