times:
  edit-metadata: 1.3771661147475243
  landing: 0.018927698954939842
  view-data: 0.0251613762229681
