times:
  edit-metadata: 1.6087934877723455
  landing: 0.17802253365516663
  view-data: 0.2785608135163784
