times:
  edit-metadata: 1.4992654640227556
  landing: 0.14688194915652275
  view-data: 0.025229282677173615
