times:
  edit-metadata: 1.4191104471683502
  landing: 0.02163391001522541
  view-data: 0.024292249232530594
