times:
  edit-metadata: 1.3526703333482146
  landing: 0.022070140577852726
  view-data: 0.13159973546862602
