times:
  edit-metadata: 0.5182529590092599
  landing: 0.05195978097617626
  view-data: 0.20260220393538475
