times:
  edit-metadata: 1.350484037771821
  landing: 0.12993805296719074
  view-data: 0.11676923651248217
