times:
  edit-metadata: 1.320705994963646
  landing: 0.021760476753115654
  view-data: 0.02810676023364067
