times:
  edit-metadata: 1.4070058912038803
  landing: 0.12225175090134144
  view-data: 0.025232039391994476
