times:
  edit-metadata: 0.5465056411921978
  landing: 0.08646257501095533
  view-data: 0.21426161983981729
