times:
  edit-metadata: 1.3787626149132848
  landing: 0.19579883012920618
  view-data: 0.23698510602116585
