times:
  edit-metadata: 1.3367360476404428
  landing: 0.020640239119529724
  view-data: 0.026313450187444687
