times:
  edit-metadata: 1.3437181133776903
  landing: 0.022722294554114342
  view-data: 0.3199465647339821
