times:
  edit-metadata: 1.3355398178100586
  landing: 0.14722437225282192
  view-data: 0.05595305562019348
