times:
  edit-metadata: 1.3366762176156044
  landing: 0.019755946472287178
  view-data: 0.34547768346965313
