times:
  edit-metadata: 0.5696275229565799
  landing: 0.06686626467853785
  view-data: 0.30273544508963823
