times:
  edit-metadata: 0.751705533824861
  landing: 0.06314797466620803
  view-data: 0.27875635772943497
