times:
  edit-metadata: 1.2876703161746264
  landing: 0.019026027992367744
  view-data: 0.12761959992349148
