times:
  edit-metadata: 1.3238701466470957
  landing: 0.024615628644824028
  view-data: 0.02832895889878273
