times:
  edit-metadata: 1.3750949194654822
  landing: 0.1297403434291482
  view-data: 0.41973286774009466
