times:
  edit-metadata: 1.4285195274278522
  landing: 0.23093157075345516
  view-data: 0.1418581372126937
