times:
  edit-metadata: 1.2663083290681243
  landing: 0.019669368863105774
  view-data: 0.026175539009273052
