times:
  edit-metadata: 1.3031772412359715
  landing: 0.0196652514860034
  view-data: 0.09562596492469311
