times:
  edit-metadata: 1.6789889317005873
  landing: 0.22645370569080114
  view-data: 0.3209842396900058
