times:
  edit-metadata: 1.7692123372107744
  landing: 0.27424822747707367
  view-data: 0.40371640399098396
