times:
  edit-metadata: 1.3878701068460941
  landing: 0.02243664488196373
  view-data: 0.16007464192807674
