times:
  edit-metadata: 1.3361458498984575
  landing: 0.02104073017835617
  view-data: 0.3103893157094717
