times:
  edit-metadata: 1.4784752912819386
  landing: 0.02652198076248169
  view-data: 0.2368550132960081
