times:
  edit-metadata: 1.3103133458644152
  landing: 0.02343921922147274
  view-data: 0.022825224325060844
