times:
  edit-metadata: 1.3228487391024828
  landing: 0.020052872598171234
  view-data: 0.2888870406895876
