times:
  edit-metadata: 1.4292254438623786
  landing: 0.019328171387314796
  view-data: 0.575941389426589
