times:
  edit-metadata: 1.3579863850027323
  landing: 0.17163647525012493
  view-data: 0.022967537865042686
