times:
  edit-metadata: 1.2909112172201276
  landing: 0.022992918267846107
  view-data: 0.029392248950898647
