times:
  edit-metadata: 1.4096099380403757
  landing: 0.025360049679875374
  view-data: 0.31132037565112114
