times:
  edit-metadata: 1.3654957171529531
  landing: 0.16524486616253853
  view-data: 0.023823559284210205
