times:
  edit-metadata: 1.3179805036634207
  landing: 0.13726816326379776
  view-data: 0.30966911651194096
