times:
  edit-metadata: 1.3709057215601206
  landing: 0.023200929164886475
  view-data: 0.36668823286890984
