times:
  edit-metadata: 1.3493492137640715
  landing: 0.019879668951034546
  view-data: 0.023175884038209915
