times:
  edit-metadata: 1.3230659738183022
  landing: 0.11312775313854218
  view-data: 0.024920836091041565
