times:
  edit-metadata: 1.4499816689640284
  landing: 0.17243791185319424
  view-data: 0.41864450089633465
