times:
  edit-metadata: 1.4052742291241884
  landing: 0.026806501671671867
  view-data: 0.023850878700613976
