times:
  edit-metadata: 0.5247272592969239
  landing: 0.04945268016308546
  view-data: 0.21360320271924138
