times:
  edit-metadata: 1.4289758279919624
  landing: 0.1340021714568138
  view-data: 0.09746596589684486
