times:
  edit-metadata: 2.124103743582964
  landing: 0.3485421948134899
  view-data: 0.5428825188428164
