times:
  edit-metadata: 1.3155354093760252
  landing: 0.1458347886800766
  view-data: 0.027265679091215134
