times:
  edit-metadata: 1.4551368691027164
  landing: 0.3418105524033308
  view-data: 0.16037747263908386
