times:
  edit-metadata: 1.2957424856722355
  landing: 0.02214745432138443
  view-data: 0.026038728654384613
