times:
  edit-metadata: 1.4380680304020643
  landing: 0.04680883325636387
  view-data: 0.3455488160252571
