times:
  edit-metadata: 1.3207326661795378
  landing: 0.020889462903141975
  view-data: 0.028857463970780373
