times:
  edit-metadata: 1.338426299393177
  landing: 0.12609409540891647
  view-data: 0.024051012471318245
