times:
  edit-metadata: 1.3181750094518065
  landing: 0.022419854067265987
  view-data: 0.11826631613075733
