times:
  edit-metadata: 1.4369107112288475
  landing: 0.1391434408724308
  view-data: 0.45154162496328354
