times:
  edit-metadata: 1.3689960893243551
  landing: 0.023392315953969955
  view-data: 0.10586976073682308
