times:
  edit-metadata: 0.510665946174413
  landing: 0.04510270897299051
  view-data: 0.2114312849007547
