times:
  edit-metadata: 0.5706621729768813
  landing: 0.07020326424390078
  view-data: 0.21039047418162227
