times:
  edit-metadata: 1.4022996202111244
  landing: 0.02116997539997101
  view-data: 0.026186954230070114
