times:
  edit-metadata: 1.2812885399907827
  landing: 0.022797508165240288
  view-data: 0.023963702842593193
