times:
  edit-metadata: 1.5108266305178404
  landing: 0.2685296107083559
  view-data: 0.354755025357008
