times:
  edit-metadata: 1.5173845943063498
  landing: 0.3176356162875891
  view-data: 0.3690789807587862
