times:
  edit-metadata: 0.5391048155725002
  landing: 0.04625274706631899
  view-data: 0.29089593002572656
