times:
  edit-metadata: 1.7516311723738909
  landing: 0.1519086193293333
  view-data: 0.3220346439629793
