times:
  edit-metadata: 1.3997897515073419
  landing: 0.0205744206905365
  view-data: 0.09599295537918806
