times:
  edit-metadata: 1.443853361532092
  landing: 0.021969575434923172
  view-data: 0.027857854962348938
