times:
  edit-metadata: 1.4277484696358442
  landing: 0.018908034078776836
  view-data: 0.3849779348820448
