times:
  edit-metadata: 1.6239171419292688
  landing: 0.18724225461483002
  view-data: 0.332942608743906
