times:
  edit-metadata: 0.6570993456989527
  landing: 0.09690700890496373
  view-data: 0.29216006910428405
