times:
  edit-metadata: 1.5636341571807861
  landing: 0.057907959446311
  view-data: 0.06632769666612148
