times:
  edit-metadata: 1.5612831301987171
  landing: 0.0427608173340559
  view-data: 0.22656253445893526
