times:
  edit-metadata: 0.6168877449817955
  landing: 0.055276036728173494
  view-data: 0.30303793493658304
