times:
  edit-metadata: 1.4236785750836134
  landing: 0.21437279973179102
  view-data: 0.023833107203245163
