times:
  edit-metadata: 1.758583351969719
  landing: 0.018496448174118996
  view-data: 0.1293139699846506
