times:
  edit-metadata: 1.4925664719194174
  landing: 0.02381069026887417
  view-data: 0.37952024303376675
