times:
  edit-metadata: 1.4270098526030779
  landing: 0.197665611281991
  view-data: 0.32542750611901283
