times:
  edit-metadata: 1.4590746201574802
  landing: 0.02028166502714157
  view-data: 0.024326059967279434
