times:
  edit-metadata: 1.5816128673031926
  landing: 0.1351183531805873
  view-data: 0.05396354291588068
