times:
  edit-metadata: 1.532089052721858
  landing: 0.025522900745272636
  view-data: 0.1380587499588728
