times:
  edit-metadata: 0.825945152901113
  landing: 0.050850157625973225
  view-data: 0.2384495846927166
