times:
  edit-metadata: 1.5263870973140001
  landing: 0.1327039673924446
  view-data: 0.14983113296329975
