times:
  edit-metadata: 1.3941207975149155
  landing: 0.2580347880721092
  view-data: 0.025483613833785057
