times:
  edit-metadata: 1.733360594138503
  landing: 0.11397195048630238
  view-data: 0.13826578855514526
