times:
  edit-metadata: 1.4169208835810423
  landing: 0.193715276196599
  view-data: 0.11892199143767357
