times:
  edit-metadata: 1.369468867778778
  landing: 0.020291823893785477
  view-data: 0.027100563049316406
