times:
  edit-metadata: 1.5621369369328022
  landing: 0.38905028998851776
  view-data: 0.14549659937620163
