times:
  edit-metadata: 1.643470784649253
  landing: 0.22552508302032948
  view-data: 0.1791105419397354
