times:
  edit-metadata: 0.5444652759470046
  landing: 0.047456644009798765
  view-data: 0.20455732056871057
