times:
  edit-metadata: 1.3437279034405947
  landing: 0.021444300189614296
  view-data: 0.12925801426172256
