times:
  edit-metadata: 0.5252994289621711
  landing: 0.045344242826104164
  view-data: 0.2211888893507421
