times:
  edit-metadata: 1.3598001692444086
  landing: 0.019354572519659996
  view-data: 0.024004368111491203
