times:
  edit-metadata: 2.426556585007347
  landing: 0.38053040497470647
  view-data: 0.42015390400774777
