times:
  edit-metadata: 1.3244452867656946
  landing: 0.0190332792699337
  view-data: 0.024385934695601463
