times:
  edit-metadata: 0.518032536841929
  landing: 0.05013942392542958
  view-data: 0.20240299496799707
