times:
  edit-metadata: 1.7045194637030363
  landing: 0.19005421549081802
  view-data: 0.35862899385392666
