times:
  edit-metadata: 1.7492990549653769
  landing: 0.15709476545453072
  view-data: 0.46221282705664635
