times:
  edit-metadata: 1.463788891211152
  landing: 0.019639654085040092
  view-data: 0.4764921134337783
