times:
  edit-metadata: 1.461821286007762
  landing: 0.021018723025918007
  view-data: 0.30127831920981407
