times:
  edit-metadata: 1.401569158770144
  landing: 0.09396450128406286
  view-data: 0.11789070628583431
