times:
  edit-metadata: 2.200536260381341
  landing: 0.19322549551725388
  view-data: 0.5333393607288599
