times:
  edit-metadata: 1.34691346809268
  landing: 0.021571490913629532
  view-data: 0.3485300522297621
