times:
  edit-metadata: 1.4874020162969828
  landing: 0.11755654774606228
  view-data: 0.3045435696840286
