times:
  edit-metadata: 1.3386886846274137
  landing: 0.13590700551867485
  view-data: 0.023547282442450523
