times:
  edit-metadata: 1.672931395471096
  landing: 0.1514184270054102
  view-data: 0.13772588409483433
