times:
  edit-metadata: 1.3939637281000614
  landing: 0.022097919136285782
  view-data: 0.12376651912927628
