times:
  edit-metadata: 1.5806007627397776
  landing: 0.14678223803639412
  view-data: 0.35817624256014824
