times:
  edit-metadata: 1.36073231510818
  landing: 0.021533610299229622
  view-data: 0.027078546583652496
