times:
  edit-metadata: 1.3987357579171658
  landing: 0.021280895918607712
  view-data: 0.49211690947413445
