times:
  edit-metadata: 1.4312027376145124
  landing: 0.13089420832693577
  view-data: 0.1388396006077528
