times:
  edit-metadata: 1.490711111575365
  landing: 0.14068760350346565
  view-data: 0.3605031818151474
