times:
  edit-metadata: 1.5538473520427942
  landing: 0.08876137062907219
  view-data: 0.37269782833755016
