times:
  edit-metadata: 1.4551463425159454
  landing: 0.1583608966320753
  view-data: 0.267803443595767
