times:
  edit-metadata: 1.4690549243241549
  landing: 0.12505962327122688
  view-data: 0.02481502667069435
