times:
  edit-metadata: 1.954997157678008
  landing: 0.4271391909569502
  view-data: 0.32852136343717575
