times:
  edit-metadata: 1.3113653482869267
  landing: 0.020595896989107132
  view-data: 0.026639148592948914
