times:
  edit-metadata: 1.4207609742879868
  landing: 0.020743398927152157
  view-data: 0.13780617900192738
