times:
  edit-metadata: 1.3498146366328
  landing: 0.020952556282281876
  view-data: 0.02491694688796997
