times:
  edit-metadata: 1.5856645237654448
  landing: 0.19485373981297016
  view-data: 0.4142237063497305
