times:
  edit-metadata: 0.7820074162445962
  landing: 0.09461297513917089
  view-data: 0.2142834230326116
