times:
  edit-metadata: 1.6805936060845852
  landing: 0.14811434783041477
  view-data: 0.4286708105355501
