times:
  edit-metadata: 1.4160435572266579
  landing: 0.019485794007778168
  view-data: 0.02438563946634531
