times:
  edit-metadata: 0.541655879933387
  landing: 0.04480442637577653
  view-data: 0.20575878722593188
