times:
  edit-metadata: 1.462945468723774
  landing: 0.14880280662328005
  view-data: 0.1310336645692587
