times:
  edit-metadata: 0.5334150837734342
  landing: 0.04708075895905495
  view-data: 0.21569100581109524
