times:
  edit-metadata: 1.348499447107315
  landing: 0.16260279342532158
  view-data: 0.02661503292620182
