times:
  edit-metadata: 1.5986399725079536
  landing: 0.1697100978344679
  view-data: 0.16132373549044132
