times:
  edit-metadata: 1.5516712088137865
  landing: 0.15257392637431622
  view-data: 0.38028354197740555
