times:
  edit-metadata: 1.426563087850809
  landing: 0.019619300961494446
  view-data: 0.2762650679796934
