times:
  edit-metadata: 1.76985595934093
  landing: 0.046106367371976376
  view-data: 0.022045147605240345
