times:
  edit-metadata: 1.4246525019407272
  landing: 0.020622313022613525
  view-data: 0.285481009632349
