times:
  edit-metadata: 0.656809198204428
  landing: 0.047092217952013016
  view-data: 0.29677017871290445
