times:
  edit-metadata: 1.4311163742095232
  landing: 0.13505026511847973
  view-data: 0.02474104054272175
