times:
  edit-metadata: 1.5288875121623278
  landing: 0.29156277142465115
  view-data: 0.17722676321864128
