times:
  edit-metadata: 1.3702885136008263
  landing: 0.019331125542521477
  view-data: 0.02336251363158226
