times:
  edit-metadata: 1.490944417193532
  landing: 0.020315121859312057
  view-data: 0.402235409244895
