times:
  edit-metadata: 1.3812829125672579
  landing: 0.11902445740997791
  view-data: 0.24610326066613197
