times:
  edit-metadata: 1.3966919286176562
  landing: 0.02018593903630972
  view-data: 0.4355691038072109
