times:
  edit-metadata: 1.4177911523729563
  landing: 0.022162137553095818
  view-data: 0.13514460623264313
