times:
  edit-metadata: 1.430610803887248
  landing: 0.021550772711634636
  view-data: 0.14518671482801437
