times:
  edit-metadata: 1.3636116636916995
  landing: 0.018679901957511902
  view-data: 0.024660113267600536
