times:
  edit-metadata: 0.68332659592852
  landing: 0.06771831400692463
  view-data: 0.2091032606549561
