times:
  edit-metadata: 1.6054995600134134
  landing: 0.22981729730963707
  view-data: 0.3339553251862526
