times:
  edit-metadata: 1.423315929248929
  landing: 0.019428933039307594
  view-data: 0.24993395991623402
