times:
  edit-metadata: 0.5087851309217513
  landing: 0.08106265915557742
  view-data: 0.2630925206467509
