times:
  edit-metadata: 1.5564935635775328
  landing: 0.1493530198931694
  view-data: 0.024308130145072937
