times:
  edit-metadata: 1.356412123888731
  landing: 0.043486395850777626
  view-data: 0.30494588054716587
