times:
  edit-metadata: 1.4992161802947521
  landing: 0.09411552920937538
  view-data: 0.028485525399446487
