times:
  edit-metadata: 1.375845581293106
  landing: 0.024000387638807297
  view-data: 0.12149638496339321
