times:
  edit-metadata: 1.4752472527325153
  landing: 0.019104384817183018
  view-data: 0.0245040412992239
