times:
  edit-metadata: 1.3362809047102928
  landing: 0.0208068685606122
  view-data: 0.09801177773624659
