times:
  edit-metadata: 1.4445671048015356
  landing: 0.24929200112819672
  view-data: 0.37655647471547127
