times:
  edit-metadata: 1.4023511027917266
  landing: 0.02007143944501877
  view-data: 0.023874683305621147
