times:
  edit-metadata: 1.4729901365935802
  landing: 0.13599172793328762
  view-data: 0.4649584461003542
