times:
  edit-metadata: 0.6738825477659702
  landing: 0.044542839750647545
  view-data: 0.28849224699661136
