times:
  edit-metadata: 1.3752177525311708
  landing: 0.12044541165232658
  view-data: 0.027989206835627556
