times:
  edit-metadata: 0.6831334349699318
  landing: 0.09132072981446981
  view-data: 0.2114541088230908
