times:
  edit-metadata: 1.487056564539671
  landing: 0.024379834532737732
  view-data: 0.026301460340619087
