times:
  edit-metadata: 0.5244663790799677
  landing: 0.045323530677706
  view-data: 0.22259416058659554
