times:
  edit-metadata: 1.736608212813735
  landing: 0.022974666208028793
  view-data: 0.05139860324561596
