times:
  edit-metadata: 1.6454213708639145
  landing: 0.33556228317320347
  view-data: 0.6316909212619066
