times:
  edit-metadata: 1.3763531725853682
  landing: 0.024273723363876343
  view-data: 0.023594971746206284
