times:
  edit-metadata: 1.346531791612506
  landing: 0.02121092565357685
  view-data: 0.025118069723248482
