times:
  edit-metadata: 1.7553110588341951
  landing: 0.1457887589931488
  view-data: 0.20048487931489944
