times:
  edit-metadata: 1.3828628230839968
  landing: 0.12812484987080097
  view-data: 0.026805635541677475
