times:
  edit-metadata: 1.3527853209525347
  landing: 0.02149655483663082
  view-data: 0.023675651289522648
