times:
  edit-metadata: 1.4379270672798157
  landing: 0.17653057724237442
  view-data: 0.15286381542682648
