times:
  edit-metadata: 1.314956427551806
  landing: 0.19192122109234333
  view-data: 0.024238528683781624
