times:
  edit-metadata: 0.5226114168763161
  landing: 0.049789220094680786
  view-data: 0.21491214307025075
