times:
  edit-metadata: 1.3761725146323442
  landing: 0.024719733744859695
  view-data: 0.030952870845794678
