times:
  edit-metadata: 1.5116890966892242
  landing: 0.022362709045410156
  view-data: 0.16027391888201237
