times:
  edit-metadata: 1.3178364736959338
  landing: 0.11096709780395031
  view-data: 0.11624834965914488
