times:
  edit-metadata: 1.4930776320397854
  landing: 0.02084186114370823
  view-data: 0.02399957738816738
