times:
  edit-metadata: 1.638832276687026
  landing: 0.21158279292285442
  view-data: 0.2584804482758045
