times:
  edit-metadata: 1.357367044314742
  landing: 0.1546768005937338
  view-data: 0.024482356384396553
