times:
  edit-metadata: 0.5647332551889122
  landing: 0.06378306495025754
  view-data: 0.28512875083833933
