times:
  edit-metadata: 1.3493275847285986
  landing: 0.022090958431363106
  view-data: 0.024229688569903374
