times:
  edit-metadata: 1.4589967504143715
  landing: 0.025065412744879723
  view-data: 0.13000552356243134
