times:
  edit-metadata: 0.5572023629210889
  landing: 0.11019760183990002
  view-data: 0.3103753640316427
