times:
  edit-metadata: 0.597782087046653
  landing: 0.04312732210382819
  view-data: 0.3108116923831403
