times:
  edit-metadata: 1.6843022238463163
  landing: 0.22175503708422184
  view-data: 0.2712046951055527
