times:
  edit-metadata: 1.4053883533924818
  landing: 0.01877310313284397
  view-data: 0.02241111546754837
