times:
  edit-metadata: 1.4010978285223246
  landing: 0.019610946998000145
  view-data: 0.024708975106477737
