times:
  edit-metadata: 1.4408407025039196
  landing: 0.13904649950563908
  view-data: 0.35780523903667927
