times:
  edit-metadata: 1.705636216327548
  landing: 0.14574617519974709
  view-data: 0.3650086745619774
