times:
  edit-metadata: 0.874086590949446
  landing: 0.040994832292199135
  view-data: 0.2077216086909175
