times:
  edit-metadata: 1.3598313089460135
  landing: 0.032253023236989975
  view-data: 0.1049107015132904
