times:
  edit-metadata: 0.7039873339235783
  landing: 0.09899943228811026
  view-data: 0.31817367812618613
