times:
  edit-metadata: 1.3472060449421406
  landing: 0.020179616287350655
  view-data: 0.29590688087046146
