times:
  edit-metadata: 0.5253634392283857
  landing: 0.045212455093860626
  view-data: 0.20510994223877788
