times:
  edit-metadata: 1.450973890721798
  landing: 0.27529422007501125
  view-data: 0.02702358551323414
