times:
  edit-metadata: 1.401536175981164
  landing: 0.019174849614501
  view-data: 0.026702988892793655
