times:
  edit-metadata: 1.40432658046484
  landing: 0.022066133096814156
  view-data: 0.025548642501235008
