times:
  edit-metadata: 1.3550551114603877
  landing: 0.2461402015760541
  view-data: 0.4719216525554657
