times:
  edit-metadata: 1.3585730800405145
  landing: 0.020318337716162205
  view-data: 0.26863064896315336
