times:
  edit-metadata: 1.3571792598813772
  landing: 0.01870618760585785
  view-data: 0.3051414303481579
