times:
  edit-metadata: 1.3519216906279325
  landing: 0.11917459405958652
  view-data: 0.26032647863030434
