times:
  edit-metadata: 1.45203154720366
  landing: 0.19267259631305933
  view-data: 0.034959953278303146
