times:
  edit-metadata: 1.4330227114260197
  landing: 0.20848951861262321
  view-data: 0.3137362841516733
