times:
  edit-metadata: 1.5406637154519558
  landing: 0.25544119626283646
  view-data: 0.38441435620188713
