times:
  edit-metadata: 1.5116918124258518
  landing: 0.02040574513375759
  view-data: 0.34847279638051987
