times:
  edit-metadata: 1.7556750439107418
  landing: 0.18625990487635136
  view-data: 0.13782809302210808
