times:
  edit-metadata: 1.4684806372970343
  landing: 0.2378666289150715
  view-data: 0.1946088057011366
