times:
  edit-metadata: 0.6432590582408011
  landing: 0.07310278620570898
  view-data: 0.28964010858908296
