times:
  edit-metadata: 1.3403479177504778
  landing: 0.019137350842356682
  view-data: 0.027084166184067726
