times:
  edit-metadata: 1.448528896085918
  landing: 0.21029285434633493
  view-data: 0.1347946273162961
