times:
  edit-metadata: 1.394397160038352
  landing: 0.025847716256976128
  view-data: 0.026613155379891396
