times:
  edit-metadata: 1.4559185355901718
  landing: 0.2475993148982525
  view-data: 0.22308664210140705
