times:
  edit-metadata: 1.3158301068469882
  landing: 0.0239522410556674
  view-data: 0.1185933006927371
