times:
  edit-metadata: 1.335546301677823
  landing: 0.01969502680003643
  view-data: 0.02595686912536621
