times:
  edit-metadata: 1.6670269779860973
  landing: 0.28773445822298527
  view-data: 0.14545208029448986
