times:
  edit-metadata: 1.4178842939436436
  landing: 0.12178210355341434
  view-data: 0.02301989123225212
