times:
  edit-metadata: 1.402419339865446
  landing: 0.019483298063278198
  view-data: 0.14019383117556572
