times:
  edit-metadata: 1.4712053705006838
  landing: 0.369752099737525
  view-data: 0.42351440340280533
