times:
  edit-metadata: 0.5120832272805274
  landing: 0.057986872270703316
  view-data: 0.20476359641179442
