times:
  edit-metadata: 1.3946423884481192
  landing: 0.13292142283171415
  view-data: 0.2007481073960662
