times:
  edit-metadata: 1.4172794315963984
  landing: 0.025097530335187912
  view-data: 0.02788100391626358
