times:
  edit-metadata: 1.8729097358882427
  landing: 0.510641559958458
  view-data: 0.5969788879156113
