times:
  edit-metadata: 1.647307701408863
  landing: 0.021893199533224106
  view-data: 0.32011795975267887
