times:
  edit-metadata: 1.7039657328277826
  landing: 0.027460728771984577
  view-data: 0.03050819505006075
