times:
  edit-metadata: 1.5333035048097372
  landing: 0.023666931316256523
  view-data: 0.02992202900350094
