times:
  edit-metadata: 0.5937974909320474
  landing: 0.038659288082271814
  view-data: 0.205858011264354
