times:
  edit-metadata: 1.3362300097942352
  landing: 0.21008761692792177
  view-data: 0.32500140741467476
