times:
  edit-metadata: 1.407044429332018
  landing: 0.2346263164654374
  view-data: 0.29102281387895346
