times:
  edit-metadata: 1.5500489734113216
  landing: 0.13182097673416138
  view-data: 0.4426581710577011
