times:
  edit-metadata: 0.711938040331006
  landing: 0.07833904400467873
  view-data: 0.20960255665704608
