times:
  edit-metadata: 1.3641793355345726
  landing: 0.02094779908657074
  view-data: 0.026716021820902824
