times:
  edit-metadata: 1.4957656115293503
  landing: 0.02159559354186058
  view-data: 0.33058276772499084
