times:
  edit-metadata: 1.3616721583530307
  landing: 0.18966890778392553
  view-data: 0.45378502830863
