times:
  edit-metadata: 1.39472047239542
  landing: 0.119677959010005
  view-data: 0.12699522264301777
