times:
  edit-metadata: 1.4206575956195593
  landing: 0.021247897297143936
  view-data: 0.15791344456374645
