times:
  edit-metadata: 1.5035842843353748
  landing: 0.020746447145938873
  view-data: 0.15944279730319977
