times:
  edit-metadata: 2.8568617161363363
  landing: 0.18414822220802307
  view-data: 0.4086109958589077
