times:
  edit-metadata: 1.833430528640747
  landing: 0.02051098644733429
  view-data: 0.024332568049430847
