times:
  edit-metadata: 2.223335986956954
  landing: 0.02243732661008835
  view-data: 0.025482207536697388
