times:
  edit-metadata: 1.1077668750658631
  landing: 0.11091507691890001
  view-data: 0.31122338585555553
