times:
  edit-metadata: 1.1044844291172922
  landing: 0.16830307012423873
  view-data: 0.3755583791062236
