times:
  edit-metadata: 2.412055367603898
  landing: 0.127360749989748
  view-data: 0.1834920234978199
