times:
  edit-metadata: 2.086378885433078
  landing: 0.01965106464922428
  view-data: 0.317843921482563
