times:
  edit-metadata: 1.8921809494495392
  landing: 0.20596635714173317
  view-data: 0.03200060687959194
