times:
  edit-metadata: 1.3158919988200068
  landing: 0.08505093958228827
  view-data: 0.23551443684846163
