times:
  edit-metadata: 2.13228720985353
  landing: 0.2680305615067482
  view-data: 0.39461794681847095
