times:
  edit-metadata: 2.3427606280893087
  landing: 0.02470516413450241
  view-data: 0.025341195985674858
