times:
  edit-metadata: 2.1813041791319847
  landing: 0.2461661547422409
  view-data: 0.12716662138700485
