times:
  edit-metadata: 2.0364542677998543
  landing: 0.19325724989175797
  view-data: 0.13668776117265224
