times:
  edit-metadata: 1.871911559253931
  landing: 0.02243080921471119
  view-data: 0.33603462763130665
