times:
  edit-metadata: 1.9571350812911987
  landing: 0.27087512239813805
  view-data: 0.3750416375696659
