times:
  edit-metadata: 1.8149561565369368
  landing: 0.02264443039894104
  view-data: 0.028126507997512817
