times:
  edit-metadata: 1.779613008722663
  landing: 0.021816177293658257
  view-data: 0.02504948526620865
