times:
  edit-metadata: 1.8114457540214062
  landing: 0.021046110428869724
  view-data: 0.12037224788218737
