times:
  edit-metadata: 0.9433749932795763
  landing: 0.07317372597754002
  view-data: 0.24085215013474226
