times:
  edit-metadata: 1.8489949479699135
  landing: 0.022550806403160095
  view-data: 0.027808094397187233
