times:
  edit-metadata: 2.2319866567850113
  landing: 0.1353403925895691
  view-data: 0.3562960121780634
