times:
  edit-metadata: 1.7848077537491918
  landing: 0.11819873470813036
  view-data: 0.21653903368860483
