times:
  edit-metadata: 2.010285060852766
  landing: 0.26753703132271767
  view-data: 0.023634938523173332
