times:
  edit-metadata: 2.231049744412303
  landing: 0.18043821305036545
  view-data: 0.032626429572701454
