times:
  edit-metadata: 1.8915574010461569
  landing: 0.020502815023064613
  view-data: 0.34099255874753
