times:
  edit-metadata: 2.000841493718326
  landing: 0.018057608976960182
  view-data: 0.03369091730564833
