times:
  edit-metadata: 1.7987360134720802
  landing: 0.020395131781697273
  view-data: 0.10273094847798347
