times:
  edit-metadata: 1.8331059999763966
  landing: 0.021447433158755302
  view-data: 0.027506057173013687
