times:
  edit-metadata: 2.188828956335783
  landing: 0.1638613734394312
  view-data: 0.6011212449520826
