times:
  edit-metadata: 1.8485409710556269
  landing: 0.018828650936484337
  view-data: 0.02381899207830429
