times:
  edit-metadata: 1.8725337404757738
  landing: 0.019656632095575333
  view-data: 0.12953703477978706
