times:
  edit-metadata: 1.836446606554091
  landing: 0.23862316273152828
  view-data: 0.14591269567608833
