times:
  edit-metadata: 1.8497436866164207
  landing: 0.019608015194535255
  view-data: 0.14603259973227978
