times:
  edit-metadata: 0.9266649088822305
  landing: 0.07505040429532528
  view-data: 0.2452142289839685
