times:
  edit-metadata: 1.8671745155006647
  landing: 0.1227211244404316
  view-data: 0.025993917137384415
