times:
  edit-metadata: 2.115740129724145
  landing: 0.148217199370265
  view-data: 0.4066623020917177
