times:
  edit-metadata: 2.032621916383505
  landing: 0.02277800627052784
  view-data: 0.02647171914577484
