times:
  edit-metadata: 2.0344797167927027
  landing: 0.17147576995193958
  view-data: 0.2820179145783186
