times:
  edit-metadata: 2.512136642821133
  landing: 0.32839118782430887
  view-data: 0.40122873708605766
