times:
  edit-metadata: 1.8232759051024914
  landing: 0.021824831143021584
  view-data: 0.12145757675170898
