times:
  edit-metadata: 1.849871188402176
  landing: 0.022179110907018185
  view-data: 0.4150409884750843
