times:
  edit-metadata: 1.8479889184236526
  landing: 0.19169271364808083
  view-data: 0.10189288668334484
