times:
  edit-metadata: 1.8972067385911942
  landing: 0.023396022617816925
  view-data: 0.1276009865105152
