times:
  edit-metadata: 2.096300734207034
  landing: 0.27441800758242607
  view-data: 0.4227397032082081
