times:
  edit-metadata: 2.116324558854103
  landing: 0.22675340622663498
  view-data: 0.37793488800525665
