times:
  edit-metadata: 2.2555183228105307
  landing: 0.2524098716676235
  view-data: 0.33709478937089443
