times:
  edit-metadata: 1.1708750929683447
  landing: 0.08729644306004047
  view-data: 0.3410379868000746
