times:
  edit-metadata: 1.9610973540693521
  landing: 0.20278665982186794
  view-data: 0.12525321543216705
