times:
  edit-metadata: 1.792463133111596
  landing: 0.022100701928138733
  view-data: 0.02488892711699009
