times:
  edit-metadata: 1.890378948301077
  landing: 0.024952344596385956
  view-data: 0.1348961554467678
