times:
  edit-metadata: 2.192437787540257
  landing: 0.019751887768507004
  view-data: 0.02236942946910858
