times:
  edit-metadata: 1.9477958679199219
  landing: 0.022727910429239273
  view-data: 0.32160104997456074
