times:
  edit-metadata: 1.8140924545004964
  landing: 0.11393541190773249
  view-data: 0.37693228479474783
