times:
  edit-metadata: 1.8885527737438679
  landing: 0.05406799912452698
  view-data: 0.31301360577344894
