times:
  edit-metadata: 1.953601436689496
  landing: 0.1448292974382639
  view-data: 0.024725353345274925
