times:
  edit-metadata: 1.8116368213668466
  landing: 0.11184416897594929
  view-data: 0.026756862178444862
