times:
  edit-metadata: 1.8664921652525663
  landing: 0.35117078572511673
  view-data: 0.025799918919801712
