times:
  edit-metadata: 1.8709001131355762
  landing: 0.018788861110806465
  view-data: 0.42002994287759066
