times:
  edit-metadata: 2.042887927033007
  landing: 0.018373817205429077
  view-data: 0.04860113002359867
