times:
  edit-metadata: 1.2503801733255386
  landing: 0.0692843571305275
  view-data: 0.3271561642177403
