times:
  edit-metadata: 1.8248260486871004
  landing: 0.018246883526444435
  view-data: 0.02459077723324299
