times:
  edit-metadata: 1.8955248929560184
  landing: 0.025789393112063408
  view-data: 0.025623956695199013
