times:
  edit-metadata: 1.8552581127732992
  landing: 0.020343028008937836
  view-data: 0.48740324191749096
