times:
  edit-metadata: 1.8076739758253098
  landing: 0.02217773348093033
  view-data: 0.11793555691838264
