times:
  edit-metadata: 1.7807740811258554
  landing: 0.021408824250102043
  view-data: 0.3013284355401993
