times:
  edit-metadata: 1.7961839400231838
  landing: 0.02141215279698372
  view-data: 0.02515852451324463
