times:
  edit-metadata: 1.797116463072598
  landing: 0.15932224690914154
  view-data: 0.023132762871682644
