times:
  edit-metadata: 2.6174895111471415
  landing: 0.2948535103350878
  view-data: 0.6229739915579557
