times:
  edit-metadata: 1.826482362113893
  landing: 0.020492062903940678
  view-data: 0.4115287233144045
