times:
  edit-metadata: 1.181873645633459
  landing: 0.06604731874540448
  view-data: 0.22627345193177462
