times:
  edit-metadata: 1.3784541031345725
  landing: 0.10936929285526276
  view-data: 0.23129552975296974
