times:
  edit-metadata: 2.4042147770524025
  landing: 0.26735235191881657
  view-data: 0.28906262665987015
