times:
  edit-metadata: 1.7761359736323357
  landing: 0.02154952473938465
  view-data: 0.023367268964648247
