times:
  edit-metadata: 0.9272680589929223
  landing: 0.07175633916631341
  view-data: 0.23036519205197692
