times:
  edit-metadata: 0.9239878240041435
  landing: 0.06984110083431005
  view-data: 0.23834360111504793
