times:
  edit-metadata: 2.440975019708276
  landing: 0.31149848364293575
  view-data: 0.3094048295170069
