times:
  edit-metadata: 1.8549637030810118
  landing: 0.022120174020528793
  view-data: 0.28465621545910835
