times:
  edit-metadata: 1.7642783429473639
  landing: 0.021742649376392365
  view-data: 0.3158061373978853
