times:
  edit-metadata: 1.8878861889243126
  landing: 0.01914992555975914
  view-data: 0.3588293083012104
