times:
  edit-metadata: 1.9196671638637781
  landing: 0.09904364310204983
  view-data: 0.31916434317827225
