times:
  edit-metadata: 1.9081202577799559
  landing: 0.021781524643301964
  view-data: 0.3652541097253561
