times:
  edit-metadata: 1.898140238597989
  landing: 0.019765272736549377
  view-data: 0.14303853921592236
