times:
  edit-metadata: 1.1857333043590188
  landing: 0.05918405903503299
  view-data: 0.3213185630738735
