times:
  edit-metadata: 1.8526557739824057
  landing: 0.02159070037305355
  view-data: 0.025927269831299782
