times:
  edit-metadata: 1.8169333944097161
  landing: 0.23616062197834253
  view-data: 0.024172881618142128
