times:
  edit-metadata: 1.947796955704689
  landing: 0.026308048516511917
  view-data: 0.3516145311295986
