times:
  edit-metadata: 1.8510155491530895
  landing: 0.022876492701470852
  view-data: 0.025758138857781887
