times:
  edit-metadata: 2.299792867153883
  landing: 0.19674702174961567
  view-data: 0.1641089152544737
