times:
  edit-metadata: 1.9946844913065434
  landing: 0.051694780588150024
  view-data: 0.025623219087719917
