times:
  edit-metadata: 1.817497305572033
  landing: 0.021564316004514694
  view-data: 0.0238255113363266
