times:
  edit-metadata: 1.9718607254326344
  landing: 0.021123142912983894
  view-data: 0.33654934726655483
