times:
  edit-metadata: 1.8933482747524977
  landing: 0.24442955292761326
  view-data: 0.30915118753910065
