times:
  edit-metadata: 1.1032274151220918
  landing: 0.08636642806231976
  view-data: 0.23414601292461157
