times:
  edit-metadata: 0.9192593740299344
  landing: 0.059724078979343176
  view-data: 0.23511772602796555
