times:
  edit-metadata: 1.9336724523454905
  landing: 0.02317456342279911
  view-data: 0.023599758744239807
