times:
  edit-metadata: 1.85899743065238
  landing: 0.019863298162817955
  view-data: 0.4148342087864876
