times:
  edit-metadata: 2.0477963723242283
  landing: 0.019907290115952492
  view-data: 0.3435911815613508
