times:
  edit-metadata: 2.0867161750793457
  landing: 0.1293619330972433
  view-data: 0.027355657890439034
