times:
  edit-metadata: 1.8686736319214106
  landing: 0.1925244051963091
  view-data: 0.2721790764480829
