times:
  edit-metadata: 1.1182490992359817
  landing: 0.068924724124372
  view-data: 0.24007770093157887
