times:
  edit-metadata: 1.7964332848787308
  landing: 0.20634293369948864
  view-data: 0.21295901201665401
