times:
  edit-metadata: 2.032869616523385
  landing: 0.026194734498858452
  view-data: 0.02627810649573803
