times:
  edit-metadata: 1.9769981503486633
  landing: 0.14148331619799137
  view-data: 0.3453181963413954
