times:
  edit-metadata: 1.2314693629741669
  landing: 0.10129657201468945
  view-data: 0.26702895388007164
