times:
  edit-metadata: 1.1849170429632068
  landing: 0.06417140830308199
  view-data: 0.3425498763099313
