times:
  edit-metadata: 1.8258505202829838
  landing: 0.019257016479969025
  view-data: 0.12859627604484558
