times:
  edit-metadata: 1.820203047245741
  landing: 0.021907852962613106
  view-data: 0.027005820535123348
