times:
  edit-metadata: 1.2576116556301713
  landing: 0.08069303724914789
  view-data: 0.24613942625001073
