times:
  edit-metadata: 2.337645323947072
  landing: 0.21611162088811398
  view-data: 0.328651987016201
