times:
  edit-metadata: 1.8456933991983533
  landing: 0.01918172277510166
  view-data: 0.02316939737647772
