times:
  edit-metadata: 2.114130172878504
  landing: 0.29321369528770447
  view-data: 0.40061094611883163
