times:
  edit-metadata: 2.2168089114129543
  landing: 0.2456728033721447
  view-data: 0.3547195587307215
