times:
  edit-metadata: 2.1058524567633867
  landing: 0.20931976661086082
  view-data: 0.3996631186455488
