times:
  edit-metadata: 1.8258220925927162
  landing: 0.019810503348708153
  view-data: 0.02451343834400177
