times:
  edit-metadata: 1.189503693021834
  landing: 0.061319968197494745
  view-data: 0.2335136840119958
