times:
  edit-metadata: 1.8753359261900187
  landing: 0.0208237674087286
  view-data: 0.027285652235150337
