times:
  edit-metadata: 1.9914009608328342
  landing: 0.13014751765877008
  view-data: 0.49171907268464565
