times:
  edit-metadata: 1.841718703508377
  landing: 0.02025684528052807
  view-data: 0.025885596871376038
