times:
  edit-metadata: 1.9179084841161966
  landing: 0.021547092124819756
  view-data: 0.13049633987247944
