times:
  edit-metadata: 2.2865018155425787
  landing: 0.2713393345475197
  view-data: 0.40661835484206676
