times:
  edit-metadata: 0.9450112138874829
  landing: 0.06582904933020473
  view-data: 0.23298424296081066
