times:
  edit-metadata: 2.3692277520895004
  landing: 0.023970259353518486
  view-data: 0.15507945232093334
