times:
  edit-metadata: 1.1414846158586442
  landing: 0.06931747496128082
  view-data: 0.24857384618371725
