times:
  edit-metadata: 1.8430178798735142
  landing: 0.023163147270679474
  view-data: 0.02589213103055954
