times:
  edit-metadata: 1.7939203130081296
  landing: 0.2570921741425991
  view-data: 0.4718507509678602
