times:
  edit-metadata: 1.780130373314023
  landing: 0.020251238718628883
  view-data: 0.023216452449560165
