times:
  edit-metadata: 1.296322463080287
  landing: 0.11518015200272202
  view-data: 0.36376506509259343
