times:
  edit-metadata: 2.155045285820961
  landing: 0.18775217235088348
  view-data: 0.39233197271823883
