times:
  edit-metadata: 2.005095314234495
  landing: 0.021959323436021805
  view-data: 0.13737374357879162
