times:
  edit-metadata: 1.8573170136660337
  landing: 0.0214011762291193
  view-data: 0.12394780293107033
