times:
  edit-metadata: 0.9320618971250951
  landing: 0.06187788117676973
  view-data: 0.23750602500513196
