times:
  edit-metadata: 1.997046835720539
  landing: 0.26977129094302654
  view-data: 0.14609894715249538
