times:
  edit-metadata: 1.1143274600617588
  landing: 0.08221453428268433
  view-data: 0.26051554968580604
