times:
  edit-metadata: 1.7991770692169666
  landing: 0.12419251352548599
  view-data: 0.12164213694632053
