times:
  edit-metadata: 2.272850077599287
  landing: 0.28555201180279255
  view-data: 0.4832713771611452
