times:
  edit-metadata: 1.7992839701473713
  landing: 0.021081451326608658
  view-data: 0.027288289740681648
