times:
  edit-metadata: 1.867194291204214
  landing: 0.01950567401945591
  view-data: 0.13218350894749165
