times:
  edit-metadata: 1.9030968509614468
  landing: 0.022996483370661736
  view-data: 0.025977706536650658
