times:
  edit-metadata: 1.8194313291460276
  landing: 0.022518156096339226
  view-data: 0.028472233563661575
