times:
  edit-metadata: 2.593588376417756
  landing: 0.23457809071987867
  view-data: 0.4189615612849593
