times:
  edit-metadata: 1.216193478088826
  landing: 0.05135956406593323
  view-data: 0.26802375819534063
