times:
  edit-metadata: 2.5124714840203524
  landing: 0.2922743260860443
  view-data: 0.346654174849391
