times:
  edit-metadata: 2.283716509118676
  landing: 0.048100028187036514
  view-data: 0.3628977183252573
