times:
  edit-metadata: 1.8447038177400827
  landing: 0.020582737401127815
  view-data: 0.10365106165409088
