times:
  edit-metadata: 1.8099288698285818
  landing: 0.20104119181632996
  view-data: 0.21083518769592047
