times:
  edit-metadata: 1.9836993347853422
  landing: 0.0242405217140913
  view-data: 0.025550877675414085
