times:
  edit-metadata: 1.8473085276782513
  landing: 0.020609699189662933
  view-data: 0.12362307403236628
