times:
  edit-metadata: 2.1698854118585587
  landing: 0.020740946754813194
  view-data: 0.3595231045037508
