times:
  edit-metadata: 1.8433392085134983
  landing: 0.02170606702566147
  view-data: 0.2843909654766321
