times:
  edit-metadata: 1.8992005214095116
  landing: 0.1199671346694231
  view-data: 0.025914251804351807
