times:
  edit-metadata: 1.0889712260104716
  landing: 0.06805207207798958
  view-data: 0.2524414686486125
