times:
  edit-metadata: 1.820020254701376
  landing: 0.01870529167354107
  view-data: 0.11704403907060623
