times:
  edit-metadata: 2.0394294876605272
  landing: 0.22222228534519672
  view-data: 0.16303826868534088
