times:
  edit-metadata: 2.3130904864519835
  landing: 0.025385836139321327
  view-data: 0.5496404599398375
