times:
  edit-metadata: 2.5936673041433096
  landing: 0.1450638249516487
  view-data: 0.3979294188320637
