times:
  edit-metadata: 1.8654760234057903
  landing: 0.019728798419237137
  view-data: 0.024962536990642548
