times:
  edit-metadata: 1.885210475884378
  landing: 0.02004333585500717
  view-data: 0.3613155698403716
