times:
  edit-metadata: 2.0306219048798084
  landing: 0.021867724135518074
  view-data: 0.137131841853261
