times:
  edit-metadata: 1.8247898370027542
  landing: 0.14017963595688343
  view-data: 0.43432252388447523
