times:
  edit-metadata: 1.8926665037870407
  landing: 0.17538820952177048
  view-data: 0.025750955566763878
