times:
  edit-metadata: 1.808467204682529
  landing: 0.020150565542280674
  view-data: 0.02600185666233301
