times:
  edit-metadata: 1.916229355148971
  landing: 0.18965209275484085
  view-data: 0.2410070225596428
