times:
  edit-metadata: 2.152130724862218
  landing: 0.2923406306654215
  view-data: 0.15791978500783443
