times:
  edit-metadata: 1.8872642945498228
  landing: 0.18195591680705547
  view-data: 0.12203215062618256
