times:
  edit-metadata: 1.2313152658753097
  landing: 0.040328226052224636
  view-data: 0.3036716040223837
