times:
  edit-metadata: 1.8731923922896385
  landing: 0.14313041791319847
  view-data: 0.048822857439517975
