times:
  edit-metadata: 1.8421897506341338
  landing: 0.23841718770563602
  view-data: 0.13191874884068966
