times:
  edit-metadata: 1.9197292234748602
  landing: 0.13590954430401325
  view-data: 0.18905694782733917
