times:
  edit-metadata: 2.6207879800349474
  landing: 0.20142677798867226
  view-data: 0.41525040194392204
