times:
  edit-metadata: 2.4636883679777384
  landing: 0.05556690925732255
  view-data: 0.46543751331046224
