times:
  edit-metadata: 3.257990701124072
  landing: 0.02329484559595585
  view-data: 0.3528134413063526
