times:
  edit-metadata: 2.840782139915973
  landing: 0.15203060302883387
  view-data: 0.5719377030618489
