times:
  edit-metadata: 3.1736618038266897
  landing: 0.019920576363801956
  view-data: 0.1266726478934288
