times:
  edit-metadata: 3.224622281268239
  landing: 0.1340192724019289
  view-data: 0.30910669080913067
