times:
  edit-metadata: 3.2548100408166647
  landing: 0.023486558347940445
  view-data: 0.13825993239879608
