times:
  edit-metadata: 3.2168070804327726
  landing: 0.18229302763938904
  view-data: 0.1230109203606844
