times:
  edit-metadata: 2.145633331965655
  landing: 0.04510087426751852
  view-data: 0.30960924085229635
