times:
  edit-metadata: 3.182154219597578
  landing: 0.018081186339259148
  view-data: 0.02337217703461647
