times:
  edit-metadata: 3.0462711825966835
  landing: 0.13692980911582708
  view-data: 0.4647338856011629
