times:
  edit-metadata: 4.049334241077304
  landing: 0.2713421005755663
  view-data: 0.4628036189824343
