times:
  edit-metadata: 3.2257469035685062
  landing: 0.01935291662812233
  view-data: 0.30354720912873745
