times:
  edit-metadata: 3.031556723639369
  landing: 0.13855828065425158
  view-data: 0.023685386404395103
