times:
  edit-metadata: 3.502757377922535
  landing: 0.1990390606224537
  view-data: 0.29121438413858414
