times:
  edit-metadata: 3.8428596407175064
  landing: 0.16355758719146252
  view-data: 0.162518959492445
