times:
  edit-metadata: 6.179308379068971
  landing: 0.3175891414284706
  view-data: 0.5887081678956747
