times:
  edit-metadata: 3.000203308649361
  landing: 0.019953384064137936
  view-data: 0.10230346396565437
