times:
  edit-metadata: 4.918351197615266
  landing: 0.2624262683093548
  view-data: 0.5522128660231829
