times:
  edit-metadata: 3.445454677566886
  landing: 0.25173042342066765
  view-data: 0.1667360533028841
