times:
  edit-metadata: 3.3000937774777412
  landing: 0.03772409446537495
  view-data: 0.02440028451383114
