times:
  edit-metadata: 2.9418296329677105
  landing: 0.02083330973982811
  view-data: 0.02530687116086483
