times:
  edit-metadata: 2.942093838006258
  landing: 0.13621350098401308
  view-data: 0.022589413449168205
