times:
  edit-metadata: 2.042366043664515
  landing: 0.06852212315425277
  view-data: 0.2993248961865902
