times:
  edit-metadata: 2.9523901622742414
  landing: 0.14097822830080986
  view-data: 0.15258799586445093
