times:
  edit-metadata: 3.2178394235670567
  landing: 0.1259439941495657
  view-data: 0.029104307293891907
