times:
  edit-metadata: 2.7753670876845717
  landing: 0.20960284303873777
  view-data: 0.33962071873247623
