times:
  edit-metadata: 3.110113952308893
  landing: 0.02011067233979702
  view-data: 0.12474371120333672
