times:
  edit-metadata: 3.5671699065715075
  landing: 0.019852101802825928
  view-data: 0.0262147206813097
