times:
  edit-metadata: 5.062797799706459
  landing: 0.20387383550405502
  view-data: 0.23037998378276825
