times:
  edit-metadata: 3.263112222775817
  landing: 0.01867530308663845
  view-data: 0.024377716705203056
