times:
  edit-metadata: 3.677584581077099
  landing: 0.25300067104399204
  view-data: 0.38975982926785946
