times:
  edit-metadata: 2.85190612077713
  landing: 0.1263349363580346
  view-data: 0.46109060384333134
