times:
  edit-metadata: 2.498995895963162
  landing: 0.12300773011520505
  view-data: 0.3655778751708567
