times:
  edit-metadata: 3.5927375704050064
  landing: 0.048498351126909256
  view-data: 0.3710765801370144
