times:
  edit-metadata: 3.313295174855739
  landing: 0.09804370906203985
  view-data: 0.5196211580187082
