times:
  edit-metadata: 2.536351784132421
  landing: 0.05471811769530177
  view-data: 0.4623561929911375
