times:
  edit-metadata: 2.60203848592937
  landing: 0.0852381712757051
  view-data: 0.34868075093254447
