times:
  edit-metadata: 3.0626707039773464
  landing: 0.019297786056995392
  view-data: 0.024070652201771736
