times:
  edit-metadata: 3.3102157320827246
  landing: 0.02293122373521328
  view-data: 0.3028304744511843
