times:
  edit-metadata: 3.2411413583904505
  landing: 0.1688673160970211
  view-data: 0.143772441893816
