times:
  edit-metadata: 3.0868691597133875
  landing: 0.019699718803167343
  view-data: 0.024543248116970062
