times:
  edit-metadata: 3.806872859597206
  landing: 0.22488775476813316
  view-data: 0.41741652972996235
