times:
  edit-metadata: 3.1918934024870396
  landing: 0.021086525171995163
  view-data: 0.02232491597533226
