times:
  edit-metadata: 3.8769070748239756
  landing: 0.33168978057801723
  view-data: 0.3619640860706568
