times:
  edit-metadata: 4.57065162807703
  landing: 0.05176536738872528
  view-data: 0.5685300529003143
