times:
  edit-metadata: 3.2837718296796083
  landing: 0.0258698258548975
  view-data: 0.39165710285305977
