times:
  edit-metadata: 2.71494300942868
  landing: 0.2198610221967101
  view-data: 0.023826707154512405
