times:
  edit-metadata: 3.3850779868662357
  landing: 0.02794705703854561
  view-data: 0.023919979110360146
