times:
  edit-metadata: 3.6151076704263687
  landing: 0.258013928309083
  view-data: 0.3488780613988638
