times:
  edit-metadata: 3.875996144488454
  landing: 0.30671469308435917
  view-data: 0.6349980849772692
