times:
  edit-metadata: 3.2784114703536034
  landing: 0.12180179357528687
  view-data: 0.02432999387383461
