times:
  edit-metadata: 2.455683565698564
  landing: 0.07381224073469639
  view-data: 0.3520592884160578
