times:
  edit-metadata: 2.9868386136367917
  landing: 0.19727601297199726
  view-data: 0.024670862592756748
