times:
  edit-metadata: 2.7627494046464562
  landing: 0.022381133399903774
  view-data: 0.025118504650890827
