times:
  edit-metadata: 4.039341788738966
  landing: 0.29764366894960403
  view-data: 0.432597192004323
