times:
  edit-metadata: 3.6813131738454103
  landing: 0.21340790390968323
  view-data: 0.024691807106137276
