times:
  edit-metadata: 2.89054283965379
  landing: 0.021358206868171692
  view-data: 0.22196309827268124
