times:
  edit-metadata: 2.9701028941199183
  landing: 0.019538607448339462
  view-data: 0.23793964833021164
