times:
  edit-metadata: 2.0773365790955722
  landing: 0.06743620801717043
  view-data: 0.2928614276461303
