times:
  edit-metadata: 3.2208070773631334
  landing: 0.02099722810089588
  view-data: 0.023138653486967087
