times:
  edit-metadata: 2.1974548641592264
  landing: 0.07146792206913233
  view-data: 0.2995910821482539
