times:
  edit-metadata: 2.6938885571435094
  landing: 0.020592951215803623
  view-data: 0.025205438025295734
