times:
  edit-metadata: 3.085825089365244
  landing: 0.020510230213403702
  view-data: 0.026088982820510864
