times:
  edit-metadata: 3.188327644020319
  landing: 0.018980415537953377
  view-data: 0.3129727393388748
