times:
  edit-metadata: 3.001745032146573
  landing: 0.15457821264863014
  view-data: 0.2924945093691349
