times:
  edit-metadata: 2.9289449509233236
  landing: 0.1376464981585741
  view-data: 0.37174708023667336
