times:
  edit-metadata: 3.082278836518526
  landing: 0.020733196288347244
  view-data: 0.02893591672182083
