times:
  edit-metadata: 3.619103364646435
  landing: 0.1951445359736681
  view-data: 0.02665989100933075
