times:
  edit-metadata: 3.098814696073532
  landing: 0.021430226042866707
  view-data: 0.3106233198195696
