times:
  edit-metadata: 3.1463765501976013
  landing: 0.023338591679930687
  view-data: 0.09573555923998356
