times:
  edit-metadata: 3.7022312115877867
  landing: 0.023767167702317238
  view-data: 0.7447498496621847
