times:
  edit-metadata: 3.0332318153232336
  landing: 0.021125728264451027
  view-data: 0.2564042918384075
