times:
  edit-metadata: 3.46146247908473
  landing: 0.020535850897431374
  view-data: 0.024446768686175346
