times:
  edit-metadata: 3.643573382869363
  landing: 0.14761153981089592
  view-data: 0.03930283151566982
