times:
  edit-metadata: 3.1646908884868026
  landing: 0.13020960241556168
  view-data: 0.03086909092962742
