times:
  edit-metadata: 3.305874821729958
  landing: 0.2326457155868411
  view-data: 0.5524601358920336
