times:
  edit-metadata: 4.140037780627608
  landing: 0.26415049470961094
  view-data: 0.34003073908388615
