times:
  edit-metadata: 3.484675869345665
  landing: 0.14302861131727695
  view-data: 0.48853703029453754
