times:
  edit-metadata: 6.492486735805869
  landing: 0.24155924655497074
  view-data: 0.2742058262228966
