times:
  edit-metadata: 3.073434893041849
  landing: 0.01976432278752327
  view-data: 0.023369010537862778
