times:
  edit-metadata: 3.2075094506144524
  landing: 0.022929154336452484
  view-data: 0.024622902274131775
