times:
  edit-metadata: 3.880023643374443
  landing: 0.271648071706295
  view-data: 0.41905797086656094
