times:
  edit-metadata: 3.8036232199519873
  landing: 0.24984781816601753
  view-data: 0.13019081763923168
