times:
  edit-metadata: 3.233052270486951
  landing: 0.24061928689479828
  view-data: 0.026114188134670258
