times:
  edit-metadata: 2.618800730910152
  landing: 0.06235519191250205
  view-data: 0.29633727902546525
