times:
  edit-metadata: 3.187555033713579
  landing: 0.02252064272761345
  view-data: 0.12523321993649006
