times:
  edit-metadata: 3.1947236489504576
  landing: 0.02213568054139614
  view-data: 0.027444668114185333
