times:
  edit-metadata: 3.2147978264838457
  landing: 0.19423404149711132
  view-data: 0.09642345458269119
