times:
  edit-metadata: 3.263304080814123
  landing: 0.23325459100306034
  view-data: 0.31339473091065884
