times:
  edit-metadata: 3.235265301540494
  landing: 0.020766999572515488
  view-data: 0.029012909159064293
