times:
  edit-metadata: 3.101108819246292
  landing: 0.019038323312997818
  view-data: 0.022717788815498352
