times:
  edit-metadata: 2.4589950521476567
  landing: 0.11670628702268004
  view-data: 0.4782728720456362
