times:
  edit-metadata: 3.8285874631255865
  landing: 0.025714823976159096
  view-data: 0.3286978919059038
