times:
  edit-metadata: 2.892536273226142
  landing: 0.02208843268454075
  view-data: 0.026110008358955383
