times:
  edit-metadata: 2.470298124011606
  landing: 0.13006823090836406
  view-data: 0.3477499531581998
