times:
  edit-metadata: 2.4633537768386304
  landing: 0.22957792785018682
  view-data: 0.39231114089488983
