times:
  edit-metadata: 3.2324767634272575
  landing: 0.0240093395113945
  view-data: 0.12182091176509857
