times:
  edit-metadata: 3.105353755876422
  landing: 0.019813193008303642
  view-data: 0.11758830957114697
