times:
  edit-metadata: 2.8097090208902955
  landing: 0.021150370128452778
  view-data: 0.026416301727294922
