times:
  edit-metadata: 3.335739091038704
  landing: 0.13064570538699627
  view-data: 0.10063895583152771
