times:
  edit-metadata: 3.2954802215099335
  landing: 0.022728823125362396
  view-data: 0.28372529707849026
