times:
  edit-metadata: 3.235660258680582
  landing: 0.019691236317157745
  view-data: 0.13104399852454662
