times:
  edit-metadata: 3.168924370780587
  landing: 0.22689834237098694
  view-data: 0.026189744472503662
