times:
  edit-metadata: 3.2300698701292276
  landing: 0.02551085501909256
  view-data: 0.37752174213528633
