times:
  edit-metadata: 3.3320409515872598
  landing: 0.025086448527872562
  view-data: 0.023321830667555332
