times:
  edit-metadata: 3.095298271626234
  landing: 0.021028293296694756
  view-data: 0.027948597446084023
