times:
  edit-metadata: 2.4484171560034156
  landing: 0.07919110683724284
  view-data: 0.33631880301982164
