times:
  edit-metadata: 4.102779416367412
  landing: 0.32079104520380497
  view-data: 0.4514907971024513
