times:
  edit-metadata: 2.585362285375595
  landing: 0.10478686215355992
  view-data: 0.4820529371500015
