times:
  edit-metadata: 2.746166200377047
  landing: 0.02246703766286373
  view-data: 0.025006557814776897
