times:
  edit-metadata: 2.9220907036215067
  landing: 0.018388661555945873
  view-data: 0.12182607874274254
