times:
  edit-metadata: 3.021961173042655
  landing: 0.17727516777813435
  view-data: 0.026946812868118286
