times:
  edit-metadata: 3.3432885464280844
  landing: 0.2415349967777729
  view-data: 0.12242382764816284
