times:
  edit-metadata: 3.0960880871862173
  landing: 0.019992468878626823
  view-data: 0.02586759254336357
