times:
  edit-metadata: 3.2744126189500093
  landing: 0.020563535392284393
  view-data: 0.14678611420094967
