times:
  edit-metadata: 3.271739212796092
  landing: 0.0935457069426775
  view-data: 0.1265440322458744
