times:
  edit-metadata: 4.28295729495585
  landing: 0.19346632808446884
  view-data: 0.4171542301774025
