times:
  edit-metadata: 2.9949219720438123
  landing: 0.1915486315265298
  view-data: 0.22611622512340546
