times:
  edit-metadata: 2.12283142702654
  landing: 0.07059840206056833
  view-data: 0.30275276815518737
