times:
  edit-metadata: 3.0435232212767005
  landing: 0.020441826432943344
  view-data: 0.2316114017739892
