times:
  edit-metadata: 3.7145841885358095
  landing: 0.30361208133399487
  view-data: 0.13875308260321617
