times:
  edit-metadata: 3.1671855486929417
  landing: 0.21134090423583984
  view-data: 0.3156361114233732
