times:
  edit-metadata: 3.227113828063011
  landing: 0.01935526728630066
  view-data: 0.11820103041827679
