times:
  edit-metadata: 3.6923689395189285
  landing: 0.2420146707445383
  view-data: 0.1451510339975357
