times:
  edit-metadata: 3.117330288514495
  landing: 0.022993620485067368
  view-data: 0.32112141884863377
