times:
  edit-metadata: 3.524624204263091
  landing: 0.021350892260670662
  view-data: 0.3144047148525715
