times:
  edit-metadata: 3.47020042873919
  landing: 0.20542879402637482
  view-data: 0.31261344254016876
