times:
  edit-metadata: 2.327790437731892
  landing: 0.12785367108881474
  view-data: 0.2986165387555957
