times:
  edit-metadata: 3.2563582193106413
  landing: 0.24671355076134205
  view-data: 0.026395905762910843
