times:
  edit-metadata: 4.153741396963596
  landing: 0.02385878749191761
  view-data: 0.3736358564347029
