times:
  edit-metadata: 3.4778447560966015
  landing: 0.16909966245293617
  view-data: 0.42360417544841766
