times:
  edit-metadata: 3.1715471856296062
  landing: 0.13597876206040382
  view-data: 0.15425434336066246
