times:
  edit-metadata: 3.456851288676262
  landing: 0.13639478012919426
  view-data: 0.36257349140942097
