times:
  edit-metadata: 2.847581789828837
  landing: 0.2496140580624342
  view-data: 0.46681303065270185
