times:
  edit-metadata: 2.8121640640310943
  landing: 0.10714042792096734
  view-data: 0.4208404868841171
