times:
  edit-metadata: 2.886943845078349
  landing: 0.06282076286152005
  view-data: 0.5296225259080529
