times:
  edit-metadata: 3.089106719940901
  landing: 0.019719237461686134
  view-data: 0.02545013092458248
