times:
  edit-metadata: 3.8889659848064184
  landing: 0.024317635223269463
  view-data: 0.2919810116291046
