times:
  edit-metadata: 3.0420601796358824
  landing: 0.018863528966903687
  view-data: 0.12097264640033245
