times:
  edit-metadata: 3.125381913036108
  landing: 0.024187035858631134
  view-data: 0.02657630480825901
