times:
  edit-metadata: 2.7711876332759857
  landing: 0.13041668105870485
  view-data: 0.3440733077004552
