times:
  edit-metadata: 3.430661454796791
  landing: 0.27459858544170856
  view-data: 0.022955920547246933
