times:
  edit-metadata: 3.3195455372333527
  landing: 0.12417905032634735
  view-data: 0.3083611261099577
