times:
  edit-metadata: 2.9661679416894913
  landing: 0.20546244643628597
  view-data: 0.2299030562862754
