times:
  edit-metadata: 2.6757032442837954
  landing: 0.0212326655164361
  view-data: 0.026534023694694042
