times:
  edit-metadata: 3.6870472729206085
  landing: 0.020226966589689255
  view-data: 0.14973866008222103
