times:
  edit-metadata: 2.7914524991065264
  landing: 0.12331097386777401
  view-data: 0.24050454422831535
