times:
  edit-metadata: 2.605314576998353
  landing: 0.15013937931507826
  view-data: 0.4836602061986923
