times:
  edit-metadata: 3.279331035912037
  landing: 0.14381740987300873
  view-data: 0.35501645505428314
