times:
  edit-metadata: 3.174264568835497
  landing: 0.12321025878190994
  view-data: 0.3191981427371502
