times:
  edit-metadata: 3.244039697572589
  landing: 0.1131274588406086
  view-data: 0.14115845784544945
