times:
  edit-metadata: 3.0967391477897763
  landing: 0.13726215716451406
  view-data: 0.4706182414665818
