times:
  edit-metadata: 2.5017507118172944
  landing: 0.11265567690134048
  view-data: 0.31890043895691633
