times:
  edit-metadata: 2.598321787081659
  landing: 0.13510996103286743
  view-data: 0.30921592796221375
