times:
  edit-metadata: 3.6280380114912987
  landing: 0.021584264934062958
  view-data: 0.4959820304065943
