times:
  edit-metadata: 3.2595964707434177
  landing: 0.02065497636795044
  view-data: 0.14710674807429314
