times:
  edit-metadata: 6.788783627009252
  landing: 0.4103998680075165
  view-data: 0.17889441800070927
