times:
  edit-metadata: 3.3782414235174656
  landing: 0.16105670295655727
  view-data: 0.4592383373528719
