times:
  edit-metadata: 3.6509042996913195
  landing: 0.14163090288639069
  view-data: 0.024786418303847313
