times:
  edit-metadata: 2.9939768193289638
  landing: 0.02514193020761013
  view-data: 0.1238127090036869
