times:
  edit-metadata: 3.5930680949240923
  landing: 0.027350500226020813
  view-data: 0.34986795857548714
