times:
  edit-metadata: 3.262982975691557
  landing: 0.1306851413100958
  view-data: 0.025909308344125748
