times:
  edit-metadata: 3.2383477240800858
  landing: 0.023828886449337006
  view-data: 0.13217354379594326
