times:
  edit-metadata: 2.130089725367725
  landing: 0.07216770807281137
  view-data: 0.3265568921342492
