times:
  edit-metadata: 2.8097701901569963
  landing: 0.021311049349606037
  view-data: 0.20780912041664124
