times:
  edit-metadata: 3.399448476731777
  landing: 0.23726697079837322
  view-data: 0.33894532918930054
