times:
  edit-metadata: 3.2729134671390057
  landing: 0.019008971750736237
  view-data: 0.2498122677206993
