times:
  edit-metadata: 2.9547441797330976
  landing: 0.029637817293405533
  view-data: 0.02513539046049118
