times:
  edit-metadata: 2.0987064987421036
  landing: 0.051850799936801195
  view-data: 0.30776968598365784
