times:
  edit-metadata: 1.3224252630025148
  landing: 0.02291682455688715
  view-data: 0.11706330440938473
