times:
  edit-metadata: 0.49365556985139847
  landing: 0.0504209091886878
  view-data: 0.19969101436436176
