times:
  edit-metadata: 0.4909637253731489
  landing: 0.050584206357598305
  view-data: 0.20986704714596272
