times:
  edit-metadata: 1.3521877164021134
  landing: 0.02263872604817152
  view-data: 0.1204373212531209
