times:
  edit-metadata: 1.3310643956065178
  landing: 0.13618601486086845
  view-data: 0.1390300951898098
