times:
  edit-metadata: 1.8142643300816417
  landing: 0.01957304123789072
  view-data: 0.023747500032186508
