times:
  edit-metadata: 1.2778848223388195
  landing: 0.02075404766947031
  view-data: 0.024233605712652206
