times:
  edit-metadata: 1.2891593594104052
  landing: 0.021816067397594452
  view-data: 0.024413958191871643
