times:
  edit-metadata: 1.334134727716446
  landing: 0.01856301911175251
  view-data: 0.022107288241386414
