times:
  edit-metadata: 1.4231341127306223
  landing: 0.022255901247262955
  view-data: 0.3403113838285208
