times:
  edit-metadata: 1.358256222680211
  landing: 0.020072348415851593
  view-data: 0.024505384266376495
