times:
  edit-metadata: 1.3907882068306208
  landing: 0.022264579311013222
  view-data: 0.31577940471470356
