times:
  edit-metadata: 1.3009327771142125
  landing: 0.021357794292271137
  view-data: 0.12322720047086477
