times:
  edit-metadata: 0.5044735996052623
  landing: 0.049879089929163456
  view-data: 0.20602079667150974
