times:
  edit-metadata: 1.2855057772248983
  landing: 0.020222743041813374
  view-data: 0.12535179872065783
