times:
  edit-metadata: 1.3778638411313295
  landing: 0.17075426690280437
  view-data: 0.025536755099892616
