times:
  edit-metadata: 1.3146485202014446
  landing: 0.020988713949918747
  view-data: 0.027581877075135708
