times:
  edit-metadata: 1.3356674304232001
  landing: 0.12186577077955008
  view-data: 0.027213754132390022
