times:
  edit-metadata: 1.9661014471203089
  landing: 0.3039253558963537
  view-data: 0.37416328117251396
