times:
  edit-metadata: 1.2536778515204787
  landing: 0.021993791684508324
  view-data: 0.09872180968523026
