times:
  edit-metadata: 0.8023186959326267
  landing: 0.08271830715239048
  view-data: 0.2920923847705126
