times:
  edit-metadata: 1.3152970066294074
  landing: 0.019121824763715267
  view-data: 0.11990969441831112
