times:
  edit-metadata: 1.4669757513329387
  landing: 0.20587723515927792
  view-data: 0.13293132465332747
