times:
  edit-metadata: 0.5630432111211121
  landing: 0.06163690937682986
  view-data: 0.21000380022451282
