times:
  edit-metadata: 0.5313537907786667
  landing: 0.09989555599167943
  view-data: 0.27660237113013864
