times:
  edit-metadata: 0.4795989179983735
  landing: 0.043216712307184935
  view-data: 0.5991182308644056
