times:
  edit-metadata: 1.3613310512155294
  landing: 0.020554568618535995
  view-data: 0.32055817916989326
