times:
  edit-metadata: 1.3038885798305273
  landing: 0.020705495961010456
  view-data: 0.02370671182870865
