times:
  edit-metadata: 1.2950677862390876
  landing: 0.022501450031995773
  view-data: 0.02709269430488348
