times:
  edit-metadata: 1.5798824457451701
  landing: 0.02453663107007742
  view-data: 0.025944304652512074
