times:
  edit-metadata: 1.5968798846006393
  landing: 0.1682685799896717
  view-data: 0.14884637482464314
