times:
  edit-metadata: 1.2877338649705052
  landing: 0.02015338558703661
  view-data: 0.027608882635831833
