times:
  edit-metadata: 1.4417815394699574
  landing: 0.02068515308201313
  view-data: 0.10207421705126762
