times:
  edit-metadata: 1.3618542309850454
  landing: 0.019579773768782616
  view-data: 0.024737141095101833
