times:
  edit-metadata: 0.6072693429887295
  landing: 0.05601753480732441
  view-data: 0.21631796890869737
