times:
  edit-metadata: 1.35926584713161
  landing: 0.02243710495531559
  view-data: 0.025875605642795563
