times:
  edit-metadata: 1.3942112885415554
  landing: 0.16204438731074333
  view-data: 0.3192688822746277
