times:
  edit-metadata: 1.292502791620791
  landing: 0.020157845690846443
  view-data: 0.11908982321619987
