times:
  edit-metadata: 1.484285295009613
  landing: 0.021405193023383617
  view-data: 0.1391769228503108
