times:
  edit-metadata: 0.5018626730889082
  landing: 0.04611574858427048
  view-data: 0.3317219065502286
