times:
  edit-metadata: 1.5180405005812645
  landing: 0.02273758314549923
  view-data: 0.02608911506831646
