times:
  edit-metadata: 1.2576646395027637
  landing: 0.022192440927028656
  view-data: 0.027987954206764698
