times:
  edit-metadata: 1.2970655113458633
  landing: 0.01960214227437973
  view-data: 0.027156964875757694
