times:
  edit-metadata: 1.4279215727001429
  landing: 0.018203466199338436
  view-data: 0.02412312012165785
