times:
  edit-metadata: 1.2983172237873077
  landing: 0.11686559207737446
  view-data: 0.025504413060843945
