times:
  edit-metadata: 1.300131555646658
  landing: 0.15186159312725067
  view-data: 0.26498196087777615
