times:
  edit-metadata: 1.2820185953751206
  landing: 0.1279802918434143
  view-data: 0.12114804144948721
