times:
  edit-metadata: 1.2944502551108599
  landing: 0.1132125174626708
  view-data: 0.12149751279503107
