times:
  edit-metadata: 0.5023572761565447
  landing: 0.05891554430127144
  view-data: 0.22778554866090417
