times:
  edit-metadata: 1.3275278862565756
  landing: 0.02403058111667633
  view-data: 0.028099913150072098
