times:
  edit-metadata: 1.3118361309170723
  landing: 0.020592546090483665
  view-data: 0.025260385125875473
