times:
  edit-metadata: 1.3640421703457832
  landing: 0.24334709625691175
  view-data: 0.45265440084040165
