times:
  edit-metadata: 1.2873677564784884
  landing: 0.1264378447085619
  view-data: 0.024457450956106186
