times:
  edit-metadata: 1.323922224342823
  landing: 0.02021700982004404
  view-data: 0.02635056059807539
