times:
  edit-metadata: 1.3678885828703642
  landing: 0.019181787967681885
  view-data: 0.02402421087026596
