times:
  edit-metadata: 1.4870779104530811
  landing: 0.026148555800318718
  view-data: 0.3365554716438055
