times:
  edit-metadata: 1.330508265644312
  landing: 0.020686466246843338
  view-data: 0.1349665615707636
