times:
  edit-metadata: 0.5139658553525805
  landing: 0.062460937071591616
  view-data: 0.23674599826335907
