times:
  edit-metadata: 1.5692997388541698
  landing: 0.021585673093795776
  view-data: 0.3416541460901499
