times:
  edit-metadata: 0.4929897217079997
  landing: 0.047593917697668076
  view-data: 0.20328874327242374
