times:
  edit-metadata: 1.3854121398180723
  landing: 0.22491009254008532
  view-data: 0.13384274300187826
