times:
  edit-metadata: 1.5801831595599651
  landing: 0.13637199252843857
  view-data: 0.1515932809561491
