times:
  edit-metadata: 0.4929878059774637
  landing: 0.049603421241045
  view-data: 0.2003979803994298
