times:
  edit-metadata: 0.48523263819515705
  landing: 0.04329783841967583
  view-data: 0.34043592121452093
