times:
  edit-metadata: 1.394156795926392
  landing: 0.11655223928391933
  view-data: 0.4442067062482238
