times:
  edit-metadata: 1.473539506085217
  landing: 0.1467715986073017
  view-data: 0.02668626606464386
