times:
  edit-metadata: 1.3522509820759296
  landing: 0.019312169402837753
  view-data: 0.02506505325436592
