times:
  edit-metadata: 1.3196016401052475
  landing: 0.01983700320124626
  view-data: 0.02592562511563301
