times:
  edit-metadata: 0.5409062779508531
  landing: 0.045918144285678864
  view-data: 0.2891761939972639
