times:
  edit-metadata: 1.324176510795951
  landing: 0.019808832556009293
  view-data: 0.023865528404712677
