times:
  edit-metadata: 1.3155935686081648
  landing: 0.0211225226521492
  view-data: 0.10372928809374571
