times:
  edit-metadata: 0.48560819029808044
  landing: 0.040489195846021175
  view-data: 0.3402654845267534
