times:
  edit-metadata: 1.7053879145532846
  landing: 0.23306705616414547
  view-data: 0.15117665193974972
