times:
  edit-metadata: 1.3746958952397108
  landing: 0.01874621957540512
  view-data: 0.023456010967493057
