times:
  edit-metadata: 0.4717340860515833
  landing: 0.045117911882698536
  view-data: 0.20957916881889105
