times:
  edit-metadata: 1.329213360324502
  landing: 0.11853988841176033
  view-data: 0.13370357267558575
