times:
  edit-metadata: 0.48349056020379066
  landing: 0.04157416429370642
  view-data: 0.2060417616739869
