times:
  edit-metadata: 1.5093019269406796
  landing: 0.1823167111724615
  view-data: 0.028303835541009903
