times:
  edit-metadata: 1.3487525060772896
  landing: 0.01901830919086933
  view-data: 0.024447184056043625
