times:
  edit-metadata: 1.437780449166894
  landing: 0.12576964870095253
  view-data: 0.02430129610002041
