times:
  edit-metadata: 0.6431220755912364
  landing: 0.06926566688343883
  view-data: 0.21455707773566246
