times:
  edit-metadata: 1.399145626462996
  landing: 0.15589329786598682
  view-data: 0.02542178053408861
