times:
  edit-metadata: 1.4035760555416346
  landing: 0.02183421328663826
  view-data: 0.131126144900918
