times:
  edit-metadata: 1.4142148680984974
  landing: 0.02012350782752037
  view-data: 0.14066272415220737
