times:
  edit-metadata: 1.3714269194751978
  landing: 0.14171616174280643
  view-data: 0.022442851215600967
