times:
  edit-metadata: 1.3715354586020112
  landing: 0.023292970843613148
  view-data: 0.33577343728393316
