times:
  edit-metadata: 0.5933548812754452
  landing: 0.11181503208354115
  view-data: 0.22674516728147864
