times:
  edit-metadata: 1.4237599186599255
  landing: 0.02077154815196991
  view-data: 0.02632865682244301
