times:
  edit-metadata: 1.6405274271965027
  landing: 0.02448495849967003
  view-data: 0.19578169099986553
