times:
  edit-metadata: 1.436986718326807
  landing: 0.027210233733057976
  view-data: 0.02324308641254902
