times:
  edit-metadata: 1.4825012683868408
  landing: 0.018454814329743385
  view-data: 0.022327073849737644
