times:
  edit-metadata: 0.5054877027869225
  landing: 0.044538949616253376
  view-data: 0.21506502758711576
