times:
  edit-metadata: 1.5884898453950882
  landing: 0.019911885261535645
  view-data: 0.15428747981786728
