times:
  edit-metadata: 1.3957099243998528
  landing: 0.11886999569833279
  view-data: 0.40552874095737934
