times:
  edit-metadata: 1.6004857011139393
  landing: 0.3548074308782816
  view-data: 0.40410073287785053
