times:
  edit-metadata: 1.330602053552866
  landing: 0.022033462300896645
  view-data: 0.32948979921638966
