times:
  edit-metadata: 1.6938909571617842
  landing: 0.03314839117228985
  view-data: 0.5329593196511269
