times:
  edit-metadata: 1.3996120197698474
  landing: 0.022303461097180843
  view-data: 0.22163302823901176
