times:
  edit-metadata: 1.3645978830754757
  landing: 0.20428698882460594
  view-data: 0.025654399767518044
