times:
  edit-metadata: 1.2924497965723276
  landing: 0.022087241522967815
  view-data: 0.025225496850907803
