times:
  edit-metadata: 0.4871026622131467
  landing: 0.042180050164461136
  view-data: 0.1992073357105255
