times:
  edit-metadata: 1.315843009389937
  landing: 0.16049537993967533
  view-data: 0.12084918655455112
