times:
  edit-metadata: 1.2641519587486982
  landing: 0.1179395904764533
  view-data: 0.09756888262927532
