times:
  edit-metadata: 1.289854179136455
  landing: 0.11883190367370844
  view-data: 0.12075055297464132
