times:
  edit-metadata: 1.5922011937946081
  landing: 0.3023557662963867
  view-data: 0.27498970460146666
