times:
  edit-metadata: 1.3903929525986314
  landing: 0.1927132708951831
  view-data: 0.027651552110910416
