times:
  edit-metadata: 2.0144363762810826
  landing: 0.322793360799551
  view-data: 0.36620139982551336
