times:
  edit-metadata: 1.411396449431777
  landing: 0.02065033745020628
  view-data: 0.12305022869259119
