times:
  edit-metadata: 1.5042202919721603
  landing: 0.058625539764761925
  view-data: 0.16900399513542652
