times:
  edit-metadata: 1.2934541162103415
  landing: 0.020049843937158585
  view-data: 0.12194020953029394
