times:
  edit-metadata: 1.4336284920573235
  landing: 0.025757871568202972
  view-data: 0.026799144223332405
