times:
  edit-metadata: 0.5540674836374819
  landing: 0.05734795983880758
  view-data: 0.21390600688755512
