times:
  edit-metadata: 1.43175582960248
  landing: 0.02023046277463436
  view-data: 0.025534840300679207
