times:
  edit-metadata: 1.3343216255307198
  landing: 0.019053420051932335
  view-data: 0.023422304540872574
