times:
  edit-metadata: 1.6975540351122618
  landing: 0.26702155359089375
  view-data: 0.14736567810177803
