times:
  edit-metadata: 1.6027118787169456
  landing: 0.19451155327260494
  view-data: 0.2897641323506832
