times:
  edit-metadata: 1.6994154527783394
  landing: 0.16456050239503384
  view-data: 0.1896380353718996
