times:
  edit-metadata: 2.22055303491652
  landing: 0.310513561591506
  view-data: 0.33056437969207764
