times:
  edit-metadata: 1.3306307718157768
  landing: 0.020214333198964596
  view-data: 0.12462014239281416
