times:
  edit-metadata: 1.3466853545978665
  landing: 0.021664497442543507
  view-data: 0.3821679390966892
