times:
  edit-metadata: 1.5848529320210218
  landing: 0.18595677241683006
  view-data: 0.3584867846220732
