times:
  edit-metadata: 1.3494960702955723
  landing: 0.02209509164094925
  view-data: 0.025465119630098343
