times:
  edit-metadata: 1.457989951595664
  landing: 0.060442157089710236
  view-data: 0.02507292851805687
