times:
  edit-metadata: 1.4470136184245348
  landing: 0.20094354264438152
  view-data: 0.3931725434958935
