times:
  edit-metadata: 1.325701680034399
  landing: 0.022704195231199265
  view-data: 0.22599714435636997
