times:
  edit-metadata: 2.304399099200964
  landing: 0.01925680600106716
  view-data: 0.031003592535853386
