times:
  edit-metadata: 1.3965897839516401
  landing: 0.1967706959694624
  view-data: 0.31917413510382175
