times:
  edit-metadata: 1.329794716089964
  landing: 0.023049931041896343
  view-data: 0.022767853923141956
