times:
  edit-metadata: 1.3085394660010934
  landing: 0.020712480880320072
  view-data: 0.1199698057025671
