times:
  edit-metadata: 1.3371289493516088
  landing: 0.019947055727243423
  view-data: 0.13253938872367144
