times:
  edit-metadata: 1.3024715380743146
  landing: 0.0229893010109663
  view-data: 0.02488116454333067
