times:
  edit-metadata: 1.773517720401287
  landing: 0.020015602000057697
  view-data: 0.030475247651338577
