times:
  edit-metadata: 1.3178945472463965
  landing: 0.02088184840977192
  view-data: 0.02498603705316782
