times:
  edit-metadata: 0.47854480240494013
  landing: 0.04715057089924812
  view-data: 0.19725537672638893
