times:
  edit-metadata: 0.47617395129054785
  landing: 0.042434241622686386
  view-data: 0.19744261354207993
