times:
  edit-metadata: 1.3169940672814846
  landing: 0.12736031971871853
  view-data: 0.2405097894370556
