times:
  edit-metadata: 1.3764650970697403
  landing: 0.020831940695643425
  view-data: 0.02728046476840973
