times:
  edit-metadata: 0.5058761988766491
  landing: 0.10342073114588857
  view-data: 0.3573183077387512
