times:
  edit-metadata: 0.4972633388824761
  landing: 0.03895681630820036
  view-data: 0.4717263514176011
