times:
  edit-metadata: 0.5041565168648958
  landing: 0.04301328118890524
  view-data: 0.21258497796952724
