times:
  edit-metadata: 0.47205895464867353
  landing: 0.05261358432471752
  view-data: 0.3424381045624614
