times:
  edit-metadata: 0.47562385769560933
  landing: 0.041238600853830576
  view-data: 0.20469113299623132
