times:
  edit-metadata: 0.5090745408087969
  landing: 0.05429585091769695
  view-data: 0.20586852077394724
