times:
  edit-metadata: 1.319489223882556
  landing: 0.22749836184084415
  view-data: 0.024454999715089798
