times:
  edit-metadata: 1.301103224977851
  landing: 0.02141332533210516
  view-data: 0.025638600811362267
