times:
  edit-metadata: 1.6075264029204845
  landing: 0.209686066955328
  view-data: 0.45280084013938904
