times:
  edit-metadata: 1.4423789959400892
  landing: 0.18466120958328247
  view-data: 0.15965154394507408
