times:
  edit-metadata: 0.5459351381286979
  landing: 0.04519972391426563
  view-data: 0.2032975903712213
