times:
  edit-metadata: 1.3667342625558376
  landing: 0.13451202679425478
  view-data: 0.5685567483305931
