times:
  edit-metadata: 1.3551639160141349
  landing: 0.01926462445408106
  view-data: 0.15458228066563606
