times:
  edit-metadata: 0.5240053180605173
  landing: 0.07392638828605413
  view-data: 0.23068448109552264
