times:
  edit-metadata: 1.8543559592217207
  landing: 0.0263023367151618
  view-data: 0.5059167435392737
