times:
  edit-metadata: 1.3946040850132704
  landing: 0.019284017384052277
  view-data: 0.025893019512295723
