times:
  edit-metadata: 1.4591449275612831
  landing: 0.02091093920171261
  view-data: 0.026762530207633972
