times:
  edit-metadata: 1.5516326241195202
  landing: 0.1673878189176321
  view-data: 0.24620848335325718
