times:
  edit-metadata: 1.3840830735862255
  landing: 0.2085141073912382
  view-data: 0.023880677297711372
