times:
  edit-metadata: 1.2927278112620115
  landing: 0.0213559465482831
  view-data: 0.026759483851492405
