times:
  edit-metadata: 1.7198488060384989
  landing: 0.02205512672662735
  view-data: 0.05271962843835354
