times:
  edit-metadata: 2.232980065047741
  landing: 0.34473442658782005
  view-data: 0.4467424228787422
