times:
  edit-metadata: 1.5676631424576044
  landing: 0.02177923545241356
  view-data: 0.3957886677235365
