times:
  edit-metadata: 1.4069908140227199
  landing: 0.24007674120366573
  view-data: 0.41386786941438913
