times:
  edit-metadata: 1.3719603102654219
  landing: 0.023312265053391457
  view-data: 0.12458123080432415
