times:
  edit-metadata: 0.4735992420464754
  landing: 0.03970031812787056
  view-data: 0.45790544571354985
