times:
  edit-metadata: 1.3446135427802801
  landing: 0.14761064387857914
  view-data: 0.028567370027303696
