times:
  edit-metadata: 1.3015289353206754
  landing: 0.14459547773003578
  view-data: 0.028599442914128304
