times:
  edit-metadata: 1.2983063738793135
  landing: 0.10661172680556774
  view-data: 0.1188735980540514
