times:
  edit-metadata: 1.3229165812954307
  landing: 0.022296978160738945
  view-data: 0.12053219880908728
