times:
  edit-metadata: 1.5335265547037125
  landing: 0.24003303609788418
  view-data: 0.05696924962103367
