times:
  edit-metadata: 1.7687597163021564
  landing: 0.4070794600993395
  view-data: 0.30947407707571983
