times:
  edit-metadata: 1.3353339713066816
  landing: 0.029453419148921967
  view-data: 0.026336748152971268
