times:
  edit-metadata: 1.2724657831713557
  landing: 0.022830494679510593
  view-data: 0.02548891957849264
