times:
  edit-metadata: 1.287871005013585
  landing: 0.020629179663956165
  view-data: 0.027559724636375904
