times:
  edit-metadata: 0.4982802150771022
  landing: 0.0735023207962513
  view-data: 0.7638501590117812
