times:
  edit-metadata: 1.3588975667953491
  landing: 0.01820649579167366
  view-data: 0.022921815514564514
