times:
  edit-metadata: 1.4196597058326006
  landing: 0.19685350358486176
  view-data: 0.02692464552819729
