times:
  edit-metadata: 0.5647329268977046
  landing: 0.04668727982789278
  view-data: 0.2293107663281262
