times:
  edit-metadata: 0.47764458041638136
  landing: 0.04237665515393019
  view-data: 0.19467839039862156
