times:
  edit-metadata: 1.2974706292152405
  landing: 0.021125434897840023
  view-data: 0.024735284969210625
