times:
  edit-metadata: 1.3732010927051306
  landing: 0.11086690798401833
  view-data: 0.028244908899068832
