times:
  edit-metadata: 1.4677604753524065
  landing: 0.024484435096383095
  view-data: 0.026190772652626038
