times:
  edit-metadata: 1.4277779534459114
  landing: 0.023368356749415398
  view-data: 0.3108896892517805
