times:
  edit-metadata: 0.5306118740700185
  landing: 0.04696056013926864
  view-data: 0.2113769189454615
