times:
  edit-metadata: 0.5169017659500241
  landing: 0.04989152029156685
  view-data: 0.33028285671025515
