times:
  edit-metadata: 1.2989117708057165
  landing: 0.01887928508222103
  view-data: 0.12143457494676113
