times:
  edit-metadata: 1.2862570276483893
  landing: 0.19170866161584854
  view-data: 0.11830496229231358
