times:
  edit-metadata: 1.3966602087020874
  landing: 0.022075621411204338
  view-data: 0.12958872877061367
