times:
  edit-metadata: 0.4644012153148651
  landing: 0.05324367806315422
  view-data: 0.2272340338677168
