times:
  edit-metadata: 1.3635637778788805
  landing: 0.15066489949822426
  view-data: 0.41525296214967966
