times:
  edit-metadata: 1.9105351157486439
  landing: 0.3271990232169628
  view-data: 0.2912737876176834
