times:
  edit-metadata: 1.3459989447146654
  landing: 0.022270508110523224
  view-data: 0.46257628966122866
