times:
  edit-metadata: 0.49267186038196087
  landing: 0.050334556959569454
  view-data: 0.3403993370011449
