times:
  edit-metadata: 1.295465148985386
  landing: 0.02043197024613619
  view-data: 0.026031536981463432
