times:
  edit-metadata: 1.3167287427932024
  landing: 0.019310951232910156
  view-data: 0.29642122238874435
