times:
  edit-metadata: 1.2895898157730699
  landing: 0.15654950588941574
  view-data: 0.11691961623728275
