times:
  edit-metadata: 1.375719279050827
  landing: 0.02154855988919735
  view-data: 0.024012617766857147
