times:
  edit-metadata: 1.5170863447710872
  landing: 0.04776633623987436
  view-data: 0.14143554214388132
