times:
  edit-metadata: 0.4741937601938844
  landing: 0.0426999107003212
  view-data: 0.32852909713983536
