times:
  edit-metadata: 1.3409385364502668
  landing: 0.021331921219825745
  view-data: 0.0228834580630064
