times:
  edit-metadata: 0.4858881579712033
  landing: 0.04564609006047249
  view-data: 0.19719296600669622
