times:
  edit-metadata: 1.4082689005881548
  landing: 0.026558157056570053
  view-data: 0.15489057265222073
