times:
  edit-metadata: 0.8251473312266171
  landing: 0.055965212639421225
  view-data: 0.2056955909356475
