times:
  edit-metadata: 1.3432720955461264
  landing: 0.021260320208966732
  view-data: 0.02635226771235466
