times:
  edit-metadata: 0.7838882352225482
  landing: 0.07299343915656209
  view-data: 0.27908960403874516
