times:
  edit-metadata: 1.427748023532331
  landing: 0.02198152896016836
  view-data: 0.023587720468640327
