times:
  edit-metadata: 1.3114627320319414
  landing: 0.13397131394594908
  view-data: 0.12863253708928823
