times:
  edit-metadata: 0.7613909561187029
  landing: 0.045508424285799265
  view-data: 0.25404986925423145
