times:
  edit-metadata: 0.746807579882443
  landing: 0.04679667158052325
  view-data: 0.3043946591205895
