times:
  edit-metadata: 1.3570418637245893
  landing: 0.021727705374360085
  view-data: 0.10233001969754696
