times:
  edit-metadata: 1.3030988276004791
  landing: 0.021750186569988728
  view-data: 0.026159913279116154
