times:
  edit-metadata: 1.4157463600859046
  landing: 0.13935857266187668
  view-data: 0.4343440541997552
