times:
  edit-metadata: 1.2593914270401
  landing: 0.01898671966046095
  view-data: 0.4990082485601306
