times:
  edit-metadata: 1.3856683857738972
  landing: 0.14101245999336243
  view-data: 0.12654258497059345
