times:
  edit-metadata: 1.3650923781096935
  landing: 0.1434519300237298
  view-data: 0.025129979476332664
