times:
  edit-metadata: 1.3801739709451795
  landing: 0.13584509305655956
  view-data: 0.22977792751044035
