times:
  edit-metadata: 0.4796176487579942
  landing: 0.04749365150928497
  view-data: 0.22689086105674505
