times:
  edit-metadata: 1.7791705001145601
  landing: 0.19513658806681633
  view-data: 0.3197143394500017
