times:
  edit-metadata: 1.335196097381413
  landing: 0.02396236453205347
  view-data: 0.12511678878217936
