times:
  edit-metadata: 1.3014853680506349
  landing: 0.019854729995131493
  view-data: 0.026510564610362053
