times:
  edit-metadata: 1.505975591018796
  landing: 0.17577949166297913
  view-data: 0.023419194854795933
