times:
  edit-metadata: 0.5477859512902796
  landing: 0.05105625791475177
  view-data: 0.20918439095839858
