times:
  edit-metadata: 1.4470912367105484
  landing: 0.12070486135780811
  view-data: 0.022449745796620846
