times:
  edit-metadata: 1.32483175303787
  landing: 0.019101852551102638
  view-data: 0.027207331731915474
