times:
  edit-metadata: 0.4737533088773489
  landing: 0.04273224715143442
  view-data: 0.20508160162717104
