times:
  edit-metadata: 1.2962190136313438
  landing: 0.1706343786790967
  view-data: 0.1271166978403926
