times:
  edit-metadata: 1.5886193867772818
  landing: 0.19998587854206562
  view-data: 0.5717261414974928
