times:
  edit-metadata: 1.2830673791468143
  landing: 0.02058253064751625
  view-data: 0.10401848051697016
