times:
  edit-metadata: 1.3180295936763287
  landing: 0.01986462064087391
  view-data: 0.027265059761703014
