times:
  edit-metadata: 0.5718128797598183
  landing: 0.11230938602238894
  view-data: 0.2037752689793706
