times:
  edit-metadata: 1.2913773553445935
  landing: 0.020692210644483566
  view-data: 0.028397484682500362
