times:
  edit-metadata: 1.5626370813697577
  landing: 0.3383653201162815
  view-data: 0.39474708400666714
