times:
  edit-metadata: 1.5537270195782185
  landing: 0.22126089967787266
  view-data: 0.41056574136018753
