times:
  edit-metadata: 1.3400959558784962
  landing: 0.02250826545059681
  view-data: 0.027816548943519592
