times:
  edit-metadata: 1.3453957997262478
  landing: 0.020706333220005035
  view-data: 0.12164503149688244
