times:
  edit-metadata: 1.3295510420575738
  landing: 0.021705801598727703
  view-data: 0.02610001154243946
