times:
  edit-metadata: 1.3441534135490656
  landing: 0.020156467333436012
  view-data: 0.026900356635451317
