times:
  edit-metadata: 1.331671254709363
  landing: 0.02111722342669964
  view-data: 0.02880522795021534
