times:
  edit-metadata: 1.3854155335575342
  landing: 0.02254975400865078
  view-data: 0.1271958202123642
