times:
  edit-metadata: 0.6230851081199944
  landing: 0.15733315469697118
  view-data: 0.23284321976825595
