times:
  edit-metadata: 1.3013135949149728
  landing: 0.022313077934086323
  view-data: 0.02606947347521782
