times:
  edit-metadata: 1.5632945653051138
  landing: 0.24754280596971512
  view-data: 0.029646771028637886
