times:
  edit-metadata: 0.4988636141642928
  landing: 0.041996187530457973
  view-data: 0.2125265672802925
