times:
  edit-metadata: 1.463643204420805
  landing: 0.02783052995800972
  view-data: 0.3767384197562933
