times:
  edit-metadata: 0.5102095892652869
  landing: 0.04822848178446293
  view-data: 0.19983474537730217
