times:
  edit-metadata: 1.322022259235382
  landing: 0.01783055253326893
  view-data: 0.026882648468017578
