times:
  edit-metadata: 0.4843230163678527
  landing: 0.04673828650265932
  view-data: 0.1991572231054306
