times:
  edit-metadata: 1.2919255923479795
  landing: 0.022268256172537804
  view-data: 0.029011404141783714
