times:
  edit-metadata: 1.358658468350768
  landing: 0.023250511847436428
  view-data: 0.12126668076962233
