times:
  edit-metadata: 0.7110540117137134
  landing: 0.07412337139248848
  view-data: 0.21755684399977326
