times:
  edit-metadata: 1.3428152203559875
  landing: 0.10830947011709213
  view-data: 0.027151335030794144
