times:
  edit-metadata: 0.463189628906548
  landing: 0.045405530370771885
  view-data: 0.19558798894286156
