times:
  edit-metadata: 1.3501904625445604
  landing: 0.16622929461300373
  view-data: 0.27529481425881386
