times:
  edit-metadata: 1.3204209245741367
  landing: 0.020871607586741447
  view-data: 0.028043365105986595
