times:
  edit-metadata: 0.4713584538549185
  landing: 0.04427139274775982
  view-data: 0.20605493057519197
