times:
  edit-metadata: 1.344510470997193
  landing: 0.029743772000074387
  view-data: 0.02741531698848121
