times:
  edit-metadata: 1.4194830656051636
  landing: 0.019929062575101852
  view-data: 0.13996325433254242
