times:
  edit-metadata: 1.3228721749037504
  landing: 0.023788128048181534
  view-data: 0.12095487490296364
