times:
  edit-metadata: 0.7788748173043132
  landing: 0.049810951109975576
  view-data: 0.28135092882439494
