times:
  edit-metadata: 1.4082638379186392
  landing: 0.12001322209835052
  view-data: 0.09985835012048483
