times:
  edit-metadata: 1.510693471878767
  landing: 0.16695850528776646
  view-data: 0.4092364050447941
