times:
  edit-metadata: 0.48848056700080633
  landing: 0.04272369621321559
  view-data: 0.3337468318641186
