times:
  edit-metadata: 1.3147722082212567
  landing: 0.021118399687111378
  view-data: 0.026919548399746418
