times:
  edit-metadata: 0.5720164249651134
  landing: 0.0840305918827653
  view-data: 0.22761398879811168
