times:
  edit-metadata: 1.3703279020264745
  landing: 0.117427465505898
  view-data: 0.02571097854524851
