times:
  edit-metadata: 1.595243152230978
  landing: 0.25131416879594326
  view-data: 0.45916183665394783
