times:
  edit-metadata: 1.2772906133905053
  landing: 0.023462588898837566
  view-data: 0.02451076451689005
