times:
  edit-metadata: 1.643704131245613
  landing: 0.1649960484355688
  view-data: 0.3658756669610739
