times:
  edit-metadata: 1.3555287923663855
  landing: 0.019480114802718163
  view-data: 0.1208473090082407
