times:
  edit-metadata: 1.314397193491459
  landing: 0.020637979730963707
  view-data: 0.11997531168162823
