times:
  edit-metadata: 1.5530394595116377
  landing: 0.07450501620769501
  view-data: 0.025667229667305946
