times:
  edit-metadata: 1.2792749172076583
  landing: 0.1278504328802228
  view-data: 0.24972269404679537
