times:
  edit-metadata: 1.295532419346273
  landing: 0.12090927548706532
  view-data: 0.025135566480457783
