times:
  edit-metadata: 1.5724335219711065
  landing: 0.019220374524593353
  view-data: 0.3593157082796097
