times:
  edit-metadata: 1.338255999609828
  landing: 0.021013449877500534
  view-data: 0.28628222085535526
