times:
  edit-metadata: 1.3193086935207248
  landing: 0.022190220654010773
  view-data: 0.3980339989066124
