times:
  edit-metadata: 1.3951368872076273
  landing: 0.02407404314726591
  view-data: 0.12412371579557657
