times:
  edit-metadata: 1.285575769841671
  landing: 0.15831929352134466
  view-data: 0.13217340596020222
