times:
  edit-metadata: 1.324790108948946
  landing: 0.12965778447687626
  view-data: 0.13296489045023918
