times:
  edit-metadata: 1.3804808408021927
  landing: 0.02035621926188469
  view-data: 0.025575410574674606
