times:
  edit-metadata: 1.322160117328167
  landing: 0.02295184601098299
  view-data: 0.026570414192974567
