times:
  edit-metadata: 0.6416643257252872
  landing: 0.0727861556224525
  view-data: 0.22332015680149198
