times:
  edit-metadata: 0.5441426541656256
  landing: 0.04376827785745263
  view-data: 0.20043160486966372
