times:
  edit-metadata: 0.503968084231019
  landing: 0.04286083299666643
  view-data: 0.21256897691637278
