times:
  edit-metadata: 1.360706802457571
  landing: 0.22779061179608107
  view-data: 0.4194555217400193
