times:
  edit-metadata: 1.3307560086250305
  landing: 0.026523152366280556
  view-data: 0.11916203144937754
