times:
  edit-metadata: 1.3083203230053186
  landing: 0.02043373789638281
  view-data: 0.32310819812119007
