times:
  edit-metadata: 1.3300901353359222
  landing: 0.020582320168614388
  view-data: 0.2813779767602682
