times:
  edit-metadata: 1.2955457651987672
  landing: 0.19876863155514002
  view-data: 0.4664204763248563
