times:
  edit-metadata: 1.4964538775384426
  landing: 0.019742736592888832
  view-data: 0.024298837408423424
