times:
  edit-metadata: 1.2768124174326658
  landing: 0.020815986208617687
  view-data: 0.32415351644158363
