times:
  edit-metadata: 1.2664868021383882
  landing: 0.020291488617658615
  view-data: 0.12689499277621508
