times:
  edit-metadata: 1.3494166703894734
  landing: 0.02160000614821911
  view-data: 0.13560693804174662
