times:
  edit-metadata: 0.6532330252230167
  landing: 0.08495814213529229
  view-data: 0.22703374782577157
