times:
  edit-metadata: 0.5933976550586522
  landing: 0.0496543450281024
  view-data: 0.3410373469814658
