times:
  edit-metadata: 0.9293147539719939
  landing: 0.06237544817849994
  view-data: 0.3285976448096335
