times:
  edit-metadata: 0.7395590059459209
  landing: 0.06788880284875631
  view-data: 0.28645416907966137
