times:
  edit-metadata: 0.5862037967890501
  landing: 0.08227362483739853
  view-data: 0.2229045699350536
