times:
  edit-metadata: 0.7267227270640433
  landing: 0.05335931992158294
  view-data: 0.21668485924601555
