times:
  edit-metadata: 0.5991104519926012
  landing: 0.14366439497098327
  view-data: 0.20964406384155154
