times:
  edit-metadata: 0.6365355630405247
  landing: 0.060279348865151405
  view-data: 0.2803259599022567
