times:
  edit-metadata: 0.5841952352784574
  landing: 0.07282444462180138
  view-data: 0.2489646072499454
