times:
  edit-metadata: 0.6171046770177782
  landing: 0.050756916869431734
  view-data: 0.2068365141749382
