times:
  edit-metadata: 0.7331641716882586
  landing: 0.06871234811842442
  view-data: 0.3171957819722593
