times:
  edit-metadata: 0.65740548633039
  landing: 0.05551004409790039
  view-data: 0.22072837920859456
