times:
  edit-metadata: 0.6775423809885979
  landing: 0.07913215598091483
  view-data: 0.22376097133383155
