times:
  edit-metadata: 0.804804268758744
  landing: 0.14775791997089982
  view-data: 0.2646792051382363
