times:
  edit-metadata: 0.6273188111372292
  landing: 0.16225528484210372
  view-data: 0.26563697308301926
