times:
  edit-metadata: 0.5719340089708567
  landing: 0.11208343040198088
  view-data: 0.28983104787766933
