times:
  edit-metadata: 0.6029653679579496
  landing: 0.04728406202048063
  view-data: 0.20745302783325315
