times:
  edit-metadata: 0.8298397352918983
  landing: 0.11404129676520824
  view-data: 0.22535770200192928
