times:
  edit-metadata: 0.561579282861203
  landing: 0.06604115571826696
  view-data: 0.2142182169482112
