times:
  edit-metadata: 0.7132372069172561
  landing: 0.15497962571680546
  view-data: 0.20220466190949082
