times:
  edit-metadata: 0.5833666808903217
  landing: 0.06119289994239807
  view-data: 0.2343793911859393
