times:
  edit-metadata: 0.6767908218316734
  landing: 0.07144757127389312
  view-data: 0.22079092869535089
