times:
  edit-metadata: 0.6380581660196185
  landing: 0.050113915000110865
  view-data: 0.2119802669622004
