times:
  edit-metadata: 0.5825988370925188
  landing: 0.06376925809308887
  view-data: 0.22075767209753394
