times:
  edit-metadata: 0.5908375522121787
  landing: 0.06169028300791979
  view-data: 0.21628707507625222
