times:
  edit-metadata: 0.8385687377303839
  landing: 0.07992597902193666
  view-data: 0.3076877649873495
