times:
  edit-metadata: 0.877599140163511
  landing: 0.0633136322721839
  view-data: 0.2131110168993473
