times:
  edit-metadata: 1.346373664215207
  landing: 0.02216494083404541
  view-data: 0.026751842349767685
