times:
  edit-metadata: 1.319648060016334
  landing: 0.018618449568748474
  view-data: 0.026104792952537537
