times:
  edit-metadata: 1.2873266348615289
  landing: 0.020678052678704262
  view-data: 0.1420916896313429
