times:
  edit-metadata: 1.3026287108659744
  landing: 0.02086937427520752
  view-data: 0.026222877204418182
