times:
  edit-metadata: 1.8612254466861486
  landing: 0.23155325464904308
  view-data: 0.15235120058059692
