times:
  edit-metadata: 0.4745532348752022
  landing: 0.11760210106149316
  view-data: 0.305450146086514
