times:
  edit-metadata: 1.4405718483030796
  landing: 0.019657647237181664
  view-data: 0.17163651064038277
