times:
  edit-metadata: 1.2744196001440287
  landing: 0.021358836442232132
  view-data: 0.023393113166093826
