times:
  edit-metadata: 1.3481283280998468
  landing: 0.018616650253534317
  view-data: 0.3138512596487999
