times:
  edit-metadata: 1.7973001766949892
  landing: 0.02572648413479328
  view-data: 0.4038556292653084
