times:
  edit-metadata: 1.3624328076839447
  landing: 0.1324486806988716
  view-data: 0.02830456756055355
