times:
  edit-metadata: 1.3012310955673456
  landing: 0.11716780625283718
  view-data: 0.024091951549053192
