times:
  edit-metadata: 0.5821676533669233
  landing: 0.06849990086629987
  view-data: 0.2025224189274013
