times:
  edit-metadata: 1.4001248497515917
  landing: 0.14659222029149532
  view-data: 0.41836970299482346
