times:
  edit-metadata: 0.49870022665709257
  landing: 0.0961677459999919
  view-data: 0.2986485343426466
