times:
  edit-metadata: 1.4738527219742537
  landing: 0.27154115960001945
  view-data: 0.16411897912621498
