times:
  edit-metadata: 1.3535306211560965
  landing: 0.018981335684657097
  view-data: 0.366393705829978
