times:
  edit-metadata: 0.4909455692395568
  landing: 0.11077469028532505
  view-data: 0.2787926457822323
