times:
  edit-metadata: 1.651971496641636
  landing: 0.17050600424408913
  view-data: 0.5329641439020634
