times:
  edit-metadata: 1.3945963587611914
  landing: 0.28431629948318005
  view-data: 0.20944923255592585
