times:
  edit-metadata: 1.958497361280024
  landing: 0.13972070813179016
  view-data: 0.4900600826367736
