times:
  edit-metadata: 1.3122977279126644
  landing: 0.14186428859829903
  view-data: 0.32172850519418716
