times:
  edit-metadata: 1.2822389286011457
  landing: 0.020881183445453644
  view-data: 0.025136107578873634
