times:
  edit-metadata: 1.3549944069236517
  landing: 0.01892356388270855
  view-data: 0.34595886804163456
