times:
  edit-metadata: 1.2834635227918625
  landing: 0.019564416259527206
  view-data: 0.02350717969238758
