times:
  edit-metadata: 0.4653355670161545
  landing: 0.061386693734675646
  view-data: 0.19763437611982226
