times:
  edit-metadata: 1.3880202062427998
  landing: 0.15140077285468578
  view-data: 0.3424163945019245
