times:
  edit-metadata: 1.3507800195366144
  landing: 0.023683087900280952
  view-data: 0.02889322116971016
