times:
  edit-metadata: 1.3293427005410194
  landing: 0.1580947283655405
  view-data: 0.12003105692565441
