times:
  edit-metadata: 1.280752738006413
  landing: 0.1593763241544366
  view-data: 0.11621289886534214
