times:
  edit-metadata: 1.3829243294894695
  landing: 0.02050982601940632
  view-data: 0.029383942484855652
