times:
  edit-metadata: 1.3595623755827546
  landing: 0.19661410339176655
  view-data: 0.0225607855245471
