times:
  edit-metadata: 1.372595727443695
  landing: 0.21132447570562363
  view-data: 0.02355308271944523
