times:
  edit-metadata: 1.2815738329663873
  landing: 0.021291367709636688
  view-data: 0.023347740061581135
