times:
  edit-metadata: 1.4307501446455717
  landing: 0.11418697144836187
  view-data: 0.13427114393562078
