times:
  edit-metadata: 1.6959168408066034
  landing: 0.024702059105038643
  view-data: 0.3683828506618738
