times:
  edit-metadata: 1.3148788511753082
  landing: 0.02089892514050007
  view-data: 0.027531610801815987
