times:
  edit-metadata: 1.5724750626832247
  landing: 0.2728370241820812
  view-data: 0.270098565146327
