times:
  edit-metadata: 1.7311784904450178
  landing: 0.18526862002909184
  view-data: 0.1467342171818018
