times:
  edit-metadata: 1.6809870842844248
  landing: 0.27977569214999676
  view-data: 0.15389322862029076
