times:
  edit-metadata: 1.4278096472844481
  landing: 0.13857664167881012
  view-data: 0.11945959646254778
