times:
  edit-metadata: 1.4540199171751738
  landing: 0.23380345292389393
  view-data: 0.3249647989869118
