times:
  edit-metadata: 1.4197439523413777
  landing: 0.21412101201713085
  view-data: 0.1433893535286188
