times:
  edit-metadata: 1.4007522100582719
  landing: 0.1344676436856389
  view-data: 0.48923559207469225
