times:
  edit-metadata: 1.3745361100882292
  landing: 0.02206752821803093
  view-data: 0.025547295808792114
