times:
  edit-metadata: 1.3839462120085955
  landing: 0.019047914072871208
  view-data: 0.02677902765572071
