times:
  edit-metadata: 1.5136719327419996
  landing: 0.18770618550479412
  view-data: 0.3318970073014498
