times:
  edit-metadata: 0.4960287231951952
  landing: 0.06692994013428688
  view-data: 0.21578988013789058
