times:
  edit-metadata: 1.3730671387165785
  landing: 0.018652338534593582
  view-data: 0.3329449910670519
