times:
  edit-metadata: 1.399885225109756
  landing: 0.1420861715450883
  view-data: 0.02254500985145569
