times:
  edit-metadata: 1.3252754965797067
  landing: 0.021879478357732296
  view-data: 0.22970088105648756
