times:
  edit-metadata: 1.3357829097658396
  landing: 0.11926293186843395
  view-data: 0.024057840928435326
