times:
  edit-metadata: 1.43208334967494
  landing: 0.021127017214894295
  view-data: 0.11972370930016041
