times:
  edit-metadata: 1.3595153372734785
  landing: 0.01906743273139
  view-data: 0.11813600920140743
