times:
  edit-metadata: 1.3287128899246454
  landing: 0.13256945088505745
  view-data: 0.026378553360700607
