times:
  edit-metadata: 1.4994929330423474
  landing: 0.12049576360732317
  view-data: 0.025253498926758766
