times:
  edit-metadata: 1.3464927077293396
  landing: 0.02031751722097397
  view-data: 0.023124299943447113
