times:
  edit-metadata: 1.3599369078874588
  landing: 0.019919060170650482
  view-data: 0.02345825731754303
