times:
  edit-metadata: 1.7134401462972164
  landing: 0.2699494808912277
  view-data: 0.3398957308381796
