times:
  edit-metadata: 1.3290341645479202
  landing: 0.15621978137642145
  view-data: 0.02473155502229929
