times:
  edit-metadata: 0.5688671609386802
  landing: 0.04564722301438451
  view-data: 0.27488485630601645
