times:
  edit-metadata: 0.6486508660018444
  landing: 0.0638957628980279
  view-data: 0.2785924510098994
