times:
  edit-metadata: 1.4362995326519012
  landing: 0.02645818516612053
  view-data: 0.20790191926062107
