times:
  edit-metadata: 0.4741932451725006
  landing: 0.04979021102190018
  view-data: 0.21486042393371463
