times:
  edit-metadata: 1.3847096348181367
  landing: 0.12358096614480019
  view-data: 0.027176146395504475
