times:
  edit-metadata: 1.3075926173478365
  landing: 0.019883953034877777
  view-data: 0.13607507944107056
