times:
  edit-metadata: 1.6719876434653997
  landing: 0.24535267241299152
  view-data: 0.3191721234470606
