times:
  edit-metadata: 1.5072793196886778
  landing: 0.019491299986839294
  view-data: 0.18400616012513638
