times:
  edit-metadata: 1.367861906066537
  landing: 0.24183779954910278
  view-data: 0.023706644773483276
