times:
  edit-metadata: 1.816522590816021
  landing: 0.35005232132971287
  view-data: 0.4625635966658592
