times:
  edit-metadata: 0.6046717520803213
  landing: 0.04254504619166255
  view-data: 0.26999020483344793
