times:
  edit-metadata: 0.4799740849994123
  landing: 0.07541421381756663
  view-data: 0.28518019802868366
