times:
  edit-metadata: 1.3312987796962261
  landing: 0.019786780700087547
  view-data: 0.024021582677960396
