times:
  edit-metadata: 1.3623165544122458
  landing: 0.21519759111106396
  view-data: 0.024308698251843452
