times:
  edit-metadata: 2.2676747780060396
  landing: 0.3825546969892457
  view-data: 0.4917116110154893
