times:
  edit-metadata: 1.367820132523775
  landing: 0.020066777244210243
  view-data: 0.12303126975893974
