times:
  edit-metadata: 1.2944014761596918
  landing: 0.09799008816480637
  view-data: 0.02354435622692108
