times:
  edit-metadata: 0.4785448368638754
  landing: 0.11079531721770763
  view-data: 0.23063839320093393
