times:
  edit-metadata: 1.4893049951642752
  landing: 0.27476099133491516
  view-data: 0.025219108909368515
