times:
  edit-metadata: 1.7943198587745428
  landing: 0.14177849516272545
  view-data: 0.44368103705346584
