times:
  edit-metadata: 1.3943822775036097
  landing: 0.17911374382674694
  view-data: 0.14017044939100742
