times:
  edit-metadata: 2.5461668520001695
  landing: 0.33600369398482144
  view-data: 0.4395173219963908
