times:
  edit-metadata: 1.8960578944534063
  landing: 0.1295276079326868
  view-data: 0.5178668517619371
