times:
  edit-metadata: 1.4302444942295551
  landing: 0.02648540958762169
  view-data: 0.1217881329357624
