times:
  edit-metadata: 1.325843496248126
  landing: 0.13600756227970123
  view-data: 0.12428260780870914
