times:
  edit-metadata: 1.297576954588294
  landing: 0.018886113539338112
  view-data: 0.025525132194161415
