times:
  edit-metadata: 1.374118996784091
  landing: 0.031443607062101364
  view-data: 0.2792586460709572
