times:
  edit-metadata: 1.3013927061110735
  landing: 0.02179885283112526
  view-data: 0.024586262181401253
