times:
  edit-metadata: 1.5431138575077057
  landing: 0.22639342956244946
  view-data: 0.12779763527214527
