times:
  edit-metadata: 0.5133768478408456
  landing: 0.06443091202527285
  view-data: 0.20458645792677999
