times:
  edit-metadata: 1.3673357274383307
  landing: 0.019876036792993546
  view-data: 0.02245201263576746
