times:
  edit-metadata: 1.3622828926891088
  landing: 0.12977260164916515
  view-data: 0.14079098030924797
