times:
  edit-metadata: 1.4122161157429218
  landing: 0.23355062399059534
  view-data: 0.022828944958746433
