times:
  edit-metadata: 0.5339310579001904
  landing: 0.09581428905948997
  view-data: 0.2003697850741446
