times:
  edit-metadata: 1.444545827805996
  landing: 0.02300780452787876
  view-data: 0.14477862045168877
