times:
  edit-metadata: 0.480425160843879
  landing: 0.06323240278288722
  view-data: 0.20800796430557966
