times:
  edit-metadata: 0.7071133409626782
  landing: 0.07587157562375069
  view-data: 0.26803039386868477
