times:
  edit-metadata: 1.3441315777599812
  landing: 0.02050817385315895
  view-data: 0.02578883059322834
