times:
  edit-metadata: 1.331179041415453
  landing: 0.1543172113597393
  view-data: 0.026209404692053795
