times:
  edit-metadata: 1.4028435628861189
  landing: 0.13879732228815556
  view-data: 0.03354327566921711
