times:
  edit-metadata: 1.509812356904149
  landing: 0.13541372492909431
  view-data: 0.02357962355017662
