times:
  edit-metadata: 1.5957206059247255
  landing: 0.21014482714235783
  view-data: 0.16531137749552727
