times:
  edit-metadata: 1.522290401160717
  landing: 0.044650426134467125
  view-data: 0.02696678414940834
