times:
  edit-metadata: 1.3143811225891113
  landing: 0.11561724171042442
  view-data: 0.3355278316885233
