times:
  edit-metadata: 1.2812291141599417
  landing: 0.018613334745168686
  view-data: 0.15467942878603935
