times:
  edit-metadata: 1.4259769786149263
  landing: 0.025099977850914
  view-data: 0.025338884443044662
