times:
  edit-metadata: 1.4380138162523508
  landing: 0.2389044091105461
  view-data: 0.13870379887521267
