times:
  edit-metadata: 1.658879796974361
  landing: 0.16136647295206785
  view-data: 0.32250210270285606
