times:
  edit-metadata: 1.3612744361162186
  landing: 0.019947504624724388
  view-data: 0.14199914410710335
