times:
  edit-metadata: 0.577357271220535
  landing: 0.17080525727942586
  view-data: 0.20810100622475147
