times:
  edit-metadata: 1.3093049861490726
  landing: 0.022916274145245552
  view-data: 0.02880447916686535
