times:
  edit-metadata: 0.4934680708684027
  landing: 0.07307886891067028
  view-data: 0.21778543526306748
