times:
  edit-metadata: 1.29676409997046
  landing: 0.019829608500003815
  view-data: 0.13249699771404266
