times:
  edit-metadata: 1.8923335690051317
  landing: 0.33034246042370796
  view-data: 0.29370858892798424
