times:
  edit-metadata: 1.513879595324397
  landing: 0.02212308533489704
  view-data: 0.37131725065410137
