times:
  edit-metadata: 1.5547134894877672
  landing: 0.3177120629698038
  view-data: 0.3483327105641365
