times:
  edit-metadata: 1.3792373426258564
  landing: 0.13341661915183067
  view-data: 0.13314572907984257
