times:
  edit-metadata: 1.4833393078297377
  landing: 0.20803731493651867
  view-data: 0.1469228658825159
