times:
  edit-metadata: 1.3271422032266855
  landing: 0.02228470705449581
  view-data: 0.027197934687137604
