times:
  edit-metadata: 0.4901530761271715
  landing: 0.09135069698095322
  view-data: 0.25943119265139103
