times:
  edit-metadata: 1.325996795669198
  landing: 0.19398896023631096
  view-data: 0.027492552995681763
