times:
  edit-metadata: 1.413410348817706
  landing: 0.1496614431962371
  view-data: 0.023118249140679836
