times:
  edit-metadata: 1.3530879179015756
  landing: 0.021331774070858955
  view-data: 0.026750684715807438
