times:
  edit-metadata: 1.3826140891760588
  landing: 0.14691809378564358
  view-data: 0.02567269653081894
