times:
  edit-metadata: 2.2379218358546495
  landing: 0.29332268983125687
  view-data: 0.5638126321136951
