times:
  edit-metadata: 0.5240915226750076
  landing: 0.13526185415685177
  view-data: 0.2041322630830109
