times:
  edit-metadata: 1.4679346401244402
  landing: 0.20693299919366837
  view-data: 0.0259645227342844
