times:
  edit-metadata: 1.4223572434857488
  landing: 0.019582627341151237
  view-data: 0.09395933337509632
