times:
  edit-metadata: 1.3047980517148972
  landing: 0.020309753715991974
  view-data: 0.024202780798077583
