times:
  edit-metadata: 0.8382948380894959
  landing: 0.08200799115002155
  view-data: 0.2876402740366757
