times:
  edit-metadata: 1.3568598479032516
  landing: 0.019193239510059357
  view-data: 0.027444712817668915
