times:
  edit-metadata: 1.3207021094858646
  landing: 0.14984835498034954
  view-data: 0.18441262654960155
