times:
  edit-metadata: 1.496614621952176
  landing: 0.23827503621578217
  view-data: 0.4314374402165413
