times:
  edit-metadata: 0.8257886613719165
  landing: 0.04692619200795889
  view-data: 0.206655774731189
