times:
  edit-metadata: 1.651893513277173
  landing: 0.29640357568860054
  view-data: 0.4085905086249113
