times:
  edit-metadata: 0.4766075760126114
  landing: 0.07421291060745716
  view-data: 0.2062432779930532
