times:
  edit-metadata: 1.670155193656683
  landing: 0.027758348733186722
  view-data: 0.494094617664814
