times:
  edit-metadata: 1.3198999483138323
  landing: 0.021134082227945328
  view-data: 0.13370581530034542
