times:
  edit-metadata: 1.2732961345463991
  landing: 0.11447379644960165
  view-data: 0.3921964652836323
