times:
  edit-metadata: 1.2952215038239956
  landing: 0.20441564917564392
  view-data: 0.11722903419286013
