times:
  edit-metadata: 1.3421324770897627
  landing: 0.02247772179543972
  view-data: 0.11855769716203213
