times:
  edit-metadata: 1.3374174889177084
  landing: 0.023324117064476013
  view-data: 0.02699882909655571
