times:
  edit-metadata: 1.575212575495243
  landing: 0.18113451078534126
  view-data: 0.17634784430265427
