times:
  edit-metadata: 1.453621556982398
  landing: 0.022784670814871788
  view-data: 0.030821694061160088
