times:
  edit-metadata: 0.6101540876552463
  landing: 0.1341665629297495
  view-data: 0.22427795082330704
