times:
  edit-metadata: 1.3338334299623966
  landing: 0.19424325600266457
  view-data: 0.30290891602635384
