times:
  edit-metadata: 1.4575585797429085
  landing: 0.29535681940615177
  view-data: 0.13232093676924706
