times:
  edit-metadata: 1.3753070663660765
  landing: 0.130433795042336
  view-data: 0.4064286071807146
