times:
  edit-metadata: 1.3957301992923021
  landing: 0.12640335969626904
  view-data: 0.023968888446688652
