times:
  edit-metadata: 0.5900414828211069
  landing: 0.12059651222079992
  view-data: 0.2031515659764409
