times:
  edit-metadata: 1.3807833138853312
  landing: 0.052247900515794754
  view-data: 0.3871792387217283
