times:
  edit-metadata: 1.3212723098695278
  landing: 0.13644596189260483
  view-data: 0.032039232552051544
