times:
  edit-metadata: 1.354752441868186
  landing: 0.14109187200665474
  view-data: 0.026802217587828636
