times:
  edit-metadata: 1.3808586364611983
  landing: 0.14234485011547804
  view-data: 0.4138520723208785
