times:
  edit-metadata: 1.3824904225766659
  landing: 0.026789560914039612
  view-data: 0.02439490333199501
