times:
  edit-metadata: 1.4852240476757288
  landing: 0.019485818222165108
  view-data: 0.023725353181362152
