times:
  edit-metadata: 1.291173169389367
  landing: 0.19133668951690197
  view-data: 0.02492593228816986
