times:
  edit-metadata: 1.6083854101598263
  landing: 0.01922113448381424
  view-data: 0.04985945299267769
