times:
  edit-metadata: 1.4025706965476274
  landing: 0.020664731040596962
  view-data: 0.23075314052402973
