times:
  edit-metadata: 1.4804545920342207
  landing: 0.021572483703494072
  view-data: 0.4310541730374098
