times:
  edit-metadata: 1.299064476042986
  landing: 0.13483558595180511
  view-data: 0.027894604951143265
