times:
  edit-metadata: 0.6466394080780447
  landing: 0.07046250998973846
  view-data: 0.2969072419218719
