times:
  edit-metadata: 1.3900517113506794
  landing: 0.13156234566122293
  view-data: 0.14587851613759995
