times:
  edit-metadata: 1.3618972357362509
  landing: 0.01942771952599287
  view-data: 0.13005390856415033
