times:
  edit-metadata: 1.4744374603033066
  landing: 0.237531254068017
  view-data: 0.028165418654680252
