times:
  edit-metadata: 1.3587765917181969
  landing: 0.02102200873196125
  view-data: 0.02615487016737461
