times:
  edit-metadata: 1.4579314049333334
  landing: 0.1527228131890297
  view-data: 0.29325199499726295
