times:
  edit-metadata: 0.4736730349250138
  landing: 0.09128213999792933
  view-data: 0.2133548348210752
