times:
  edit-metadata: 1.3050054628401995
  landing: 0.1156313493847847
  view-data: 0.02563331462442875
