times:
  edit-metadata: 1.4004501290619373
  landing: 0.13880741223692894
  view-data: 0.027490509673953056
