times:
  edit-metadata: 1.5183618012815714
  landing: 0.1004601139575243
  view-data: 0.03144169598817825
