times:
  edit-metadata: 0.7554298462346196
  landing: 0.061586468014866114
  view-data: 0.22057247394695878
