times:
  edit-metadata: 1.3610391207039356
  landing: 0.020650997757911682
  view-data: 0.026025190949440002
