times:
  edit-metadata: 1.4057829529047012
  landing: 0.022807462140917778
  view-data: 0.024789700284600258
