times:
  edit-metadata: 1.6347165927290916
  landing: 0.01902511715888977
  view-data: 0.40582031942903996
