times:
  edit-metadata: 0.5543938102200627
  landing: 0.062341964803636074
  view-data: 0.20420583710074425
