times:
  edit-metadata: 0.5381019399501383
  landing: 0.06104741198942065
  view-data: 0.2188477637246251
