times:
  edit-metadata: 1.4943952336907387
  landing: 0.02361145056784153
  view-data: 0.11088523082435131
