times:
  edit-metadata: 1.3479584641754627
  landing: 0.01936154253780842
  view-data: 0.024966537952423096
