times:
  edit-metadata: 1.4356136731803417
  landing: 0.019707070663571358
  view-data: 0.026159126311540604
