times:
  edit-metadata: 1.350079346448183
  landing: 0.019695961847901344
  view-data: 0.2818482108414173
