times:
  edit-metadata: 0.8514143163338304
  landing: 0.07893410790711641
  view-data: 0.2670045234262943
