times:
  edit-metadata: 1.3680611057206988
  landing: 0.019493593834340572
  view-data: 0.3996430318802595
