times:
  edit-metadata: 0.5658445386216044
  landing: 0.04559834115207195
  view-data: 0.21303342515602708
