times:
  edit-metadata: 1.3518738616257906
  landing: 0.13109633419662714
  view-data: 0.028330909088253975
