times:
  edit-metadata: 1.4960643891245127
  landing: 0.2728768177330494
  view-data: 0.3435759339481592
