times:
  edit-metadata: 1.3632685225456953
  landing: 0.019244462251663208
  view-data: 0.028547387570142746
