times:
  edit-metadata: 0.6080257105641067
  landing: 0.11927440483123064
  view-data: 0.21871423022821546
