times:
  edit-metadata: 1.6305436566472054
  landing: 0.02533610351383686
  view-data: 0.13299849815666676
