times:
  edit-metadata: 1.3905278351157904
  landing: 0.01986764371395111
  view-data: 0.02387528494000435
