times:
  edit-metadata: 1.503993734717369
  landing: 0.025576673448085785
  view-data: 0.13902137614786625
