times:
  edit-metadata: 1.4662870541214943
  landing: 0.2642156817018986
  view-data: 0.2500269953161478
