times:
  edit-metadata: 1.4326434135437012
  landing: 0.02146109752357006
  view-data: 0.4443891905248165
