times:
  edit-metadata: 1.6768326200544834
  landing: 0.2693794574588537
  view-data: 0.026597464457154274
