times:
  edit-metadata: 1.3661041259765625
  landing: 0.21585792489349842
  view-data: 0.15022062323987484
