times:
  edit-metadata: 1.4988935273140669
  landing: 0.03195091336965561
  view-data: 0.023889174684882164
