times:
  edit-metadata: 0.7672137510962784
  landing: 0.06534298602491617
  view-data: 0.2131202737800777
