times:
  edit-metadata: 1.841977771371603
  landing: 0.24958148039877415
  view-data: 0.508246935904026
