times:
  edit-metadata: 1.5660704914480448
  landing: 0.2763535026460886
  view-data: 0.3686398006975651
