times:
  edit-metadata: 1.3812842033803463
  landing: 0.12457773089408875
  view-data: 0.027899863198399544
