times:
  edit-metadata: 1.4374913927167654
  landing: 0.02318819984793663
  view-data: 0.30313288792967796
