times:
  edit-metadata: 1.408220225945115
  landing: 0.019567767158150673
  view-data: 0.026812341064214706
