times:
  edit-metadata: 1.3643128350377083
  landing: 0.15393024682998657
  view-data: 0.026315364986658096
