times:
  edit-metadata: 1.3274131547659636
  landing: 0.02162988856434822
  view-data: 0.0269129928201437
