times:
  edit-metadata: 1.716909047216177
  landing: 0.3392137624323368
  view-data: 0.44573952071368694
