times:
  edit-metadata: 1.403985671699047
  landing: 0.11273774690926075
  view-data: 0.02479184977710247
