times:
  edit-metadata: 1.4620527904480696
  landing: 0.2073580864816904
  view-data: 0.3666532579809427
