times:
  edit-metadata: 1.418833551928401
  landing: 0.24448042921721935
  view-data: 0.32806408032774925
