times:
  edit-metadata: 0.5391502887941897
  landing: 0.06559137208387256
  view-data: 0.2045698631554842
