times:
  edit-metadata: 1.4155879393219948
  landing: 0.2657784614712
  view-data: 0.023177174851298332
