times:
  edit-metadata: 1.473955824971199
  landing: 0.2640523873269558
  view-data: 0.35207515954971313
