times:
  edit-metadata: 1.5062314197421074
  landing: 0.1800229176878929
  view-data: 0.13671753741800785
