times:
  edit-metadata: 1.676732361316681
  landing: 0.15322787314653397
  view-data: 0.05347342975437641
