times:
  edit-metadata: 1.4910693112760782
  landing: 0.021128932014107704
  view-data: 0.026249513030052185
