times:
  edit-metadata: 1.3881225436925888
  landing: 0.020366249606013298
  view-data: 0.31265198439359665
