times:
  edit-metadata: 1.392554884776473
  landing: 0.025445595383644104
  view-data: 0.026468172669410706
