times:
  edit-metadata: 1.56940907984972
  landing: 0.025707092136144638
  view-data: 0.2708258144557476
