times:
  edit-metadata: 1.5729137435555458
  landing: 0.02561698481440544
  view-data: 0.3418536093086004
