times:
  edit-metadata: 1.5254764165729284
  landing: 0.02345815673470497
  view-data: 0.025234723463654518
