times:
  edit-metadata: 1.42852514795959
  landing: 0.11757175624370575
  view-data: 0.024937797337770462
