times:
  edit-metadata: 1.68801673874259
  landing: 0.23506861180067062
  view-data: 0.17413878627121449
