times:
  edit-metadata: 1.6544030643999577
  landing: 0.22309106029570103
  view-data: 0.057377781718969345
