times:
  edit-metadata: 1.6906069461256266
  landing: 0.0231655091047287
  view-data: 0.023753447458148003
