times:
  edit-metadata: 1.3698336016386747
  landing: 0.019392890855669975
  view-data: 0.2670236974954605
