times:
  edit-metadata: 1.4526165779680014
  landing: 0.14124981686472893
  view-data: 0.38876141607761383
