times:
  edit-metadata: 0.7968023340217769
  landing: 0.07672156486660242
  view-data: 0.21545176580548286
