times:
  edit-metadata: 1.819110820069909
  landing: 0.02261902391910553
  view-data: 0.1521035861223936
