times:
  edit-metadata: 1.382914636284113
  landing: 0.021739672869443893
  view-data: 0.1619838885962963
