times:
  edit-metadata: 1.8028906993567944
  landing: 0.2685244493186474
  view-data: 0.6229692250490189
