times:
  edit-metadata: 1.8547560768201947
  landing: 0.287347006611526
  view-data: 0.3641850873827934
