times:
  edit-metadata: 1.2597054243087769
  landing: 0.1814703866839409
  view-data: 0.022411497309803963
