times:
  edit-metadata: 1.4414540510624647
  landing: 0.01875491626560688
  view-data: 0.023282572627067566
