times:
  edit-metadata: 1.4656353928148746
  landing: 0.020013954490423203
  view-data: 0.12871997617185116
