times:
  edit-metadata: 0.8449025051668286
  landing: 0.08068498922511935
  view-data: 0.25711814872920513
