times:
  edit-metadata: 1.3934934586286545
  landing: 0.022117264568805695
  view-data: 0.02342724148184061
