times:
  edit-metadata: 1.5055142808705568
  landing: 0.13120126724243164
  view-data: 0.14006505347788334
