times:
  edit-metadata: 1.9909064918756485
  landing: 0.020398540422320366
  view-data: 0.29619163274765015
