times:
  edit-metadata: 0.6579958628863096
  landing: 0.057006311137229204
  view-data: 0.3372278190217912
