times:
  edit-metadata: 1.6479296404868364
  landing: 0.2714458927512169
  view-data: 0.424894904717803
