times:
  edit-metadata: 1.2885207626968622
  landing: 0.01907829102128744
  view-data: 0.29569574631750584
