times:
  edit-metadata: 1.550957953557372
  landing: 0.022170711308717728
  view-data: 0.4394830074161291
