times:
  edit-metadata: 1.5246585123240948
  landing: 0.023391755297780037
  view-data: 0.02620195411145687
