times:
  edit-metadata: 1.7186901774257421
  landing: 0.2556738406419754
  view-data: 0.19777970761060715
