times:
  edit-metadata: 0.8416981096379459
  landing: 0.07225701212882996
  view-data: 0.23829581774771214
