times:
  edit-metadata: 1.4647210706025362
  landing: 0.023588329553604126
  view-data: 0.02670941688120365
