times:
  edit-metadata: 1.6140429992228746
  landing: 0.29143342934548855
  view-data: 0.16825274750590324
