times:
  edit-metadata: 1.6912610586732626
  landing: 0.31763168424367905
  view-data: 0.32009703293442726
