times:
  edit-metadata: 1.3554349094629288
  landing: 0.12062053941190243
  view-data: 0.025071820244193077
