times:
  edit-metadata: 1.3628047164529562
  landing: 0.12109034694731236
  view-data: 0.13353565335273743
