times:
  edit-metadata: 1.4411247596144676
  landing: 0.018065204843878746
  view-data: 0.02654396742582321
