times:
  edit-metadata: 1.5792579986155033
  landing: 0.18691580556333065
  view-data: 0.33829461596906185
