times:
  edit-metadata: 1.9382953569293022
  landing: 0.4431844409555197
  view-data: 0.47180499136447906
