times:
  edit-metadata: 1.5030048303306103
  landing: 0.1296922117471695
  view-data: 0.35356312803924084
