times:
  edit-metadata: 1.3489444628357887
  landing: 0.025847535580396652
  view-data: 0.025442073121666908
