times:
  edit-metadata: 1.4316805116832256
  landing: 0.116347411647439
  view-data: 0.31422169879078865
