times:
  edit-metadata: 1.627329993993044
  landing: 0.16316581517457962
  view-data: 0.16256443597376347
