times:
  edit-metadata: 1.3807413894683123
  landing: 0.01966075971722603
  view-data: 0.4276059437543154
