times:
  edit-metadata: 1.9542084652930498
  landing: 0.2550460919737816
  view-data: 0.4273510742932558
