times:
  edit-metadata: 0.5552480900660157
  landing: 0.0721414596773684
  view-data: 0.21397650334984064
