times:
  edit-metadata: 1.5787897445261478
  landing: 0.019418438896536827
  view-data: 0.17659606412053108
