times:
  edit-metadata: 1.393823228776455
  landing: 0.01993059739470482
  view-data: 0.024791650474071503
