times:
  edit-metadata: 0.554159611929208
  landing: 0.06414127070456743
  view-data: 0.20817991206422448
