times:
  edit-metadata: 0.5813430142588913
  landing: 0.06307315500453115
  view-data: 0.1997402459383011
