times:
  edit-metadata: 1.4559259172528982
  landing: 0.20970418490469456
  view-data: 0.024285458028316498
