times:
  edit-metadata: 1.5073294714093208
  landing: 0.019513553008437157
  view-data: 0.3283294830471277
