times:
  edit-metadata: 1.4450003318488598
  landing: 0.2532222755253315
  view-data: 0.16601252928376198
