times:
  edit-metadata: 1.378192687407136
  landing: 0.0209552813321352
  view-data: 0.026196707040071487
