times:
  edit-metadata: 1.578402504324913
  landing: 0.2368934340775013
  view-data: 0.03143971413373947
