times:
  edit-metadata: 1.4423666168004274
  landing: 0.20311491005122662
  view-data: 0.025989999994635582
