times:
  edit-metadata: 1.3899874910712242
  landing: 0.020128052681684494
  view-data: 0.3209176566451788
