times:
  edit-metadata: 1.4420050252228975
  landing: 0.023853419348597527
  view-data: 0.14012408070266247
