times:
  edit-metadata: 0.7415278716944158
  landing: 0.06535394582897425
  view-data: 0.2471257378347218
