times:
  edit-metadata: 1.4823570158332586
  landing: 0.024498848244547844
  view-data: 0.026199156418442726
