times:
  edit-metadata: 1.440800404176116
  landing: 0.1295332834124565
  view-data: 0.32678297534585
