times:
  edit-metadata: 1.4982504323124886
  landing: 0.2165971603244543
  view-data: 0.17484532669186592
