times:
  edit-metadata: 1.603510508313775
  landing: 0.2408132664859295
  view-data: 0.025504469871520996
