times:
  edit-metadata: 1.4334718640893698
  landing: 0.022230209782719612
  view-data: 0.0271289199590683
