times:
  edit-metadata: 1.3898778967559338
  landing: 0.02258419618010521
  view-data: 0.022586552426218987
