times:
  edit-metadata: 1.5561489053070545
  landing: 0.022779738530516624
  view-data: 0.31793476454913616
