times:
  edit-metadata: 1.5111379772424698
  landing: 0.16971660126000643
  view-data: 0.02684832736849785
