times:
  edit-metadata: 0.7585456417873502
  landing: 0.14565536798909307
  view-data: 0.22136005107313395
