times:
  edit-metadata: 1.3533293772488832
  landing: 0.019384467974305153
  view-data: 0.3133696708828211
