times:
  edit-metadata: 1.472790541127324
  landing: 0.196633106097579
  view-data: 0.2949332594871521
