times:
  edit-metadata: 1.5625664442777634
  landing: 0.27157480642199516
  view-data: 0.17449316196143627
