times:
  edit-metadata: 1.3790842164307833
  landing: 0.022430451586842537
  view-data: 0.1492288038134575
