times:
  edit-metadata: 1.3967478591948748
  landing: 0.05071551352739334
  view-data: 0.4255140256136656
