times:
  edit-metadata: 0.5623078118078411
  landing: 0.06924470327794552
  view-data: 0.20827735075727105
