times:
  edit-metadata: 0.6105874930508435
  landing: 0.04047605535015464
  view-data: 0.3097720108926296
