times:
  edit-metadata: 0.7514824150130153
  landing: 0.04727642610669136
  view-data: 0.31352307368069887
