times:
  edit-metadata: 1.6364330649375916
  landing: 0.2720468118786812
  view-data: 0.3966170474886894
