times:
  edit-metadata: 1.436562441289425
  landing: 0.19345610588788986
  view-data: 0.024112509563565254
