times:
  edit-metadata: 1.501535976305604
  landing: 0.16523200273513794
  view-data: 0.0276593379676342
