times:
  edit-metadata: 1.6770387310534716
  landing: 0.2523884456604719
  view-data: 0.3716675788164139
