times:
  edit-metadata: 1.4727418702095747
  landing: 0.202576806768775
  view-data: 0.024095850065350533
