times:
  edit-metadata: 1.3791734483093023
  landing: 0.019859367981553078
  view-data: 0.02804530691355467
