times:
  edit-metadata: 1.392040764912963
  landing: 0.17320013605058193
  view-data: 0.02275937981903553
