times:
  edit-metadata: 0.5538654457777739
  landing: 0.06733290711417794
  view-data: 0.2040833281353116
