times:
  edit-metadata: 1.7065198253840208
  landing: 0.2963432688266039
  view-data: 0.44802287966012955
