times:
  edit-metadata: 1.5026381071656942
  landing: 0.14509152434766293
  view-data: 0.024462012574076653
