times:
  edit-metadata: 0.7681689290329814
  landing: 0.05496252281591296
  view-data: 0.2307268208824098
