times:
  edit-metadata: 1.4670899249613285
  landing: 0.11948834918439388
  view-data: 0.3043845258653164
