times:
  edit-metadata: 1.4830844607204199
  landing: 0.01969418302178383
  view-data: 0.12510191462934017
