times:
  edit-metadata: 0.5488877180032432
  landing: 0.11154811084270477
  view-data: 0.22172901080921292
