times:
  edit-metadata: 1.3971170745790005
  landing: 0.023199288174510002
  view-data: 0.3244884889572859
