times:
  edit-metadata: 1.4246579390019178
  landing: 0.2403084561228752
  view-data: 0.38830950297415257
