times:
  edit-metadata: 1.705153999850154
  landing: 0.19892993941903114
  view-data: 0.3295299969613552
