times:
  edit-metadata: 0.5441293800249696
  landing: 0.06351026287302375
  view-data: 0.22408249881118536
