times:
  edit-metadata: 1.3693642299622297
  landing: 0.1273920126259327
  view-data: 0.023954542353749275
