times:
  edit-metadata: 1.4465098325163126
  landing: 0.020224276930093765
  view-data: 0.3759768046438694
