times:
  edit-metadata: 1.4726847689598799
  landing: 0.2352751288563013
  view-data: 0.12442557886242867
