times:
  edit-metadata: 0.5766468890942633
  landing: 0.09263304295018315
  view-data: 0.27926634810864925
