times:
  edit-metadata: 1.7102908119559288
  landing: 0.23678706772625446
  view-data: 0.3614724352955818
