times:
  edit-metadata: 1.5070641431957483
  landing: 0.13602705672383308
  view-data: 0.02706788294017315
