times:
  edit-metadata: 0.693753776140511
  landing: 0.04500073520466685
  view-data: 0.31502895429730415
