times:
  edit-metadata: 0.42806648556143045
  landing: 0.04704525787383318
  view-data: 0.31910596415400505
