times:
  edit-metadata: 0.4571248209103942
  landing: 0.04782312177121639
  view-data: 0.19820101745426655
