times:
  edit-metadata: 0.44555729161947966
  landing: 0.05025653541088104
  view-data: 0.46228478010743856
