times:
  edit-metadata: 1.3062864122912288
  landing: 0.021009767428040504
  view-data: 0.025271976366639137
