times:
  edit-metadata: 1.374630307778716
  landing: 0.17374918889254332
  view-data: 0.12072445638477802
