times:
  edit-metadata: 1.8186698649078608
  landing: 0.17379706539213657
  view-data: 0.02746777981519699
