times:
  edit-metadata: 1.65000912360847
  landing: 0.04778789356350899
  view-data: 0.4137837029993534
