times:
  edit-metadata: 0.5380450510419905
  landing: 0.06527040479704738
  view-data: 0.21090351417660713
