times:
  edit-metadata: 1.355339452624321
  landing: 0.022462716326117516
  view-data: 0.02544739656150341
