times:
  edit-metadata: 0.49516882468014956
  landing: 0.06929356185719371
  view-data: 0.20926413731649518
