times:
  edit-metadata: 1.334883326664567
  landing: 0.01932251825928688
  view-data: 0.1185718821361661
