times:
  edit-metadata: 0.6427989657968283
  landing: 0.0649267490953207
  view-data: 0.2878430876880884
