times:
  edit-metadata: 1.3180299121886492
  landing: 0.023242286406457424
  view-data: 0.4377726772800088
