times:
  edit-metadata: 0.46512640826404095
  landing: 0.046898532658815384
  view-data: 0.19543964136391878
