times:
  edit-metadata: 1.3402655776590109
  landing: 0.01923430897295475
  view-data: 0.02302682027220726
