times:
  edit-metadata: 1.3020993266254663
  landing: 0.02207826916128397
  view-data: 0.024421135894954205
