times:
  edit-metadata: 1.2982500018551946
  landing: 0.019831670448184013
  view-data: 0.12113849073648453
