times:
  edit-metadata: 1.4120103605091572
  landing: 0.022185947746038437
  view-data: 0.024816447868943214
