times:
  edit-metadata: 1.4605570789426565
  landing: 0.020481793209910393
  view-data: 0.1638086549937725
