times:
  edit-metadata: 0.7802537409588695
  landing: 0.09434488695114851
  view-data: 0.2950308318249881
