times:
  edit-metadata: 1.3490094849839807
  landing: 0.01922152191400528
  view-data: 0.025672773830592632
