times:
  edit-metadata: 1.3082856759428978
  landing: 0.022501323372125626
  view-data: 0.10045178234577179
