times:
  edit-metadata: 1.390777038410306
  landing: 0.020176652818918228
  view-data: 0.23612313903868198
