times:
  edit-metadata: 1.6469440832734108
  landing: 0.22570937499403954
  view-data: 0.025414971634745598
