times:
  edit-metadata: 1.2984157865867019
  landing: 0.12237338908016682
  view-data: 0.02676973957568407
