times:
  edit-metadata: 1.3843283588066697
  landing: 0.13829810824245214
  view-data: 0.029828360304236412
