times:
  edit-metadata: 0.4913032781332731
  landing: 0.05145574826747179
  view-data: 0.2329696947708726
