times:
  edit-metadata: 1.5600813869386911
  landing: 0.14837841503322124
  view-data: 0.13804782554507256
