times:
  edit-metadata: 1.4884542003273964
  landing: 0.14332589879631996
  view-data: 0.12964528799057007
