times:
  edit-metadata: 1.3992248997092247
  landing: 0.0209981519728899
  view-data: 0.025375448167324066
