times:
  edit-metadata: 0.4536049235612154
  landing: 0.04521334357559681
  view-data: 0.21359913144260645
