times:
  edit-metadata: 1.4371436759829521
  landing: 0.028128473088145256
  view-data: 0.024679236114025116
