times:
  edit-metadata: 1.3161541381850839
  landing: 0.022937709465622902
  view-data: 0.22605607751756907
