times:
  edit-metadata: 0.46506883716210723
  landing: 0.04627756215631962
  view-data: 0.34738492500036955
