times:
  edit-metadata: 1.5469295624643564
  landing: 0.24090352654457092
  view-data: 0.16222770512104034
