times:
  edit-metadata: 1.3915884848684072
  landing: 0.019107690081000328
  view-data: 0.0228134635835886
