times:
  edit-metadata: 1.4424245078116655
  landing: 0.022081568837165833
  view-data: 0.02311757393181324
