times:
  edit-metadata: 0.4751562587916851
  landing: 0.04102049767971039
  view-data: 0.19541840068995953
