times:
  edit-metadata: 0.49221289064735174
  landing: 0.042480661533772945
  view-data: 0.32723969873040915
