times:
  edit-metadata: 1.3122368901968002
  landing: 0.019647743552923203
  view-data: 0.02562746312469244
