times:
  edit-metadata: 1.2760562226176262
  landing: 0.02466075774282217
  view-data: 0.026708257384598255
