times:
  edit-metadata: 1.3996186256408691
  landing: 0.03174972161650658
  view-data: 0.15179117769002914
