times:
  edit-metadata: 1.3287457628175616
  landing: 0.022606680169701576
  view-data: 0.025631019845604897
