times:
  edit-metadata: 3.1522094514220953
  landing: 0.3040060270577669
  view-data: 0.8540114499628544
