times:
  edit-metadata: 1.3439368875697255
  landing: 0.020145094953477383
  view-data: 0.026250150054693222
