times:
  edit-metadata: 0.4945346163585782
  landing: 0.05338042974472046
  view-data: 0.1952585680410266
