times:
  edit-metadata: 1.5994931031018496
  landing: 0.26180964335799217
  view-data: 0.16833738051354885
