times:
  edit-metadata: 1.3619512896984816
  landing: 0.021733229979872704
  view-data: 0.43190320301800966
