times:
  edit-metadata: 1.291558870114386
  landing: 0.022072939202189445
  view-data: 0.026123879477381706
