times:
  edit-metadata: 0.8683530567213893
  landing: 0.07329547870904207
  view-data: 0.29314616695046425
