times:
  edit-metadata: 0.6488245418295264
  landing: 0.07842802396044135
  view-data: 0.21379003208130598
