times:
  edit-metadata: 0.48639729153364897
  landing: 0.04410891328006983
  view-data: 0.20340820588171482
