times:
  edit-metadata: 0.5349499443545938
  landing: 0.07332813180983067
  view-data: 0.206564131192863
