times:
  edit-metadata: 0.4874963015317917
  landing: 0.04367800522595644
  view-data: 0.21102706901729107
