times:
  edit-metadata: 1.3267016224563122
  landing: 0.018539482727646828
  view-data: 0.029156383126974106
