times:
  edit-metadata: 1.3158685695379972
  landing: 0.02329649217426777
  view-data: 0.12494416814297438
