times:
  edit-metadata: 1.3143725330010056
  landing: 0.021585313603281975
  view-data: 0.02681620605289936
