times:
  edit-metadata: 1.4605385046452284
  landing: 0.02015131339430809
  view-data: 0.028493545949459076
