times:
  edit-metadata: 1.548766141757369
  landing: 0.1998581551015377
  view-data: 0.14796830341219902
