times:
  edit-metadata: 1.3261308623477817
  landing: 0.020635697059333324
  view-data: 0.12342670559883118
