times:
  edit-metadata: 0.5044851573184133
  landing: 0.041755001060664654
  view-data: 0.19933614321053028
