times:
  edit-metadata: 1.3488319497555494
  landing: 0.022235050797462463
  view-data: 0.027982380241155624
