times:
  edit-metadata: 0.48967000655829906
  landing: 0.04386304412037134
  view-data: 0.20102152787148952
