times:
  edit-metadata: 1.3713434161618352
  landing: 0.01999868731945753
  view-data: 0.026412151753902435
