times:
  edit-metadata: 0.4711072170175612
  landing: 0.045450779143720865
  view-data: 0.34773568203672767
