times:
  edit-metadata: 2.055045213550329
  landing: 0.1595707144588232
  view-data: 0.5337316300719976
