times:
  edit-metadata: 1.32479568105191
  landing: 0.021866011433303356
  view-data: 0.11983784940093756
