times:
  edit-metadata: 1.3668153043836355
  landing: 0.018899910151958466
  view-data: 0.3832933511584997
