times:
  edit-metadata: 1.327030073851347
  landing: 0.01927410438656807
  view-data: 0.023442253470420837
