times:
  edit-metadata: 1.5593172796070576
  landing: 0.3174153883010149
  view-data: 0.16388513520359993
