times:
  edit-metadata: 1.3313638921827078
  landing: 0.022561591118574142
  view-data: 0.12001943588256836
