times:
  edit-metadata: 1.5334654618054628
  landing: 0.03378737159073353
  view-data: 0.4977524634450674
