times:
  edit-metadata: 1.330818684771657
  landing: 0.021523213014006615
  view-data: 0.12422029487788677
