times:
  edit-metadata: 1.3396732434630394
  landing: 0.022996287792921066
  view-data: 0.026912115514278412
