times:
  edit-metadata: 1.3374004745855927
  landing: 0.022572701796889305
  view-data: 0.02301189675927162
