times:
  edit-metadata: 1.7135394793003798
  landing: 0.25203973054885864
  view-data: 0.46517834439873695
