times:
  edit-metadata: 1.2958874832838774
  landing: 0.022522800602018833
  view-data: 0.026041673496365547
