times:
  edit-metadata: 1.4591268934309483
  landing: 0.15341182705014944
  view-data: 0.024869191460311413
