times:
  edit-metadata: 1.8487265445291996
  landing: 0.26544561609625816
  view-data: 0.04714245907962322
