times:
  edit-metadata: 1.388899164274335
  landing: 0.02273953426629305
  view-data: 0.02734309993684292
