times:
  edit-metadata: 1.3322966508567333
  landing: 0.02234585490077734
  view-data: 0.12405169010162354
