times:
  edit-metadata: 1.6158203054219484
  landing: 0.20771821588277817
  view-data: 0.028112124651670456
