times:
  edit-metadata: 1.3905411399900913
  landing: 0.019964830949902534
  view-data: 0.024146929383277893
