times:
  edit-metadata: 1.332429537549615
  landing: 0.020396562293171883
  view-data: 0.02457348071038723
