times:
  edit-metadata: 1.293085116893053
  landing: 0.019389240071177483
  view-data: 0.12262353673577309
