times:
  edit-metadata: 1.3178132381290197
  landing: 0.023891447111964226
  view-data: 0.34110043197870255
