times:
  edit-metadata: 1.2756731370463967
  landing: 0.16817973088473082
  view-data: 0.34048300329595804
