times:
  edit-metadata: 1.3197826677933335
  landing: 0.1283294754102826
  view-data: 0.12141960393637419
