times:
  edit-metadata: 0.4668285259976983
  landing: 0.04142979998141527
  view-data: 0.2212764360010624
