times:
  edit-metadata: 0.4883992001414299
  landing: 0.047965784557163715
  view-data: 0.3500229148194194
