times:
  edit-metadata: 0.6100320690311491
  landing: 0.04469883209094405
  view-data: 0.31806245306506753
