times:
  edit-metadata: 1.5189962554723024
  landing: 0.14786284416913986
  view-data: 0.024619009345769882
