times:
  edit-metadata: 1.475097868591547
  landing: 0.020957250148057938
  view-data: 0.022499797865748405
