times:
  edit-metadata: 1.3663779478520155
  landing: 0.12203121930360794
  view-data: 0.2876066956669092
