times:
  edit-metadata: 1.2941323453560472
  landing: 0.021372352726757526
  view-data: 0.12084890529513359
