times:
  edit-metadata: 1.3230438139289618
  landing: 0.01938574854284525
  view-data: 0.0310204541310668
