times:
  edit-metadata: 0.5329118790104985
  landing: 0.06570055335760117
  view-data: 0.20677968673408031
