times:
  edit-metadata: 1.4676941093057394
  landing: 0.1950822975486517
  view-data: 0.02534823678433895
