times:
  edit-metadata: 1.8184323888272047
  landing: 0.17282471992075443
  view-data: 0.3762875162065029
