times:
  edit-metadata: 1.4245133213698864
  landing: 0.019536074250936508
  view-data: 0.048551348969340324
