times:
  edit-metadata: 1.3171089617535472
  landing: 0.01951029524207115
  view-data: 0.026970375329256058
