times:
  edit-metadata: 1.5078830439597368
  landing: 0.3105859886854887
  view-data: 0.337722472846508
