times:
  edit-metadata: 1.588231399655342
  landing: 0.16553187370300293
  view-data: 0.02666524425148964
