times:
  edit-metadata: 1.3557224571704865
  landing: 0.019178006798028946
  view-data: 0.34498882107436657
