times:
  edit-metadata: 0.6839350429363549
  landing: 0.054949442856013775
  view-data: 0.27099281596019864
