times:
  edit-metadata: 1.3433218654245138
  landing: 0.021483889780938625
  view-data: 0.026826541870832443
