times:
  edit-metadata: 1.3231958132237196
  landing: 0.01967627741396427
  view-data: 0.10065768379718065
