times:
  edit-metadata: 1.3091768026351929
  landing: 0.022586429491639137
  view-data: 0.027679724618792534
