times:
  edit-metadata: 0.7351287817582488
  landing: 0.07350277807563543
  view-data: 0.2757572731934488
