times:
  edit-metadata: 1.3208178589120507
  landing: 0.021599392406642437
  view-data: 0.026322830468416214
