times:
  edit-metadata: 1.4731542151421309
  landing: 0.020802386105060577
  view-data: 0.026665616780519485
