times:
  edit-metadata: 1.3148002056404948
  landing: 0.023970409296453
  view-data: 0.10100409761071205
