times:
  edit-metadata: 1.491295626387
  landing: 0.14088022522628307
  view-data: 0.2490765731781721
