times:
  edit-metadata: 1.3009792398661375
  landing: 0.20816712081432343
  view-data: 0.12193066440522671
