times:
  edit-metadata: 0.47296052146703005
  landing: 0.05040920898318291
  view-data: 0.20296731498092413
