times:
  edit-metadata: 1.2916718758642673
  landing: 0.020688967779278755
  view-data: 0.11919642239809036
