times:
  edit-metadata: 1.362606169655919
  landing: 0.18221653439104557
  view-data: 0.14675435237586498
