times:
  edit-metadata: 0.5209900927729905
  landing: 0.07718868367373943
  view-data: 0.21384780295193195
