times:
  edit-metadata: 1.2717832271009684
  landing: 0.019881077110767365
  view-data: 0.10050851479172707
