times:
  edit-metadata: 1.3429033663123846
  landing: 0.02166958712041378
  view-data: 0.02647261507809162
