times:
  edit-metadata: 1.2992092445492744
  landing: 0.14051597006618977
  view-data: 0.03348250687122345
