times:
  edit-metadata: 1.303166026249528
  landing: 0.19683357793837786
  view-data: 0.027377914637327194
