times:
  edit-metadata: 1.3985673282295465
  landing: 0.020209889858961105
  view-data: 0.027103135362267494
