times:
  edit-metadata: 1.500915689393878
  landing: 0.23941531591117382
  view-data: 0.38022032007575035
