times:
  edit-metadata: 1.2919974830001593
  landing: 0.023079494014382362
  view-data: 0.12479883432388306
