times:
  edit-metadata: 1.3276890944689512
  landing: 0.01909688673913479
  view-data: 0.023042479529976845
