times:
  edit-metadata: 1.3827419271692634
  landing: 0.12598896026611328
  view-data: 0.024890153668820858
