times:
  edit-metadata: 1.3465916458517313
  landing: 0.2074098726734519
  view-data: 0.023561693727970123
