times:
  edit-metadata: 1.3600307404994965
  landing: 0.020052277483046055
  view-data: 0.026002898812294006
