times:
  edit-metadata: 1.29730196390301
  landing: 0.19430792424827814
  view-data: 0.027529867365956306
