times:
  edit-metadata: 1.6057110065594316
  landing: 0.288644514977932
  view-data: 0.2709741163998842
