times:
  edit-metadata: 1.3973584212362766
  landing: 0.2237711139023304
  view-data: 0.13340510614216328
