times:
  edit-metadata: 1.355652930215001
  landing: 0.13306032493710518
  view-data: 0.02392699010670185
