times:
  edit-metadata: 1.3339561698958278
  landing: 0.020484239794313908
  view-data: 0.025495891459286213
