times:
  edit-metadata: 1.3794712107628584
  landing: 0.12367461249232292
  view-data: 0.11640567611902952
