times:
  edit-metadata: 1.2764980597421527
  landing: 0.020824922248721123
  view-data: 0.02454978320747614
