times:
  edit-metadata: 1.6631684843450785
  landing: 0.24278142675757408
  view-data: 0.3742397874593735
