times:
  edit-metadata: 1.3084637615829706
  landing: 0.02195066027343273
  view-data: 0.028174107894301414
