times:
  edit-metadata: 1.3073986480012536
  landing: 0.024043376557528973
  view-data: 0.024854696355760098
