times:
  edit-metadata: 1.3940818812698126
  landing: 0.023724276572465897
  view-data: 0.29723087698221207
