times:
  edit-metadata: 1.3369881957769394
  landing: 0.019913367927074432
  view-data: 0.31989262253046036
