times:
  edit-metadata: 2.7731241369619966
  landing: 0.02222426049411297
  view-data: 0.02677921298891306
