times:
  edit-metadata: 0.47385512478649616
  landing: 0.04940793942660093
  view-data: 0.3400741405785084
