times:
  edit-metadata: 0.48572966642677784
  landing: 0.041217765770852566
  view-data: 0.3335200762376189
