times:
  edit-metadata: 1.3216395964846015
  landing: 0.020470570772886276
  view-data: 0.12189411371946335
