times:
  edit-metadata: 1.5661393646150827
  landing: 0.019329547882080078
  view-data: 0.17557400278747082
