times:
  edit-metadata: 1.6348665934056044
  landing: 0.020666224882006645
  view-data: 0.263181010261178
