times:
  edit-metadata: 1.3406915105879307
  landing: 0.02327742427587509
  view-data: 0.1282380446791649
