times:
  edit-metadata: 1.4901406839489937
  landing: 0.2636997736990452
  view-data: 0.18149850703775883
