times:
  edit-metadata: 1.4250950664281845
  landing: 0.017721503973007202
  view-data: 0.05126342363655567
