times:
  edit-metadata: 1.7814468191936612
  landing: 0.04880514368414879
  view-data: 0.550807511433959
