times:
  edit-metadata: 1.4603116903454065
  landing: 0.14226369466632605
  view-data: 0.45732397586107254
