times:
  edit-metadata: 1.541162984445691
  landing: 0.020430127158761024
  view-data: 0.12462352216243744
