times:
  edit-metadata: 1.3317802622914314
  landing: 0.13399917166680098
  view-data: 0.23753841873258352
