times:
  edit-metadata: 1.338288452476263
  landing: 0.021858609281480312
  view-data: 0.02720826957374811
