times:
  edit-metadata: 0.47626832593232393
  landing: 0.04393098596483469
  view-data: 0.19563404377549887
