times:
  edit-metadata: 1.331777038052678
  landing: 0.020096424967050552
  view-data: 0.026553239673376083
