times:
  edit-metadata: 1.3067224705591798
  landing: 0.019747940823435783
  view-data: 0.12468091305345297
