times:
  edit-metadata: 2.634827794507146
  landing: 0.23106563091278076
  view-data: 0.38130665384233
