times:
  edit-metadata: 1.3208783445879817
  landing: 0.11422159522771835
  view-data: 0.11526351515203714
