times:
  edit-metadata: 1.3210790371522307
  landing: 0.022144734859466553
  view-data: 0.026642889715731144
