times:
  edit-metadata: 1.3080155905336142
  landing: 0.0195291880518198
  view-data: 0.023654436692595482
