times:
  edit-metadata: 1.3700108546763659
  landing: 0.020572468638420105
  view-data: 0.02363458275794983
