times:
  edit-metadata: 0.533705682028085
  landing: 0.06951188808307052
  view-data: 0.23008069908246398
