times:
  edit-metadata: 1.2979117399081588
  landing: 0.019885032437741756
  view-data: 0.22005944605916739
