times:
  edit-metadata: 1.3797136284410954
  landing: 0.21597390435636044
  view-data: 0.02506178990006447
