times:
  edit-metadata: 1.3380690608173609
  landing: 0.020811467431485653
  view-data: 0.025813434273004532
