times:
  edit-metadata: 1.4698330666869879
  landing: 0.23112285882234573
  view-data: 0.3871080670505762
