times:
  edit-metadata: 1.306376425549388
  landing: 0.023124267347157
  view-data: 0.12413985375314951
