times:
  edit-metadata: 1.2913709115236998
  landing: 0.019988657906651497
  view-data: 0.02589173149317503
