times:
  edit-metadata: 1.4061299450695515
  landing: 0.14523962326347828
  view-data: 0.026736289262771606
