times:
  edit-metadata: 0.5681170518510044
  landing: 0.10358387418091297
  view-data: 0.20461072213947773
