times:
  edit-metadata: 1.4324704129248857
  landing: 0.01943501364439726
  view-data: 0.4526829943060875
