times:
  edit-metadata: 0.46756968926638365
  landing: 0.04224967956542969
  view-data: 0.1985483607277274
