times:
  edit-metadata: 0.4839377626776695
  landing: 0.04361651558429003
  view-data: 0.20176311396062374
