times:
  edit-metadata: 2.2950967680080794
  landing: 0.22343074600212276
  view-data: 0.6076616309874225
