times:
  edit-metadata: 1.540614228695631
  landing: 0.2261661048978567
  view-data: 0.03117906115949154
