times:
  edit-metadata: 1.5498186144977808
  landing: 0.025200067088007927
  view-data: 0.3099685627967119
