times:
  edit-metadata: 1.3698275340721011
  landing: 0.02217552252113819
  view-data: 0.024847411550581455
