times:
  edit-metadata: 1.4080432932823896
  landing: 0.1486697867512703
  view-data: 0.023372117429971695
