times:
  edit-metadata: 0.49071940314024687
  landing: 0.042490373365581036
  view-data: 0.19560729805380106
