times:
  edit-metadata: 1.4084384683519602
  landing: 0.021895188838243484
  view-data: 0.023577427491545677
