times:
  edit-metadata: 1.3113658782094717
  landing: 0.020260460674762726
  view-data: 0.025027796626091003
