times:
  edit-metadata: 0.5421625026501715
  landing: 0.06535300426185131
  view-data: 0.20311746187508106
