times:
  edit-metadata: 1.3755335416644812
  landing: 0.02012697421014309
  view-data: 0.3480873480439186
