times:
  edit-metadata: 1.308636300265789
  landing: 0.02014804445207119
  view-data: 0.0308777904137969
