times:
  edit-metadata: 1.2834487352520227
  landing: 0.020048930309712887
  view-data: 0.4128724094480276
