times:
  edit-metadata: 0.4625432165339589
  landing: 0.038039350882172585
  view-data: 0.1995180221274495
