times:
  edit-metadata: 1.2751920754089952
  landing: 0.11401760671287775
  view-data: 0.4036874268203974
