times:
  edit-metadata: 1.4349256698042154
  landing: 0.1246854867786169
  view-data: 0.03420786000788212
