times:
  edit-metadata: 0.8210317618213594
  landing: 0.05027598515152931
  view-data: 0.29631018033251166
