times:
  edit-metadata: 1.3505740705877542
  landing: 0.02137347124516964
  view-data: 0.028373416513204575
