times:
  edit-metadata: 1.580520410090685
  landing: 0.15325242653489113
  view-data: 0.1804596222937107
