times:
  edit-metadata: 1.6964601688086987
  landing: 0.21448630467057228
  view-data: 0.26899868063628674
