times:
  edit-metadata: 0.7460157191380858
  landing: 0.0608341540209949
  view-data: 0.21883326256647706
