times:
  edit-metadata: 0.4663987047970295
  landing: 0.043670511804521084
  view-data: 0.2024664250202477
