times:
  edit-metadata: 1.972280585207045
  landing: 0.3632064778357744
  view-data: 0.5386419268324971
