times:
  edit-metadata: 1.308280112221837
  landing: 0.020843678154051304
  view-data: 0.024125564843416214
