times:
  edit-metadata: 1.3048104289919138
  landing: 0.24985670298337936
  view-data: 0.023342151194810867
