times:
  edit-metadata: 1.3191818157210946
  landing: 0.14861481729894876
  view-data: 0.02452272642403841
