times:
  edit-metadata: 1.357049422338605
  landing: 0.022094804793596268
  view-data: 0.12668457813560963
