times:
  edit-metadata: 0.7966514802537858
  landing: 0.12440234608948231
  view-data: 0.35655805794522166
