times:
  edit-metadata: 1.28515116404742
  landing: 0.022960534319281578
  view-data: 0.12255570013076067
