times:
  edit-metadata: 1.3425385421141982
  landing: 0.020154112949967384
  view-data: 0.02703432086855173
