times:
  edit-metadata: 1.5768165923655033
  landing: 0.05537523701786995
  view-data: 0.3725388143211603
