times:
  edit-metadata: 1.318958206102252
  landing: 0.022001991979777813
  view-data: 0.10016553103923798
