times:
  edit-metadata: 1.3098260425031185
  landing: 0.022440075874328613
  view-data: 0.02636092435568571
