times:
  edit-metadata: 1.38223597407341
  landing: 0.1469300575554371
  view-data: 0.026788193732500076
