times:
  edit-metadata: 1.3366794362664223
  landing: 0.12110703065991402
  view-data: 0.29435320384800434
