times:
  edit-metadata: 2.1883737854659557
  landing: 0.1853416170924902
  view-data: 0.4010848682373762
