times:
  edit-metadata: 1.3101978618651628
  landing: 0.018408000469207764
  view-data: 0.29402762092649937
