times:
  edit-metadata: 1.3955074222758412
  landing: 0.157166488468647
  view-data: 0.3159639425575733
