times:
  edit-metadata: 0.4901048894971609
  landing: 0.044897922314703465
  view-data: 0.3358676126226783
