times:
  edit-metadata: 1.351234931498766
  landing: 0.021448465064167976
  view-data: 0.0232758279889822
