times:
  edit-metadata: 0.4881705427542329
  landing: 0.04146770853549242
  view-data: 0.20358956884592772
