times:
  edit-metadata: 1.283969571813941
  landing: 0.021009997464716434
  view-data: 0.11605220194905996
