times:
  edit-metadata: 1.332008397206664
  landing: 0.021236051805317402
  view-data: 0.026231056079268456
