times:
  edit-metadata: 1.2734556747600436
  landing: 0.02337146457284689
  view-data: 0.433295720256865
