times:
  edit-metadata: 1.3121601045131683
  landing: 0.021038451232016087
  view-data: 0.02502144407480955
