times:
  edit-metadata: 1.3535353681072593
  landing: 0.020649087615311146
  view-data: 0.02571053896099329
