times:
  edit-metadata: 1.2922927653416991
  landing: 0.21149936690926552
  view-data: 0.32712330389767885
