times:
  edit-metadata: 1.4111943878233433
  landing: 0.23462677001953125
  view-data: 0.14490926265716553
