times:
  edit-metadata: 1.3188033513724804
  landing: 0.02110338769853115
  view-data: 0.145094471052289
