times:
  edit-metadata: 1.6143897343426943
  landing: 0.2956899367272854
  view-data: 0.1560522448271513
