times:
  edit-metadata: 1.627275614067912
  landing: 0.1674913838505745
  view-data: 0.38499218598008156
