times:
  edit-metadata: 1.28384751919657
  landing: 0.020772339776158333
  view-data: 0.026522869244217873
