times:
  edit-metadata: 1.469370223581791
  landing: 0.1449755597859621
  view-data: 0.3121554385870695
