times:
  edit-metadata: 1.444860271178186
  landing: 0.15117792319506407
  view-data: 0.39488524571061134
