times:
  edit-metadata: 1.3786340495571494
  landing: 0.020448734983801842
  view-data: 0.5437414944171906
