times:
  edit-metadata: 0.5304952119477093
  landing: 0.10318394331261516
  view-data: 0.22332407906651497
