times:
  edit-metadata: 1.3799260286614299
  landing: 0.019761819392442703
  view-data: 0.09545254148542881
