times:
  edit-metadata: 1.432572927995352
  landing: 0.02265448699472472
  view-data: 0.1323582390032243
