times:
  edit-metadata: 1.3060302091762424
  landing: 0.22566369362175465
  view-data: 0.10006181802600622
