times:
  edit-metadata: 1.3612895887345076
  landing: 0.021781953051686287
  view-data: 0.024617215618491173
