times:
  edit-metadata: 0.4597354158759117
  landing: 0.04887975938618183
  view-data: 0.34093619883060455
