times:
  edit-metadata: 0.5320795560255647
  landing: 0.08024525595828891
  view-data: 0.21510640205815434
