times:
  edit-metadata: 0.5012601893395185
  landing: 0.05105950590223074
  view-data: 0.2007159674540162
