times:
  edit-metadata: 1.2977297371253371
  landing: 0.02352830395102501
  view-data: 0.02493968140333891
