times:
  edit-metadata: 0.7502691769041121
  landing: 0.09156757220625877
  view-data: 0.20483043743297458
