times:
  edit-metadata: 0.7134179980494082
  landing: 0.07069713296368718
  view-data: 0.2135402699932456
