times:
  edit-metadata: 1.3278935384005308
  landing: 0.02315677795559168
  view-data: 0.10318305436521769
