times:
  edit-metadata: 1.5066427486017346
  landing: 0.03102345671504736
  view-data: 0.3741431413218379
