times:
  edit-metadata: 1.3013954712077975
  landing: 0.021908290684223175
  view-data: 0.42141564935445786
