times:
  edit-metadata: 1.2787475241348147
  landing: 0.022808567620813847
  view-data: 0.025931045413017273
