times:
  edit-metadata: 0.4817463820800185
  landing: 0.04334974568337202
  view-data: 0.1954873539507389
