times:
  edit-metadata: 0.48956979997456074
  landing: 0.044661013409495354
  view-data: 0.20792768895626068
