times:
  edit-metadata: 0.539613232947886
  landing: 0.07545669609680772
  view-data: 0.21722935000434518
