times:
  edit-metadata: 1.3966766744852066
  landing: 0.20550292544066906
  view-data: 0.14252849575132132
