times:
  edit-metadata: 1.4008521847426891
  landing: 0.020461054518818855
  view-data: 0.02606543805450201
