times:
  edit-metadata: 1.7281709471717477
  landing: 0.021627007983624935
  view-data: 0.42962088622152805
