times:
  edit-metadata: 1.3251253850758076
  landing: 0.1256283838301897
  view-data: 0.12042034603655338
