times:
  edit-metadata: 0.479862823151052
  landing: 0.05155219091102481
  view-data: 0.3356090122833848
