times:
  edit-metadata: 1.3567006438970566
  landing: 0.023600319400429726
  view-data: 0.025553548708558083
