times:
  edit-metadata: 1.4789009913802147
  landing: 0.23653176799416542
  view-data: 0.29047202318906784
