times:
  edit-metadata: 1.332536636851728
  landing: 0.13206575065851212
  view-data: 0.023879392072558403
