times:
  edit-metadata: 0.47645873110741377
  landing: 0.0472687566652894
  view-data: 0.20939579233527184
