times:
  edit-metadata: 1.3823306877166033
  landing: 0.02256101556122303
  view-data: 0.02700112760066986
