times:
  edit-metadata: 0.4775909949094057
  landing: 0.04247562400996685
  view-data: 0.3420013627037406
