times:
  edit-metadata: 1.301079399883747
  landing: 0.02201155573129654
  view-data: 0.11783832404762506
