times:
  edit-metadata: 1.8526918180286884
  landing: 0.0201713889837265
  view-data: 0.15379581414163113
