times:
  edit-metadata: 1.351312411017716
  landing: 0.019780240021646023
  view-data: 0.025712857954204082
