times:
  edit-metadata: 0.49215054605156183
  landing: 0.052767603658139706
  view-data: 0.2047490905970335
