times:
  edit-metadata: 1.3758532050997019
  landing: 0.018129738979041576
  view-data: 0.12258240953087807
