times:
  edit-metadata: 0.46083616372197866
  landing: 0.05710844788700342
  view-data: 0.6487504420801997
