times:
  edit-metadata: 1.317642867565155
  landing: 0.018877608701586723
  view-data: 0.028650647029280663
