times:
  edit-metadata: 1.38655187189579
  landing: 0.022951524704694748
  view-data: 0.12434348277747631
