times:
  edit-metadata: 1.3257684335112572
  landing: 0.022365265525877476
  view-data: 0.02901762444525957
