times:
  edit-metadata: 1.3995462357997894
  landing: 0.022504840046167374
  view-data: 0.35648004338145256
