times:
  edit-metadata: 1.3685174183920026
  landing: 0.1271844794973731
  view-data: 0.025249937549233437
