times:
  edit-metadata: 1.3000590596348047
  landing: 0.019270485267043114
  view-data: 0.025341865606606007
