times:
  edit-metadata: 0.46575231570750475
  landing: 0.04762465972453356
  view-data: 0.2033708542585373
