times:
  edit-metadata: 1.3259678706526756
  landing: 0.24185919295996428
  view-data: 0.22965792752802372
