times:
  edit-metadata: 0.5621182038448751
  landing: 0.1205659438855946
  view-data: 0.25623939791694283
