times:
  edit-metadata: 1.6526155192404985
  landing: 0.24532629549503326
  view-data: 0.17233101464807987
