times:
  edit-metadata: 1.3108102353289723
  landing: 0.021049004048109055
  view-data: 0.02327144891023636
