times:
  edit-metadata: 1.4749929010868073
  landing: 0.18551849015057087
  view-data: 0.3136425521224737
