times:
  edit-metadata: 0.47374765761196613
  landing: 0.048705097287893295
  view-data: 0.1977343838661909
