times:
  edit-metadata: 1.2997824111953378
  landing: 0.020901987329125404
  view-data: 0.1215309901162982
