times:
  edit-metadata: 1.3369852919131517
  landing: 0.023639708757400513
  view-data: 0.12238439451903105
