times:
  edit-metadata: 1.3623247314244509
  landing: 0.019970553927123547
  view-data: 0.0292768320068717
