times:
  edit-metadata: 0.5334700751118362
  landing: 0.06596056884154677
  view-data: 0.21801510220393538
