times:
  edit-metadata: 1.58970398735255
  landing: 0.18945023696869612
  view-data: 0.02205884736031294
