times:
  edit-metadata: 1.4906582906842232
  landing: 0.17989140562713146
  view-data: 0.133314642123878
