times:
  edit-metadata: 1.300607768818736
  landing: 0.019299184903502464
  view-data: 0.024485946632921696
