times:
  edit-metadata: 1.550331111997366
  landing: 0.18504289910197258
  view-data: 0.02556231990456581
