times:
  edit-metadata: 1.3552574962377548
  landing: 0.02205169014632702
  view-data: 0.3223834838718176
