times:
  edit-metadata: 0.7945961817167699
  landing: 0.06486488785594702
  view-data: 0.2275561378337443
