times:
  edit-metadata: 1.6412469409406185
  landing: 0.2782963402569294
  view-data: 0.42503797449171543
