times:
  edit-metadata: 0.48794659692794085
  landing: 0.037969828117638826
  view-data: 0.3390909289009869
