times:
  edit-metadata: 1.3235926255583763
  landing: 0.020289381965994835
  view-data: 0.027552984654903412
