times:
  edit-metadata: 1.2560381032526493
  landing: 0.019585823640227318
  view-data: 0.028487839736044407
