times:
  edit-metadata: 0.6146093336865306
  landing: 0.05645939987152815
  view-data: 0.21696285903453827
