times:
  edit-metadata: 1.4412053003907204
  landing: 0.019938388839364052
  view-data: 0.3146097678691149
