times:
  edit-metadata: 1.399023998528719
  landing: 0.11630593985319138
  view-data: 0.24823233485221863
