times:
  edit-metadata: 1.3905249377712607
  landing: 0.11817571800202131
  view-data: 0.02605713251978159
