times:
  edit-metadata: 1.3600635845214128
  landing: 0.02131672017276287
  view-data: 0.023520788177847862
