times:
  edit-metadata: 1.4134133206680417
  landing: 0.021681473590433598
  view-data: 0.32906229328364134
