times:
  edit-metadata: 0.45939648197963834
  landing: 0.04234206676483154
  view-data: 0.325399077963084
