times:
  edit-metadata: 0.43804527586326003
  landing: 0.045629448257386684
  view-data: 0.3139324029907584
