times:
  edit-metadata: 0.4578786389902234
  landing: 0.041081249713897705
  view-data: 0.5933026731945574
