times:
  edit-metadata: 0.47178036719560623
  landing: 0.0474473019130528
  view-data: 0.19852470979094505
