times:
  edit-metadata: 0.4217201042920351
  landing: 0.044788964092731476
  view-data: 0.20218631904572248
