times:
  edit-metadata: 0.40327866468578577
  landing: 0.042303666472435
  view-data: 0.20131455454975367
