times:
  edit-metadata: 0.4477547910064459
  landing: 0.04485037736594677
  view-data: 0.2004044195637107
