times:
  edit-metadata: 0.44465918419882655
  landing: 0.04374832799658179
  view-data: 0.3398546250537038
