times:
  edit-metadata: 0.4236844265833497
  landing: 0.03918738942593336
  view-data: 0.32305232621729374
