times:
  edit-metadata: 0.4442561222240329
  landing: 0.042874520644545555
  view-data: 0.21213596686720848
