times:
  edit-metadata: 0.46567792631685734
  landing: 0.0647467514500022
  view-data: 0.19594882987439632
