times:
  edit-metadata: 0.44432025915011764
  landing: 0.04187493398785591
  view-data: 0.33322246139869094
