times:
  edit-metadata: 0.45193428779020905
  landing: 0.048181381076574326
  view-data: 0.3231507120653987
