times:
  edit-metadata: 0.443065139465034
  landing: 0.0468227444216609
  view-data: 0.3425402604043484
