times:
  edit-metadata: 0.448564728256315
  landing: 0.05214077513664961
  view-data: 0.47788373194634914
