times:
  edit-metadata: 0.4551180237904191
  landing: 0.04882564768195152
  view-data: 0.22746485751122236
