times:
  edit-metadata: 0.43822271563112736
  landing: 0.05112127959728241
  view-data: 0.4526483239606023
