times:
  edit-metadata: 0.4291453752666712
  landing: 0.04299860494211316
  view-data: 0.5971672600135207
