times:
  edit-metadata: 0.42704153805971146
  landing: 0.049036646261811256
  view-data: 0.20543463341891766
