times:
  edit-metadata: 1.7287429757416248
  landing: 0.32571776024997234
  view-data: 0.17158211767673492
