times:
  edit-metadata: 2.2901367135345936
  landing: 0.22425935044884682
  view-data: 0.18474015407264233
