times:
  edit-metadata: 1.3425988275557756
  landing: 0.020849877037107944
  view-data: 0.42379613779485226
