times:
  edit-metadata: 1.3901418577879667
  landing: 0.020459244027733803
  view-data: 0.3261350281536579
