times:
  edit-metadata: 1.3757205121219158
  landing: 0.1915813060477376
  view-data: 0.21915982197970152
