times:
  edit-metadata: 1.4248292278498411
  landing: 0.019793767482042313
  view-data: 0.025783974677324295
