times:
  edit-metadata: 1.3544548023492098
  landing: 0.022319013252854347
  view-data: 0.02936779148876667
