times:
  edit-metadata: 1.6317146383225918
  landing: 0.022669527679681778
  view-data: 0.23897157236933708
