times:
  edit-metadata: 1.5183406472206116
  landing: 0.228214206174016
  view-data: 0.024630170315504074
