times:
  edit-metadata: 0.6094659958034754
  landing: 0.045831115916371346
  view-data: 0.21910817176103592
