times:
  edit-metadata: 1.3324598260223866
  landing: 0.020366515964269638
  view-data: 0.1018683910369873
