times:
  edit-metadata: 1.3386553581804037
  landing: 0.02070364449173212
  view-data: 0.45772181544452906
