times:
  edit-metadata: 1.788969088345766
  landing: 0.16664544492959976
  view-data: 0.416891286149621
