times:
  edit-metadata: 1.4063196871429682
  landing: 0.12926342152059078
  view-data: 0.023843221366405487
