times:
  edit-metadata: 1.434487453661859
  landing: 0.02170992735773325
  view-data: 0.13397339824587107
