times:
  edit-metadata: 1.8046679645776749
  landing: 0.01787146646529436
  view-data: 0.022169490344822407
