times:
  edit-metadata: 1.6997580956667662
  landing: 0.024792756885290146
  view-data: 0.5105616468936205
