times:
  edit-metadata: 1.4604011196643114
  landing: 0.019301868975162506
  view-data: 0.09814760740846395
