times:
  edit-metadata: 0.6058171237818897
  landing: 0.043884556740522385
  view-data: 0.20505744079127908
