times:
  edit-metadata: 0.6838569641113281
  landing: 0.07649748213589191
  view-data: 0.31229445105418563
