times:
  edit-metadata: 1.7848154809325933
  landing: 0.022000815719366074
  view-data: 0.4459061808884144
