times:
  edit-metadata: 1.6014007683843374
  landing: 0.16381262056529522
  view-data: 0.39234535582363605
