times:
  edit-metadata: 1.5501141976565123
  landing: 0.3058017063885927
  view-data: 0.3855588957667351
