times:
  edit-metadata: 1.6963751707226038
  landing: 0.2867145203053951
  view-data: 0.026829661801457405
