times:
  edit-metadata: 1.6200973726809025
  landing: 0.04776807874441147
  view-data: 0.48487380519509315
