times:
  edit-metadata: 1.528816943988204
  landing: 0.2713430877774954
  view-data: 0.12210137583315372
