times:
  edit-metadata: 1.3737727086991072
  landing: 0.1159695778042078
  view-data: 0.12260432727634907
