times:
  edit-metadata: 1.3740093018859625
  landing: 0.022110234946012497
  view-data: 0.12543318420648575
