times:
  edit-metadata: 1.7770301438868046
  landing: 0.1564783677458763
  view-data: 0.0224487092345953
