times:
  edit-metadata: 0.5465850289911032
  landing: 0.06769342301413417
  view-data: 0.2237032908014953
