times:
  edit-metadata: 1.7103284187614918
  landing: 0.2995904069393873
  view-data: 0.41180172748863697
