times:
  edit-metadata: 1.410319047048688
  landing: 0.021544032730162144
  view-data: 0.02914648875594139
