times:
  edit-metadata: 0.7274423930794001
  landing: 0.08017433900386095
  view-data: 0.1974953068420291
