times:
  edit-metadata: 1.402248825877905
  landing: 0.12913539074361324
  view-data: 0.3400639835745096
