times:
  edit-metadata: 1.5310119669884443
  landing: 0.14596589282155037
  view-data: 0.4023499507457018
