times:
  edit-metadata: 0.5675847642123699
  landing: 0.0787600502371788
  view-data: 0.28992702811956406
