times:
  edit-metadata: 1.453777952119708
  landing: 0.019154218956828117
  view-data: 0.02400381863117218
