times:
  edit-metadata: 2.2471556793898344
  landing: 0.23868355713784695
  view-data: 0.24996903631836176
