times:
  edit-metadata: 1.5430582575500011
  landing: 0.12947273813188076
  view-data: 0.3236102443188429
