times:
  edit-metadata: 0.5123731018975377
  landing: 0.07081956136971712
  view-data: 0.21152867330238223
