times:
  edit-metadata: 0.5499891033396125
  landing: 0.04816820519044995
  view-data: 0.21198773896321654
