times:
  edit-metadata: 1.4722964372485876
  landing: 0.044657062739133835
  view-data: 0.02376958355307579
