times:
  edit-metadata: 0.5317819472402334
  landing: 0.12756609497591853
  view-data: 0.22919532610103488
