times:
  edit-metadata: 1.3598729241639376
  landing: 0.022050635889172554
  view-data: 0.02401287667453289
