times:
  edit-metadata: 0.8123437170870602
  landing: 0.08871232299134135
  view-data: 0.22711859084665775
