times:
  edit-metadata: 1.3700182158499956
  landing: 0.02004430443048477
  view-data: 0.025611983612179756
