times:
  edit-metadata: 1.449461911804974
  landing: 0.020826786756515503
  view-data: 0.11698226537555456
