times:
  edit-metadata: 1.8094646390527487
  landing: 0.3917192481458187
  view-data: 0.22442318685352802
