times:
  edit-metadata: 1.322003884240985
  landing: 0.021491559222340584
  view-data: 0.026713339611887932
