times:
  edit-metadata: 1.3808719934895635
  landing: 0.12682276219129562
  view-data: 0.0264701209962368
