times:
  edit-metadata: 1.3580175433307886
  landing: 0.02058260515332222
  view-data: 0.024578489363193512
