times:
  edit-metadata: 1.5316905435174704
  landing: 0.13045165687799454
  view-data: 0.4622923629358411
