times:
  edit-metadata: 1.4502588454633951
  landing: 0.022822629660367966
  view-data: 0.3413488492369652
