times:
  edit-metadata: 1.481922596693039
  landing: 0.2108583953231573
  view-data: 0.15098610147833824
