times:
  edit-metadata: 2.0780337899923325
  landing: 0.42596291936933994
  view-data: 0.5174094382673502
