times:
  edit-metadata: 1.3180823875591159
  landing: 0.021546777337789536
  view-data: 0.1930245691910386
