times:
  edit-metadata: 1.3626915235072374
  landing: 0.019020233303308487
  view-data: 0.025410082191228867
