times:
  edit-metadata: 1.3976887576282024
  landing: 0.020291142165660858
  view-data: 0.023168906569480896
