times:
  edit-metadata: 1.4677132591605186
  landing: 0.021554524078965187
  view-data: 0.028400985524058342
