times:
  edit-metadata: 1.372806953266263
  landing: 0.018072636798024178
  view-data: 0.12802027724683285
