times:
  edit-metadata: 0.7193262572400272
  landing: 0.10030949581414461
  view-data: 0.21365977078676224
