times:
  edit-metadata: 1.5464775888249278
  landing: 0.1980672674253583
  view-data: 0.023900858126580715
