times:
  edit-metadata: 1.4101090412586927
  landing: 0.01946112886071205
  view-data: 0.02690404187887907
