times:
  edit-metadata: 1.4119070507586002
  landing: 0.019212068989872932
  view-data: 0.14160895720124245
