times:
  edit-metadata: 1.342381976544857
  landing: 0.13185594603419304
  view-data: 0.31627937592566013
