times:
  edit-metadata: 1.5923280827701092
  landing: 0.17662601545453072
  view-data: 0.5816350858658552
