times:
  edit-metadata: 0.5856232549995184
  landing: 0.055599942803382874
  view-data: 0.26076290383934975
