times:
  edit-metadata: 1.3446768168359995
  landing: 0.12137351930141449
  view-data: 0.023674514144659042
