times:
  edit-metadata: 1.4009883720427752
  landing: 0.021499935537576675
  view-data: 0.028818057850003242
