times:
  edit-metadata: 1.3790746815502644
  landing: 0.2660793475806713
  view-data: 0.28859599865972996
