times:
  edit-metadata: 1.379453668370843
  landing: 0.021446948871016502
  view-data: 0.024808859452605247
