times:
  edit-metadata: 1.364859102293849
  landing: 0.01875079609453678
  view-data: 0.023220496252179146
