times:
  edit-metadata: 1.3626774158328772
  landing: 0.019900081679224968
  view-data: 0.17241588607430458
