times:
  edit-metadata: 1.3759468607604504
  landing: 0.0206332765519619
  view-data: 0.024708915501832962
