times:
  edit-metadata: 1.367982191964984
  landing: 0.0194097813218832
  view-data: 0.02592749521136284
