times:
  edit-metadata: 1.4327345471829176
  landing: 0.023009173572063446
  view-data: 0.024566320702433586
