times:
  edit-metadata: 1.36344775557518
  landing: 0.020722806453704834
  view-data: 0.10666522569954395
