times:
  edit-metadata: 1.4377748891711235
  landing: 0.09975731186568737
  view-data: 0.30377075262367725
