times:
  edit-metadata: 1.5368998292833567
  landing: 0.22773340716958046
  view-data: 0.2447084654122591
