times:
  edit-metadata: 1.3730571158230305
  landing: 0.01830333098769188
  view-data: 0.023963551968336105
