times:
  edit-metadata: 1.3482102192938328
  landing: 0.13905256800353527
  view-data: 0.02308538369834423
