times:
  edit-metadata: 0.5944372699595988
  landing: 0.04858262976631522
  view-data: 0.2062344290316105
