times:
  edit-metadata: 1.4505758881568909
  landing: 0.198379997164011
  view-data: 0.1297910287976265
