times:
  edit-metadata: 0.5823862887918949
  landing: 0.05606541223824024
  view-data: 0.27291251020506024
