times:
  edit-metadata: 1.581232687458396
  landing: 0.1257613617926836
  view-data: 0.3147957846522331
