times:
  edit-metadata: 1.409254102036357
  landing: 0.14208586513996124
  view-data: 0.023267092183232307
