times:
  edit-metadata: 1.3283110270276666
  landing: 0.022769917733967304
  view-data: 0.12183844950050116
