times:
  edit-metadata: 1.4851672984659672
  landing: 0.04958617873489857
  view-data: 0.023358013480901718
