times:
  edit-metadata: 1.4094561534002423
  landing: 0.01966577209532261
  view-data: 0.4053545920178294
