times:
  edit-metadata: 1.4647847712039948
  landing: 0.021132275462150574
  view-data: 0.32005453668534756
