times:
  edit-metadata: 1.6172244027256966
  landing: 0.1717163035646081
  view-data: 0.3632815033197403
