times:
  edit-metadata: 1.350896444171667
  landing: 0.235461188480258
  view-data: 0.02780664898455143
