times:
  edit-metadata: 1.5201196614652872
  landing: 0.27083716727793217
  view-data: 0.42271789349615574
