times:
  edit-metadata: 2.52527211420238
  landing: 0.024405548349022865
  view-data: 0.05652633681893349
