times:
  edit-metadata: 1.42795324139297
  landing: 0.021875856444239616
  view-data: 0.14275875873863697
