times:
  edit-metadata: 1.3510570954531431
  landing: 0.021045347675681114
  view-data: 0.026267221197485924
