times:
  edit-metadata: 1.5282339695841074
  landing: 0.289415979757905
  view-data: 0.02462918683886528
