times:
  edit-metadata: 1.3662176933139563
  landing: 0.023718640208244324
  view-data: 0.10277470014989376
