times:
  edit-metadata: 1.4792754771187901
  landing: 0.14989047311246395
  view-data: 0.44458496011793613
