times:
  edit-metadata: 1.4336395747959614
  landing: 0.2667543813586235
  view-data: 0.1611556839197874
