times:
  edit-metadata: 1.9652732200920582
  landing: 0.051949337124824524
  view-data: 0.4745339918881655
