times:
  edit-metadata: 1.3129251124337316
  landing: 0.021271761506795883
  view-data: 0.29547490924596786
