times:
  edit-metadata: 1.4112154934555292
  landing: 0.12845547311007977
  view-data: 0.10335350967943668
