times:
  edit-metadata: 1.3564214520156384
  landing: 0.20183847472071648
  view-data: 0.026562634855508804
