times:
  edit-metadata: 1.3787278849631548
  landing: 0.20517990086227655
  view-data: 0.24530585203319788
