times:
  edit-metadata: 1.5416381042450666
  landing: 0.2768285609781742
  view-data: 0.4276799540966749
