times:
  edit-metadata: 1.8448956422507763
  landing: 0.042577384039759636
  view-data: 0.04620371572673321
