times:
  edit-metadata: 1.5241098860278726
  landing: 0.16294428147375584
  view-data: 0.023532467894256115
