times:
  edit-metadata: 1.3928861944004893
  landing: 0.11165748536586761
  view-data: 0.024045095779001713
