times:
  edit-metadata: 1.372177129611373
  landing: 0.019151952117681503
  view-data: 0.024304989725351334
