times:
  edit-metadata: 1.5233000069856644
  landing: 0.16357592307031155
  view-data: 0.42538256011903286
