times:
  edit-metadata: 1.5270489919930696
  landing: 0.021838316693902016
  view-data: 0.10654516331851482
