times:
  edit-metadata: 1.4360023569315672
  landing: 0.020548760890960693
  view-data: 0.029926246032118797
