times:
  edit-metadata: 1.669629879295826
  landing: 0.0261292215436697
  view-data: 0.3563633356243372
