times:
  edit-metadata: 1.4361588079482317
  landing: 0.023341244086623192
  view-data: 0.048740820959210396
