times:
  edit-metadata: 1.5293017122894526
  landing: 0.3503451906144619
  view-data: 0.40339439176023006
