times:
  edit-metadata: 1.5086798928678036
  landing: 0.13813727535307407
  view-data: 0.023670990951359272
