times:
  edit-metadata: 1.5860948460031068
  landing: 0.3449815200001467
  view-data: 0.3593389829911757
