times:
  edit-metadata: 1.6358024682849646
  landing: 0.187478082254529
  view-data: 0.5119947195053101
