times:
  edit-metadata: 0.6433374499902129
  landing: 0.12396358978003263
  view-data: 0.28893368784338236
