times:
  edit-metadata: 1.9127174019813538
  landing: 0.15181409195065498
  view-data: 0.3669309290125966
