times:
  edit-metadata: 1.3496228400617838
  landing: 0.24801553040742874
  view-data: 0.024776946753263474
