times:
  edit-metadata: 0.6273681982420385
  landing: 0.12670137034729123
  view-data: 0.20529273618012667
