times:
  edit-metadata: 1.334887446835637
  landing: 0.021919989958405495
  view-data: 0.02587774582207203
