times:
  edit-metadata: 1.5867651589214802
  landing: 0.1477628368884325
  view-data: 0.4099148865789175
