times:
  edit-metadata: 1.7675605993717909
  landing: 0.24947047606110573
  view-data: 0.3625616729259491
