times:
  edit-metadata: 1.8882320132106543
  landing: 0.3022927436977625
  view-data: 0.44199504144489765
