times:
  edit-metadata: 0.5224117352627218
  landing: 0.08714146306738257
  view-data: 0.31141015933826566
