times:
  edit-metadata: 1.3787045441567898
  landing: 0.15163427591323853
  view-data: 0.12494346871972084
