times:
  edit-metadata: 1.7056749369949102
  landing: 0.02377711981534958
  view-data: 0.12384450435638428
