times:
  edit-metadata: 1.4351173769682646
  landing: 0.15755775570869446
  view-data: 0.3293331563472748
