times:
  edit-metadata: 1.448554283939302
  landing: 0.20783216319978237
  view-data: 0.42415807861834764
