times:
  edit-metadata: 0.5712678940035403
  landing: 0.05822039395570755
  view-data: 0.2095459601841867
