times:
  edit-metadata: 1.4912816509604454
  landing: 0.19208811968564987
  view-data: 0.025370748713612556
