times:
  edit-metadata: 1.3463578512892127
  landing: 0.13699837774038315
  view-data: 0.3739573247730732
