times:
  edit-metadata: 1.4424123261123896
  landing: 0.25004804134368896
  view-data: 0.12994484044611454
