times:
  edit-metadata: 1.4199093747884035
  landing: 0.09773185662925243
  view-data: 0.0234124343842268
