times:
  edit-metadata: 1.8121007326990366
  landing: 0.01953732781112194
  view-data: 0.13477288372814655
