times:
  edit-metadata: 1.4432776346802711
  landing: 0.024557044729590416
  view-data: 0.022085081785917282
