times:
  edit-metadata: 1.5038007143884897
  landing: 0.13481648452579975
  view-data: 0.1323381345719099
