times:
  edit-metadata: 1.4465773347765207
  landing: 0.019135374575853348
  view-data: 0.14721962623298168
