times:
  edit-metadata: 1.345663107931614
  landing: 0.02303127571940422
  view-data: 0.2789809610694647
