times:
  edit-metadata: 0.8014935688115656
  landing: 0.04401029599830508
  view-data: 0.29630494210869074
