times:
  edit-metadata: 1.447151344269514
  landing: 0.022057369351387024
  view-data: 0.02451406419277191
