times:
  edit-metadata: 1.7554558664560318
  landing: 0.12882334366440773
  view-data: 0.3483638968318701
