times:
  edit-metadata: 0.7788009746000171
  landing: 0.09767686389386654
  view-data: 0.21085380716249347
