times:
  edit-metadata: 1.479452196508646
  landing: 0.2115342691540718
  view-data: 0.16108522936701775
