times:
  edit-metadata: 0.863090667873621
  landing: 0.11464897403493524
  view-data: 0.26889297692105174
