times:
  edit-metadata: 0.5629084827378392
  landing: 0.05069074733182788
  view-data: 0.20737760700285435
