times:
  edit-metadata: 1.3942348342388868
  landing: 0.12795672751963139
  view-data: 0.024402141571044922
