times:
  edit-metadata: 1.3643344566226006
  landing: 0.2059266809374094
  view-data: 0.02583370916545391
