times:
  edit-metadata: 1.363234717398882
  landing: 0.020492853596806526
  view-data: 0.24648231454193592
