times:
  edit-metadata: 0.5305681969039142
  landing: 0.060804832726716995
  view-data: 0.19988342514261603
