times:
  edit-metadata: 0.5117458733730018
  landing: 0.09029015805572271
  view-data: 0.29397398605942726
