times:
  edit-metadata: 0.7927669361233711
  landing: 0.04864386608824134
  view-data: 0.2205082131549716
