times:
  edit-metadata: 1.4371931813657284
  landing: 0.24939612485468388
  view-data: 0.12922769412398338
