times:
  edit-metadata: 1.5943280179053545
  landing: 0.1535698100924492
  view-data: 0.36969437822699547
