times:
  edit-metadata: 1.410747578367591
  landing: 0.028042275458574295
  view-data: 0.13038516230881214
