times:
  edit-metadata: 1.8093162141740322
  landing: 0.018025671131908894
  view-data: 0.023181352764368057
