times:
  edit-metadata: 0.5961593291722238
  landing: 0.05299729108810425
  view-data: 0.2124765207991004
