times:
  edit-metadata: 1.4667038917541504
  landing: 0.1212306059896946
  view-data: 0.5166757721453905
