times:
  edit-metadata: 1.563869446516037
  landing: 0.20052974112331867
  view-data: 0.04800782725214958
