times:
  edit-metadata: 0.896842482034117
  landing: 0.036964355036616325
  view-data: 0.2396993190050125
