times:
  edit-metadata: 1.4431648831814528
  landing: 0.021925587207078934
  view-data: 0.3059107083827257
