times:
  edit-metadata: 1.569819724187255
  landing: 0.020632706582546234
  view-data: 0.31508621014654636
