times:
  edit-metadata: 1.6386178117245436
  landing: 0.0461062528192997
  view-data: 0.02790316380560398
