times:
  edit-metadata: 1.484500052407384
  landing: 0.019493850879371166
  view-data: 0.13564715813845396
