times:
  edit-metadata: 1.443053424358368
  landing: 0.12005574256181717
  view-data: 0.327717088162899
