times:
  edit-metadata: 1.391313549131155
  landing: 0.2247457131743431
  view-data: 0.023927796632051468
