times:
  edit-metadata: 1.4670073632150888
  landing: 0.14686892554163933
  view-data: 0.049644628539681435
