times:
  edit-metadata: 1.3349013030529022
  landing: 0.024297968484461308
  view-data: 0.030385577119886875
