times:
  edit-metadata: 1.7877421844750643
  landing: 0.25893841311335564
  view-data: 0.14357792399823666
