times:
  edit-metadata: 1.4572117384523153
  landing: 0.3271973002701998
  view-data: 0.140162980183959
