times:
  edit-metadata: 1.3840224593877792
  landing: 0.1456939335912466
  view-data: 0.025936376303434372
