times:
  edit-metadata: 2.496027724817395
  landing: 0.144970228895545
  view-data: 0.3535603377968073
