times:
  edit-metadata: 1.4408491533249617
  landing: 0.025599731132388115
  view-data: 0.024686139076948166
