times:
  edit-metadata: 2.074224455282092
  landing: 0.052542468532919884
  view-data: 0.17758717201650143
