times:
  edit-metadata: 1.5216917041689157
  landing: 0.025737667456269264
  view-data: 0.365954976528883
