times:
  edit-metadata: 1.3751504737883806
  landing: 0.020864764228463173
  view-data: 0.12763957679271698
