times:
  edit-metadata: 1.3718189373612404
  landing: 0.021053984761238098
  view-data: 0.02541697397828102
