times:
  edit-metadata: 1.3536015674471855
  landing: 0.14045018889009953
  view-data: 0.023517144843935966
