times:
  edit-metadata: 1.3684857580810785
  landing: 0.022274527698755264
  view-data: 0.026887496933341026
