times:
  edit-metadata: 1.488480274565518
  landing: 0.1699349358677864
  view-data: 0.11333623714745045
