times:
  edit-metadata: 1.4912480795755982
  landing: 0.20185870490968227
  view-data: 0.025245576165616512
