times:
  edit-metadata: 1.3844631556421518
  landing: 0.021777603775262833
  view-data: 0.024993132799863815
