times:
  edit-metadata: 1.3912185057997704
  landing: 0.024353768676519394
  view-data: 0.31762558221817017
