times:
  edit-metadata: 1.3973419684916735
  landing: 0.02285180613398552
  view-data: 0.2897019125521183
