times:
  edit-metadata: 1.38902703858912
  landing: 0.019857706502079964
  view-data: 0.023222364485263824
