times:
  edit-metadata: 1.8441645801067352
  landing: 0.1575604546815157
  view-data: 0.16328196227550507
