times:
  edit-metadata: 1.4225309882313013
  landing: 0.1363112311810255
  view-data: 0.40602315589785576
