times:
  edit-metadata: 1.5905565656721592
  landing: 0.20437252148985863
  view-data: 0.02588658221065998
