times:
  edit-metadata: 1.3998962119221687
  landing: 0.024009723216295242
  view-data: 0.1442357487976551
