times:
  edit-metadata: 1.6935046557337046
  landing: 0.29258153960108757
  view-data: 0.06126703694462776
