times:
  edit-metadata: 1.3593905791640282
  landing: 0.1416790783405304
  view-data: 0.12350708991289139
