times:
  edit-metadata: 1.4274358227849007
  landing: 0.0201781764626503
  view-data: 0.3073730394244194
