times:
  edit-metadata: 1.4701232109218836
  landing: 0.16554403770714998
  view-data: 0.23300541751086712
