times:
  edit-metadata: 1.4366588238626719
  landing: 0.021330688148736954
  view-data: 0.6295613991096616
