times:
  edit-metadata: 0.5584283121861517
  landing: 0.143655548337847
  view-data: 0.2120953486301005
