times:
  edit-metadata: 0.5425657848827541
  landing: 0.1159866121597588
  view-data: 0.29074174258857965
