times:
  edit-metadata: 1.375764861702919
  landing: 0.19336115196347237
  view-data: 0.024391701444983482
