times:
  edit-metadata: 1.4529628455638885
  landing: 0.018880415707826614
  view-data: 0.2569980751723051
