times:
  edit-metadata: 1.3849720088765025
  landing: 0.12987609673291445
  view-data: 0.23909470345824957
