times:
  edit-metadata: 1.460973659530282
  landing: 0.018874645233154297
  view-data: 0.025222739204764366
