times:
  edit-metadata: 1.5283333845436573
  landing: 0.022391559556126595
  view-data: 0.13847580552101135
