times:
  edit-metadata: 1.403171207755804
  landing: 0.021779555827379227
  view-data: 0.026079678907990456
