times:
  edit-metadata: 1.357290742918849
  landing: 0.021637339144945145
  view-data: 0.12814066000282764
