times:
  edit-metadata: 1.3804730083793402
  landing: 0.02271408401429653
  view-data: 0.22552786953747272
