times:
  edit-metadata: 0.7125296592712402
  landing: 0.065108607057482
  view-data: 0.3158710300922394
