times:
  edit-metadata: 2.137721184641123
  landing: 0.28228011913597584
  view-data: 0.2273909728974104
