times:
  edit-metadata: 1.438964743167162
  landing: 0.23575786501169205
  view-data: 0.14700951240956783
