times:
  edit-metadata: 1.6224180478602648
  landing: 0.25421973690390587
  view-data: 0.34520080126821995
