times:
  edit-metadata: 1.3664663527160883
  landing: 0.21341401524841785
  view-data: 0.0236909631639719
