times:
  edit-metadata: 1.3877451103180647
  landing: 0.019739722833037376
  view-data: 0.02718956209719181
