times:
  edit-metadata: 1.5091262925416231
  landing: 0.16469169966876507
  view-data: 0.45442456752061844
