times:
  edit-metadata: 1.388263002038002
  landing: 0.13688713684678078
  view-data: 0.026404901407659054
