times:
  edit-metadata: 1.3504000315442681
  landing: 0.20167194586247206
  view-data: 0.025727368891239166
