times:
  edit-metadata: 1.5407729540020227
  landing: 0.13718152604997158
  view-data: 0.022868478670716286
