times:
  edit-metadata: 0.6872606221586466
  landing: 0.058592482935637236
  view-data: 0.21544987056404352
