times:
  edit-metadata: 1.4652025988325477
  landing: 0.12947734724730253
  view-data: 0.11802830081433058
