times:
  edit-metadata: 1.6887791249901056
  landing: 0.30911543034017086
  view-data: 0.23955203965306282
