times:
  edit-metadata: 1.5090542919933796
  landing: 0.019987710751593113
  view-data: 0.3088502148166299
