times:
  edit-metadata: 1.5744099598377943
  landing: 0.21444135904312134
  view-data: 0.17559269815683365
