times:
  edit-metadata: 1.330972163937986
  landing: 0.02023719809949398
  view-data: 0.3415096942335367
