times:
  edit-metadata: 0.5431592441163957
  landing: 0.059171213768422604
  view-data: 0.21598179312422872
