times:
  edit-metadata: 1.5226183328777552
  landing: 0.17828645929694176
  view-data: 0.29105417616665363
