times:
  edit-metadata: 1.4308651182800531
  landing: 0.19417084753513336
  view-data: 0.026248376816511154
