times:
  edit-metadata: 0.5812252392061055
  landing: 0.05373083986341953
  view-data: 0.2116865273565054
