times:
  edit-metadata: 0.5338748809881508
  landing: 0.07278460590168834
  view-data: 0.20464780181646347
