times:
  edit-metadata: 1.4631660468876362
  landing: 0.019692840054631233
  view-data: 0.13838793709874153
