times:
  edit-metadata: 1.7566189970821142
  landing: 0.20450918469578028
  view-data: 0.13407299015671015
