times:
  edit-metadata: 1.3932734560221434
  landing: 0.022496532648801804
  view-data: 0.026322191581130028
