times:
  edit-metadata: 0.6080537107773125
  landing: 0.06084249494597316
  view-data: 0.22787776729092002
