times:
  edit-metadata: 1.6921500321477652
  landing: 0.17010344192385674
  view-data: 0.04879569076001644
