times:
  edit-metadata: 1.4012274239212275
  landing: 0.02083325758576393
  view-data: 0.026230279356241226
