times:
  edit-metadata: 1.5254924446344376
  landing: 0.021463260054588318
  view-data: 0.33377064764499664
