times:
  edit-metadata: 0.8144369856454432
  landing: 0.04662037780508399
  view-data: 0.26208229595795274
