times:
  edit-metadata: 1.5501921754330397
  landing: 0.3379731234163046
  view-data: 0.03161456994712353
