times:
  edit-metadata: 1.4449305776506662
  landing: 0.020465677604079247
  view-data: 0.12519609741866589
