times:
  edit-metadata: 1.384399501606822
  landing: 0.019897716119885445
  view-data: 0.029210291802883148
