times:
  edit-metadata: 0.6445205239579082
  landing: 0.06890945415943861
  view-data: 0.2524143769405782
