times:
  edit-metadata: 1.436047243885696
  landing: 0.19053918588906527
  view-data: 0.022443875670433044
