times:
  edit-metadata: 1.7830235976725817
  landing: 0.27071802131831646
  view-data: 0.32518884167075157
