times:
  edit-metadata: 1.4150617476552725
  landing: 0.14402536116540432
  view-data: 0.10635337606072426
