times:
  edit-metadata: 1.4600015636533499
  landing: 0.02385533880442381
  view-data: 0.24722126498818398
