times:
  edit-metadata: 1.3768447786569595
  landing: 0.19583727233111858
  view-data: 0.024110786616802216
