times:
  edit-metadata: 0.532147197984159
  landing: 0.1351671707816422
  view-data: 0.2808098839595914
