times:
  edit-metadata: 1.360500923357904
  landing: 0.01899040024727583
  view-data: 0.0235025305300951
