times:
  edit-metadata: 1.5588131342083216
  landing: 0.020030727609992027
  view-data: 0.15696607157588005
