times:
  edit-metadata: 1.6210524160414934
  landing: 0.021737003698945045
  view-data: 0.5194131638854742
