times:
  edit-metadata: 0.6431383290328085
  landing: 0.14157671621069312
  view-data: 0.2081490778364241
