times:
  edit-metadata: 1.5707444287836552
  landing: 0.022025441750884056
  view-data: 0.031255265697836876
