times:
  edit-metadata: 1.693098428659141
  landing: 0.25215332955121994
  view-data: 0.484815807081759
