times:
  edit-metadata: 1.5119615942239761
  landing: 0.0247470922768116
  view-data: 0.027801183983683586
