times:
  edit-metadata: 1.3931102938950062
  landing: 0.1494380496442318
  view-data: 0.2623244449496269
