times:
  edit-metadata: 1.3383261431008577
  landing: 0.019519157707691193
  view-data: 0.021747207269072533
