times:
  edit-metadata: 1.5516784060746431
  landing: 0.15230035036802292
  view-data: 0.025416627526283264
