times:
  edit-metadata: 1.4564571268856525
  landing: 0.01934967376291752
  view-data: 0.12403667159378529
