times:
  edit-metadata: 1.4814754277467728
  landing: 0.02216997928917408
  view-data: 0.1012429166585207
