times:
  edit-metadata: 0.5082739340141416
  landing: 0.06892715115100145
  view-data: 0.20438749389722943
