times:
  edit-metadata: 1.395911529660225
  landing: 0.12283866479992867
  view-data: 0.025141755118966103
