times:
  edit-metadata: 1.4860030431300402
  landing: 0.022938568145036697
  view-data: 0.024207396432757378
