times:
  edit-metadata: 1.3298705890774727
  landing: 0.021263505332171917
  view-data: 0.12184358667582273
