times:
  edit-metadata: 1.4434438645839691
  landing: 0.023686399683356285
  view-data: 0.022865604609251022
