times:
  edit-metadata: 1.359609667211771
  landing: 0.11746913008391857
  view-data: 0.024406930431723595
