times:
  edit-metadata: 1.8238953053951263
  landing: 0.2856187932193279
  view-data: 0.3124674800783396
