times:
  edit-metadata: 1.7824617456644773
  landing: 0.17298856005072594
  view-data: 0.4118095487356186
