times:
  edit-metadata: 1.637699868530035
  landing: 0.2005107831209898
  view-data: 0.29214795492589474
