times:
  edit-metadata: 1.4569148533046246
  landing: 0.14751539193093777
  view-data: 0.30023328214883804
