times:
  edit-metadata: 1.562585148960352
  landing: 0.1289369286969304
  view-data: 0.23351851478219032
