times:
  edit-metadata: 1.3984376192092896
  landing: 0.01936158537864685
  view-data: 0.02298060990869999
