times:
  edit-metadata: 1.3895979821681976
  landing: 0.023400502279400826
  view-data: 0.29354369454085827
