times:
  edit-metadata: 0.523280827794224
  landing: 0.06746159307658672
  view-data: 0.20442711003124714
