times:
  edit-metadata: 1.6107114478945732
  landing: 0.026611238718032837
  view-data: 0.3743477314710617
