times:
  edit-metadata: 1.398727772757411
  landing: 0.14023251831531525
  view-data: 0.3170173205435276
