times:
  edit-metadata: 1.3733561169356108
  landing: 0.1335566407069564
  view-data: 0.12437788210809231
