times:
  edit-metadata: 1.789009965956211
  landing: 0.17733743973076344
  view-data: 0.027690183371305466
