times:
  edit-metadata: 0.5103083960711956
  landing: 0.05822806619107723
  view-data: 0.21383776795119047
