times:
  edit-metadata: 1.3846574444323778
  landing: 0.02233654446899891
  view-data: 0.13157028146088123
