times:
  edit-metadata: 1.3866829667240381
  landing: 0.14492630027234554
  view-data: 0.27607548236846924
