times:
  edit-metadata: 1.392731485888362
  landing: 0.019481563940644264
  view-data: 0.1220501959323883
