times:
  edit-metadata: 1.3880862463265657
  landing: 0.24019701033830643
  view-data: 0.024138161912560463
