times:
  edit-metadata: 1.6063994280993938
  landing: 0.26734150014817715
  view-data: 0.39423276856541634
