times:
  edit-metadata: 2.095765878999373
  landing: 0.19464492800761946
  view-data: 0.45876440199208446
