times:
  edit-metadata: 1.5680779553949833
  landing: 0.28257717564702034
  view-data: 0.18961197510361671
