times:
  edit-metadata: 1.3873769715428352
  landing: 0.26845439709722996
  view-data: 0.026631848886609077
