times:
  edit-metadata: 1.5454059466719627
  landing: 0.15222379937767982
  view-data: 0.14004060812294483
