times:
  edit-metadata: 1.4560667220503092
  landing: 0.019372930750250816
  view-data: 0.32015019841492176
