times:
  edit-metadata: 0.5325368191115558
  landing: 0.11969864508137107
  view-data: 0.21702922694385052
