times:
  edit-metadata: 1.4125656737014651
  landing: 0.021236549131572247
  view-data: 0.024934480898082256
