times:
  edit-metadata: 1.461535901762545
  landing: 0.020991051569581032
  view-data: 0.4468321967869997
