times:
  edit-metadata: 0.5325245819985867
  landing: 0.06026813294738531
  view-data: 0.2088725999929011
