times:
  edit-metadata: 1.4423260260373354
  landing: 0.02160387858748436
  view-data: 0.023115655407309532
