times:
  edit-metadata: 1.3788532484322786
  landing: 0.023398935794830322
  view-data: 0.13321191631257534
