times:
  edit-metadata: 1.3683383669704199
  landing: 0.02121325582265854
  view-data: 0.3061424009501934
