times:
  edit-metadata: 1.4948577964678407
  landing: 0.021494343876838684
  view-data: 0.2339946459978819
