times:
  edit-metadata: 0.7221198077313602
  landing: 0.07170025398954749
  view-data: 0.291719569824636
