times:
  edit-metadata: 1.3562746550887823
  landing: 0.019471589475870132
  view-data: 0.026088116690516472
