times:
  edit-metadata: 1.4883979596197605
  landing: 0.021407045423984528
  view-data: 0.3637472726404667
