times:
  edit-metadata: 0.6061800033785403
  landing: 0.05414197780191898
  view-data: 0.3323272941634059
