times:
  edit-metadata: 1.372158195823431
  landing: 0.020747633650898933
  view-data: 0.02710128016769886
