times:
  edit-metadata: 0.6594712119549513
  landing: 0.06698080990463495
  view-data: 0.2420012610964477
