times:
  edit-metadata: 0.8008047249168158
  landing: 0.13997179921716452
  view-data: 0.2760015311650932
