times:
  edit-metadata: 1.6643574945628643
  landing: 0.1681517120450735
  view-data: 0.17456697672605515
