times:
  edit-metadata: 1.6153574585914612
  landing: 0.33166938461363316
  view-data: 0.4443462323397398
