times:
  edit-metadata: 1.4133181497454643
  landing: 0.021593639627099037
  view-data: 0.02540600672364235
