times:
  edit-metadata: 1.4253041725605726
  landing: 0.12010694108903408
  view-data: 0.028167037293314934
