times:
  edit-metadata: 1.3595708087086678
  landing: 0.01968630775809288
  view-data: 0.13171542808413506
