times:
  edit-metadata: 1.3517467696219683
  landing: 0.20971463806927204
  view-data: 0.3433261066675186
