times:
  edit-metadata: 0.7182813500985503
  landing: 0.06600883370265365
  view-data: 0.2219043057411909
