times:
  edit-metadata: 0.5781891709193587
  landing: 0.05168989533558488
  view-data: 0.20814043888822198
