times:
  edit-metadata: 1.7298689875751734
  landing: 0.1919744908809662
  view-data: 0.4108269289135933
