times:
  edit-metadata: 1.625270476564765
  landing: 0.14757944270968437
  view-data: 0.36792913638055325
