times:
  edit-metadata: 1.5221177944913507
  landing: 0.13399872370064259
  view-data: 0.027921144850552082
