times:
  edit-metadata: 1.4480861304327846
  landing: 0.02040718775242567
  view-data: 0.1147981183603406
