times:
  edit-metadata: 0.5416030269116163
  landing: 0.0643203523941338
  view-data: 0.20194267621263862
