times:
  edit-metadata: 1.3587539233267307
  landing: 0.022438539192080498
  view-data: 0.025484543293714523
