times:
  edit-metadata: 0.554089383687824
  landing: 0.11603455618023872
  view-data: 0.25919098826125264
