times:
  edit-metadata: 1.381978314369917
  landing: 0.022269618697464466
  view-data: 0.02387747634202242
