times:
  edit-metadata: 1.373698441311717
  landing: 0.01948930323123932
  view-data: 0.023405438289046288
