times:
  edit-metadata: 1.4834876153618097
  landing: 0.01986606791615486
  view-data: 0.025098150596022606
