times:
  edit-metadata: 1.3616223949939013
  landing: 0.14697918482124805
  view-data: 0.12504792399704456
