times:
  edit-metadata: 1.4825057815760374
  landing: 0.021405309438705444
  view-data: 0.024597208946943283
