times:
  edit-metadata: 1.343736127950251
  landing: 0.022603093646466732
  view-data: 0.026859507896006107
