times:
  edit-metadata: 0.5390434795990586
  landing: 0.04368174495175481
  view-data: 0.2054037288762629
