times:
  edit-metadata: 0.7363659776747227
  landing: 0.07444249792024493
  view-data: 0.2692427202127874
