times:
  edit-metadata: 1.3317703446373343
  landing: 0.019644961692392826
  view-data: 0.1167160477489233
