times:
  edit-metadata: 1.326188376173377
  landing: 0.12772949505597353
  view-data: 0.0276755066588521
