times:
  edit-metadata: 1.3730382956564426
  landing: 0.021755144000053406
  view-data: 0.2915857005864382
