times:
  edit-metadata: 1.6051066424697638
  landing: 0.17448302172124386
  view-data: 0.36728414334356785
