times:
  edit-metadata: 1.4199765920639038
  landing: 0.15143918991088867
  view-data: 0.025192905217409134
