times:
  edit-metadata: 1.356633035466075
  landing: 0.20412288047373295
  view-data: 0.02480199933052063
