times:
  edit-metadata: 1.5447682458907366
  landing: 0.17330754362046719
  view-data: 0.37104022316634655
