times:
  edit-metadata: 1.5294630005955696
  landing: 0.21086103282868862
  view-data: 0.22720705159008503
