times:
  edit-metadata: 1.9093466624617577
  landing: 0.2793156336992979
  view-data: 0.2495261561125517
