times:
  edit-metadata: 1.3563003670424223
  landing: 0.18876352347433567
  view-data: 0.28751612454652786
