times:
  edit-metadata: 1.738329378888011
  landing: 0.2498269658535719
  view-data: 0.3989564273506403
