times:
  edit-metadata: 1.5564594715833664
  landing: 0.16010685823857784
  view-data: 0.3782474771142006
