times:
  edit-metadata: 1.3557790853083134
  landing: 0.018118703737854958
  view-data: 0.13687054812908173
