times:
  edit-metadata: 1.8182715382426977
  landing: 0.3557436317205429
  view-data: 0.13097283616662025
