times:
  edit-metadata: 1.572162063792348
  landing: 0.021015839651226997
  view-data: 0.36784205213189125
