times:
  edit-metadata: 1.750958327203989
  landing: 0.2663280703127384
  view-data: 0.15274208784103394
