times:
  edit-metadata: 1.4704770874232054
  landing: 0.27872712537646294
  view-data: 0.1625447627156973
