times:
  edit-metadata: 0.43842076510190964
  landing: 0.05400560237467289
  view-data: 0.3357289619743824
