times:
  edit-metadata: 0.421751631423831
  landing: 0.05508430674672127
  view-data: 0.3251032857224345
