times:
  edit-metadata: 0.4548797458410263
  landing: 0.05162404105067253
  view-data: 0.19887728616595268
