times:
  edit-metadata: 1.227553891018033
  landing: 0.1292166355997324
  view-data: 0.32113160006701946
