times:
  edit-metadata: 0.3847265066578984
  landing: 0.04586605075746775
  view-data: 0.20114847645163536
