times:
  edit-metadata: 1.2673535449430346
  landing: 0.022702772170305252
  view-data: 0.13943169359117746
