times:
  edit-metadata: 1.241492041386664
  landing: 0.02066858485341072
  view-data: 0.12532671447843313
