times:
  edit-metadata: 1.6350961867719889
  landing: 0.31177947111427784
  view-data: 0.1955922320485115
