times:
  edit-metadata: 1.2426985753700137
  landing: 0.1359036536887288
  view-data: 0.13092742580920458
