times:
  edit-metadata: 1.2996644834056497
  landing: 0.12023524381220341
  view-data: 0.023695857264101505
