times:
  edit-metadata: 1.351220030337572
  landing: 0.018766366876661777
  view-data: 0.4588887682184577
