times:
  edit-metadata: 0.40283713676035404
  landing: 0.03820443619042635
  view-data: 0.3214961816556752
