times:
  edit-metadata: 1.2279222812503576
  landing: 0.020893406122922897
  view-data: 0.024358345195651054
