times:
  edit-metadata: 1.2357908375561237
  landing: 0.02162054181098938
  view-data: 0.04963201470673084
