times:
  edit-metadata: 0.4026362728327513
  landing: 0.046135048381984234
  view-data: 0.19844899512827396
