times:
  edit-metadata: 1.3084381818771362
  landing: 0.15346871688961983
  view-data: 0.022507830522954464
