times:
  edit-metadata: 1.6557487845420837
  landing: 0.18284306582063437
  view-data: 0.03646743297576904
