times:
  edit-metadata: 1.463758673518896
  landing: 0.01938668079674244
  view-data: 0.30192295648157597
