times:
  edit-metadata: 2.0092809442430735
  landing: 0.32157894782721996
  view-data: 0.3928324803709984
