times:
  edit-metadata: 1.2042266121134162
  landing: 0.022387984208762646
  view-data: 0.14131454192101955
