times:
  edit-metadata: 1.3340634107589722
  landing: 0.11190388537943363
  view-data: 0.02383955381810665
