times:
  edit-metadata: 1.2149081453680992
  landing: 0.019983820617198944
  view-data: 0.02408563904464245
