times:
  edit-metadata: 0.4365279022604227
  landing: 0.062123170122504234
  view-data: 0.20618531992658973
