times:
  edit-metadata: 1.393027875572443
  landing: 0.021559756249189377
  view-data: 0.3503801003098488
