times:
  edit-metadata: 1.2449318934231997
  landing: 0.022567199543118477
  view-data: 0.26965494453907013
