times:
  edit-metadata: 1.7997658085078
  landing: 0.021995188668370247
  view-data: 0.026851261034607887
