times:
  edit-metadata: 0.40398368518799543
  landing: 0.0485709635540843
  view-data: 0.21109111234545708
