times:
  edit-metadata: 1.6704462114721537
  landing: 0.24406923167407513
  view-data: 0.1855936199426651
