times:
  edit-metadata: 1.2294389549642801
  landing: 0.022375782020390034
  view-data: 0.02652636356651783
