times:
  edit-metadata: 1.336551494896412
  landing: 0.2012407910078764
  view-data: 0.3337722774595022
