times:
  edit-metadata: 1.1897712647914886
  landing: 0.018798276782035828
  view-data: 0.09845977276563644
