times:
  edit-metadata: 1.7411461807787418
  landing: 0.34255536645650864
  view-data: 0.4478434547781944
