times:
  edit-metadata: 1.1931903325021267
  landing: 0.020642053335905075
  view-data: 0.2149138804525137
