times:
  edit-metadata: 1.4825237933546305
  landing: 0.23160796612501144
  view-data: 0.15514526888728142
