times:
  edit-metadata: 1.3303348328918219
  landing: 0.01999691314995289
  view-data: 0.027267713099718094
