times:
  edit-metadata: 0.4105668989941478
  landing: 0.0445427093654871
  view-data: 0.5600424995645881
