times:
  edit-metadata: 1.2975319866091013
  landing: 0.13792893290519714
  view-data: 0.14215479791164398
