times:
  edit-metadata: 0.6512038689106703
  landing: 0.051880288403481245
  view-data: 0.23525993805378675
