times:
  edit-metadata: 0.4532263590954244
  landing: 0.051593310199677944
  view-data: 0.2144750808365643
