times:
  edit-metadata: 0.6136171496473253
  landing: 0.04366423515602946
  view-data: 0.28735710633918643
