times:
  edit-metadata: 1.4517727494239807
  landing: 0.21290583536028862
  view-data: 0.026750333607196808
