times:
  edit-metadata: 1.5940846651792526
  landing: 0.1691235825419426
  view-data: 0.5705116391181946
