times:
  edit-metadata: 1.2652682811021805
  landing: 0.02108776569366455
  view-data: 0.32070859242230654
