times:
  edit-metadata: 1.3036236930638552
  landing: 0.13503931276500225
  view-data: 0.0269049983471632
