times:
  edit-metadata: 1.3693149983882904
  landing: 0.020115356892347336
  view-data: 0.31926849484443665
