times:
  edit-metadata: 0.3944911975413561
  landing: 0.04725894331932068
  view-data: 0.20428508799523115
