times:
  edit-metadata: 0.3927129749208689
  landing: 0.04156011343002319
  view-data: 0.1921470146626234
