times:
  edit-metadata: 1.255323376506567
  landing: 0.19432596024125814
  view-data: 0.02435196004807949
