times:
  edit-metadata: 1.253746835514903
  landing: 0.042800500988960266
  view-data: 0.13369933981448412
