times:
  edit-metadata: 1.322962099686265
  landing: 0.022244302555918694
  view-data: 0.25908977910876274
