times:
  edit-metadata: 1.1998458802700043
  landing: 0.019816122017800808
  view-data: 0.4563677851110697
