times:
  edit-metadata: 1.8184756636619568
  landing: 0.17506955936551094
  view-data: 0.02321530133485794
