times:
  edit-metadata: 1.3094726484268904
  landing: 0.224179457873106
  view-data: 0.023570260033011436
