times:
  edit-metadata: 1.6567125543951988
  landing: 0.35371518321335316
  view-data: 0.184133168309927
