times:
  edit-metadata: 1.268212141469121
  landing: 0.019949791952967644
  view-data: 0.5445596249774098
