times:
  edit-metadata: 1.2171755386516452
  landing: 0.020649194717407227
  view-data: 0.025055892765522003
