times:
  edit-metadata: 1.1705936351791024
  landing: 0.023407923988997936
  view-data: 0.1336664091795683
