times:
  edit-metadata: 1.2431818563491106
  landing: 0.25302949734032154
  view-data: 0.10244848392903805
