times:
  edit-metadata: 1.5031739939004183
  landing: 0.29971424117684364
  view-data: 0.3394528478384018
