times:
  edit-metadata: 1.2573319841176271
  landing: 0.020225822925567627
  view-data: 0.32911860011518
