times:
  edit-metadata: 1.1934652728959918
  landing: 0.20822253730148077
  view-data: 0.4751526741310954
