times:
  edit-metadata: 0.3979197423905134
  landing: 0.04618768207728863
  view-data: 0.20072488859295845
