times:
  edit-metadata: 0.3733207620680332
  landing: 0.04616373032331467
  view-data: 0.19845255557447672
