times:
  edit-metadata: 1.2188183553516865
  landing: 0.12643796391785145
  view-data: 0.024890035390853882
