times:
  edit-metadata: 0.45894859032705426
  landing: 0.04861553804948926
  view-data: 0.19918267801404
