times:
  edit-metadata: 1.2960819657891989
  landing: 0.2876971811056137
  view-data: 0.13063105754554272
