times:
  edit-metadata: 1.3601412735879421
  landing: 0.021914467215538025
  view-data: 0.3169141113758087
