times:
  edit-metadata: 1.2761735282838345
  landing: 0.020845232531428337
  view-data: 0.02778363972902298
