times:
  edit-metadata: 0.625415142159909
  landing: 0.05096072284504771
  view-data: 0.2798316478729248
