times:
  edit-metadata: 1.1686490597203374
  landing: 0.13589577469974756
  view-data: 0.025565316900610924
