times:
  edit-metadata: 1.6499937055632472
  landing: 0.04384165722876787
  view-data: 0.1479299208149314
