times:
  edit-metadata: 1.313000975176692
  landing: 0.019216742366552353
  view-data: 0.10779084824025631
