times:
  edit-metadata: 0.4017371265217662
  landing: 0.04110409040004015
  view-data: 0.20318028703331947
