times:
  edit-metadata: 1.3128032926470041
  landing: 0.020057160407304764
  view-data: 0.3618190623819828
