times:
  edit-metadata: 1.246779564768076
  landing: 0.02120775170624256
  view-data: 0.3086874783039093
