times:
  edit-metadata: 0.48518818197771907
  landing: 0.11648287018761039
  view-data: 0.2486736299470067
