times:
  edit-metadata: 0.3985326327383518
  landing: 0.05088839400559664
  view-data: 0.329507770948112
