times:
  edit-metadata: 1.2411204958334565
  landing: 0.019593204371631145
  view-data: 0.031209650449454784
