times:
  edit-metadata: 1.2994908075779676
  landing: 0.14626415632665157
  view-data: 0.3496997691690922
