times:
  edit-metadata: 1.1322050979360938
  landing: 0.1248731417581439
  view-data: 0.028156301006674767
