times:
  edit-metadata: 1.1906358879059553
  landing: 0.022004975005984306
  view-data: 0.13904848508536816
