times:
  edit-metadata: 1.4087560223415494
  landing: 0.12573615554720163
  view-data: 0.40146481338888407
