times:
  edit-metadata: 2.4279567589983344
  landing: 0.6219286564737558
  view-data: 0.9810836268588901
