times:
  edit-metadata: 1.3423901638016105
  landing: 0.02123822458088398
  view-data: 0.027937150560319424
