times:
  edit-metadata: 1.2699049515649676
  landing: 0.12738402374088764
  view-data: 0.4231919813901186
