times:
  edit-metadata: 0.7716432050801814
  landing: 0.04261811403557658
  view-data: 0.21251257369294763
