times:
  edit-metadata: 1.232988152652979
  landing: 0.021049626171588898
  view-data: 0.1428768802434206
