times:
  edit-metadata: 1.6660843156278133
  landing: 0.24691787734627724
  view-data: 0.4714614748954773
