times:
  edit-metadata: 0.6413285182788968
  landing: 0.04561352822929621
  view-data: 0.2922860039398074
