times:
  edit-metadata: 0.5903756273910403
  landing: 0.0677802823483944
  view-data: 0.2690313830971718
