times:
  edit-metadata: 1.8080301396548748
  landing: 0.3761732876300812
  view-data: 0.44607509672641754
