times:
  edit-metadata: 1.1872703274711967
  landing: 0.021828562952578068
  view-data: 0.027111638337373734
