times:
  edit-metadata: 1.1896327631548047
  landing: 0.02186767477542162
  view-data: 0.027848563157022
