times:
  edit-metadata: 1.7345430385321379
  landing: 0.2690722867846489
  view-data: 0.15633517317473888
