times:
  edit-metadata: 1.2580552315339446
  landing: 0.20979615487158298
  view-data: 0.023059786297380924
