times:
  edit-metadata: 1.2487754793837667
  landing: 0.12754426058381796
  view-data: 0.024448166601359844
