times:
  edit-metadata: 1.2222113655880094
  landing: 0.021355493925511837
  view-data: 0.09760997071862221
