times:
  edit-metadata: 0.39981899969279766
  landing: 0.04194024298340082
  view-data: 0.20148936938494444
