times:
  edit-metadata: 1.4678854122757912
  landing: 0.2551197540014982
  view-data: 0.2815407607704401
