times:
  edit-metadata: 1.2244041403755546
  landing: 0.02203358244150877
  view-data: 0.13442783616483212
