times:
  edit-metadata: 1.2279159957543015
  landing: 0.02123135421425104
  view-data: 0.04553467780351639
