times:
  edit-metadata: 1.2929912507534027
  landing: 0.14328004140406847
  view-data: 0.29525179881602526
