times:
  edit-metadata: 1.2981770411133766
  landing: 0.02465881034731865
  view-data: 0.32360040210187435
