times:
  edit-metadata: 0.4477989445440471
  landing: 0.06773214414715767
  view-data: 0.208465029951185
