times:
  edit-metadata: 1.2860690746456385
  landing: 0.020952630788087845
  view-data: 0.02507426217198372
