times:
  edit-metadata: 1.382416076026857
  landing: 0.13333676010370255
  view-data: 0.14046415779739618
