times:
  edit-metadata: 1.227336697280407
  landing: 0.019898364320397377
  view-data: 0.026399513706564903
