times:
  edit-metadata: 1.3013211460784078
  landing: 0.154674319550395
  view-data: 0.11624471936374903
