times:
  edit-metadata: 1.210883873514831
  landing: 0.19561075326055288
  view-data: 0.20589995197951794
