times:
  edit-metadata: 1.8346962947398424
  landing: 0.2988885175436735
  view-data: 0.39267989434301853
