times:
  edit-metadata: 1.3035795390605927
  landing: 0.02179668564349413
  view-data: 0.41279140021651983
