times:
  edit-metadata: 1.237265843898058
  landing: 0.022440796718001366
  view-data: 0.30444627068936825
