times:
  edit-metadata: 1.2156906630843878
  landing: 0.23983345553278923
  view-data: 0.2709819935262203
