times:
  edit-metadata: 1.2017252780497074
  landing: 0.20827867276966572
  view-data: 0.02277969755232334
