times:
  edit-metadata: 1.1858564307913184
  landing: 0.12150451820343733
  view-data: 0.024451328441500664
