times:
  edit-metadata: 1.405637251213193
  landing: 0.1798107922077179
  view-data: 0.3429799806326628
