times:
  edit-metadata: 1.263348612934351
  landing: 0.12101465091109276
  view-data: 0.026635557413101196
