times:
  edit-metadata: 1.2329909708350897
  landing: 0.15062436182051897
  view-data: 0.026516443118453026
