times:
  edit-metadata: 1.2108742706477642
  landing: 0.1824116725474596
  view-data: 0.2684000637382269
