times:
  edit-metadata: 0.3897674372419715
  landing: 0.051732493564486504
  view-data: 0.1988972518593073
