times:
  edit-metadata: 1.1868501082062721
  landing: 0.0209155585616827
  view-data: 0.02641511894762516
