times:
  edit-metadata: 0.4354977593757212
  landing: 0.07873378600925207
  view-data: 0.22011745302006602
