times:
  edit-metadata: 1.7434954904019833
  landing: 0.0504731722176075
  view-data: 0.030255788937211037
