times:
  edit-metadata: 1.1987748574465513
  landing: 0.11614808347076178
  view-data: 0.1372450115159154
