times:
  edit-metadata: 1.8044788371771574
  landing: 0.17444737628102303
  view-data: 0.477220855653286
