times:
  edit-metadata: 1.2069326126948
  landing: 0.023069350980222225
  view-data: 0.12440854031592607
