times:
  edit-metadata: 1.2066780114546418
  landing: 0.02145532425493002
  view-data: 0.023148581385612488
