times:
  edit-metadata: 1.3209680169820786
  landing: 0.020351607352495193
  view-data: 0.02435433678328991
