times:
  edit-metadata: 0.524213267955929
  landing: 0.0993457306176424
  view-data: 0.2614165311679244
