times:
  edit-metadata: 1.8568028472363949
  landing: 0.3338530473411083
  view-data: 0.3074017185717821
