times:
  edit-metadata: 1.148349354043603
  landing: 0.020675291307270527
  view-data: 0.14046075474470854
