times:
  edit-metadata: 0.41214018501341343
  landing: 0.04358813911676407
  view-data: 0.2122722463682294
