times:
  edit-metadata: 0.5526479575783014
  landing: 0.11692160787060857
  view-data: 0.20023282943293452
