times:
  edit-metadata: 0.7079930161125958
  landing: 0.05197100481018424
  view-data: 0.22478743270039558
