times:
  edit-metadata: 2.157347735017538
  landing: 0.21590744145214558
  view-data: 0.3665278609842062
