times:
  edit-metadata: 1.6800131481140852
  landing: 0.18605275079607964
  view-data: 0.3956212606281042
