times:
  edit-metadata: 0.41985202115029097
  landing: 0.11812566313892603
  view-data: 0.2231264542788267
