times:
  edit-metadata: 1.8411348294466734
  landing: 0.2581799793988466
  view-data: 0.45162658393383026
