times:
  edit-metadata: 1.2192380549386144
  landing: 0.12733722105622292
  view-data: 0.42893613316118717
