times:
  edit-metadata: 1.2661032155156136
  landing: 0.019740985706448555
  view-data: 0.243837783113122
