times:
  edit-metadata: 1.2888430105522275
  landing: 0.020593494176864624
  view-data: 0.40618318412452936
