times:
  edit-metadata: 1.3074822928756475
  landing: 0.02438756637275219
  view-data: 0.15371261537075043
