times:
  edit-metadata: 0.4934126059524715
  landing: 0.07741322088986635
  view-data: 0.21500986441969872
