times:
  edit-metadata: 1.1969023030251265
  landing: 0.02114054001867771
  view-data: 0.026408180594444275
