times:
  edit-metadata: 1.250794337131083
  landing: 0.1436400953680277
  view-data: 0.21815786603838205
