times:
  edit-metadata: 1.1672767084091902
  landing: 0.020651686936616898
  view-data: 0.12415536493062973
