times:
  edit-metadata: 0.3876937422901392
  landing: 0.0400813315063715
  view-data: 0.18921894300729036
