times:
  edit-metadata: 1.7588580828160048
  landing: 0.15660308301448822
  view-data: 0.5460566990077496
