times:
  edit-metadata: 1.2162052672356367
  landing: 0.020548339001834393
  view-data: 0.024092726409435272
