times:
  edit-metadata: 1.2839808650314808
  landing: 0.020996809005737305
  view-data: 0.027105072513222694
