times:
  edit-metadata: 0.5681256898678839
  landing: 0.11028012679889798
  view-data: 0.4484348641708493
