times:
  edit-metadata: 0.3897335547953844
  landing: 0.04095247108489275
  view-data: 0.1986942244693637
