times:
  edit-metadata: 0.44553148141130805
  landing: 0.10784729197621346
  view-data: 0.19958135578781366
