times:
  edit-metadata: 1.282923398539424
  landing: 0.01976669393479824
  view-data: 0.026919418014585972
