times:
  edit-metadata: 1.3176848832517862
  landing: 0.021218002773821354
  view-data: 0.026023549027740955
