times:
  edit-metadata: 1.2520531248301268
  landing: 0.02157568745315075
  view-data: 0.41034975182265043
