times:
  edit-metadata: 1.3057367783039808
  landing: 0.118255116045475
  view-data: 0.3217299524694681
