times:
  edit-metadata: 1.4168983865529299
  landing: 0.022194791585206985
  view-data: 0.30580426566302776
