times:
  edit-metadata: 1.4853898603469133
  landing: 0.02303014136850834
  view-data: 0.03330732509493828
