times:
  edit-metadata: 1.1885332791134715
  landing: 0.019986586645245552
  view-data: 0.02487818617373705
