times:
  edit-metadata: 1.2549640089273453
  landing: 0.02019316516816616
  view-data: 0.023161429911851883
