times:
  edit-metadata: 0.41259481664747
  landing: 0.040117863565683365
  view-data: 0.20336285885423422
