times:
  edit-metadata: 1.2075395435094833
  landing: 0.14420429058372974
  view-data: 0.35284904204308987
