times:
  edit-metadata: 1.302541279233992
  landing: 0.020718179643154144
  view-data: 0.09561918582767248
