times:
  edit-metadata: 1.3167224256321788
  landing: 0.021361663937568665
  view-data: 0.12763411737978458
