times:
  edit-metadata: 0.3905492387712002
  landing: 0.05000554211437702
  view-data: 0.21546748653054237
