times:
  edit-metadata: 1.3238210398703814
  landing: 0.19397238828241825
  view-data: 0.33808309584856033
