times:
  edit-metadata: 0.3826204277575016
  landing: 0.050073590129613876
  view-data: 0.4629024211317301
