times:
  edit-metadata: 1.2153086997568607
  landing: 0.12175115570425987
  view-data: 0.027428978122770786
