times:
  edit-metadata: 1.7825907170772552
  landing: 0.17207802273333073
  view-data: 0.1415751613676548
