times:
  edit-metadata: 1.3339216271415353
  landing: 0.22295793984085321
  view-data: 0.12507107574492693
