times:
  edit-metadata: 1.3317466657608747
  landing: 0.17242221161723137
  view-data: 0.29859786108136177
