times:
  edit-metadata: 0.39876584336161613
  landing: 0.049949721433222294
  view-data: 0.20792450942099094
