times:
  edit-metadata: 1.2853702306747437
  landing: 0.021472572349011898
  view-data: 0.027811679989099503
