times:
  edit-metadata: 1.1943193469196558
  landing: 0.021704185754060745
  view-data: 0.43403041176497936
