times:
  edit-metadata: 1.201904528774321
  landing: 0.13197394274175167
  view-data: 0.12565729580819607
