times:
  edit-metadata: 1.343981945887208
  landing: 0.16326979734003544
  view-data: 0.3643280044198036
