times:
  edit-metadata: 1.4481787458062172
  landing: 0.28768173698335886
  view-data: 0.2722613671794534
