times:
  edit-metadata: 1.2375949639827013
  landing: 0.021625690162181854
  view-data: 0.025350579991936684
