times:
  edit-metadata: 0.39078755816444755
  landing: 0.050524713937193155
  view-data: 0.20819782000035048
