times:
  edit-metadata: 1.7597148288041353
  landing: 0.030211595818400383
  view-data: 0.2008509412407875
