times:
  edit-metadata: 1.2387711852788925
  landing: 0.021572344936430454
  view-data: 0.023249927908182144
