times:
  edit-metadata: 1.228348989970982
  landing: 0.022860005497932434
  view-data: 0.025005164556205273
