times:
  edit-metadata: 0.4569933940656483
  landing: 0.0489231962710619
  view-data: 0.2083744201809168
