times:
  edit-metadata: 0.4342134720645845
  landing: 0.07370899384841323
  view-data: 0.21799471275880933
