times:
  edit-metadata: 1.6010104082524776
  landing: 0.02249477617442608
  view-data: 0.02338678203523159
