times:
  edit-metadata: 1.2864167178049684
  landing: 0.1756500732153654
  view-data: 0.12037938367575407
