times:
  edit-metadata: 1.5934743601828814
  landing: 0.021381767466664314
  view-data: 0.022267152555286884
