times:
  edit-metadata: 1.2260563764721155
  landing: 0.021260540932416916
  view-data: 0.11910483334213495
