times:
  edit-metadata: 1.4849721789360046
  landing: 0.2620004955679178
  view-data: 0.027471618726849556
