times:
  edit-metadata: 0.40078696981072426
  landing: 0.04318895377218723
  view-data: 0.20389469806104898
