times:
  edit-metadata: 0.3781313821673393
  landing: 0.04734243918210268
  view-data: 0.19505006168037653
