times:
  edit-metadata: 0.6299011679366231
  landing: 0.04337615193799138
  view-data: 0.2737744669429958
