times:
  edit-metadata: 1.2188434023410082
  landing: 0.022468306124210358
  view-data: 0.024546368047595024
