times:
  edit-metadata: 1.7818243075162172
  landing: 0.31379077583551407
  view-data: 0.48526850529015064
