times:
  edit-metadata: 1.3008754756301641
  landing: 0.018921280279755592
  view-data: 0.15318654291331768
