times:
  edit-metadata: 1.2002263525500894
  landing: 0.1261458583176136
  view-data: 0.023347243666648865
