times:
  edit-metadata: 1.1913719959557056
  landing: 0.019507930614054203
  view-data: 0.12303020991384983
