times:
  edit-metadata: 1.3062525428831577
  landing: 0.22744065523147583
  view-data: 0.4423902779817581
