times:
  edit-metadata: 1.2811848483979702
  landing: 0.01934913359582424
  view-data: 0.2486538663506508
