times:
  edit-metadata: 0.40424064453691244
  landing: 0.03825731389224529
  view-data: 0.32501585129648447
