times:
  edit-metadata: 0.39218591433018446
  landing: 0.047019905410707
  view-data: 0.1987491985782981
