times:
  edit-metadata: 1.6626671329140663
  landing: 0.29107465222477913
  view-data: 0.36580152809619904
