times:
  edit-metadata: 1.2241385988891125
  landing: 0.1286411453038454
  view-data: 0.41004149429500103
