times:
  edit-metadata: 1.28277076035738
  landing: 0.020014476031064987
  view-data: 0.1349437404423952
