times:
  edit-metadata: 1.2662729863077402
  landing: 0.02074165642261505
  view-data: 0.027771339751780033
