times:
  edit-metadata: 1.2197157992050052
  landing: 0.02314515132457018
  view-data: 0.0296663586050272
