times:
  edit-metadata: 1.488129323348403
  landing: 0.17846610769629478
  view-data: 0.4631323628127575
