times:
  edit-metadata: 1.1987339174374938
  landing: 0.01922708097845316
  view-data: 0.4210115112364292
