times:
  edit-metadata: 1.2409382099285722
  landing: 0.023222854360938072
  view-data: 0.05664167273789644
