times:
  edit-metadata: 1.2049803417176008
  landing: 0.019504484720528126
  view-data: 0.4102794053032994
