times:
  edit-metadata: 1.3085519056767225
  landing: 0.01933198980987072
  view-data: 0.3155721575021744
