times:
  edit-metadata: 1.257203315384686
  landing: 0.1687222383916378
  view-data: 0.4386982247233391
