times:
  edit-metadata: 1.1922502499073744
  landing: 0.020586182363331318
  view-data: 0.4794131051748991
