times:
  edit-metadata: 0.4006934044882655
  landing: 0.05369542073458433
  view-data: 0.18839827924966812
