times:
  edit-metadata: 0.4037031838670373
  landing: 0.04899253696203232
  view-data: 0.2136996053159237
