times:
  edit-metadata: 1.2156365867704153
  landing: 0.2660415582358837
  view-data: 0.13943419978022575
