times:
  edit-metadata: 1.2240443732589483
  landing: 0.11677366495132446
  view-data: 0.4001921974122524
