times:
  edit-metadata: 1.2547998940572143
  landing: 0.021635917015373707
  view-data: 0.39601581543684006
