times:
  edit-metadata: 1.216862628236413
  landing: 0.12301215436309576
  view-data: 0.12127831019461155
