times:
  edit-metadata: 0.44858798012137413
  landing: 0.0467295297421515
  view-data: 0.21334974467754364
