times:
  edit-metadata: 1.318090470507741
  landing: 0.022107377648353577
  view-data: 0.0255849901586771
