times:
  edit-metadata: 1.239653592929244
  landing: 0.1349420128390193
  view-data: 0.10094140376895666
