times:
  edit-metadata: 1.2215780522674322
  landing: 0.09868250228464603
  view-data: 0.026526994071900845
