times:
  edit-metadata: 1.2250602170825005
  landing: 0.020922765135765076
  view-data: 0.1268387120217085
