times:
  edit-metadata: 0.4056714177131653
  landing: 0.047555810771882534
  view-data: 0.19613946601748466
