times:
  edit-metadata: 1.28210776951164
  landing: 0.13702059537172318
  view-data: 0.024209757335484028
