times:
  edit-metadata: 1.2463188525289297
  landing: 0.15471993293613195
  view-data: 0.02326140459626913
