times:
  edit-metadata: 0.4371983236633241
  landing: 0.07286954903975129
  view-data: 0.2049115221016109
