times:
  edit-metadata: 1.2494044164195657
  landing: 0.019959598779678345
  view-data: 0.43829050846397877
