times:
  edit-metadata: 1.2167394645512104
  landing: 0.020420333370566368
  view-data: 0.02682608924806118
