times:
  edit-metadata: 1.7750569954514503
  landing: 0.1465812548995018
  view-data: 0.02731313556432724
