times:
  edit-metadata: 1.3224458899348974
  landing: 0.15794324316084385
  view-data: 0.355912359431386
