times:
  edit-metadata: 1.46870868653059
  landing: 0.02120359241962433
  view-data: 0.3144764695316553
