times:
  edit-metadata: 1.2817137753590941
  landing: 0.019726883620023727
  view-data: 0.21701590437442064
