times:
  edit-metadata: 1.5231200717389584
  landing: 0.2390506025403738
  view-data: 0.5439288523048162
