times:
  edit-metadata: 0.4031695956364274
  landing: 0.03825254272669554
  view-data: 0.2070061108097434
