times:
  edit-metadata: 1.4113652035593987
  landing: 0.1310366578400135
  view-data: 0.4496081881225109
