times:
  edit-metadata: 0.4715658687055111
  landing: 0.04440946411341429
  view-data: 0.22515167389065027
