times:
  edit-metadata: 0.4031507708132267
  landing: 0.045772974379360676
  view-data: 0.20149303507059813
