times:
  edit-metadata: 0.44444728596135974
  landing: 0.10465898318216205
  view-data: 0.3546154457144439
