times:
  edit-metadata: 1.5937928091734648
  landing: 0.2609241399914026
  view-data: 0.19779741391539574
