times:
  edit-metadata: 1.7963165631517768
  landing: 0.01801366452127695
  view-data: 0.02437174692749977
