times:
  edit-metadata: 1.2510376777499914
  landing: 0.1545055080205202
  view-data: 0.10168926045298576
