times:
  edit-metadata: 1.8425590079277754
  landing: 0.02239656075835228
  view-data: 0.02512512356042862
