times:
  edit-metadata: 1.228309566155076
  landing: 0.051242342218756676
  view-data: 0.34054964780807495
