times:
  edit-metadata: 1.2239274736493826
  landing: 0.02029836643487215
  view-data: 0.12001035641878843
