times:
  edit-metadata: 1.3974927682429552
  landing: 0.14855347573757172
  view-data: 0.25140684843063354
