times:
  edit-metadata: 1.1838008435443044
  landing: 0.02223898097872734
  view-data: 0.025729918852448463
