times:
  edit-metadata: 1.1933724405243993
  landing: 0.018700136803090572
  view-data: 0.12715801782906055
