times:
  edit-metadata: 0.39084402890875936
  landing: 0.04297044686973095
  view-data: 0.3293304401449859
