times:
  edit-metadata: 1.7613126058131456
  landing: 0.30093991197645664
  view-data: 0.22368427738547325
