times:
  edit-metadata: 1.2610979229211807
  landing: 0.13584251794964075
  view-data: 0.2219638368114829
