times:
  edit-metadata: 0.3760973708704114
  landing: 0.04774655820801854
  view-data: 0.3280429379083216
