times:
  edit-metadata: 1.3006178978830576
  landing: 0.01948580890893936
  view-data: 0.1427238993346691
