times:
  edit-metadata: 0.45300956116989255
  landing: 0.11274906992912292
  view-data: 0.22177766961976886
