times:
  edit-metadata: 1.7321005463600159
  landing: 0.29461408220231533
  view-data: 0.40389695204794407
