times:
  edit-metadata: 1.368983393535018
  landing: 0.020021915435791016
  view-data: 0.22929669544100761
