times:
  edit-metadata: 1.1587143875658512
  landing: 0.14910523779690266
  view-data: 0.45938107185065746
