times:
  edit-metadata: 0.38412927743047476
  landing: 0.04477246757596731
  view-data: 0.19940880127251148
