times:
  edit-metadata: 1.2620685268193483
  landing: 0.02346796728670597
  view-data: 0.023555150255560875
