times:
  edit-metadata: 1.2889195224270225
  landing: 0.0212820777669549
  view-data: 0.027647857554256916
