times:
  edit-metadata: 1.834570188075304
  landing: 0.444685785099864
  view-data: 0.47480894438922405
