times:
  edit-metadata: 1.2626144718378782
  landing: 0.0218457393348217
  view-data: 0.12039737869054079
