times:
  edit-metadata: 1.8429037742316723
  landing: 0.22185160405933857
  view-data: 0.5408214703202248
