times:
  edit-metadata: 1.641181569546461
  landing: 0.31442855298519135
  view-data: 0.05613396875560284
