times:
  edit-metadata: 1.268033436499536
  landing: 0.0490917582064867
  view-data: 0.12923593446612358
