times:
  edit-metadata: 1.3679764028638601
  landing: 0.024037262424826622
  view-data: 0.14741846174001694
