times:
  edit-metadata: 1.24027743563056
  landing: 0.01914658024907112
  view-data: 0.023651890456676483
