times:
  edit-metadata: 1.2173474049195647
  landing: 0.02052524033933878
  view-data: 0.024618049152195454
