times:
  edit-metadata: 0.3826028471812606
  landing: 0.04323238879442215
  view-data: 0.19081771094352007
