times:
  edit-metadata: 1.3496417459100485
  landing: 0.021412469446659088
  view-data: 0.023875923827290535
