times:
  edit-metadata: 1.1862623747438192
  landing: 0.11395790241658688
  view-data: 0.23363369051367044
