times:
  edit-metadata: 1.3158649895340204
  landing: 0.02367844432592392
  view-data: 0.022887641564011574
