times:
  edit-metadata: 1.2125853570178151
  landing: 0.021273273043334484
  view-data: 0.02545159962028265
