times:
  edit-metadata: 1.365167435258627
  landing: 0.02341432124376297
  view-data: 0.3264451436698437
