times:
  edit-metadata: 1.2607605010271072
  landing: 0.13380297925323248
  view-data: 0.12277606595307589
