times:
  edit-metadata: 1.1748855514451861
  landing: 0.020532933063805103
  view-data: 0.023055745288729668
