times:
  edit-metadata: 1.4477726314216852
  landing: 0.31898384168744087
  view-data: 0.1769989524036646
