times:
  edit-metadata: 1.2595001682639122
  landing: 0.192459337413311
  view-data: 0.023129777982831
