times:
  edit-metadata: 1.4666822869330645
  landing: 0.29270823299884796
  view-data: 0.1804708894342184
