times:
  edit-metadata: 1.4287803154438734
  landing: 0.019694838672876358
  view-data: 0.33820453099906445
