times:
  edit-metadata: 1.2047842890024185
  landing: 0.019932455383241177
  view-data: 0.13483730237931013
