times:
  edit-metadata: 1.2902588928118348
  landing: 0.020793951116502285
  view-data: 0.22022392693907022
