times:
  edit-metadata: 1.1934657618403435
  landing: 0.019360915757715702
  view-data: 0.02415831759572029
