times:
  edit-metadata: 1.4041461423039436
  landing: 0.1443920936435461
  view-data: 0.026144523173570633
