times:
  edit-metadata: 1.2313416115939617
  landing: 0.12994402460753918
  view-data: 0.3730925004929304
