times:
  edit-metadata: 1.2347362581640482
  landing: 0.02291327342391014
  view-data: 0.027031940408051014
