times:
  edit-metadata: 1.3341564740985632
  landing: 0.01886225864291191
  view-data: 0.4068720256909728
