times:
  edit-metadata: 0.4040235495194793
  landing: 0.04558317922055721
  view-data: 0.19870049878954887
