times:
  edit-metadata: 1.5349166505038738
  landing: 0.02878759615123272
  view-data: 0.4590554218739271
