times:
  edit-metadata: 1.7069837842136621
  landing: 0.14037009328603745
  view-data: 0.32078233174979687
