times:
  edit-metadata: 1.271261679008603
  landing: 0.018951572477817535
  view-data: 0.46194450557231903
