times:
  edit-metadata: 0.4008075315505266
  landing: 0.04280534852296114
  view-data: 0.2019831519573927
