times:
  edit-metadata: 0.386127145960927
  landing: 0.0396771552041173
  view-data: 0.20063557475805283
