times:
  edit-metadata: 1.2061457997187972
  landing: 0.02086019329726696
  view-data: 0.2463929085060954
