times:
  edit-metadata: 1.3257593382149935
  landing: 0.019412120804190636
  view-data: 0.026719458401203156
