times:
  edit-metadata: 1.4796569487079978
  landing: 0.023175840266048908
  view-data: 0.11548217479139566
