times:
  edit-metadata: 1.4181527979671955
  landing: 0.019247228279709816
  view-data: 0.2988580074161291
