times:
  edit-metadata: 1.9717790316790342
  landing: 0.05521857738494873
  view-data: 0.48413520492613316
