times:
  edit-metadata: 1.6402191948145628
  landing: 0.3248714543879032
  view-data: 0.3609483949840069
