times:
  edit-metadata: 0.7406373545527458
  landing: 0.06541091576218605
  view-data: 0.2370834769681096
