times:
  edit-metadata: 0.8918775552883744
  landing: 0.07244138605892658
  view-data: 0.613049291074276
