times:
  edit-metadata: 0.7536820019595325
  landing: 0.055419184267520905
  view-data: 0.2501965700648725
