times:
  edit-metadata: 1.7416057232767344
  landing: 0.020738334394991398
  view-data: 0.10358310025185347
