times:
  edit-metadata: 1.4614740945398808
  landing: 0.1940973959863186
  view-data: 0.1513627152889967
