times:
  edit-metadata: 1.5586614133790135
  landing: 0.13124253693968058
  view-data: 0.43811641726642847
