times:
  edit-metadata: 2.066875733435154
  landing: 0.11907739751040936
  view-data: 0.02616104669868946
