times:
  edit-metadata: 0.7725064321421087
  landing: 0.05621700780466199
  view-data: 0.2647090768441558
