times:
  edit-metadata: 1.5231797061860561
  landing: 0.02616106905043125
  view-data: 0.02672259509563446
