times:
  edit-metadata: 1.471478145569563
  landing: 0.018141414038836956
  view-data: 0.024197109043598175
