times:
  edit-metadata: 0.7318367939442396
  landing: 0.050784237682819366
  view-data: 0.3555370541289449
