times:
  edit-metadata: 1.7046369314193726
  landing: 0.3157697692513466
  view-data: 0.12875578179955482
