times:
  edit-metadata: 1.5278835631906986
  landing: 0.146077711135149
  view-data: 0.023585120216012
