times:
  edit-metadata: 1.7705906108021736
  landing: 0.19844832550734282
  view-data: 0.027760092169046402
