times:
  edit-metadata: 1.5847711181268096
  landing: 0.15518636908382177
  view-data: 0.02709237951785326
