times:
  edit-metadata: 1.4611750533804297
  landing: 0.24180212523788214
  view-data: 0.02349052671343088
