times:
  edit-metadata: 1.4276703987270594
  landing: 0.022087156772613525
  view-data: 0.02295161783695221
