times:
  edit-metadata: 1.6968068154528737
  landing: 0.21826331410557032
  view-data: 0.12005866412073374
