times:
  edit-metadata: 1.5327551644295454
  landing: 0.11707000248134136
  view-data: 0.024152136407792568
