times:
  edit-metadata: 1.524923169054091
  landing: 0.022418581880629063
  view-data: 0.02547938283532858
