times:
  edit-metadata: 1.464815305545926
  landing: 0.14109340030699968
  view-data: 0.4776326846331358
