times:
  edit-metadata: 1.8081985749304295
  landing: 0.16212966106832027
  view-data: 0.527896810323
