times:
  edit-metadata: 1.8615696839988232
  landing: 0.11394760571420193
  view-data: 0.02470383048057556
