times:
  edit-metadata: 0.6776840509846807
  landing: 0.05939497612416744
  view-data: 0.23143150471150875
