times:
  edit-metadata: 1.4779794551432133
  landing: 0.019577767699956894
  view-data: 0.27378665283322334
