times:
  edit-metadata: 1.810081483796239
  landing: 0.24537442065775394
  view-data: 0.15457266755402088
