times:
  edit-metadata: 0.875025934074074
  landing: 0.12212337506935
  view-data: 0.25806223787367344
