times:
  edit-metadata: 0.7569365426898003
  landing: 0.06446829251945019
  view-data: 0.23186497204005718
