times:
  edit-metadata: 0.7222660202533007
  landing: 0.06485990900546312
  view-data: 0.24952865298837423
