times:
  edit-metadata: 1.462379476055503
  landing: 0.02415507845580578
  view-data: 0.3425080757588148
