times:
  edit-metadata: 0.7362178480252624
  landing: 0.06402393989264965
  view-data: 0.2295938841998577
