times:
  edit-metadata: 1.5218763425946236
  landing: 0.1318893749266863
  view-data: 0.3349836152046919
