times:
  edit-metadata: 1.4814727967604995
  landing: 0.020007280632853508
  view-data: 0.02657784614712
