times:
  edit-metadata: 0.787528604734689
  landing: 0.05490934615954757
  view-data: 0.25549279479309916
