times:
  edit-metadata: 1.5878075957298279
  landing: 0.15901602245867252
  view-data: 0.12391048017889261
