times:
  edit-metadata: 1.527867835946381
  landing: 0.020051629282534122
  view-data: 0.02458554320037365
