times:
  edit-metadata: 1.8311091242358088
  landing: 0.19031084794551134
  view-data: 0.023973658680915833
