times:
  edit-metadata: 1.7537338249385357
  landing: 0.019653202034533024
  view-data: 0.02480438817292452
