times:
  edit-metadata: 1.6485008969902992
  landing: 0.10777653194963932
  view-data: 0.1177271157503128
