times:
  edit-metadata: 1.7241178071126342
  landing: 0.17443640809506178
  view-data: 0.11607632040977478
