times:
  edit-metadata: 1.8130387794226408
  landing: 0.02662031538784504
  view-data: 0.1555831991136074
