times:
  edit-metadata: 1.519932946190238
  landing: 0.21872414648532867
  view-data: 0.0250288937240839
