times:
  edit-metadata: 1.9028169689700007
  landing: 0.017803631722927094
  view-data: 0.02454265858978033
