times:
  edit-metadata: 1.8818582640960813
  landing: 0.11720655299723148
  view-data: 0.025622575543820858
