times:
  edit-metadata: 1.0592853142879903
  landing: 0.14916075998917222
  view-data: 0.2294570100493729
