times:
  edit-metadata: 1.9324059206992388
  landing: 0.01998106110841036
  view-data: 0.5767060127109289
