times:
  edit-metadata: 1.868418556638062
  landing: 0.12658398505300283
  view-data: 0.11982791312038898
