times:
  edit-metadata: 1.5803812183439732
  landing: 0.12261433340609074
  view-data: 0.3635119590908289
