times:
  edit-metadata: 2.298381056636572
  landing: 0.31899591349065304
  view-data: 0.4550902731716633
