times:
  edit-metadata: 1.7176870480179787
  landing: 0.2050939667969942
  view-data: 0.027479978278279305
