times:
  edit-metadata: 1.5682311989367008
  landing: 0.12288956250995398
  view-data: 0.10469460114836693
