times:
  edit-metadata: 2.011900401674211
  landing: 0.21212475560605526
  view-data: 0.02432423736900091
