times:
  edit-metadata: 1.8508088095113635
  landing: 0.019658914767205715
  view-data: 0.02554671373218298
