times:
  edit-metadata: 1.3864652439951897
  landing: 0.028254743665456772
  view-data: 0.4332450134679675
