times:
  edit-metadata: 1.4385438409954077
  landing: 0.018462407009792514
  view-data: 0.024581502002547495
