times:
  edit-metadata: 1.4461176134645939
  landing: 0.21277289744466543
  view-data: 0.12461093161255121
