times:
  edit-metadata: 1.65186763741076
  landing: 0.05205253139138222
  view-data: 0.4607750903815031
