times:
  edit-metadata: 0.731943670194596
  landing: 0.0647635841742158
  view-data: 0.26291689090430737
