times:
  edit-metadata: 1.1330774780362844
  landing: 0.06962185725569725
  view-data: 0.24754499504342675
