times:
  edit-metadata: 1.5453959237784147
  landing: 0.14607370272278786
  view-data: 0.1383327003568411
