times:
  edit-metadata: 1.663850256241858
  landing: 0.12865749932825565
  view-data: 0.43505765683948994
