times:
  edit-metadata: 1.4856477761641145
  landing: 0.20664403773844242
  view-data: 0.17361115757375956
