times:
  edit-metadata: 2.080324037000537
  landing: 0.1261888537555933
  view-data: 0.025082183070480824
