times:
  edit-metadata: 1.4835646618157625
  landing: 0.13178629614412785
  view-data: 0.33082062378525734
