times:
  edit-metadata: 1.4498381484299898
  landing: 0.19662743341177702
  view-data: 0.4384968839585781
