times:
  edit-metadata: 0.7407152820378542
  landing: 0.047448866069316864
  view-data: 0.3434842089191079
