times:
  edit-metadata: 1.6022656504064798
  landing: 0.11504121031612158
  view-data: 0.04351799562573433
