times:
  edit-metadata: 2.1682215379551053
  landing: 0.16859466768801212
  view-data: 0.12008883152157068
