times:
  edit-metadata: 0.9418779690749943
  landing: 0.07077118428424001
  view-data: 0.39758723974227905
