times:
  edit-metadata: 1.473115743137896
  landing: 0.018332173116505146
  view-data: 0.022922547534108162
