times:
  edit-metadata: 1.5586307235062122
  landing: 0.12216611206531525
  view-data: 0.17781181260943413
