times:
  edit-metadata: 1.7849242817610502
  landing: 0.35235900059342384
  view-data: 0.3804422039538622
