times:
  edit-metadata: 1.4434944540262222
  landing: 0.0275082029402256
  view-data: 0.0274980291724205
