times:
  edit-metadata: 1.4435428883880377
  landing: 0.02234666608273983
  view-data: 0.02380400523543358
