times:
  edit-metadata: 1.8366611106321216
  landing: 0.18869449943304062
  view-data: 0.026027723215520382
