times:
  edit-metadata: 1.5900589060038328
  landing: 0.02309543266892433
  view-data: 0.34309023804962635
