times:
  edit-metadata: 1.4597526956349611
  landing: 0.020017189905047417
  view-data: 0.026802970096468925
