times:
  edit-metadata: 1.7410067562013865
  landing: 0.16941821947693825
  view-data: 0.4067367557436228
