times:
  edit-metadata: 1.58774181175977
  landing: 0.12091605085879564
  view-data: 0.12367146462202072
