times:
  edit-metadata: 0.7505117682740092
  landing: 0.06782458163797855
  view-data: 0.22953710984438658
