times:
  edit-metadata: 0.7144478308036923
  landing: 0.09298490080982447
  view-data: 0.353596149943769
