times:
  edit-metadata: 1.746360320597887
  landing: 0.13601072877645493
  view-data: 0.3973667286336422
