times:
  edit-metadata: 0.743098740465939
  landing: 0.06479122117161751
  view-data: 0.22840393986552954
