times:
  edit-metadata: 0.7515551708638668
  landing: 0.0518790278583765
  view-data: 0.2461293637752533
