times:
  edit-metadata: 1.5046876957640052
  landing: 0.019999700598418713
  view-data: 0.12234140746295452
