times:
  edit-metadata: 1.8524619648233056
  landing: 0.04792292509227991
  view-data: 0.45682318322360516
