times:
  edit-metadata: 1.6200321288779378
  landing: 0.20996259804815054
  view-data: 0.119694659486413
