times:
  edit-metadata: 0.697745650075376
  landing: 0.04767435975372791
  view-data: 0.23536473978310823
