times:
  edit-metadata: 0.7997590717859566
  landing: 0.1329695270396769
  view-data: 0.36953493719920516
