times:
  edit-metadata: 1.9683887511491776
  landing: 0.17220009677112103
  view-data: 0.47793985716998577
