times:
  edit-metadata: 1.6603579549118876
  landing: 0.2182271834462881
  view-data: 0.028483588248491287
