times:
  edit-metadata: 0.7165745394304395
  landing: 0.0676962872967124
  view-data: 0.22624521888792515
