times:
  edit-metadata: 1.589781889691949
  landing: 0.0569264218211174
  view-data: 0.5493181422352791
