times:
  edit-metadata: 1.6481347130611539
  landing: 0.17455824464559555
  view-data: 0.11706926487386227
