times:
  edit-metadata: 1.900690189562738
  landing: 0.025149776600301266
  view-data: 0.023042375221848488
