times:
  edit-metadata: 1.5054449802264571
  landing: 0.058619347400963306
  view-data: 0.023548752069473267
