times:
  edit-metadata: 1.8770186370238662
  landing: 0.02140464074909687
  view-data: 0.1201695716008544
