times:
  edit-metadata: 1.8026083521544933
  landing: 0.17333962954580784
  view-data: 0.40573774091899395
