times:
  edit-metadata: 1.468850577250123
  landing: 0.13909200578927994
  view-data: 0.02486090548336506
