times:
  edit-metadata: 1.6374647421762347
  landing: 0.12872694805264473
  view-data: 0.1989372968673706
