times:
  edit-metadata: 0.7331244861707091
  landing: 0.0662347786128521
  view-data: 0.3548464383929968
