times:
  edit-metadata: 2.2587262112647295
  landing: 0.21732577309012413
  view-data: 0.5208234023302794
