times:
  edit-metadata: 1.5112317437306046
  landing: 0.11406213976442814
  view-data: 0.13006335962563753
