times:
  edit-metadata: 1.4759712144732475
  landing: 0.13423795625567436
  view-data: 0.09922147542238235
