times:
  edit-metadata: 1.7281666789203882
  landing: 0.24833418056368828
  view-data: 0.1438212115317583
