times:
  edit-metadata: 0.7929475381970406
  landing: 0.05559470830485225
  view-data: 0.2306729364208877
