times:
  edit-metadata: 1.688964650966227
  landing: 0.020694009959697723
  view-data: 0.12481032405048609
