times:
  edit-metadata: 0.7825991809368134
  landing: 0.06863056775182486
  view-data: 0.23484725877642632
