times:
  edit-metadata: 0.7692686812952161
  landing: 0.05627262685447931
  view-data: 0.2369664111174643
