times:
  edit-metadata: 0.9092593831010163
  landing: 0.1653612027876079
  view-data: 0.3787552802823484
