times:
  edit-metadata: 1.812263835221529
  landing: 0.03390420041978359
  view-data: 0.4794795960187912
