times:
  edit-metadata: 1.4287957977503538
  landing: 0.12772160023450851
  view-data: 0.024167830124497414
