times:
  edit-metadata: 1.5932109588757157
  landing: 0.1372615685686469
  view-data: 0.4570602411404252
