times:
  edit-metadata: 1.8222472621127963
  landing: 0.14026948530226946
  view-data: 0.10196842532604933
