times:
  edit-metadata: 2.2012612596154213
  landing: 0.34666608832776546
  view-data: 0.4654145687818527
