times:
  edit-metadata: 1.446247160434723
  landing: 0.12747283652424812
  view-data: 0.025548867881298065
