times:
  edit-metadata: 1.086694945115596
  landing: 0.059334355872124434
  view-data: 0.271225493401289
