times:
  edit-metadata: 1.4385956386104226
  landing: 0.12815840356051922
  view-data: 0.11733434535562992
