times:
  edit-metadata: 0.7883248399011791
  landing: 0.060006686951965094
  view-data: 0.3695743018761277
