times:
  edit-metadata: 1.612419981509447
  landing: 0.021607015281915665
  view-data: 0.12963404320180416
