times:
  edit-metadata: 2.2142731491476297
  landing: 0.384025851264596
  view-data: 0.31759986840188503
