times:
  edit-metadata: 0.7669585272669792
  landing: 0.0668117068707943
  view-data: 0.46106623858213425
