times:
  edit-metadata: 1.7000654330477118
  landing: 0.23157744109630585
  view-data: 0.03084825910627842
