times:
  edit-metadata: 1.4752411227673292
  landing: 0.029307544231414795
  view-data: 0.11850754357874393
