times:
  edit-metadata: 0.6704298006370664
  landing: 0.07433178462088108
  view-data: 0.34188859164714813
