times:
  edit-metadata: 1.6645200811326504
  landing: 0.05969344079494476
  view-data: 0.17556137032806873
