times:
  edit-metadata: 1.1919997930526733
  landing: 0.14905641600489616
  view-data: 0.24674072582274675
