times:
  edit-metadata: 1.5935627855360508
  landing: 0.026937680318951607
  view-data: 0.12233749032020569
