times:
  edit-metadata: 1.4636623300611973
  landing: 0.11760695837438107
  view-data: 0.022794533520936966
