times:
  edit-metadata: 1.4945061393082142
  landing: 0.24162486009299755
  view-data: 0.023936595767736435
