times:
  edit-metadata: 1.8032143842428923
  landing: 0.16620792634785175
  view-data: 0.2928096875548363
