times:
  edit-metadata: 1.5351382959634066
  landing: 0.20234421826899052
  view-data: 0.11607395205646753
