times:
  edit-metadata: 1.8936440199613571
  landing: 0.13261020090430975
  view-data: 0.24921847600489855
