times:
  edit-metadata: 1.482816794887185
  landing: 0.14803441241383553
  view-data: 0.31977508682757616
