times:
  edit-metadata: 1.4772482756525278
  landing: 0.023966584354639053
  view-data: 0.3503161109983921
