times:
  edit-metadata: 1.5924795810133219
  landing: 0.11925944965332747
  view-data: 0.4729280350729823
