times:
  edit-metadata: 1.8892215229570866
  landing: 0.12404688075184822
  view-data: 0.02629944123327732
