times:
  edit-metadata: 1.5868699196726084
  landing: 0.24034730531275272
  view-data: 0.13521674647927284
