times:
  edit-metadata: 0.6986511601135135
  landing: 0.061915935948491096
  view-data: 0.2241484271362424
