times:
  edit-metadata: 0.7256584577262402
  landing: 0.06341847032308578
  view-data: 0.2251394046470523
