times:
  edit-metadata: 1.9988172594457865
  landing: 0.37176681496202946
  view-data: 0.411217637360096
