times:
  edit-metadata: 1.7309914603829384
  landing: 0.3946853969246149
  view-data: 0.5793760735541582
