times:
  edit-metadata: 0.7084489157423377
  landing: 0.06238628551363945
  view-data: 0.2421035673469305
