times:
  edit-metadata: 3.0239651408046484
  landing: 0.3391833230853081
  view-data: 0.0371905155479908
