times:
  edit-metadata: 1.6554791629314423
  landing: 0.14076446369290352
  view-data: 0.32972518913447857
