times:
  edit-metadata: 0.7330919876694679
  landing: 0.06272333394736052
  view-data: 0.35233736131340265
