times:
  edit-metadata: 1.9311737976968288
  landing: 0.021890919655561447
  view-data: 0.34921730123460293
