times:
  edit-metadata: 1.9530047914013267
  landing: 0.025342262350022793
  view-data: 0.02681478951126337
