times:
  edit-metadata: 0.8228762019425631
  landing: 0.06640881020575762
  view-data: 0.2254842184484005
