times:
  edit-metadata: 1.902123755775392
  landing: 0.199108031578362
  view-data: 0.11791368201375008
