times:
  edit-metadata: 1.5357968574389815
  landing: 0.18703243415802717
  view-data: 0.02257284801453352
