times:
  edit-metadata: 1.528321453370154
  landing: 0.1995614916086197
  view-data: 0.4119076505303383
