times:
  edit-metadata: 1.5071332566440105
  landing: 0.12368267774581909
  view-data: 0.3248181417584419
