times:
  edit-metadata: 1.490706362761557
  landing: 0.2924153311178088
  view-data: 0.4818005543202162
