times:
  edit-metadata: 1.5342163359746337
  landing: 0.20950324460864067
  view-data: 0.025518364273011684
