times:
  edit-metadata: 1.8820743300020695
  landing: 0.12978929188102484
  view-data: 0.024641488678753376
