times:
  edit-metadata: 1.767065298743546
  landing: 0.243924917653203
  view-data: 0.049870822578668594
