times:
  edit-metadata: 1.7275695223361254
  landing: 0.17270231619477272
  view-data: 0.1019276650622487
