times:
  edit-metadata: 1.4857512265443802
  landing: 0.14021943975239992
  view-data: 0.13790197391062975
