times:
  edit-metadata: 0.8474933551624417
  landing: 0.06366441817954183
  view-data: 0.26509159384295344
