times:
  edit-metadata: 1.4736188556998968
  landing: 0.02097875066101551
  view-data: 0.3235643208026886
