times:
  edit-metadata: 1.668173904530704
  landing: 0.11596566438674927
  view-data: 0.024942530319094658
