times:
  edit-metadata: 1.4747410025447607
  landing: 0.14238359220325947
  view-data: 0.02866341546177864
