times:
  edit-metadata: 1.4786882270127535
  landing: 0.2541898377239704
  view-data: 0.0968679878860712
