times:
  edit-metadata: 1.4638981856405735
  landing: 0.020140990614891052
  view-data: 0.02220609039068222
