times:
  edit-metadata: 1.5452327830716968
  landing: 0.18983914889395237
  view-data: 0.02811033744364977
