times:
  edit-metadata: 1.8683564085513353
  landing: 0.18466676957905293
  view-data: 0.17440833523869514
