times:
  edit-metadata: 1.5540523920208216
  landing: 0.01888181082904339
  view-data: 0.023872029036283493
