times:
  edit-metadata: 1.6663092412054539
  landing: 0.18928182497620583
  view-data: 0.024377422407269478
