times:
  edit-metadata: 1.7754884455353022
  landing: 0.2489431742578745
  view-data: 0.12839498184621334
