times:
  edit-metadata: 1.5339179448783398
  landing: 0.147834868170321
  view-data: 0.023640182800590992
