times:
  edit-metadata: 2.2995017673820257
  landing: 0.48379141464829445
  view-data: 0.33182540349662304
