times:
  edit-metadata: 0.7088736109435558
  landing: 0.0644213380292058
  view-data: 0.24453606642782688
