times:
  edit-metadata: 1.848842617124319
  landing: 0.3066128920763731
  view-data: 0.3536538127809763
