times:
  edit-metadata: 0.6894843308255076
  landing: 0.06315485760569572
  view-data: 0.24517958518117666
