times:
  edit-metadata: 1.5308771561831236
  landing: 0.24949650652706623
  view-data: 0.24861197359859943
