times:
  edit-metadata: 1.9538585469126701
  landing: 0.18336356803774834
  view-data: 0.4625720586627722
