times:
  edit-metadata: 2.5047326516360044
  landing: 0.40393812395632267
  view-data: 0.19103380665183067
