times:
  edit-metadata: 1.603579793125391
  landing: 0.24258887488394976
  view-data: 0.1258656233549118
