times:
  edit-metadata: 1.595504891127348
  landing: 0.11939983814954758
  view-data: 0.11569748912006617
