times:
  edit-metadata: 1.7352485787123442
  landing: 0.11916125565767288
  view-data: 0.3758865352720022
