times:
  edit-metadata: 1.667812223546207
  landing: 0.1266338862478733
  view-data: 0.12454834952950478
