times:
  edit-metadata: 0.7113900603726506
  landing: 0.056107208132743835
  view-data: 0.4667267221957445
