times:
  edit-metadata: 0.9657120797783136
  landing: 0.11930807260796428
  view-data: 0.39537132903933525
