times:
  edit-metadata: 0.7053350815549493
  landing: 0.05569035746157169
  view-data: 0.22354425955563784
