times:
  edit-metadata: 1.9576683267951012
  landing: 0.08777588605880737
  view-data: 0.477474020794034
