times:
  edit-metadata: 1.515105896629393
  landing: 0.20925171673297882
  view-data: 0.11767518147826195
