times:
  edit-metadata: 1.4949565306305885
  landing: 0.13319951109588146
  view-data: 0.023514727130532265
