times:
  edit-metadata: 3.365282114595175
  landing: 0.02621578425168991
  view-data: 0.05029580369591713
