times:
  edit-metadata: 1.5517928767949343
  landing: 0.1172336246818304
  view-data: 0.025129870511591434
