times:
  edit-metadata: 1.5355754159390926
  landing: 0.16620175167918205
  view-data: 0.1402672491967678
