times:
  edit-metadata: 1.5092249875888228
  landing: 0.2251798789948225
  view-data: 0.02444805484265089
