times:
  edit-metadata: 0.794067915994674
  landing: 0.12628283770754933
  view-data: 0.38124109199270606
