times:
  edit-metadata: 1.8709056992083788
  landing: 0.025672895833849907
  view-data: 0.6337730083614588
