times:
  edit-metadata: 1.8113190103322268
  landing: 0.16430945694446564
  view-data: 0.29133518412709236
