times:
  edit-metadata: 0.8061296050436795
  landing: 0.06487028999254107
  view-data: 0.2589021031744778
