times:
  edit-metadata: 0.8372905068099499
  landing: 0.1457140170969069
  view-data: 0.2421049978584051
