times:
  edit-metadata: 1.43164256028831
  landing: 0.026996640488505363
  view-data: 0.34714252315461636
