times:
  edit-metadata: 1.660384027287364
  landing: 0.12317685596644878
  view-data: 0.3136404324322939
