times:
  edit-metadata: 1.6768069444224238
  landing: 0.24666593968868256
  view-data: 0.28398325853049755
