times:
  edit-metadata: 1.678723000921309
  landing: 0.12125902250409126
  view-data: 0.02545223757624626
