times:
  edit-metadata: 1.5233454667031765
  landing: 0.12149297073483467
  view-data: 0.05509454943239689
