times:
  edit-metadata: 1.562555406242609
  landing: 0.0235622376203537
  view-data: 0.28599622286856174
