times:
  edit-metadata: 2.2873119860887527
  landing: 0.1757229808717966
  view-data: 0.1491724792867899
