times:
  edit-metadata: 1.6641207560896873
  landing: 0.18003020249307156
  view-data: 0.024646805599331856
