times:
  edit-metadata: 0.8248459291644394
  landing: 0.11384729575365782
  view-data: 0.293340761680156
