times:
  edit-metadata: 2.175170134752989
  landing: 0.35022384859621525
  view-data: 0.6101240739226341
