times:
  edit-metadata: 1.5611911546438932
  landing: 0.12143000401556492
  view-data: 0.3499155882745981
