times:
  edit-metadata: 1.7340006455779076
  landing: 0.22266672365367413
  view-data: 0.3009880483150482
