times:
  edit-metadata: 1.837280505336821
  landing: 0.11431827023625374
  view-data: 0.027564948424696922
