times:
  edit-metadata: 1.4298802092671394
  landing: 0.0207112655043602
  view-data: 0.028392063453793526
