times:
  edit-metadata: 1.7234221156686544
  landing: 0.29822735860943794
  view-data: 0.396659592166543
