times:
  edit-metadata: 1.5643844716250896
  landing: 0.1238827621564269
  view-data: 0.44300376903265715
