times:
  edit-metadata: 1.8890218455344439
  landing: 0.19228307623416185
  view-data: 0.02309169340878725
