times:
  edit-metadata: 0.7624274487607181
  landing: 0.08332502795383334
  view-data: 0.24084156705066562
