times:
  edit-metadata: 0.7471783729270101
  landing: 0.07040030974894762
  view-data: 0.36458304058760405
