times:
  edit-metadata: 1.5631819078698754
  landing: 0.2158734044060111
  view-data: 0.12564572226256132
