times:
  edit-metadata: 0.7763121295720339
  landing: 0.05525895580649376
  view-data: 0.7117155930027366
