times:
  edit-metadata: 1.5993978884071112
  landing: 0.23341591283679008
  view-data: 0.02635640650987625
