times:
  edit-metadata: 1.5243250951170921
  landing: 0.10973284486681223
  view-data: 0.02614420186728239
