times:
  edit-metadata: 1.5767828803509474
  landing: 0.018760882318019867
  view-data: 0.02644367888569832
