times:
  edit-metadata: 1.7845687307417393
  landing: 0.14665208756923676
  view-data: 0.025383559986948967
