times:
  edit-metadata: 1.6706880312412977
  landing: 0.022434385493397713
  view-data: 0.03060141671448946
