times:
  edit-metadata: 0.7405884675681591
  landing: 0.06334137823432684
  view-data: 0.35871728230267763
