times:
  edit-metadata: 1.5313187260180712
  landing: 0.2096290159970522
  view-data: 0.24855797924101353
