times:
  edit-metadata: 1.7445684894919395
  landing: 0.17182007431983948
  view-data: 0.41138376854360104
