times:
  edit-metadata: 1.5129302218556404
  landing: 0.19885021448135376
  view-data: 0.32834955118596554
