times:
  edit-metadata: 1.8182777184993029
  landing: 0.20893234759569168
  view-data: 0.27591733634471893
