times:
  edit-metadata: 1.6690939906984568
  landing: 0.16018418967723846
  view-data: 0.36523928865790367
