times:
  edit-metadata: 1.4569596834480762
  landing: 0.1366590391844511
  view-data: 0.26218428649008274
