times:
  edit-metadata: 1.4441889650188386
  landing: 0.072519619949162
  view-data: 0.3655181806534529
