times:
  edit-metadata: 1.5078470464795828
  landing: 0.022709999233484268
  view-data: 0.4579911381006241
