times:
  edit-metadata: 1.8748579286038876
  landing: 0.11938340589404106
  view-data: 0.1632422637194395
