times:
  edit-metadata: 1.385659514926374
  landing: 0.17701458279043436
  view-data: 0.12976401019841433
