times:
  edit-metadata: 0.7119752885773778
  landing: 0.06293037068098783
  view-data: 0.3570621386170387
