times:
  edit-metadata: 0.8563136118464172
  landing: 0.07055004360154271
  view-data: 0.25758718326687813
