times:
  edit-metadata: 0.7175641525536776
  landing: 0.0630274573341012
  view-data: 0.2231598850339651
