times:
  edit-metadata: 2.10453768260777
  landing: 0.20372802019119263
  view-data: 0.5521999225020409
