times:
  edit-metadata: 0.7378755230456591
  landing: 0.06703435024246573
  view-data: 0.3608003119006753
