times:
  edit-metadata: 0.6733127180486917
  landing: 0.06141318380832672
  view-data: 0.22036855295300484
