times:
  edit-metadata: 1.5120219122618437
  landing: 0.1447149720042944
  view-data: 0.10469663143157959
