times:
  edit-metadata: 1.634597976692021
  landing: 0.1333761727437377
  view-data: 0.023599245585501194
