times:
  edit-metadata: 1.472930759191513
  landing: 0.1421598605811596
  view-data: 0.2672636806964874
