times:
  edit-metadata: 1.8442724533379078
  landing: 0.13347170129418373
  view-data: 0.045886386185884476
