times:
  edit-metadata: 1.4468525238335133
  landing: 0.12171834893524647
  view-data: 0.13017078209668398
