times:
  edit-metadata: 1.5137953292578459
  landing: 0.019558290019631386
  view-data: 0.2361587965860963
