times:
  edit-metadata: 1.4799575470387936
  landing: 0.2486034892499447
  view-data: 0.02564944513142109
