times:
  edit-metadata: 1.6200612913817167
  landing: 0.19153494480997324
  view-data: 0.11541158054023981
