times:
  edit-metadata: 1.5278092557564378
  landing: 0.131353166885674
  view-data: 0.025266427546739578
