times:
  edit-metadata: 1.5143006574362516
  landing: 0.1974753588438034
  view-data: 0.33846578001976013
