times:
  edit-metadata: 1.604156481102109
  landing: 0.12752960063517094
  view-data: 0.02523066569119692
