times:
  edit-metadata: 1.5470502162352204
  landing: 0.019648226909339428
  view-data: 0.02251390926539898
