times:
  edit-metadata: 0.7410621279850602
  landing: 0.05755107617005706
  view-data: 0.2513693212531507
