times:
  edit-metadata: 1.878451043739915
  landing: 0.12182894442230463
  view-data: 0.4166342383250594
