times:
  edit-metadata: 1.8560767658054829
  landing: 0.14373607467859983
  view-data: 0.024036690592765808
