times:
  edit-metadata: 1.5553268622606993
  landing: 0.11493157595396042
  view-data: 0.3251579497009516
