times:
  edit-metadata: 1.5163948088884354
  landing: 0.02201511710882187
  view-data: 0.3323541134595871
