times:
  edit-metadata: 1.8679715730249882
  landing: 0.16212162375450134
  view-data: 0.4157964251935482
