times:
  edit-metadata: 1.573465060442686
  landing: 0.19415410980582237
  view-data: 0.023141651414334774
