times:
  edit-metadata: 1.5806554555892944
  landing: 0.1282677073031664
  view-data: 0.024635400623083115
