times:
  edit-metadata: 1.5261987950652838
  landing: 0.19709133356809616
  view-data: 0.02363317832350731
