times:
  edit-metadata: 1.49051427654922
  landing: 0.13943374436348677
  view-data: 0.39811820909380913
