times:
  edit-metadata: 1.5678627965971828
  landing: 0.23026494774967432
  view-data: 0.026607608422636986
