times:
  edit-metadata: 1.4397755078971386
  landing: 0.12706962041556835
  view-data: 0.024989202618598938
