times:
  edit-metadata: 1.4994723098352551
  landing: 0.23829649481922388
  view-data: 0.024815733544528484
