times:
  edit-metadata: 1.4698434621095657
  landing: 0.02663085237145424
  view-data: 0.31706137023866177
