times:
  edit-metadata: 0.7869370821863413
  landing: 0.12064503692090511
  view-data: 0.24417045805603266
