times:
  edit-metadata: 1.7920560939237475
  landing: 0.21993400994688272
  view-data: 0.1283961646258831
