times:
  edit-metadata: 1.908796962350607
  landing: 0.04690118134021759
  view-data: 0.02261246182024479
