times:
  edit-metadata: 1.8926385156810284
  landing: 0.12697342596948147
  view-data: 0.27767951413989067
