times:
  edit-metadata: 1.6571877440437675
  landing: 0.23916667979210615
  view-data: 0.02248528692871332
