times:
  edit-metadata: 1.4511376544833183
  landing: 0.1586024183779955
  view-data: 0.31461719051003456
