times:
  edit-metadata: 1.3750848481431603
  landing: 0.03248257841914892
  view-data: 0.3411834388971329
