times:
  edit-metadata: 1.5220010224729776
  landing: 0.19500602968037128
  view-data: 0.10006209183484316
