times:
  edit-metadata: 1.5273288860917091
  landing: 0.13272239733487368
  view-data: 0.13305147178471088
