times:
  edit-metadata: 0.7348775682039559
  landing: 0.0537123829126358
  view-data: 0.23758152779191732
