times:
  edit-metadata: 1.8236320707947016
  landing: 0.022865960374474525
  view-data: 0.3153922837227583
