times:
  edit-metadata: 0.8181413020938635
  landing: 0.06427489267662168
  view-data: 0.4122543288394809
