times:
  edit-metadata: 1.5034216484054923
  landing: 0.02560286968946457
  view-data: 0.11902895476669073
