times:
  edit-metadata: 1.0681013213470578
  landing: 0.06599226593971252
  view-data: 0.29380947118625045
