times:
  edit-metadata: 1.9231461808085442
  landing: 0.15231028012931347
  view-data: 0.2572839632630348
