times:
  edit-metadata: 1.574375355616212
  landing: 0.12983684800565243
  view-data: 0.2234557643532753
