times:
  edit-metadata: 1.5820284336805344
  landing: 0.24440398812294006
  view-data: 0.3900743927806616
