times:
  edit-metadata: 2.150477783754468
  landing: 0.37282777577638626
  view-data: 0.5101535301655531
