times:
  edit-metadata: 1.516539603471756
  landing: 0.024844806641340256
  view-data: 0.024549739435315132
