times:
  edit-metadata: 2.3020618055015802
  landing: 0.048876404762268066
  view-data: 0.053294758312404156
