times:
  edit-metadata: 1.3832680564373732
  landing: 0.01760442554950714
  view-data: 0.024075813591480255
