times:
  edit-metadata: 0.7234205715358257
  landing: 0.05961592961102724
  view-data: 0.21939549501985312
