times:
  edit-metadata: 1.5550054125487804
  landing: 0.14779616799205542
  view-data: 0.1195081053301692
