times:
  edit-metadata: 1.6193945994600654
  landing: 0.2403329648077488
  view-data: 0.11881117895245552
