times:
  edit-metadata: 1.6554122548550367
  landing: 0.021570625714957714
  view-data: 0.11641942244023085
