times:
  edit-metadata: 1.969988590106368
  landing: 0.022954747080802917
  view-data: 0.023052576929330826
