times:
  edit-metadata: 2.0376169811934233
  landing: 0.024309661239385605
  view-data: 0.023398863151669502
