times:
  edit-metadata: 2.3217630721628666
  landing: 0.15745066851377487
  view-data: 0.14698885940015316
