times:
  edit-metadata: 1.1806596480309963
  landing: 0.05031005619093776
  view-data: 0.23438812280073762
