times:
  edit-metadata: 2.1357069201767445
  landing: 0.1463379506021738
  view-data: 0.28027172572910786
