times:
  edit-metadata: 2.186404552310705
  landing: 0.020983779802918434
  view-data: 0.1396470032632351
