times:
  edit-metadata: 2.0429243808612227
  landing: 0.11396865639835596
  view-data: 0.023930495604872704
