times:
  edit-metadata: 2.591927643865347
  landing: 0.1486775204539299
  view-data: 0.35013843327760696
