times:
  edit-metadata: 2.149791682139039
  landing: 0.202232263982296
  view-data: 0.13812159933149815
