times:
  edit-metadata: 1.868819517083466
  landing: 0.12354871816933155
  view-data: 0.024246707558631897
