times:
  edit-metadata: 1.3633952541276813
  landing: 0.04983903840184212
  view-data: 0.3480440308339894
