times:
  edit-metadata: 2.532633688300848
  landing: 0.15621771104633808
  view-data: 0.13665291108191013
