times:
  edit-metadata: 1.0604362059384584
  landing: 0.05265523912385106
  view-data: 0.23439807537943125
