times:
  edit-metadata: 2.0439063906669617
  landing: 0.02241344004869461
  view-data: 0.3306156285107136
