times:
  edit-metadata: 2.059516329318285
  landing: 0.19146426394581795
  view-data: 0.02378496713936329
