times:
  edit-metadata: 2.3340305723249912
  landing: 0.06008508615195751
  view-data: 0.03337845392525196
