times:
  edit-metadata: 2.4325441885739565
  landing: 0.14376330189406872
  view-data: 0.02232731133699417
