times:
  edit-metadata: 1.9935049004852772
  landing: 0.02209572307765484
  view-data: 0.2780453823506832
