times:
  edit-metadata: 2.5441907504573464
  landing: 0.24039231799542904
  view-data: 0.4477365706115961
