times:
  edit-metadata: 2.0532131381332874
  landing: 0.02323928475379944
  view-data: 0.38336785323917866
