times:
  edit-metadata: 1.924586028791964
  landing: 0.020590496249496937
  view-data: 0.024589013308286667
