times:
  edit-metadata: 2.1851980723440647
  landing: 0.019838586449623108
  view-data: 0.027398308739066124
