times:
  edit-metadata: 2.0797068029642105
  landing: 0.13054783642292023
  view-data: 0.02547326497733593
