times:
  edit-metadata: 1.9137559225782752
  landing: 0.1142874788492918
  view-data: 0.39757999684661627
