times:
  edit-metadata: 2.6427021231502295
  landing: 0.2755574267357588
  view-data: 0.22172539308667183
