times:
  edit-metadata: 1.0412993961945176
  landing: 0.04533373797312379
  view-data: 0.2561131310649216
