times:
  edit-metadata: 1.9884279072284698
  landing: 0.020245837047696114
  view-data: 0.022878464311361313
