times:
  edit-metadata: 2.044024033471942
  landing: 0.02407037280499935
  view-data: 0.1205966379493475
