times:
  edit-metadata: 1.1319011677987874
  landing: 0.04167963471263647
  view-data: 0.2440296788699925
