times:
  edit-metadata: 1.0500120781362057
  landing: 0.04406672529876232
  view-data: 0.2424118467606604
