times:
  edit-metadata: 2.3279400188475847
  landing: 0.14448844082653522
  view-data: 0.02447538636624813
