times:
  edit-metadata: 2.0561264771968126
  landing: 0.1259596198797226
  view-data: 0.3117570113390684
