times:
  edit-metadata: 1.895244755782187
  landing: 0.13432412967085838
  view-data: 0.13260500878095627
