times:
  edit-metadata: 1.208606343716383
  landing: 0.054111134726554155
  view-data: 0.26342087890952826
