times:
  edit-metadata: 2.0313761308789253
  landing: 0.02351251430809498
  view-data: 0.13023078255355358
