times:
  edit-metadata: 1.9916486386209726
  landing: 0.22660335712134838
  view-data: 0.10690240189433098
