times:
  edit-metadata: 2.11991732660681
  landing: 0.13435953576117754
  view-data: 0.3647541170939803
