times:
  edit-metadata: 2.152141934260726
  landing: 0.22635970264673233
  view-data: 0.38648091442883015
