times:
  edit-metadata: 2.6059715691953897
  landing: 0.2412097081542015
  view-data: 0.4327072184532881
