times:
  edit-metadata: 1.9540909826755524
  landing: 0.021598889492452145
  view-data: 0.11445656977593899
