times:
  edit-metadata: 2.119281170889735
  landing: 0.250141654163599
  view-data: 0.02509857341647148
