times:
  edit-metadata: 2.004986157640815
  landing: 0.020898472517728806
  view-data: 0.027313074097037315
