times:
  edit-metadata: 2.1995888259261847
  landing: 0.019442500546574593
  view-data: 0.03047320805490017
