times:
  edit-metadata: 2.179432274773717
  landing: 0.02172888070344925
  view-data: 0.3218352757394314
