times:
  edit-metadata: 2.093511358834803
  landing: 0.27539557684212923
  view-data: 0.45040527172386646
