times:
  edit-metadata: 1.93235157802701
  landing: 0.13582849595695734
  view-data: 0.026475229300558567
