times:
  edit-metadata: 2.255763366818428
  landing: 0.02330568991601467
  view-data: 0.300135238096118
