times:
  edit-metadata: 2.4077579863369465
  landing: 0.02224835939705372
  view-data: 0.16903447918593884
