times:
  edit-metadata: 1.1493102069944143
  landing: 0.04166186600923538
  view-data: 0.2494916175492108
