times:
  edit-metadata: 2.254908347502351
  landing: 0.14428518898785114
  view-data: 0.28070406056940556
