times:
  edit-metadata: 2.385764880105853
  landing: 0.3371917326003313
  view-data: 0.26263542100787163
