times:
  edit-metadata: 1.9593155309557915
  landing: 0.02166091278195381
  view-data: 0.024281161837279797
