times:
  edit-metadata: 2.53861759416759
  landing: 0.021050069481134415
  view-data: 0.14080891944468021
