times:
  edit-metadata: 2.007168270647526
  landing: 0.018710199743509293
  view-data: 0.02609703689813614
