times:
  edit-metadata: 2.121810322627425
  landing: 0.02378189191222191
  view-data: 0.0270505603402853
