times:
  edit-metadata: 1.2767125549726188
  landing: 0.11631714180111885
  view-data: 0.31157702300697565
