times:
  edit-metadata: 2.1220647785812616
  landing: 0.019563212990760803
  view-data: 0.024484287947416306
