times:
  edit-metadata: 1.2374837761744857
  landing: 0.0606062519364059
  view-data: 0.3232818660326302
