times:
  edit-metadata: 1.9287216253578663
  landing: 0.021225515753030777
  view-data: 0.02441649790853262
