times:
  edit-metadata: 2.031721932813525
  landing: 0.022087443619966507
  view-data: 0.3209080882370472
