times:
  edit-metadata: 2.1716071907430887
  landing: 0.021529797464609146
  view-data: 0.29820035211741924
