times:
  edit-metadata: 1.0229258863255382
  landing: 0.04630566481500864
  view-data: 0.23247601883485913
