times:
  edit-metadata: 1.402142396196723
  landing: 0.07277694577351213
  view-data: 0.2354926960542798
