times:
  edit-metadata: 1.8677414087578654
  landing: 0.17300501745194197
  view-data: 0.026208434253931046
