times:
  edit-metadata: 1.0260102492757142
  landing: 0.050738003104925156
  view-data: 0.27498727198690176
