times:
  edit-metadata: 2.004096906632185
  landing: 0.11945098824799061
  view-data: 0.2828461080789566
