times:
  edit-metadata: 2.0169367995113134
  landing: 0.02613857015967369
  view-data: 0.024476250633597374
