times:
  edit-metadata: 2.23410814255476
  landing: 0.3223668038845062
  view-data: 0.5600834283977747
