times:
  edit-metadata: 2.015173716470599
  landing: 0.018708284944295883
  view-data: 0.03231318108737469
