times:
  edit-metadata: 1.978805311024189
  landing: 0.15086280554533005
  view-data: 0.028930457308888435
