times:
  edit-metadata: 1.9786757118999958
  landing: 0.019523346796631813
  view-data: 0.023740028962492943
