times:
  edit-metadata: 1.9740500198677182
  landing: 0.018429908901453018
  view-data: 0.025807437486946583
