times:
  edit-metadata: 2.4265014566481113
  landing: 0.02007550187408924
  view-data: 0.41545554995536804
