times:
  edit-metadata: 2.0796071719378233
  landing: 0.01944914646446705
  view-data: 0.023964429274201393
