times:
  edit-metadata: 2.881186095997691
  landing: 0.4033670872449875
  view-data: 0.03430658020079136
