times:
  edit-metadata: 1.9618707746267319
  landing: 0.02189674973487854
  view-data: 0.02836494706571102
