times:
  edit-metadata: 2.5851913169026375
  landing: 0.042759787291288376
  view-data: 0.045331668108701706
