times:
  edit-metadata: 2.1663098745048046
  landing: 0.39599029906094074
  view-data: 0.39241105876863003
