times:
  edit-metadata: 2.2595100030303
  landing: 0.33478160575032234
  view-data: 0.33993078395724297
