times:
  edit-metadata: 1.94178818911314
  landing: 0.0193055160343647
  view-data: 0.47187209501862526
