times:
  edit-metadata: 2.3142472356557846
  landing: 0.2926313541829586
  view-data: 0.02564523182809353
