times:
  edit-metadata: 1.2203891146928072
  landing: 0.06338450126349926
  view-data: 0.2766788969747722
