times:
  edit-metadata: 2.4715816508978605
  landing: 0.3395421467721462
  view-data: 0.33650507032871246
