times:
  edit-metadata: 2.0712201185524464
  landing: 0.019634012132883072
  view-data: 0.13435286656022072
