times:
  edit-metadata: 2.3258368000388145
  landing: 0.2975346986204386
  view-data: 0.3840240202844143
