times:
  edit-metadata: 2.041220724582672
  landing: 0.02041645534336567
  view-data: 0.02623729035258293
