times:
  edit-metadata: 2.4092797581106424
  landing: 0.2368338219821453
  view-data: 0.18038127943873405
