times:
  edit-metadata: 1.8972328510135412
  landing: 0.02268310636281967
  view-data: 0.026217402890324593
