times:
  edit-metadata: 1.2392385178245604
  landing: 0.046450833324342966
  view-data: 0.3473391691222787
