times:
  edit-metadata: 2.0840229466557503
  landing: 0.14021765813231468
  view-data: 0.026198118925094604
