times:
  edit-metadata: 2.458647198975086
  landing: 0.09633610025048256
  view-data: 0.14431524835526943
