times:
  edit-metadata: 1.9528114721179008
  landing: 0.21929660253226757
  view-data: 0.12700563855469227
