times:
  edit-metadata: 1.0311019979417324
  landing: 0.0422418019734323
  view-data: 0.23817871883511543
