times:
  edit-metadata: 2.088409600779414
  landing: 0.021108662709593773
  view-data: 0.29251118935644627
