times:
  edit-metadata: 1.9044985696673393
  landing: 0.14124764036387205
  view-data: 0.4580948892980814
