times:
  edit-metadata: 2.330918438732624
  landing: 0.02556198462843895
  view-data: 0.026570571586489677
