times:
  edit-metadata: 1.2883441126905382
  landing: 0.07272503571584821
  view-data: 0.3493198691867292
