times:
  edit-metadata: 1.9727685265243053
  landing: 0.020545190200209618
  view-data: 0.14257215149700642
