times:
  edit-metadata: 2.078401335515082
  landing: 0.1725629037246108
  view-data: 0.0257613193243742
