times:
  edit-metadata: 2.02414358779788
  landing: 0.018605094403028488
  view-data: 0.027538927271962166
