times:
  edit-metadata: 2.0328252743929625
  landing: 0.16320061311125755
  view-data: 0.12584401667118073
