times:
  edit-metadata: 2.025249732658267
  landing: 0.020782411098480225
  view-data: 0.02801939658820629
