times:
  edit-metadata: 2.1209672689437866
  landing: 0.023584837093949318
  view-data: 0.3543216157704592
