times:
  edit-metadata: 2.11746771261096
  landing: 0.12971602473407984
  view-data: 0.20228263270109892
