times:
  edit-metadata: 2.0252231750637293
  landing: 0.020622266456484795
  view-data: 0.025543613359332085
