times:
  edit-metadata: 2.8299923446029425
  landing: 0.02316664531826973
  view-data: 0.025856157764792442
