times:
  edit-metadata: 1.0686891549266875
  landing: 0.04633673606440425
  view-data: 0.27523138793185353
