times:
  edit-metadata: 2.1115804873406887
  landing: 0.02046876773238182
  view-data: 0.026063747704029083
