times:
  edit-metadata: 2.6535259764641523
  landing: 0.30904880352318287
  view-data: 0.36036715656518936
