times:
  edit-metadata: 2.0206087669357657
  landing: 0.14999600127339363
  view-data: 0.4172219801694155
