times:
  edit-metadata: 2.0224568992853165
  landing: 0.25618490763008595
  view-data: 0.4404281098395586
