times:
  edit-metadata: 2.0763650815933943
  landing: 0.020351340994238853
  view-data: 0.028905604034662247
