times:
  edit-metadata: 2.276228357106447
  landing: 0.25523396395146847
  view-data: 0.026823358610272408
