times:
  edit-metadata: 2.367135042324662
  landing: 0.19179767929017544
  view-data: 0.12165976129472256
