times:
  edit-metadata: 1.9008630709722638
  landing: 0.18197717238217592
  view-data: 0.4048120090737939
