times:
  edit-metadata: 2.4487221855670214
  landing: 0.23860454559326172
  view-data: 0.34318526834249496
