times:
  edit-metadata: 1.2105509540997446
  landing: 0.045184200163930655
  view-data: 0.29584985692054033
