times:
  edit-metadata: 2.065860463306308
  landing: 0.022968972101807594
  view-data: 0.12296310253441334
