times:
  edit-metadata: 2.0385785680264235
  landing: 0.02205083891749382
  view-data: 0.3073180429637432
