times:
  edit-metadata: 2.405452309176326
  landing: 0.2568696290254593
  view-data: 0.055060284212231636
