times:
  edit-metadata: 2.1260888818651438
  landing: 0.1345830988138914
  view-data: 0.14745290204882622
