times:
  edit-metadata: 2.0292444117367268
  landing: 0.020328374579548836
  view-data: 0.027444317936897278
