times:
  edit-metadata: 2.039890754967928
  landing: 0.13657737895846367
  view-data: 0.12353760562837124
