times:
  edit-metadata: 2.695449670776725
  landing: 0.2524818032979965
  view-data: 0.16040849685668945
