times:
  edit-metadata: 2.3082919362932444
  landing: 0.13748526200652122
  view-data: 0.37605910934507847
