times:
  edit-metadata: 1.2278826599940658
  landing: 0.07070499286055565
  view-data: 0.31341065280139446
