times:
  edit-metadata: 2.077726412564516
  landing: 0.02521130722016096
  view-data: 0.025593522004783154
