times:
  edit-metadata: 1.3501644833013415
  landing: 0.10664934478700161
  view-data: 0.2541734897531569
