times:
  edit-metadata: 2.0262127742171288
  landing: 0.13601341471076012
  view-data: 0.02310815453529358
