times:
  edit-metadata: 2.4239349961280823
  landing: 0.2794936690479517
  view-data: 0.38735460117459297
