times:
  edit-metadata: 2.1594087444245815
  landing: 0.13452039286494255
  view-data: 0.023764582350850105
