times:
  edit-metadata: 2.2730424404144287
  landing: 0.31050263345241547
  view-data: 0.3341533001512289
