times:
  edit-metadata: 2.199233552441001
  landing: 0.12668602168560028
  view-data: 0.12836037762463093
