times:
  edit-metadata: 1.8925177548080683
  landing: 0.021500125527381897
  view-data: 0.4705567639321089
