times:
  edit-metadata: 1.9739432483911514
  landing: 0.1373797543346882
  view-data: 0.026633381843566895
