times:
  edit-metadata: 1.9359575267881155
  landing: 0.11562198400497437
  view-data: 0.38836613949388266
