times:
  edit-metadata: 2.311640737578273
  landing: 0.15046938322484493
  view-data: 0.32350599579513073
