times:
  edit-metadata: 2.288668178021908
  landing: 0.2639521062374115
  view-data: 0.2824852988123894
