times:
  edit-metadata: 1.981082707643509
  landing: 0.13795287162065506
  view-data: 0.3630561362951994
