times:
  edit-metadata: 2.7258292008191347
  landing: 0.381488723680377
  view-data: 0.30345884151756763
