times:
  edit-metadata: 2.6959756426513195
  landing: 0.06247851997613907
  view-data: 0.030708499252796173
