times:
  edit-metadata: 2.4462393913418055
  landing: 0.13517986051738262
  view-data: 0.35909891687333584
