times:
  edit-metadata: 2.3464020788669586
  landing: 0.023532692342996597
  view-data: 0.3011221643537283
