times:
  edit-metadata: 2.023528166115284
  landing: 0.12035743333399296
  view-data: 0.024286866188049316
