times:
  edit-metadata: 1.2755710920318961
  landing: 0.047212451696395874
  view-data: 0.24745934223756194
