times:
  edit-metadata: 2.101576207205653
  landing: 0.11828039959073067
  view-data: 0.31455485336482525
