times:
  edit-metadata: 2.058087982237339
  landing: 0.17753282189369202
  view-data: 0.42050930857658386
