times:
  edit-metadata: 1.3728492949157953
  landing: 0.07704532984644175
  view-data: 0.23476813081651926
