times:
  edit-metadata: 1.2397399530746043
  landing: 0.03831346705555916
  view-data: 0.24571117525920272
