times:
  edit-metadata: 2.0617215801030397
  landing: 0.020438695326447487
  view-data: 0.027233099564909935
