times:
  edit-metadata: 2.5087756644934416
  landing: 0.26907153613865376
  view-data: 0.34733955189585686
