times:
  edit-metadata: 2.0403945855796337
  landing: 0.24685429967939854
  view-data: 0.02390783280134201
