times:
  edit-metadata: 1.2747469912283123
  landing: 0.04450518311932683
  view-data: 0.24156640516594052
