times:
  edit-metadata: 2.307864984497428
  landing: 0.10097506456077099
  view-data: 0.15964407660067081
