times:
  edit-metadata: 2.0053153075277805
  landing: 0.01950600929558277
  view-data: 0.27899843268096447
