times:
  edit-metadata: 2.1465332377701998
  landing: 0.02481858804821968
  view-data: 0.0262483898550272
