times:
  edit-metadata: 1.9690187564119697
  landing: 0.17325240839272738
  view-data: 0.3311194712296128
