times:
  edit-metadata: 2.025673922151327
  landing: 0.01966097764670849
  view-data: 0.023582348600029945
