times:
  edit-metadata: 2.0385804092511535
  landing: 0.10698848590254784
  view-data: 0.41769035439938307
