times:
  edit-metadata: 2.139758177101612
  landing: 0.2412121258676052
  view-data: 0.12389977090060711
