times:
  edit-metadata: 1.2911794842220843
  landing: 0.05008271895349026
  view-data: 0.232398830819875
