times:
  edit-metadata: 2.2486459501087666
  landing: 0.11823372170329094
  view-data: 0.3156266584992409
