times:
  edit-metadata: 2.5659294575452805
  landing: 0.14312140457332134
  view-data: 0.3485030997544527
