times:
  edit-metadata: 1.289926864206791
  landing: 0.045951128005981445
  view-data: 0.26440989319235086
