times:
  edit-metadata: 2.0051408875733614
  landing: 0.021167559549212456
  view-data: 0.026437729597091675
