times:
  edit-metadata: 2.7240062467753887
  landing: 0.16968690045177937
  view-data: 0.3782086241990328
