times:
  edit-metadata: 3.3136406149715185
  landing: 0.5137494951486588
  view-data: 0.03217078931629658
