times:
  edit-metadata: 2.3813218381255865
  landing: 0.0480131134390831
  view-data: 0.4475957751274109
