times:
  edit-metadata: 0.5257316478528082
  landing: 0.06561254803091288
  view-data: 0.2158677070401609
