times:
  edit-metadata: 0.5204909057356417
  landing: 0.15534901805222034
  view-data: 0.31337223621085286
