times:
  edit-metadata: 3.2758504239900503
  landing: 0.36669836498913355
  view-data: 0.6024618099909276
