times:
  edit-metadata: 0.5406452561728656
  landing: 0.12673675501719117
  view-data: 0.27308026188984513
