times:
  edit-metadata: 1.608394730836153
  landing: 0.18474714271724224
  view-data: 0.3960774578154087
