times:
  edit-metadata: 0.5308631667867303
  landing: 0.05433191126212478
  view-data: 0.2089383788406849
