times:
  edit-metadata: 0.5155678121373057
  landing: 0.1377719407901168
  view-data: 0.2029085010290146
