times:
  edit-metadata: 0.548087005969137
  landing: 0.07994214305654168
  view-data: 0.3018671409226954
