times:
  edit-metadata: 0.5294971498660743
  landing: 0.0628947401419282
  view-data: 0.22902164421975613
