times:
  edit-metadata: 0.5415307269431651
  landing: 0.04925789311528206
  view-data: 0.2087577423080802
