times:
  edit-metadata: 1.5626526046544313
  landing: 0.21891299076378345
  view-data: 0.3545962776988745
