times:
  edit-metadata: 0.5962413395754993
  landing: 0.055499617010354996
  view-data: 0.2038164809346199
