times:
  edit-metadata: 0.5437884307466447
  landing: 0.04463208606466651
  view-data: 0.2039800100028515
