times:
  edit-metadata: 0.7242912477813661
  landing: 0.08398170489817858
  view-data: 0.20269665913656354
