times:
  edit-metadata: 0.5741609199903905
  landing: 0.11498653003945947
  view-data: 0.2210497478954494
