times:
  edit-metadata: 0.601759968791157
  landing: 0.14778219209983945
  view-data: 0.22495747217908502
