times:
  edit-metadata: 0.8667119448073208
  landing: 0.0858903806656599
  view-data: 0.2745892871171236
