times:
  edit-metadata: 0.5399056621827185
  landing: 0.050388176925480366
  view-data: 0.20916863391175866
