times:
  edit-metadata: 1.5927140284329653
  landing: 0.027332497760653496
  view-data: 0.024230346083641052
