times:
  edit-metadata: 0.5284930099733174
  landing: 0.05616280483081937
  view-data: 0.2180124931037426
