times:
  edit-metadata: 0.5298392120748758
  landing: 0.1095762038603425
  view-data: 0.22482612309977412
