times:
  edit-metadata: 0.6040394622832537
  landing: 0.08910906268283725
  view-data: 0.20599153311923146
