times:
  edit-metadata: 1.651706861332059
  landing: 0.2261145170778036
  view-data: 0.3957577161490917
