times:
  edit-metadata: 0.6054374468512833
  landing: 0.09319079481065273
  view-data: 0.20835069520398974
