times:
  edit-metadata: 0.5639686402864754
  landing: 0.16100671514868736
  view-data: 0.24393651727586985
