times:
  edit-metadata: 0.5902509051375091
  landing: 0.12875597085803747
  view-data: 0.2983023840934038
