times:
  edit-metadata: 2.274708119992283
  landing: 0.3306846420018701
  view-data: 0.4975623360078316
