times:
  edit-metadata: 0.5607528272084892
  landing: 0.06762290187180042
  view-data: 0.32143319211900234
