times:
  edit-metadata: 0.5175904319621623
  landing: 0.1366922538727522
  view-data: 0.2077960791066289
