times:
  edit-metadata: 0.9506305600516498
  landing: 0.06624720199033618
  view-data: 0.20477166026830673
