times:
  edit-metadata: 0.5535148680210114
  landing: 0.06727868691086769
  view-data: 0.21277012676000595
