times:
  edit-metadata: 0.5452624959871173
  landing: 0.14172085421159863
  view-data: 0.29310957668349147
