times:
  edit-metadata: 0.7880598879419267
  landing: 0.12227600580081344
  view-data: 0.2999465549364686
