times:
  edit-metadata: 0.4311208687722683
  landing: 0.0515621080994606
  view-data: 0.22883141972124577
