times:
  edit-metadata: 0.438557599671185
  landing: 0.03947795834392309
  view-data: 0.3251020349562168
