times:
  edit-metadata: 0.4728087456896901
  landing: 0.050728872418403625
  view-data: 0.3341545909643173
