times:
  edit-metadata: 0.4399745240807533
  landing: 0.047639086842536926
  view-data: 0.2095538703724742
