times:
  edit-metadata: 0.4231578349135816
  landing: 0.05181839084252715
  view-data: 0.331799766048789
