times:
  edit-metadata: 0.4471621750853956
  landing: 0.05103231081739068
  view-data: 0.8604213292710483
