times:
  edit-metadata: 0.43684031162410975
  landing: 0.04163905093446374
  view-data: 0.20697168400511146
