times:
  edit-metadata: 0.42489855363965034
  landing: 0.05586902517825365
  view-data: 0.19763236865401268
