times:
  edit-metadata: 0.4436996798031032
  landing: 0.0451093097217381
  view-data: 0.7226545298472047
