times:
  edit-metadata: 0.44122667238116264
  landing: 0.04945293813943863
  view-data: 0.3140563201159239
