times:
  edit-metadata: 1.3971066251397133
  landing: 0.020880838856101036
  view-data: 0.024166559800505638
