times:
  edit-metadata: 0.5720976856537163
  landing: 0.0501081682741642
  view-data: 0.21483332756906748
