times:
  edit-metadata: 0.535274367313832
  landing: 0.06354393577203155
  view-data: 0.28988776355981827
