times:
  edit-metadata: 1.3590101171284914
  landing: 0.021582692861557007
  view-data: 0.03190243989229202
