times:
  edit-metadata: 1.5468014664947987
  landing: 0.2232240792363882
  view-data: 0.33110390044748783
