times:
  edit-metadata: 1.3601736985147
  landing: 0.020970486104488373
  view-data: 0.02682315930724144
