times:
  edit-metadata: 1.4358900878578424
  landing: 0.024884799495339394
  view-data: 0.025021184235811234
