times:
  edit-metadata: 1.6259704437106848
  landing: 0.22918103262782097
  view-data: 0.024201873689889908
