times:
  edit-metadata: 1.393922096118331
  landing: 0.019022788852453232
  view-data: 0.024470670148730278
