times:
  edit-metadata: 1.3864358700811863
  landing: 0.02082495577633381
  view-data: 0.02404799684882164
