times:
  edit-metadata: 0.6044086292386055
  landing: 0.08647867711260915
  view-data: 0.22838436113670468
