times:
  edit-metadata: 1.3684729374945164
  landing: 0.019366521388292313
  view-data: 0.027090050280094147
