times:
  edit-metadata: 0.6172397872433066
  landing: 0.09016008907929063
  view-data: 0.209375882986933
