times:
  edit-metadata: 0.5477858767844737
  landing: 0.09727509785443544
  view-data: 0.3004527729935944
