times:
  edit-metadata: 1.3754514940083027
  landing: 0.020609747618436813
  view-data: 0.02589906007051468
