times:
  edit-metadata: 1.9643537923693657
  landing: 0.267196835950017
  view-data: 0.04890178143978119
