times:
  edit-metadata: 1.6375049855560064
  landing: 0.2486865557730198
  view-data: 0.5059471148997545
