times:
  edit-metadata: 0.7461923416703939
  landing: 0.09525363799184561
  view-data: 0.218824015930295
