times:
  edit-metadata: 0.5259898789227009
  landing: 0.06722109066322446
  view-data: 0.2194070080295205
