times:
  edit-metadata: 0.5450235060416162
  landing: 0.05636960966512561
  view-data: 0.2169869737699628
