times:
  edit-metadata: 1.3963139578700066
  landing: 0.021870072931051254
  view-data: 0.027465898543596268
