times:
  edit-metadata: 1.3739966209977865
  landing: 0.11846799030900002
  view-data: 0.2877840455621481
