times:
  edit-metadata: 0.5610502948984504
  landing: 0.046788633801043034
  view-data: 0.2181196352466941
