times:
  edit-metadata: 0.5366316172294319
  landing: 0.08063981030136347
  view-data: 0.21174495527520776
