times:
  edit-metadata: 1.4345959108322859
  landing: 0.022223137319087982
  view-data: 0.027447903528809547
