times:
  edit-metadata: 1.672290526330471
  landing: 0.022195929661393166
  view-data: 0.047680776566267014
