times:
  edit-metadata: 0.5305144768208265
  landing: 0.07066848315298557
  view-data: 0.21458609588444233
