times:
  edit-metadata: 1.5475742612034082
  landing: 0.021297473460435867
  view-data: 0.24503472819924355
