times:
  edit-metadata: 0.5775701748207211
  landing: 0.0746881770901382
  view-data: 0.28440853394567966
