times:
  edit-metadata: 0.5205743331462145
  landing: 0.08416196284815669
  view-data: 0.22327063838019967
