times:
  edit-metadata: 0.5627139308489859
  landing: 0.1013843109831214
  view-data: 0.21115892892703414
