times:
  edit-metadata: 0.6356805758550763
  landing: 0.12135134916752577
  view-data: 0.21741732582449913
