times:
  edit-metadata: 1.555730251595378
  landing: 0.2520798482000828
  view-data: 0.2520090229809284
