times:
  edit-metadata: 1.7920658439397812
  landing: 0.18476834148168564
  view-data: 0.35914828442037106
