times:
  edit-metadata: 0.7374034482054412
  landing: 0.07590809231624007
  view-data: 0.28013146901503205
