times:
  edit-metadata: 1.778039563447237
  landing: 0.21650870144367218
  view-data: 0.3844739608466625
