times:
  edit-metadata: 1.4849758725613356
  landing: 0.13375252857804298
  view-data: 0.44790481217205524
