times:
  edit-metadata: 0.5484054470434785
  landing: 0.061535608023405075
  view-data: 0.23153730807825923
