times:
  edit-metadata: 0.6329154693521559
  landing: 0.163910620380193
  view-data: 0.20604579895734787
