times:
  edit-metadata: 1.3788617998361588
  landing: 0.020518485456705093
  view-data: 0.02553722821176052
