times:
  edit-metadata: 1.5205291956663132
  landing: 0.12408606335520744
  view-data: 0.4812618959695101
