times:
  edit-metadata: 1.3813209738582373
  landing: 0.020862122997641563
  view-data: 0.023860618472099304
