times:
  edit-metadata: 1.3790517076849937
  landing: 0.021633615717291832
  view-data: 0.028513247147202492
