times:
  edit-metadata: 0.7968953307718039
  landing: 0.06406514532864094
  view-data: 0.21505494369193912
