times:
  edit-metadata: 0.7324241348542273
  landing: 0.0722489571198821
  view-data: 0.21624443121254444
