times:
  edit-metadata: 0.5872060470283031
  landing: 0.06735255010426044
  view-data: 0.22794875502586365
