times:
  edit-metadata: 0.6771119027398527
  landing: 0.056402231100946665
  view-data: 0.29948168713599443
