times:
  edit-metadata: 1.3951384201645851
  landing: 0.019327914342284203
  view-data: 0.028313875198364258
