times:
  edit-metadata: 0.641806794796139
  landing: 0.07382003637030721
  view-data: 0.2670410037972033
