times:
  edit-metadata: 1.5717683024704456
  landing: 0.02135917916893959
  view-data: 0.18582741543650627
