times:
  edit-metadata: 0.7601796397939324
  landing: 0.066432299092412
  view-data: 0.20694363210350275
