times:
  edit-metadata: 1.6047442890703678
  landing: 0.2124275118112564
  view-data: 0.31680928729474545
