times:
  edit-metadata: 0.5575619339942932
  landing: 0.05106645496562123
  view-data: 0.20900903409346938
