times:
  edit-metadata: 0.9199322876520455
  landing: 0.06734258634969592
  view-data: 0.21702429978176951
