times:
  edit-metadata: 2.0087899193167686
  landing: 0.05576397851109505
  view-data: 0.15344120375812054
