times:
  edit-metadata: 1.5604061875492334
  landing: 0.22449540719389915
  view-data: 0.1556609719991684
