times:
  edit-metadata: 1.3780609760433435
  landing: 0.02036288008093834
  view-data: 0.025230087339878082
