times:
  edit-metadata: 0.5257747629657388
  landing: 0.0577891799621284
  view-data: 0.20864034723490477
