times:
  edit-metadata: 1.3748474027961493
  landing: 0.021893298253417015
  view-data: 0.23252441734075546
