times:
  edit-metadata: 1.6907816678285599
  landing: 0.023116055876016617
  view-data: 0.02587738074362278
