times:
  edit-metadata: 1.6156684253364801
  landing: 0.18085985630750656
  view-data: 0.18052070401608944
