times:
  edit-metadata: 1.35658348351717
  landing: 0.01897396519780159
  view-data: 0.12302315607666969
