times:
  edit-metadata: 1.5249941125512123
  landing: 0.14487880654633045
  view-data: 0.16943784803152084
