times:
  edit-metadata: 2.0375596545636654
  landing: 0.2812880091369152
  view-data: 0.17447663098573685
