times:
  edit-metadata: 1.4647498801350594
  landing: 0.02075791172683239
  view-data: 0.31702784076333046
