times:
  edit-metadata: 1.3837167881429195
  landing: 0.020786795765161514
  view-data: 0.10393328964710236
