times:
  edit-metadata: 1.439157983288169
  landing: 0.018671974539756775
  view-data: 0.0263363029807806
