times:
  edit-metadata: 1.4269175752997398
  landing: 0.05468663014471531
  view-data: 0.17397875897586346
