times:
  edit-metadata: 0.5690233390778303
  landing: 0.15813094936311245
  view-data: 0.20437479484826326
