times:
  edit-metadata: 0.5359897697344422
  landing: 0.07182953599840403
  view-data: 0.20800545485690236
