times:
  edit-metadata: 1.3848972041159868
  landing: 0.15821205638349056
  view-data: 0.024085426703095436
