times:
  edit-metadata: 1.4073902182281017
  landing: 0.16260636039078236
  view-data: 0.1448418591171503
