times:
  edit-metadata: 1.4075125139206648
  landing: 0.021672802045941353
  view-data: 0.14304504916071892
