times:
  edit-metadata: 1.5016527157276869
  landing: 0.24963531643152237
  view-data: 0.17656164057552814
