times:
  edit-metadata: 1.6441630832850933
  landing: 0.19395775720477104
  view-data: 0.03206760622560978
