times:
  edit-metadata: 2.0848645120859146
  landing: 0.321444358676672
  view-data: 0.17580467648804188
