times:
  edit-metadata: 1.4278659578412771
  landing: 0.21900936029851437
  view-data: 0.023689351975917816
