times:
  edit-metadata: 1.4284904096275568
  landing: 0.249000933021307
  view-data: 0.13334501534700394
