times:
  edit-metadata: 1.4180054441094398
  landing: 0.208705248311162
  view-data: 0.32079341262578964
