times:
  edit-metadata: 0.5736142108216882
  landing: 0.06917640939354897
  view-data: 0.22000484028831124
