times:
  edit-metadata: 1.3948876149952412
  landing: 0.23855062946677208
  view-data: 0.29327769577503204
