times:
  edit-metadata: 0.5600933511741459
  landing: 0.06669784570112824
  view-data: 0.2118082782253623
