times:
  edit-metadata: 0.5931073669344187
  landing: 0.04688557097688317
  view-data: 0.20867519034072757
