times:
  edit-metadata: 1.391194175928831
  landing: 0.019525254145264626
  view-data: 0.028006376698613167
