times:
  edit-metadata: 1.4791771471500397
  landing: 0.13011277467012405
  view-data: 0.5754948947578669
