times:
  edit-metadata: 1.6158555373549461
  landing: 0.1412800196558237
  view-data: 0.025887567549943924
