times:
  edit-metadata: 1.3667935524135828
  landing: 0.2438356438651681
  view-data: 0.22020045295357704
