times:
  edit-metadata: 1.9432345144450665
  landing: 0.020116299390792847
  view-data: 0.026712197810411453
