times:
  edit-metadata: 1.4378438889980316
  landing: 0.02233855426311493
  view-data: 0.14404461160302162
