times:
  edit-metadata: 1.4032260105013847
  landing: 0.02528061717748642
  view-data: 0.3866944666951895
