times:
  edit-metadata: 1.3644015844911337
  landing: 0.021703919395804405
  view-data: 0.025177789852023125
