times:
  edit-metadata: 1.3378252871334553
  landing: 0.02026364579796791
  view-data: 0.02423027716577053
