times:
  edit-metadata: 0.5442542540840805
  landing: 0.05988603690639138
  view-data: 0.21532775275409222
