times:
  edit-metadata: 0.5938197681680322
  landing: 0.06085081724449992
  view-data: 0.21018906868994236
