times:
  edit-metadata: 1.9161574291065335
  landing: 0.022243810817599297
  view-data: 0.47943753004074097
