times:
  edit-metadata: 0.8651749561540782
  landing: 0.06723801884800196
  view-data: 0.22867836197838187
