times:
  edit-metadata: 1.5481894668191671
  landing: 0.02382657304406166
  view-data: 0.1896365936845541
