times:
  edit-metadata: 0.8474119720049202
  landing: 0.11646207375451922
  view-data: 0.3146582110784948
