times:
  edit-metadata: 1.226825026795268
  landing: 0.22679556719958782
  view-data: 0.02338612638413906
