times:
  edit-metadata: 1.6973935421556234
  landing: 0.216016735881567
  view-data: 0.5612907242029905
