times:
  edit-metadata: 1.4383100550621748
  landing: 0.15538476034998894
  view-data: 0.34715769439935684
