times:
  edit-metadata: 1.3625028561800718
  landing: 0.02312465012073517
  view-data: 0.10372183099389076
