times:
  edit-metadata: 1.502132235094905
  landing: 0.02090867981314659
  view-data: 0.02710929699242115
