times:
  edit-metadata: 1.441035971045494
  landing: 0.12683826498687267
  view-data: 0.14314146526157856
