times:
  edit-metadata: 1.3358304174616933
  landing: 0.019192418083548546
  view-data: 0.02502222452312708
