times:
  edit-metadata: 1.506401738151908
  landing: 0.020012646913528442
  view-data: 0.14333286695182323
