times:
  edit-metadata: 1.4589755721390247
  landing: 0.17391259782016277
  view-data: 0.024197259917855263
