times:
  edit-metadata: 0.6600256729871035
  landing: 0.06665861001238227
  view-data: 0.28732615429908037
