times:
  edit-metadata: 0.5356043400242925
  landing: 0.061690186616033316
  view-data: 0.21226261090487242
