times:
  edit-metadata: 1.506375264376402
  landing: 0.018981942906975746
  view-data: 0.02303449995815754
