times:
  edit-metadata: 1.6946939770132303
  landing: 0.22598903439939022
  view-data: 0.33205003477633
