times:
  edit-metadata: 0.5465693371370435
  landing: 0.057411435060203075
  view-data: 0.2198678250424564
