times:
  edit-metadata: 0.5596064110286534
  landing: 0.04829719616100192
  view-data: 0.29549968894571066
