times:
  edit-metadata: 1.421381812542677
  landing: 0.1359548643231392
  view-data: 0.3972622063010931
