times:
  edit-metadata: 1.4665882848203182
  landing: 0.24601605720818043
  view-data: 0.023523613810539246
