times:
  edit-metadata: 1.3755432162433863
  landing: 0.17439801804721355
  view-data: 0.02737361751496792
