times:
  edit-metadata: 1.4136226177215576
  landing: 0.018521009013056755
  view-data: 0.12209773808717728
