times:
  edit-metadata: 0.7956763617694378
  landing: 0.09968827618286014
  view-data: 0.20926857087761164
