times:
  edit-metadata: 1.3859597984701395
  landing: 0.02234460413455963
  view-data: 0.0286641214042902
