times:
  edit-metadata: 1.546428605914116
  landing: 0.1946161650121212
  view-data: 0.38830163702368736
