times:
  edit-metadata: 1.7950595170259476
  landing: 0.019782142713665962
  view-data: 0.12973065488040447
