times:
  edit-metadata: 1.355770967900753
  landing: 0.019869141280651093
  view-data: 0.2983515243977308
