times:
  edit-metadata: 1.406566334888339
  landing: 0.0229888167232275
  view-data: 0.12119040638208389
