times:
  edit-metadata: 1.5220006592571735
  landing: 0.31515876948833466
  view-data: 0.1569032147526741
