times:
  edit-metadata: 1.8521134313195944
  landing: 0.21651175804436207
  view-data: 0.18043463118374348
