times:
  edit-metadata: 1.3642265982925892
  landing: 0.09391560032963753
  view-data: 0.13613059371709824
