times:
  edit-metadata: 0.5842013829387724
  landing: 0.08243102999404073
  view-data: 0.21116315806284547
