times:
  edit-metadata: 1.5138729680329561
  landing: 0.19975673966109753
  view-data: 0.40387773141264915
