times:
  edit-metadata: 0.7145290267653763
  landing: 0.14909170987084508
  view-data: 0.27541257813572884
