times:
  edit-metadata: 0.591726834885776
  landing: 0.05197707423940301
  view-data: 0.2820870098657906
