times:
  edit-metadata: 1.443569052964449
  landing: 0.17593934014439583
  view-data: 0.30288628302514553
