times:
  edit-metadata: 1.3319882731884718
  landing: 0.019963111728429794
  view-data: 0.027812784537672997
