times:
  edit-metadata: 1.516911057755351
  landing: 0.2752751689404249
  view-data: 0.4518027435988188
