times:
  edit-metadata: 0.8362651597708464
  landing: 0.07595197577029467
  view-data: 0.20287868101149797
