times:
  edit-metadata: 1.413266459479928
  landing: 0.14789224974811077
  view-data: 0.31139104813337326
