times:
  edit-metadata: 1.4002819694578648
  landing: 0.022218117490410805
  view-data: 0.056670261546969414
