times:
  edit-metadata: 1.512624653056264
  landing: 0.022973457351326942
  view-data: 0.1299508921802044
