times:
  edit-metadata: 1.4435574226081371
  landing: 0.16068878956139088
  view-data: 0.28599375672638416
