times:
  edit-metadata: 1.4202998951077461
  landing: 0.13083496689796448
  view-data: 0.35327417589724064
