times:
  edit-metadata: 1.591585049405694
  landing: 0.03238891437649727
  view-data: 0.16702529042959213
