times:
  edit-metadata: 1.4850737266242504
  landing: 0.24610333144664764
  view-data: 0.12629921361804008
