times:
  edit-metadata: 0.8055024491623044
  landing: 0.06835290603339672
  view-data: 0.27093175519257784
