times:
  edit-metadata: 1.6131906658411026
  landing: 0.46420336700975895
  view-data: 0.05264750495553017
