times:
  edit-metadata: 0.8638654663227499
  landing: 0.057592196855694056
  view-data: 0.21149492403492332
