times:
  edit-metadata: 1.4203193914145231
  landing: 0.022977404296398163
  view-data: 0.030794156715273857
