times:
  edit-metadata: 1.4081459436565638
  landing: 0.13358614780008793
  view-data: 0.1947687342762947
