times:
  edit-metadata: 1.3356908122077584
  landing: 0.2500742897391319
  view-data: 0.4102068766951561
