times:
  edit-metadata: 1.398515459150076
  landing: 0.019263984635472298
  view-data: 0.023329509422183037
