times:
  edit-metadata: 1.418393064290285
  landing: 0.1361344177275896
  view-data: 0.3441700004041195
