times:
  edit-metadata: 1.412293653935194
  landing: 0.03335164859890938
  view-data: 0.02432510443031788
