times:
  edit-metadata: 0.5622824965976179
  landing: 0.044680959079414606
  view-data: 0.20760356076061726
