times:
  edit-metadata: 1.5764282438904047
  landing: 0.16560030169785023
  view-data: 0.16187271662056446
