times:
  edit-metadata: 1.5758931413292885
  landing: 0.24192995205521584
  view-data: 0.21884247101843357
