times:
  edit-metadata: 1.7973561976104975
  landing: 0.2015529852360487
  view-data: 0.586332406848669
