times:
  edit-metadata: 1.4001946188509464
  landing: 0.019502580165863037
  view-data: 0.35139950551092625
