times:
  edit-metadata: 1.582129841670394
  landing: 0.020775672048330307
  view-data: 0.026972388848662376
