times:
  edit-metadata: 1.4943048115819693
  landing: 0.19032974354922771
  view-data: 0.5064744390547276
