times:
  edit-metadata: 1.8709800094366074
  landing: 0.019717011600732803
  view-data: 0.469670245423913
