times:
  edit-metadata: 1.533520543947816
  landing: 0.024086393415927887
  view-data: 0.2751390878111124
