times:
  edit-metadata: 1.6234160456806421
  landing: 0.01919030025601387
  view-data: 0.025247439742088318
