times:
  edit-metadata: 1.5198545567691326
  landing: 0.024097148329019547
  view-data: 0.32587734051048756
