times:
  edit-metadata: 1.3671944346278906
  landing: 0.01855325698852539
  view-data: 0.0227209385484457
