times:
  edit-metadata: 1.656252397224307
  landing: 0.28791181556880474
  view-data: 0.027094773948192596
