times:
  edit-metadata: 1.3601473197340965
  landing: 0.01830424554646015
  view-data: 0.27849628403782845
