times:
  edit-metadata: 1.483993200585246
  landing: 0.2073970679193735
  view-data: 0.3638191595673561
