times:
  edit-metadata: 1.559113398194313
  landing: 0.14629336073994637
  view-data: 0.047975875437259674
