times:
  edit-metadata: 1.6360778510570526
  landing: 0.32739588618278503
  view-data: 0.17283926345407963
