times:
  edit-metadata: 1.5424096994102001
  landing: 0.15089508146047592
  view-data: 0.34153940714895725
