times:
  edit-metadata: 1.4512202572077513
  landing: 0.2125985249876976
  view-data: 0.3041443042457104
