times:
  edit-metadata: 0.8990890681743622
  landing: 0.08918321784585714
  view-data: 0.282483730930835
