times:
  edit-metadata: 1.4662288520485163
  landing: 0.2861934304237366
  view-data: 0.35209731571376324
