times:
  edit-metadata: 1.4254726581275463
  landing: 0.22680787555873394
  view-data: 0.024638304486870766
