times:
  edit-metadata: 1.3007650673389435
  landing: 0.12833227775990963
  view-data: 0.028878172859549522
