times:
  edit-metadata: 1.3868925478309393
  landing: 0.021834315732121468
  view-data: 0.026311909779906273
