times:
  edit-metadata: 1.7336861193180084
  landing: 0.021373163908720016
  view-data: 0.2924484070390463
