times:
  edit-metadata: 0.7256529666483402
  landing: 0.0595955397002399
  view-data: 0.29795516887679696
