times:
  edit-metadata: 1.34996092133224
  landing: 0.196268230676651
  view-data: 0.10125454142689705
