times:
  edit-metadata: 1.4388118218630552
  landing: 0.14035535417497158
  view-data: 0.34778834879398346
