times:
  edit-metadata: 1.29384137224406
  landing: 0.12785656098276377
  view-data: 0.056003193370997906
