times:
  edit-metadata: 1.454195499420166
  landing: 0.02223069965839386
  view-data: 0.3620156478136778
