times:
  edit-metadata: 1.5689253397285938
  landing: 0.15067272819578648
  view-data: 0.4084026087075472
