times:
  edit-metadata: 1.3210004214197397
  landing: 0.14314427971839905
  view-data: 0.32278176583349705
