times:
  edit-metadata: 1.774235226213932
  landing: 0.24927258864045143
  view-data: 0.28516758419573307
