times:
  edit-metadata: 1.3796133790165186
  landing: 0.019721096381545067
  view-data: 0.02621898427605629
