times:
  edit-metadata: 1.3572456892579794
  landing: 0.12025453895330429
  view-data: 0.3347121234983206
