times:
  edit-metadata: 1.5958872269839048
  landing: 0.12512208335101604
  view-data: 0.3418480474501848
