times:
  edit-metadata: 1.449301803484559
  landing: 0.15223848819732666
  view-data: 0.24357813596725464
