times:
  edit-metadata: 2.4137987550348043
  landing: 0.21090553887188435
  view-data: 0.6424183920025826
