times:
  edit-metadata: 1.39807740598917
  landing: 0.021079491823911667
  view-data: 0.024208297953009605
