times:
  edit-metadata: 1.3917118161916733
  landing: 0.020604195073246956
  view-data: 0.3281911350786686
