times:
  edit-metadata: 1.381688890978694
  landing: 0.01846402883529663
  view-data: 0.3237447328865528
