times:
  edit-metadata: 1.4302798807621002
  landing: 0.019841285422444344
  view-data: 0.11806906573474407
