times:
  edit-metadata: 0.5489185149781406
  landing: 0.06800568103790283
  view-data: 0.2097540209069848
