times:
  edit-metadata: 1.7526700058951974
  landing: 0.1531320158392191
  view-data: 0.19487261027097702
