times:
  edit-metadata: 1.404972419142723
  landing: 0.11989784613251686
  view-data: 0.3677176423370838
