times:
  edit-metadata: 1.5579257123172283
  landing: 0.05333150178194046
  view-data: 0.4800039082765579
