times:
  edit-metadata: 1.6673347391188145
  landing: 0.32588521763682365
  view-data: 0.33928602933883667
