times:
  edit-metadata: 1.3907084874808788
  landing: 0.021891726180911064
  view-data: 0.3212181590497494
