times:
  edit-metadata: 1.5700350124388933
  landing: 0.18755329959094524
  view-data: 0.14506719820201397
