times:
  edit-metadata: 1.4046965688467026
  landing: 0.20120023749768734
  view-data: 0.023465724661946297
