times:
  edit-metadata: 0.8012986979447305
  landing: 0.042297910898923874
  view-data: 0.3006968665868044
