times:
  edit-metadata: 1.5635574758052826
  landing: 0.021303215995430946
  view-data: 0.025286078453063965
