times:
  edit-metadata: 0.5561957000754774
  landing: 0.10732454620301723
  view-data: 0.22628236608579755
