times:
  edit-metadata: 1.308690894395113
  landing: 0.1414099121466279
  view-data: 0.025788893923163414
