times:
  edit-metadata: 1.4176801852881908
  landing: 0.021401364356279373
  view-data: 0.02473325841128826
