times:
  edit-metadata: 0.965942800976336
  landing: 0.04536715382710099
  view-data: 0.47137870360165834
