times:
  edit-metadata: 0.4737131493166089
  landing: 0.04565559979528189
  view-data: 0.23823110852390528
