times:
  edit-metadata: 0.4328341423533857
  landing: 0.04238147893920541
  view-data: 0.21410578303039074
