times:
  edit-metadata: 0.43751718010753393
  landing: 0.04345027823001146
  view-data: 0.3299934631213546
