times:
  edit-metadata: 0.42566563468426466
  landing: 0.056282935198396444
  view-data: 0.3270974620245397
