times:
  edit-metadata: 0.45886589772999287
  landing: 0.04750857222825289
  view-data: 0.19556061550974846
