times:
  edit-metadata: 0.4445410380139947
  landing: 0.04887034371495247
  view-data: 0.19842623826116323
