times:
  edit-metadata: 0.46225358452647924
  landing: 0.04581094440072775
  view-data: 0.220719987526536
