times:
  edit-metadata: 0.9589670533314347
  landing: 0.040975924115628004
  view-data: 0.4364068009890616
