times:
  edit-metadata: 0.46143529703840613
  landing: 0.05022667394950986
  view-data: 0.4770877566188574
