times:
  edit-metadata: 2.068265851587057
  landing: 0.0705949873663485
  view-data: 0.2803972768597305
