times:
  edit-metadata: 2.5770067647099495
  landing: 0.02270182967185974
  view-data: 0.02443336695432663
