times:
  edit-metadata: 2.406934102997184
  landing: 0.02272629179060459
  view-data: 0.5258973482996225
