times:
  edit-metadata: 2.6996918097138405
  landing: 0.12035860121250153
  view-data: 0.02509181946516037
