times:
  edit-metadata: 2.6930876821279526
  landing: 0.14313369058072567
  view-data: 0.12651775404810905
