times:
  edit-metadata: 3.2998448722064495
  landing: 0.33707753755152225
  view-data: 0.19591084867715836
