times:
  edit-metadata: 2.5739281931892037
  landing: 0.2290167137980461
  view-data: 0.4757955204695463
