times:
  edit-metadata: 2.4767244774848223
  landing: 0.021700209006667137
  view-data: 0.024598244577646255
