times:
  edit-metadata: 3.1901243394240737
  landing: 0.1607356360182166
  view-data: 0.26986074447631836
