times:
  edit-metadata: 2.6856406964361668
  landing: 0.019208505749702454
  view-data: 0.02298249490559101
