times:
  edit-metadata: 2.3642451344057918
  landing: 0.020403215661644936
  view-data: 0.02596737165004015
