times:
  edit-metadata: 3.0917214304208755
  landing: 0.2586103957146406
  view-data: 0.41871426813304424
