times:
  edit-metadata: 4.6876578237861395
  landing: 0.34022097662091255
  view-data: 0.40855848975479603
