times:
  edit-metadata: 2.9347422998398542
  landing: 0.2592201642692089
  view-data: 0.16612362302839756
