times:
  edit-metadata: 2.438014257699251
  landing: 0.020467202179133892
  view-data: 0.22407760377973318
