times:
  edit-metadata: 2.642777504399419
  landing: 0.019368724897503853
  view-data: 0.3167202491313219
