times:
  edit-metadata: 2.8429507836699486
  landing: 0.3586962800472975
  view-data: 0.4142816290259361
