times:
  edit-metadata: 2.6258638836443424
  landing: 0.022128622978925705
  view-data: 0.23181742057204247
