times:
  edit-metadata: 3.033438477665186
  landing: 0.026024561375379562
  view-data: 0.026474496349692345
