times:
  edit-metadata: 2.5060173897072673
  landing: 0.21689942758530378
  view-data: 0.13255172036588192
