times:
  edit-metadata: 2.672719895839691
  landing: 0.02157953754067421
  view-data: 0.3816347047686577
