times:
  edit-metadata: 2.8413010891526937
  landing: 0.04739000461995602
  view-data: 0.024525050073862076
