times:
  edit-metadata: 1.6022574878297746
  landing: 0.0668730023317039
  view-data: 0.2687255898490548
