times:
  edit-metadata: 2.9316713623702526
  landing: 0.16746599413454533
  view-data: 0.32538895681500435
