times:
  edit-metadata: 2.609109925106168
  landing: 0.022058812901377678
  view-data: 0.026803957298398018
