times:
  edit-metadata: 2.7585927471518517
  landing: 0.2064287755638361
  view-data: 0.024379359558224678
