times:
  edit-metadata: 2.6119812354445457
  landing: 0.192568251863122
  view-data: 0.02578326314687729
