times:
  edit-metadata: 2.8467737901955843
  landing: 0.024566644802689552
  view-data: 0.36612406373023987
