times:
  edit-metadata: 1.6187459509819746
  landing: 0.06619371101260185
  view-data: 0.29520547902211547
