times:
  edit-metadata: 3.554546205326915
  landing: 0.12171104736626148
  view-data: 0.025067459791898727
