times:
  edit-metadata: 2.0658283149823546
  landing: 0.07568733906373382
  view-data: 0.4504996067844331
