times:
  edit-metadata: 2.687952298671007
  landing: 0.019272087141871452
  view-data: 0.3042197898030281
