times:
  edit-metadata: 3.4303732123225927
  landing: 0.631950045004487
  view-data: 0.416291194036603
