times:
  edit-metadata: 1.8036759356036782
  landing: 0.04178741713985801
  view-data: 0.2912759562022984
