times:
  edit-metadata: 2.6861589569598436
  landing: 0.023349225521087646
  view-data: 0.12660236470401287
