times:
  edit-metadata: 2.853984158486128
  landing: 0.20144401490688324
  view-data: 0.39541001431643963
