times:
  edit-metadata: 2.170234549790621
  landing: 0.0904613216407597
  view-data: 0.43669554591178894
