times:
  edit-metadata: 2.7529467660933733
  landing: 0.21052618324756622
  view-data: 0.023279760032892227
