times:
  edit-metadata: 2.5511430874466896
  landing: 0.02219017595052719
  view-data: 0.02568962052464485
