times:
  edit-metadata: 2.544206388294697
  landing: 0.01877216249704361
  view-data: 0.13319720141589642
