times:
  edit-metadata: 1.9934340976178646
  landing: 0.0740404948592186
  view-data: 0.4410223187878728
