times:
  edit-metadata: 2.5100050941109657
  landing: 0.13745944295078516
  view-data: 0.4450920419767499
