times:
  edit-metadata: 2.7686638478189707
  landing: 0.14383314363658428
  view-data: 0.02553645521402359
