times:
  edit-metadata: 3.292838156223297
  landing: 0.17249424196779728
  view-data: 0.1914257761090994
