times:
  edit-metadata: 1.5915917712263763
  landing: 0.07655121898278594
  view-data: 0.29064437421038747
