times:
  edit-metadata: 2.4692139830440283
  landing: 0.13208832778036594
  view-data: 0.4693022798746824
