times:
  edit-metadata: 2.511056872084737
  landing: 0.12649111077189445
  view-data: 0.023663489148020744
