times:
  edit-metadata: 1.9780909297987819
  landing: 0.07113890489563346
  view-data: 0.2815712778829038
