times:
  edit-metadata: 3.3201901614665985
  landing: 0.19483495876193047
  view-data: 0.046810656785964966
