times:
  edit-metadata: 3.0570525005459785
  landing: 0.16489310003817081
  view-data: 0.37424272298812866
