times:
  edit-metadata: 1.8565229438245296
  landing: 0.07100844429805875
  view-data: 0.4093307279981673
