times:
  edit-metadata: 3.1778979003429413
  landing: 0.2435447070747614
  view-data: 0.4154984634369612
