times:
  edit-metadata: 2.797106923535466
  landing: 0.022965095937252045
  view-data: 0.02733648382127285
