times:
  edit-metadata: 2.5807176381349564
  landing: 0.022073199972510338
  view-data: 0.024012617766857147
