times:
  edit-metadata: 1.804518116172403
  landing: 0.16076215682551265
  view-data: 0.2876837938092649
