times:
  edit-metadata: 3.1000222265720367
  landing: 0.28958610258996487
  view-data: 0.17591354437172413
