times:
  edit-metadata: 2.337706976570189
  landing: 0.17939749918878078
  view-data: 0.027068317867815495
