times:
  edit-metadata: 2.7685130517929792
  landing: 0.19201825559139252
  view-data: 0.026708249002695084
