times:
  edit-metadata: 3.3240268882364035
  landing: 0.24487440660595894
  view-data: 0.3744943290948868
