times:
  edit-metadata: 1.905720281880349
  landing: 0.06373669998720288
  view-data: 0.2760407919995487
