times:
  edit-metadata: 2.8763640616089106
  landing: 0.022376500070095062
  view-data: 0.30779553204774857
