times:
  edit-metadata: 2.6528514567762613
  landing: 0.020290018990635872
  view-data: 0.029411684721708298
