times:
  edit-metadata: 2.6548776663839817
  landing: 0.02247365564107895
  view-data: 0.2784800920635462
