times:
  edit-metadata: 2.3909003185108304
  landing: 0.022360443137586117
  view-data: 0.02360675111413002
