times:
  edit-metadata: 4.576820338144898
  landing: 0.16613397002220154
  view-data: 0.22501979395747185
