times:
  edit-metadata: 1.9233870529569685
  landing: 0.14330616174265742
  view-data: 0.32476152013987303
