times:
  edit-metadata: 3.1327093821018934
  landing: 0.3673969842493534
  view-data: 0.13176950998604298
