times:
  edit-metadata: 2.3663527220487595
  landing: 0.11469624657183886
  view-data: 0.1149361552670598
