times:
  edit-metadata: 2.6112132854759693
  landing: 0.01956368423998356
  view-data: 0.024888621643185616
