times:
  edit-metadata: 2.7108363043516874
  landing: 0.018292119726538658
  view-data: 0.34385886415839195
