times:
  edit-metadata: 2.6072944421321154
  landing: 0.1994247566908598
  view-data: 0.02944379672408104
