times:
  edit-metadata: 2.798910526558757
  landing: 0.15607964806258678
  view-data: 0.324823135510087
