times:
  edit-metadata: 2.6639695279300213
  landing: 0.019065968692302704
  view-data: 0.024755602702498436
