times:
  edit-metadata: 2.9261026829481125
  landing: 0.25357716530561447
  view-data: 0.027635721489787102
