times:
  edit-metadata: 3.0343928188085556
  landing: 0.28551825881004333
  view-data: 0.17975797690451145
