times:
  edit-metadata: 3.5027436707168818
  landing: 0.020938310772180557
  view-data: 0.4594064597040415
