times:
  edit-metadata: 2.5824487525969744
  landing: 0.02061711996793747
  view-data: 0.02335430309176445
