times:
  edit-metadata: 2.4937123553827405
  landing: 0.20766078121960163
  view-data: 0.19078421592712402
