times:
  edit-metadata: 2.61184249445796
  landing: 0.021838393062353134
  view-data: 0.025859303772449493
