times:
  edit-metadata: 2.618312207981944
  landing: 0.1346804779022932
  view-data: 0.02822841703891754
