times:
  edit-metadata: 2.72257131151855
  landing: 0.18173560500144958
  view-data: 0.18812629953026772
