times:
  edit-metadata: 2.692742619663477
  landing: 0.20576321333646774
  view-data: 0.024120530113577843
