times:
  edit-metadata: 2.4856717409566045
  landing: 0.11852875165641308
  view-data: 0.023156617768108845
