times:
  edit-metadata: 2.507288663648069
  landing: 0.09630548488348722
  view-data: 0.02502757403999567
