times:
  edit-metadata: 2.499672939069569
  landing: 0.1290856897830963
  view-data: 0.02588176727294922
