times:
  edit-metadata: 2.789158994331956
  landing: 0.1369397398084402
  view-data: 0.02565026842057705
