times:
  edit-metadata: 2.5404929909855127
  landing: 0.023516198620200157
  view-data: 0.023697400465607643
