times:
  edit-metadata: 2.6117446776479483
  landing: 0.019932078197598457
  view-data: 0.027192728593945503
