times:
  edit-metadata: 2.4826479703187943
  landing: 0.018998628482222557
  view-data: 0.05058916658163071
