times:
  edit-metadata: 1.6174167436547577
  landing: 0.06969288783147931
  view-data: 0.26924855588003993
