times:
  edit-metadata: 2.4901778614148498
  landing: 0.1400566091760993
  view-data: 0.4443412311375141
