times:
  edit-metadata: 2.5777637381106615
  landing: 0.10980860516428947
  view-data: 0.027308505028486252
