times:
  edit-metadata: 2.6450681127607822
  landing: 0.02346551977097988
  view-data: 0.024465516209602356
