times:
  edit-metadata: 2.3674763906747103
  landing: 0.019226090982556343
  view-data: 0.4148917756974697
