times:
  edit-metadata: 2.7944602239876986
  landing: 0.024176137521862984
  view-data: 0.02854509837925434
