times:
  edit-metadata: 3.0253011509776115
  landing: 0.26195238158106804
  view-data: 0.40560724027454853
