times:
  edit-metadata: 2.766631007194519
  landing: 0.1553095243871212
  view-data: 0.024950193241238594
