times:
  edit-metadata: 2.0568429809063673
  landing: 0.0640953229740262
  view-data: 0.2665002979338169
