times:
  edit-metadata: 2.456348329782486
  landing: 0.22923626191914082
  view-data: 0.27603253722190857
