times:
  edit-metadata: 1.6504976199939847
  landing: 0.06935373973101377
  view-data: 0.26615705573931336
