times:
  edit-metadata: 2.8035527486354113
  landing: 0.12339173816144466
  view-data: 0.024633195251226425
