times:
  edit-metadata: 3.0388933829963207
  landing: 0.021446606144309044
  view-data: 0.14176426269114017
