times:
  edit-metadata: 2.40066128782928
  landing: 0.1614174721762538
  view-data: 0.11555079463869333
