times:
  edit-metadata: 1.910376766230911
  landing: 0.07215677527710795
  view-data: 0.35267720138654113
