times:
  edit-metadata: 2.5300928177312016
  landing: 0.022011758759617805
  view-data: 0.42381225898861885
