times:
  edit-metadata: 2.4709050450474024
  landing: 0.019954338669776917
  view-data: 0.02718433551490307
