times:
  edit-metadata: 2.5972332656383514
  landing: 0.020853690803050995
  view-data: 0.022567691281437874
