times:
  edit-metadata: 2.5181528786197305
  landing: 0.24545656330883503
  view-data: 0.4184472942724824
