times:
  edit-metadata: 2.8389668399468064
  landing: 0.10909892339259386
  view-data: 0.02391994558274746
