times:
  edit-metadata: 2.8108734637498856
  landing: 0.13706161081790924
  view-data: 0.14474050514400005
