times:
  edit-metadata: 3.030681535601616
  landing: 0.18803090043365955
  view-data: 0.4012979492545128
