times:
  edit-metadata: 2.046507627237588
  landing: 0.07059531705453992
  view-data: 0.27895399229601026
