times:
  edit-metadata: 3.743620513007045
  landing: 0.29757661186158657
  view-data: 0.1581222005188465
