times:
  edit-metadata: 2.724339410662651
  landing: 0.023979466408491135
  view-data: 0.31572237983345985
