times:
  edit-metadata: 2.5096124755218625
  landing: 0.1289741974323988
  view-data: 0.40703511238098145
