times:
  edit-metadata: 3.0957019198685884
  landing: 0.13461865857243538
  view-data: 0.44200392067432404
