times:
  edit-metadata: 1.8378847590647638
  landing: 0.061284495051950216
  view-data: 0.2988157710060477
