times:
  edit-metadata: 3.870980318635702
  landing: 0.2521019000560045
  view-data: 0.14165653102099895
