times:
  edit-metadata: 2.582769626751542
  landing: 0.020199455320835114
  view-data: 0.12436720915138721
