times:
  edit-metadata: 3.056958742439747
  landing: 0.019641587510704994
  view-data: 0.14572460018098354
