times:
  edit-metadata: 2.677897577174008
  landing: 0.02223056461662054
  view-data: 0.47350058145821095
