times:
  edit-metadata: 3.18426644988358
  landing: 0.3078107088804245
  view-data: 0.15426391176879406
