times:
  edit-metadata: 2.591133600100875
  landing: 0.02059665508568287
  view-data: 0.30872055888175964
