times:
  edit-metadata: 2.684413945302367
  landing: 0.1942576952278614
  view-data: 0.3386084698140621
