times:
  edit-metadata: 2.545700367540121
  landing: 0.2250717356801033
  view-data: 0.4000122854486108
