times:
  edit-metadata: 1.745992159936577
  landing: 0.12967934226617217
  view-data: 0.28369177831336856
