times:
  edit-metadata: 2.7896193265914917
  landing: 0.01929141953587532
  view-data: 0.024947471916675568
