times:
  edit-metadata: 2.9491445310413837
  landing: 0.13790426589548588
  view-data: 0.44543167762458324
