times:
  edit-metadata: 2.5577105470001698
  landing: 0.019972288981080055
  view-data: 0.12022222578525543
