times:
  edit-metadata: 2.643313981592655
  landing: 0.1794988512992859
  view-data: 0.13323532603681087
