times:
  edit-metadata: 2.3766440488398075
  landing: 0.02130149584263563
  view-data: 0.10161544848233461
