times:
  edit-metadata: 2.7579290792346
  landing: 0.022511932998895645
  view-data: 0.31826754473149776
