times:
  edit-metadata: 2.6781343687325716
  landing: 0.018573887646198273
  view-data: 0.30818039178848267
