times:
  edit-metadata: 2.928183365613222
  landing: 0.2731551267206669
  view-data: 0.03217343054711819
