times:
  edit-metadata: 3.3545570988208055
  landing: 0.3452241029590368
  view-data: 0.287692379206419
