times:
  edit-metadata: 2.5573217421770096
  landing: 0.02416219748556614
  view-data: 0.02405179664492607
