times:
  edit-metadata: 2.357668424025178
  landing: 0.020329691469669342
  view-data: 0.10205321200191975
