times:
  edit-metadata: 3.3317593187093735
  landing: 0.30809833109378815
  view-data: 0.3594327550381422
