times:
  edit-metadata: 2.628998961299658
  landing: 0.02406308241188526
  view-data: 0.32152157835662365
