times:
  edit-metadata: 2.6842055674642324
  landing: 0.021513033658266068
  view-data: 0.02573126181960106
