times:
  edit-metadata: 3.5568565409630537
  landing: 0.19159481674432755
  view-data: 0.1493573971092701
