times:
  edit-metadata: 2.6480554714798927
  landing: 0.018230725079774857
  view-data: 0.025184622034430504
