times:
  edit-metadata: 1.9441393101587892
  landing: 0.12668470619246364
  view-data: 0.2618462829850614
