times:
  edit-metadata: 1.9173709759488702
  landing: 0.07261343626305461
  view-data: 0.3053356949239969
