times:
  edit-metadata: 3.7712294664233923
  landing: 0.3755900636315346
  view-data: 0.5343268197029829
