times:
  edit-metadata: 2.7139673326164484
  landing: 0.21150373108685017
  view-data: 0.09950092434883118
