times:
  edit-metadata: 3.2296262588351965
  landing: 0.03226712718605995
  view-data: 0.3398253656923771
