times:
  edit-metadata: 2.611368012614548
  landing: 0.15405450761318207
  view-data: 0.2254269616678357
