times:
  edit-metadata: 2.6174777783453465
  landing: 0.02255338802933693
  view-data: 0.23333970084786415
