times:
  edit-metadata: 2.3278890792280436
  landing: 0.020655923523008823
  view-data: 0.026046701706945896
