times:
  edit-metadata: 2.841336280107498
  landing: 0.27857401594519615
  view-data: 0.3370682056993246
