times:
  edit-metadata: 2.906861651688814
  landing: 0.020319757983088493
  view-data: 0.15422380156815052
