times:
  edit-metadata: 1.9693572749383748
  landing: 0.07085912581533194
  view-data: 0.28592422790825367
