times:
  edit-metadata: 3.41103320941329
  landing: 0.29235126823186874
  view-data: 0.2783196736127138
