times:
  edit-metadata: 1.5880334437824786
  landing: 0.06363348802551627
  view-data: 0.2638363130390644
