times:
  edit-metadata: 1.6074446798302233
  landing: 0.06868552509695292
  view-data: 0.2665880653075874
