times:
  edit-metadata: 2.6494020223617554
  landing: 0.02294396236538887
  view-data: 0.02467876859009266
