times:
  edit-metadata: 2.6503750532865524
  landing: 0.019189223647117615
  view-data: 0.1255465168505907
