times:
  edit-metadata: 2.652856484055519
  landing: 0.021582407876849174
  view-data: 0.024483276531100273
