times:
  edit-metadata: 1.9760220739990473
  landing: 0.08477363176643848
  view-data: 0.4312514942139387
