times:
  edit-metadata: 2.6076750438660383
  landing: 0.18708227761089802
  view-data: 0.12389925681054592
