times:
  edit-metadata: 1.870935045182705
  landing: 0.07277701469138265
  view-data: 0.282992506865412
