times:
  edit-metadata: 2.6495773810893297
  landing: 0.01994578167796135
  view-data: 0.31583031825721264
