times:
  edit-metadata: 3.487495245411992
  landing: 0.020506789907813072
  view-data: 0.024052029475569725
