times:
  edit-metadata: 2.6734494119882584
  landing: 0.21517878212034702
  view-data: 0.13065886497497559
