times:
  edit-metadata: 2.639371994882822
  landing: 0.021935490891337395
  view-data: 0.3680268060415983
