times:
  edit-metadata: 2.614053478464484
  landing: 0.019886979833245277
  view-data: 0.025666525587439537
