times:
  edit-metadata: 1.4159895638003945
  landing: 0.021373906172811985
  view-data: 0.3910536402836442
