times:
  edit-metadata: 0.6829469348303974
  landing: 0.06441027764230967
  view-data: 0.28304862370714545
