times:
  edit-metadata: 0.7046428639441729
  landing: 0.1154020638205111
  view-data: 0.29434307757765055
