times:
  edit-metadata: 1.4408824909478426
  landing: 0.025209208950400352
  view-data: 0.13116024248301983
