times:
  edit-metadata: 0.7123041120357811
  landing: 0.1243706732057035
  view-data: 0.20871557109057903
