times:
  edit-metadata: 1.6651951484382153
  landing: 0.1556290201842785
  view-data: 0.4090338461101055
