times:
  edit-metadata: 1.4075097925961018
  landing: 0.018996035680174828
  view-data: 0.02333686873316765
