times:
  edit-metadata: 1.5411677956581116
  landing: 0.20146720111370087
  view-data: 0.38810831867158413
