times:
  edit-metadata: 1.3493232289329171
  landing: 0.028037159703671932
  view-data: 0.12371551431715488
