times:
  edit-metadata: 1.638208668678999
  landing: 0.21957705169916153
  view-data: 0.02935929410159588
