times:
  edit-metadata: 1.4944505952298641
  landing: 0.18041206244379282
  view-data: 0.42119570821523666
