times:
  edit-metadata: 0.6362384310923517
  landing: 0.11907258490100503
  view-data: 0.26811242708936334
