times:
  edit-metadata: 0.5353482430800796
  landing: 0.07140810787677765
  view-data: 0.20400377502664924
