times:
  edit-metadata: 1.4078099895268679
  landing: 0.24361241422593594
  view-data: 0.1452327836304903
