times:
  edit-metadata: 1.77491669729352
  landing: 0.018513616174459457
  view-data: 0.02193402871489525
