times:
  edit-metadata: 1.6270744055509567
  landing: 0.14243598096072674
  view-data: 0.36627222783863544
