times:
  edit-metadata: 1.3565215729176998
  landing: 0.021813364699482918
  view-data: 0.025502964854240417
