times:
  edit-metadata: 1.3435531249269843
  landing: 0.019899144768714905
  view-data: 0.02751927822828293
