times:
  edit-metadata: 1.3832413982599974
  landing: 0.020883820950984955
  view-data: 0.02649877779185772
