times:
  edit-metadata: 1.3998967725783587
  landing: 0.022730691358447075
  view-data: 0.0269695483148098
