times:
  edit-metadata: 1.4682487221434712
  landing: 0.021129263564944267
  view-data: 0.46146104484796524
