times:
  edit-metadata: 1.3468356598168612
  landing: 0.01953740417957306
  view-data: 0.2912731319665909
