times:
  edit-metadata: 1.3402971476316452
  landing: 0.24463937804102898
  view-data: 0.13166927732527256
