times:
  edit-metadata: 1.765361499041319
  landing: 0.3712395001202822
  view-data: 0.15114490315318108
