times:
  edit-metadata: 1.470813300460577
  landing: 0.024066748097538948
  view-data: 0.12385810539126396
