times:
  edit-metadata: 0.5686091198585927
  landing: 0.06671226490288973
  view-data: 0.23254063026979566
