times:
  edit-metadata: 1.460249237716198
  landing: 0.018335366621613503
  view-data: 0.3841034909710288
