times:
  edit-metadata: 1.475827720016241
  landing: 0.0202301237732172
  view-data: 0.02469567395746708
