times:
  edit-metadata: 0.7598660569638014
  landing: 0.07118422584608197
  view-data: 0.2251431248150766
