times:
  edit-metadata: 1.364297490566969
  landing: 0.20932992734014988
  view-data: 0.3317123055458069
