times:
  edit-metadata: 1.3789845798164606
  landing: 0.018850110471248627
  view-data: 0.3989886427298188
