times:
  edit-metadata: 0.5256109242327511
  landing: 0.07247763592749834
  view-data: 0.21413831366226077
