times:
  edit-metadata: 0.5473647299222648
  landing: 0.0706811798736453
  view-data: 0.204333137255162
