times:
  edit-metadata: 1.558725562877953
  landing: 0.01866271812468767
  view-data: 0.39416997227817774
