times:
  edit-metadata: 0.7566731940023601
  landing: 0.07428375212475657
  view-data: 0.20781849790364504
