times:
  edit-metadata: 1.3990073539316654
  landing: 0.01847633346915245
  view-data: 0.023406609892845154
