times:
  edit-metadata: 1.9408300910145044
  landing: 0.388400511816144
  view-data: 0.2466515675187111
