times:
  edit-metadata: 1.4604157712310553
  landing: 0.02211349830031395
  view-data: 0.14119094982743263
