times:
  edit-metadata: 0.6052354592829943
  landing: 0.13775146007537842
  view-data: 0.21914171101525426
