times:
  edit-metadata: 1.7147639859467745
  landing: 0.3352361563593149
  view-data: 0.1929679922759533
