times:
  edit-metadata: 1.3410767605528235
  landing: 0.12482634093612432
  view-data: 0.025278953835368156
