times:
  edit-metadata: 1.8841592203825712
  landing: 0.13470902107656002
  view-data: 0.2605445012450218
