times:
  edit-metadata: 1.5152570847421885
  landing: 0.03195798769593239
  view-data: 0.5804515760391951
