times:
  edit-metadata: 1.5552017726004124
  landing: 0.01995953544974327
  view-data: 0.025895752012729645
