times:
  edit-metadata: 1.5068080425262451
  landing: 0.17169600538909435
  view-data: 0.03377622924745083
