times:
  edit-metadata: 1.74638856574893
  landing: 0.17346311639994383
  view-data: 0.025230255909264088
