times:
  edit-metadata: 1.422311943024397
  landing: 0.1182531975209713
  view-data: 0.37263697013258934
