times:
  edit-metadata: 1.5158989429473877
  landing: 0.18851251155138016
  view-data: 0.3533944971859455
