times:
  edit-metadata: 1.4395388681441545
  landing: 0.019314486533403397
  view-data: 0.3603297080844641
