times:
  edit-metadata: 1.4333661273121834
  landing: 0.18823945708572865
  view-data: 0.13017503917217255
