times:
  edit-metadata: 1.3502603452652693
  landing: 0.023173222318291664
  view-data: 0.2341979332268238
