times:
  edit-metadata: 1.4651427064090967
  landing: 0.02268156036734581
  view-data: 0.40501677989959717
