times:
  edit-metadata: 1.8548449538648129
  landing: 0.1691821999847889
  view-data: 0.16045101173222065
