times:
  edit-metadata: 1.428063739091158
  landing: 0.19927836768329144
  view-data: 0.31265453435480595
