times:
  edit-metadata: 2.1582417879253626
  landing: 0.24791281670331955
  view-data: 0.05301058851182461
