times:
  edit-metadata: 1.4321422018110752
  landing: 0.24011118337512016
  view-data: 0.30515116080641747
