times:
  edit-metadata: 1.4451617058366537
  landing: 0.13399082235991955
  view-data: 0.024715952575206757
