times:
  edit-metadata: 1.4866491705179214
  landing: 0.019266188144683838
  view-data: 0.02555231750011444
