times:
  edit-metadata: 1.4048268385231495
  landing: 0.019371986389160156
  view-data: 0.023708634078502655
