times:
  edit-metadata: 2.0059862788766623
  landing: 0.024423109367489815
  view-data: 0.33900764770805836
