times:
  edit-metadata: 1.6703751012682915
  landing: 0.2674873024225235
  view-data: 0.38536158576607704
