times:
  edit-metadata: 1.364123448729515
  landing: 0.23437079321593046
  view-data: 0.13884227070957422
