times:
  edit-metadata: 1.4331491086632013
  landing: 0.02058829553425312
  view-data: 0.14629699662327766
