times:
  edit-metadata: 0.7101726648397744
  landing: 0.07290155161172152
  view-data: 0.26677178498357534
