times:
  edit-metadata: 0.6995946429669857
  landing: 0.10200420580804348
  view-data: 0.29757228028029203
