times:
  edit-metadata: 1.368117544800043
  landing: 0.13997161574661732
  view-data: 0.02490192838013172
