times:
  edit-metadata: 1.4722086358815432
  landing: 0.23620057851076126
  view-data: 0.024817081168293953
