times:
  edit-metadata: 0.5722130979411304
  landing: 0.10678718285635114
  view-data: 0.20952139515429735
