times:
  edit-metadata: 1.4148394959047437
  landing: 0.12506675999611616
  view-data: 0.02603953517973423
