times:
  edit-metadata: 1.6449785679578781
  landing: 0.2499083150178194
  view-data: 0.19574344716966152
