times:
  edit-metadata: 1.606246305629611
  landing: 0.05253552086651325
  view-data: 0.38683149591088295
