times:
  edit-metadata: 1.8219550997018814
  landing: 0.3155052028596401
  view-data: 0.3081537839025259
