times:
  edit-metadata: 1.380735931918025
  landing: 0.021035855636000633
  view-data: 0.11290148086845875
