times:
  edit-metadata: 1.670489326119423
  landing: 0.24971763975918293
  view-data: 0.4425866864621639
