times:
  edit-metadata: 0.5168190295808017
  landing: 0.07369543286040425
  view-data: 0.26292168302461505
