times:
  edit-metadata: 0.522105067037046
  landing: 0.06409442471340299
  view-data: 0.20354273403063416
