times:
  edit-metadata: 0.5492913080379367
  landing: 0.12469305610284209
  view-data: 0.2932279137894511
