times:
  edit-metadata: 1.490467818453908
  landing: 0.20129572413861752
  view-data: 0.026067577302455902
