times:
  edit-metadata: 1.42302000336349
  landing: 0.20112095400691032
  view-data: 0.02332721371203661
