times:
  edit-metadata: 1.4639537949115038
  landing: 0.01890452578663826
  view-data: 0.023824794217944145
