times:
  edit-metadata: 1.5551999062299728
  landing: 0.14048587903380394
  view-data: 0.0240175724029541
