times:
  edit-metadata: 1.4282763190567493
  landing: 0.1280784923583269
  view-data: 0.027098100632429123
