times:
  edit-metadata: 0.8069568700157106
  landing: 0.10290699684992433
  view-data: 0.28675890667364
