times:
  edit-metadata: 1.3896124977618456
  landing: 0.2045893482863903
  view-data: 0.026240693405270576
