times:
  edit-metadata: 2.0292795095592737
  landing: 0.22190702892839909
  view-data: 0.19751344993710518
