times:
  edit-metadata: 1.4506870955228806
  landing: 0.021735427901148796
  view-data: 0.13576451316475868
