times:
  edit-metadata: 1.4505766732618213
  landing: 0.13752712216228247
  view-data: 0.22917285282164812
