times:
  edit-metadata: 1.3650736007839441
  landing: 0.022002344951033592
  view-data: 0.12201390787959099
