times:
  edit-metadata: 1.4308728007599711
  landing: 0.01996645238250494
  view-data: 0.023330405354499817
