times:
  edit-metadata: 1.6060726940631866
  landing: 0.021922359243035316
  view-data: 0.19128871522843838
