times:
  edit-metadata: 1.8413298688828945
  landing: 0.2843887321650982
  view-data: 0.3549056686460972
