times:
  edit-metadata: 1.5216950047761202
  landing: 0.20538691617548466
  view-data: 0.19200877100229263
