times:
  edit-metadata: 1.4629397243261337
  landing: 0.020471444353461266
  view-data: 0.03785158693790436
