times:
  edit-metadata: 1.346813989803195
  landing: 0.22406627610325813
  view-data: 0.32193202897906303
