times:
  edit-metadata: 1.4174577556550503
  landing: 0.020093072205781937
  view-data: 0.2234509875997901
