times:
  edit-metadata: 1.5084766242653131
  landing: 0.23317762278020382
  view-data: 0.39046053402125835
