times:
  edit-metadata: 1.3759695626795292
  landing: 0.02519671991467476
  view-data: 0.15809863433241844
