times:
  edit-metadata: 1.3671679124236107
  landing: 0.023974306881427765
  view-data: 0.32165389508008957
