times:
  edit-metadata: 1.3766884580254555
  landing: 0.020713992416858673
  view-data: 0.37738933973014355
