times:
  edit-metadata: 1.63532711006701
  landing: 0.023232800886034966
  view-data: 0.35929000563919544
