times:
  edit-metadata: 1.3640452846884727
  landing: 0.023488333448767662
  view-data: 0.02766348421573639
