times:
  edit-metadata: 1.693935202434659
  landing: 0.33798638358712196
  view-data: 0.022923564538359642
