times:
  edit-metadata: 0.7960277600213885
  landing: 0.13280456373468041
  view-data: 0.28842435870319605
