times:
  edit-metadata: 1.3447442948818207
  landing: 0.09934419579803944
  view-data: 0.2880543749779463
