times:
  edit-metadata: 1.4775918070226908
  landing: 0.14005726017057896
  view-data: 0.3101916592568159
