times:
  edit-metadata: 1.4378392044454813
  landing: 0.02031758613884449
  view-data: 0.1040754672139883
