times:
  edit-metadata: 1.4184387046843767
  landing: 0.20907714776694775
  view-data: 0.02842048369348049
