times:
  edit-metadata: 1.3640541173517704
  landing: 0.02048318274319172
  view-data: 0.025809356942772865
