times:
  edit-metadata: 1.4007039852440357
  landing: 0.024136679247021675
  view-data: 0.025871869176626205
