times:
  edit-metadata: 1.4457420529797673
  landing: 0.13687757402658463
  view-data: 0.1369616063311696
