times:
  edit-metadata: 1.4368383875116706
  landing: 0.02044221106916666
  view-data: 0.2163763688877225
