times:
  edit-metadata: 1.3449049647897482
  landing: 0.02137795463204384
  view-data: 0.026531612500548363
