times:
  edit-metadata: 1.4340568035840988
  landing: 0.023584378883242607
  view-data: 0.024889204651117325
