times:
  edit-metadata: 2.043975468724966
  landing: 0.39219631627202034
  view-data: 0.5378431715071201
