times:
  edit-metadata: 1.3610205259174109
  landing: 0.1776446271687746
  view-data: 0.025692110881209373
