times:
  edit-metadata: 0.5235397997312248
  landing: 0.0635649380274117
  view-data: 0.21611622069031
