times:
  edit-metadata: 0.7736347299069166
  landing: 0.06482079206034541
  view-data: 0.20247780997306108
