times:
  edit-metadata: 1.7503756862133741
  landing: 0.023114541545510292
  view-data: 0.30598465725779533
