times:
  edit-metadata: 1.5904359426349401
  landing: 0.19242704845964909
  view-data: 0.3433974087238312
