times:
  edit-metadata: 0.5276746191084385
  landing: 0.056575443129986525
  view-data: 0.20598588604480028
