times:
  edit-metadata: 1.3568984009325504
  landing: 0.020377762615680695
  view-data: 0.024850690737366676
