times:
  edit-metadata: 1.3410274619236588
  landing: 0.023280062712728977
  view-data: 0.11929723154753447
