times:
  edit-metadata: 1.3356295339763165
  landing: 0.022461806423962116
  view-data: 0.3871732195839286
