times:
  edit-metadata: 1.5918776113539934
  landing: 0.2582762809470296
  view-data: 0.33139742258936167
