times:
  edit-metadata: 1.7081945594400167
  landing: 0.053810395300388336
  view-data: 0.3310238867998123
