times:
  edit-metadata: 1.36014823615551
  landing: 0.0209428109228611
  view-data: 0.021978551521897316
