times:
  edit-metadata: 1.3842509109526873
  landing: 0.021481532603502274
  view-data: 0.23676039464771748
