times:
  edit-metadata: 1.3112976718693972
  landing: 0.02087948750704527
  view-data: 0.43231462873518467
