times:
  edit-metadata: 1.375020433217287
  landing: 0.11635471694171429
  view-data: 0.30416736751794815
