times:
  edit-metadata: 1.3397338232025504
  landing: 0.1237896578386426
  view-data: 0.023521479219198227
