times:
  edit-metadata: 1.3933624923229218
  landing: 0.2039035428315401
  view-data: 0.12055384181439877
