times:
  edit-metadata: 0.7948178290389478
  landing: 0.08905757823958993
  view-data: 0.20246316492557526
