times:
  edit-metadata: 1.823956393636763
  landing: 0.023575719445943832
  view-data: 0.049561334773898125
