times:
  edit-metadata: 1.499365447089076
  landing: 0.16250977665185928
  view-data: 0.14966276660561562
