times:
  edit-metadata: 1.4625474885106087
  landing: 0.02137606404721737
  view-data: 0.3266173992305994
