times:
  edit-metadata: 1.322516916319728
  landing: 0.019437912851572037
  view-data: 0.09772976581007242
