times:
  edit-metadata: 1.4566761534661055
  landing: 0.02382017858326435
  view-data: 0.14693286828696728
