times:
  edit-metadata: 1.4895165655761957
  landing: 0.020025180652737617
  view-data: 0.12912326864898205
