times:
  edit-metadata: 1.3574819825589657
  landing: 0.20991702191531658
  view-data: 0.3554385993629694
