times:
  edit-metadata: 1.401944201439619
  landing: 0.020832328125834465
  view-data: 0.14215080998837948
