times:
  edit-metadata: 1.4446825347840786
  landing: 0.021431786939501762
  view-data: 0.41553144436329603
