times:
  edit-metadata: 1.3838313277810812
  landing: 0.02230028063058853
  view-data: 0.1049124151468277
