times:
  edit-metadata: 1.5760562811046839
  landing: 0.23886280320584774
  view-data: 0.336746608838439
