times:
  edit-metadata: 0.5408623619005084
  landing: 0.06369507918134332
  view-data: 0.20933054387569427
