times:
  edit-metadata: 1.3839184250682592
  landing: 0.22338665649294853
  view-data: 0.13548813201487064
