times:
  edit-metadata: 1.3626012168824673
  landing: 0.02105950377881527
  view-data: 0.24244743585586548
