times:
  edit-metadata: 1.7716004364192486
  landing: 0.3227071650326252
  view-data: 0.37987494841217995
