times:
  edit-metadata: 1.6931501887738705
  landing: 0.02369011752307415
  view-data: 0.17447967641055584
