times:
  edit-metadata: 1.881314693018794
  landing: 0.16015087999403477
  view-data: 0.029739439487457275
