times:
  edit-metadata: 1.391833258792758
  landing: 0.1338233631104231
  view-data: 0.3135776873677969
