times:
  edit-metadata: 1.3351517785340548
  landing: 0.2279528472572565
  view-data: 0.3321300093084574
