times:
  edit-metadata: 1.3566460963338614
  landing: 0.23514738865196705
  view-data: 0.3128332421183586
