times:
  edit-metadata: 1.4722974337637424
  landing: 0.021979181095957756
  view-data: 0.02321239374577999
