times:
  edit-metadata: 1.355325547978282
  landing: 0.019566019997000694
  view-data: 0.025737227872014046
