times:
  edit-metadata: 0.6362877571955323
  landing: 0.10746464505791664
  view-data: 0.2125001917593181
