times:
  edit-metadata: 1.427181312814355
  landing: 0.13938438333570957
  view-data: 0.02328628860414028
