times:
  edit-metadata: 1.438892524689436
  landing: 0.020812753587961197
  view-data: 0.267804398201406
