times:
  edit-metadata: 1.3755942024290562
  landing: 0.1475050188601017
  view-data: 0.025044724345207214
