times:
  edit-metadata: 1.5935860946774483
  landing: 0.020044855773448944
  view-data: 0.4435737803578377
