times:
  edit-metadata: 0.743942832108587
  landing: 0.04840387124568224
  view-data: 0.30283827940002084
