times:
  edit-metadata: 1.5249227713793516
  landing: 0.14321941323578358
  view-data: 0.028953544795513153
