times:
  edit-metadata: 1.4089501556009054
  landing: 0.02105722390115261
  view-data: 0.0257446076720953
