times:
  edit-metadata: 1.4997523464262486
  landing: 0.19993571378290653
  view-data: 0.28394488990306854
