times:
  edit-metadata: 0.5422285329550505
  landing: 0.07744475919753313
  view-data: 0.28632776997983456
