times:
  edit-metadata: 1.7032129243016243
  landing: 0.021858837455511093
  view-data: 0.2767133601009846
