times:
  edit-metadata: 1.3436524383723736
  landing: 0.19008834287524223
  view-data: 0.02589535526931286
