times:
  edit-metadata: 1.5996707435697317
  landing: 0.22408577054738998
  view-data: 0.16810539923608303
