times:
  edit-metadata: 0.44173323502764106
  landing: 0.04797462001442909
  view-data: 0.32894242322072387
