times:
  edit-metadata: 0.44476025458425283
  landing: 0.046640691347420216
  view-data: 0.3391174105927348
