times:
  edit-metadata: 0.44170949095860124
  landing: 0.048222735058516264
  view-data: 0.3321991991251707
