times:
  edit-metadata: 0.48050234746187925
  landing: 0.05536292493343353
  view-data: 0.32995089516043663
