times:
  edit-metadata: 0.4403487369418144
  landing: 0.04488257132470608
  view-data: 0.3353349659591913
