times:
  edit-metadata: 0.4566374849528074
  landing: 0.05206388421356678
  view-data: 0.20463819708675146
