times:
  edit-metadata: 0.4483400387689471
  landing: 0.04775842744857073
  view-data: 0.19834849517792463
