times:
  edit-metadata: 2.2562557216733694
  landing: 0.019972501322627068
  view-data: 0.324049461632967
