times:
  edit-metadata: 2.1550576854497194
  landing: 0.13257156405597925
  view-data: 0.3281458681449294
