times:
  edit-metadata: 1.5662846700288355
  landing: 0.048280691262334585
  view-data: 0.25510080996900797
