times:
  edit-metadata: 2.6140043288469315
  landing: 0.2308103647083044
  view-data: 0.025946421548724174
