times:
  edit-metadata: 2.3087289202958345
  landing: 0.018429366871714592
  view-data: 0.3290552441030741
