times:
  edit-metadata: 2.369567726738751
  landing: 0.0437513068318367
  view-data: 0.5558623792603612
