times:
  edit-metadata: 2.527392126619816
  landing: 0.24411209113895893
  view-data: 0.25717843137681484
