times:
  edit-metadata: 2.1243895888328552
  landing: 0.22832415718585253
  view-data: 0.02534484025090933
