times:
  edit-metadata: 2.5509989876300097
  landing: 0.022323505952954292
  view-data: 0.026763340458273888
