times:
  edit-metadata: 1.7553577367216349
  landing: 0.1063664541579783
  view-data: 0.3492483841255307
