times:
  edit-metadata: 2.3037705700844526
  landing: 0.02179344743490219
  view-data: 0.2850587759166956
