times:
  edit-metadata: 2.382328713312745
  landing: 0.2167789302766323
  view-data: 0.02711290307343006
