times:
  edit-metadata: 2.9566630497574806
  landing: 0.20498762093484402
  view-data: 0.2686179969459772
