times:
  edit-metadata: 2.7746341973543167
  landing: 0.0225543063133955
  view-data: 0.15181628055870533
