times:
  edit-metadata: 2.225431453436613
  landing: 0.019375735893845558
  view-data: 0.026837855577468872
