times:
  edit-metadata: 2.13105611409992
  landing: 0.20158675126731396
  view-data: 0.02548354770988226
