times:
  edit-metadata: 2.5997840613126755
  landing: 0.2697410359978676
  view-data: 0.13134584575891495
