times:
  edit-metadata: 2.2774993758648634
  landing: 0.024791253730654716
  view-data: 0.02533770725131035
