times:
  edit-metadata: 2.3354582041502
  landing: 0.22776708006858826
  view-data: 0.12794791720807552
