times:
  edit-metadata: 2.1320666428655386
  landing: 0.020618397742509842
  view-data: 0.43052665144205093
