times:
  edit-metadata: 2.3836962021887302
  landing: 0.022442299872636795
  view-data: 0.024503016844391823
