times:
  edit-metadata: 1.3355437833815813
  landing: 0.06484785256907344
  view-data: 0.2559471921995282
