times:
  edit-metadata: 2.226218373514712
  landing: 0.2588480245321989
  view-data: 0.12234992906451225
