times:
  edit-metadata: 1.7655137181282043
  landing: 0.06207748269662261
  view-data: 0.432801793795079
