times:
  edit-metadata: 2.1992127494886518
  landing: 0.11622664332389832
  view-data: 0.02483205869793892
