times:
  edit-metadata: 4.288588767871261
  landing: 0.5443969704210758
  view-data: 0.5877276882529259
