times:
  edit-metadata: 1.947942717000842
  landing: 0.04706886876374483
  view-data: 0.39292856119573116
