times:
  edit-metadata: 2.256289156153798
  landing: 0.019067052751779556
  view-data: 0.12499735318124294
