times:
  edit-metadata: 2.2760375179350376
  landing: 0.020941972732543945
  view-data: 0.026883898302912712
