times:
  edit-metadata: 2.5191604141145945
  landing: 0.04310129024088383
  view-data: 0.14832831732928753
