times:
  edit-metadata: 2.5915377978235483
  landing: 0.19504758156836033
  view-data: 0.3391252476722002
