times:
  edit-metadata: 2.3204238563776016
  landing: 0.022891424596309662
  view-data: 0.12816858105361462
