times:
  edit-metadata: 1.7702424149028957
  landing: 0.07062701601535082
  view-data: 0.36367413960397243
