times:
  edit-metadata: 2.189783130772412
  landing: 0.24820541683584452
  view-data: 0.13445039466023445
