times:
  edit-metadata: 2.2070215437561274
  landing: 0.02143912762403488
  view-data: 0.025557750836014748
