times:
  edit-metadata: 2.123763393610716
  landing: 0.0193878673017025
  view-data: 0.12135333102196455
