times:
  edit-metadata: 2.9309867657721043
  landing: 0.1722384449094534
  view-data: 0.32192554138600826
