times:
  edit-metadata: 2.397822307422757
  landing: 0.022752759978175163
  view-data: 0.026062289252877235
