times:
  edit-metadata: 2.4150091148912907
  landing: 0.11897579953074455
  view-data: 0.3266711086034775
