times:
  edit-metadata: 2.1666191779077053
  landing: 0.19953243620693684
  view-data: 0.03231211565434933
