times:
  edit-metadata: 2.913288112729788
  landing: 0.2156977616250515
  view-data: 0.16591610945761204
