times:
  edit-metadata: 2.568549072369933
  landing: 0.020032187923789024
  view-data: 0.41447342932224274
