times:
  edit-metadata: 2.267964757978916
  landing: 0.018590502440929413
  view-data: 0.027225669473409653
