times:
  edit-metadata: 2.641974240541458
  landing: 0.31056386046111584
  view-data: 0.33805968053638935
