times:
  edit-metadata: 2.4599827844649553
  landing: 0.02003508247435093
  view-data: 0.33693843334913254
