times:
  edit-metadata: 1.9529132111929357
  landing: 0.13007510919123888
  view-data: 0.3855756688863039
