times:
  edit-metadata: 1.5181279480457306
  landing: 0.06279277103021741
  view-data: 0.2512262091040611
