times:
  edit-metadata: 2.194071179255843
  landing: 0.022401515394449234
  view-data: 0.09450989589095116
