times:
  edit-metadata: 2.961314955726266
  landing: 0.2589282877743244
  view-data: 0.4684911575168371
