times:
  edit-metadata: 3.190195663832128
  landing: 0.27425373811274767
  view-data: 0.3057077107951045
