times:
  edit-metadata: 2.29566552862525
  landing: 0.14742736518383026
  view-data: 0.33850388042628765
