times:
  edit-metadata: 1.7341226707212627
  landing: 0.06832347484305501
  view-data: 0.38604303216561675
