times:
  edit-metadata: 2.654693918302655
  landing: 0.02120286598801613
  view-data: 0.13791481778025627
