times:
  edit-metadata: 2.2413732819259167
  landing: 0.024734145030379295
  view-data: 0.025764435529708862
