times:
  edit-metadata: 2.964096652343869
  landing: 0.28570208698511124
  view-data: 0.0709915291517973
