times:
  edit-metadata: 2.3081827126443386
  landing: 0.0197606161236763
  view-data: 0.02293821983039379
