times:
  edit-metadata: 2.1923567363992333
  landing: 0.02156172599643469
  view-data: 0.023725164122879505
