times:
  edit-metadata: 2.588414303958416
  landing: 0.22135094366967678
  view-data: 0.31048609875142574
