times:
  edit-metadata: 2.1281143771484494
  landing: 0.019558035768568516
  view-data: 0.02542604599148035
