times:
  edit-metadata: 2.293623583391309
  landing: 0.2248157560825348
  view-data: 0.027579454705119133
