times:
  edit-metadata: 2.3395939003676176
  landing: 0.023738598451018333
  view-data: 0.027564533054828644
