times:
  edit-metadata: 1.4806741080246866
  landing: 0.06254254002124071
  view-data: 0.25021444680169225
