times:
  edit-metadata: 2.6146618220955133
  landing: 0.022339973598718643
  view-data: 0.28833914920687675
