times:
  edit-metadata: 2.281228853389621
  landing: 0.020877933129668236
  view-data: 0.12181654386222363
