times:
  edit-metadata: 1.3210350349545479
  landing: 0.08407328836619854
  view-data: 0.244444671086967
