times:
  edit-metadata: 2.1859804363921285
  landing: 0.21601580921560526
  view-data: 0.026490687392652035
