times:
  edit-metadata: 3.7867662124335766
  landing: 0.0490216501057148
  view-data: 0.0505705401301384
