times:
  edit-metadata: 2.7560358364135027
  landing: 0.023058777675032616
  view-data: 0.02912970632314682
