times:
  edit-metadata: 2.283611645922065
  landing: 0.022848591208457947
  view-data: 0.02302018739283085
