times:
  edit-metadata: 2.3417307808995247
  landing: 0.019333120435476303
  view-data: 0.2830550894141197
