times:
  edit-metadata: 2.333836792036891
  landing: 0.1811270657926798
  view-data: 0.026041092351078987
