times:
  edit-metadata: 2.165575435385108
  landing: 0.01921362243592739
  view-data: 0.25058892648667097
