times:
  edit-metadata: 2.2812297642230988
  landing: 0.02214473858475685
  view-data: 0.14008298702538013
