times:
  edit-metadata: 2.5721978563815355
  landing: 0.02535211481153965
  view-data: 0.0238454919308424
