times:
  edit-metadata: 2.3604836110025644
  landing: 0.02199828252196312
  view-data: 0.029110945761203766
