times:
  edit-metadata: 2.1840838519856334
  landing: 0.023075105622410774
  view-data: 0.026968497782945633
