times:
  edit-metadata: 2.4679472278803587
  landing: 0.15190909802913666
  view-data: 0.37921248376369476
