times:
  edit-metadata: 2.185231937095523
  landing: 0.02606918290257454
  view-data: 0.4029614143073559
