times:
  edit-metadata: 3.025511769577861
  landing: 0.1962854042649269
  view-data: 0.29552646167576313
