times:
  edit-metadata: 1.426982426084578
  landing: 0.07263713143765926
  view-data: 0.3673207489773631
