times:
  edit-metadata: 1.665742616634816
  landing: 0.06919900979846716
  view-data: 0.37104232609272003
