times:
  edit-metadata: 1.619582248851657
  landing: 0.07206958997994661
  view-data: 0.3971420028246939
