times:
  edit-metadata: 2.1346103195101023
  landing: 0.020663178525865078
  view-data: 0.12050502188503742
