times:
  edit-metadata: 2.376665273681283
  landing: 0.020796064287424088
  view-data: 0.13993539288640022
