times:
  edit-metadata: 2.7338518239557743
  landing: 0.022485380992293358
  view-data: 0.4291090089827776
