times:
  edit-metadata: 2.410316927358508
  landing: 0.13164528831839561
  view-data: 0.025188229978084564
