times:
  edit-metadata: 2.319339295849204
  landing: 0.14758660458028316
  view-data: 0.026690972968935966
