times:
  edit-metadata: 2.2408440615981817
  landing: 0.11336943320930004
  view-data: 0.02252012863755226
