times:
  edit-metadata: 2.2048723353073
  landing: 0.20800176169723272
  view-data: 0.2194419614970684
