times:
  edit-metadata: 2.673839531838894
  landing: 0.21126877702772617
  view-data: 0.03687993995845318
