times:
  edit-metadata: 1.6312088971026242
  landing: 0.10069764824584126
  view-data: 0.24860421707853675
