times:
  edit-metadata: 1.5631119450554252
  landing: 0.15203001908957958
  view-data: 0.2507181535474956
