times:
  edit-metadata: 2.2574229557067156
  landing: 0.1190829873085022
  view-data: 0.13582010008394718
