times:
  edit-metadata: 2.2007118044421077
  landing: 0.17351189441978931
  view-data: 0.4243357991799712
