times:
  edit-metadata: 2.231209471821785
  landing: 0.019137222319841385
  view-data: 0.02344506047666073
