times:
  edit-metadata: 1.6951306271366775
  landing: 0.045382080134004354
  view-data: 0.36607337184250355
