times:
  edit-metadata: 2.3318028561770916
  landing: 0.019675089046359062
  view-data: 0.3384518474340439
