times:
  edit-metadata: 1.3262391425669193
  landing: 0.059794655069708824
  view-data: 0.23653910728171468
