times:
  edit-metadata: 2.2886775117367506
  landing: 0.12448452785611153
  view-data: 0.023405253887176514
