times:
  edit-metadata: 2.1786756310611963
  landing: 0.1527723502367735
  view-data: 0.02471589669585228
