times:
  edit-metadata: 2.3402733635157347
  landing: 0.043510325253009796
  view-data: 0.30819353461265564
