times:
  edit-metadata: 2.285166984423995
  landing: 0.0210210382938385
  view-data: 0.313744118437171
