times:
  edit-metadata: 2.7038608733564615
  landing: 0.025639519095420837
  view-data: 0.02869933471083641
