times:
  edit-metadata: 2.5793625600636005
  landing: 0.1252704430371523
  view-data: 0.026685938239097595
