times:
  edit-metadata: 2.370438207872212
  landing: 0.0201237378641963
  view-data: 0.14193937368690968
