times:
  edit-metadata: 2.226577105000615
  landing: 0.04872993193566799
  view-data: 0.023777121677994728
