times:
  edit-metadata: 2.4790413230657578
  landing: 0.022582082077860832
  view-data: 0.027779439464211464
