times:
  edit-metadata: 2.265781119465828
  landing: 0.021548563614487648
  view-data: 0.12633691541850567
