times:
  edit-metadata: 2.5637704096734524
  landing: 0.22828146815299988
  view-data: 0.023581821471452713
