times:
  edit-metadata: 2.2433730037882924
  landing: 0.21498308330774307
  view-data: 0.13309793453663588
