times:
  edit-metadata: 2.1633444894105196
  landing: 0.01971362065523863
  view-data: 0.02461363561451435
