times:
  edit-metadata: 2.351635495200753
  landing: 0.19640425965189934
  view-data: 0.022300679236650467
