times:
  edit-metadata: 2.8241436798125505
  landing: 0.1565819252282381
  view-data: 0.059512052685022354
