times:
  edit-metadata: 3.155607920140028
  landing: 0.18827066011726856
  view-data: 0.3940364848822355
