times:
  edit-metadata: 2.441128822043538
  landing: 0.28340355679392815
  view-data: 0.36690677888691425
