times:
  edit-metadata: 2.315753573551774
  landing: 0.02411854825913906
  view-data: 0.02814997360110283
