times:
  edit-metadata: 2.2464726120233536
  landing: 0.02263384498655796
  view-data: 0.10461707413196564
