times:
  edit-metadata: 1.391849712934345
  landing: 0.05653059622272849
  view-data: 0.25184309482574463
