times:
  edit-metadata: 2.8818796053528786
  landing: 0.023533672094345093
  view-data: 0.1339475754648447
