times:
  edit-metadata: 2.615344611927867
  landing: 0.28029599972069263
  view-data: 0.39506075344979763
