times:
  edit-metadata: 2.351288491860032
  landing: 0.16529442183673382
  view-data: 0.12967270240187645
