times:
  edit-metadata: 2.7422405406832695
  landing: 0.025061678141355515
  view-data: 0.13312032260000706
