times:
  edit-metadata: 2.4680564366281033
  landing: 0.02326410822570324
  view-data: 0.33718881011009216
