times:
  edit-metadata: 2.2894044164568186
  landing: 0.02158515155315399
  view-data: 0.025070007890462875
