times:
  edit-metadata: 2.1743852430954576
  landing: 0.020332944579422474
  view-data: 0.1145045692101121
