times:
  edit-metadata: 1.6763799521140754
  landing: 0.067884786054492
  view-data: 0.26731798565015197
