times:
  edit-metadata: 2.838231163099408
  landing: 0.19445065408945084
  view-data: 0.2897206228226423
