times:
  edit-metadata: 2.6287214159965515
  landing: 0.2651241812855005
  view-data: 0.16909442283213139
