times:
  edit-metadata: 2.2448274111375213
  landing: 0.312649211846292
  view-data: 0.11569760646671057
