times:
  edit-metadata: 2.324645448476076
  landing: 0.2026374712586403
  view-data: 0.28318420611321926
