times:
  edit-metadata: 2.419073825702071
  landing: 0.021208804100751877
  view-data: 0.33462262712419033
