times:
  edit-metadata: 2.961998876184225
  landing: 0.018729357048869133
  view-data: 0.34305866062641144
