times:
  edit-metadata: 2.221260206773877
  landing: 0.020632997155189514
  view-data: 0.02500075101852417
