times:
  edit-metadata: 2.1081418488174677
  landing: 0.14576670061796904
  view-data: 0.19045504182577133
