times:
  edit-metadata: 2.286813066340983
  landing: 0.2598400991410017
  view-data: 0.4249584060162306
