times:
  edit-metadata: 2.3106906171888113
  landing: 0.019103591330349445
  view-data: 0.4470650013536215
