times:
  edit-metadata: 3.86183894900023
  landing: 0.38344353597494774
  view-data: 0.5502062950108666
