times:
  edit-metadata: 2.524448724463582
  landing: 0.15182784013450146
  view-data: 0.1412727441638708
