times:
  edit-metadata: 2.7730592414736748
  landing: 0.020596420392394066
  view-data: 0.44454958103597164
