times:
  edit-metadata: 1.3347777565941215
  landing: 0.07086083106696606
  view-data: 0.24392034905031323
