times:
  edit-metadata: 2.3787030428647995
  landing: 0.1978885903954506
  view-data: 0.02439388446509838
