times:
  edit-metadata: 2.26489064283669
  landing: 0.019750989973545074
  view-data: 0.31018674932420254
