times:
  edit-metadata: 2.2935363613069057
  landing: 0.018609732389450073
  view-data: 0.022640421986579895
