times:
  edit-metadata: 2.250119924545288
  landing: 0.019043758511543274
  view-data: 0.02673286199569702
