times:
  edit-metadata: 2.1121968468651175
  landing: 0.14132430125027895
  view-data: 0.13764316122978926
