times:
  edit-metadata: 1.7258747112937272
  landing: 0.14978035213425756
  view-data: 0.24459557980298996
