times:
  edit-metadata: 2.341006688773632
  landing: 0.020987512543797493
  view-data: 0.026914991438388824
