times:
  edit-metadata: 1.659838526044041
  landing: 0.14134260779246688
  view-data: 0.25072013307362795
