times:
  edit-metadata: 2.5312578044831753
  landing: 0.1666549164801836
  view-data: 0.2825741730630398
