times:
  edit-metadata: 2.6891359128057957
  landing: 0.024606000632047653
  view-data: 0.268750187009573
