times:
  edit-metadata: 2.3145712427794933
  landing: 0.020011339336633682
  view-data: 0.02350754477083683
