times:
  edit-metadata: 2.59707460552454
  landing: 0.25144873932003975
  view-data: 0.15200244821608067
