times:
  edit-metadata: 1.6478764601051807
  landing: 0.1569348988123238
  view-data: 0.23319724574685097
