times:
  edit-metadata: 2.275446977466345
  landing: 0.1369522549211979
  view-data: 0.02605951577425003
