times:
  edit-metadata: 1.3310360377654433
  landing: 0.07025478081777692
  view-data: 0.24064577789977193
