times:
  edit-metadata: 3.8233544770628214
  landing: 0.02305375412106514
  view-data: 0.41949199326336384
