times:
  edit-metadata: 2.5311126932501793
  landing: 0.024551911279559135
  view-data: 0.026646574959158897
