times:
  edit-metadata: 2.1569382175803185
  landing: 0.022145587019622326
  view-data: 0.2158252028748393
