times:
  edit-metadata: 2.2826693654060364
  landing: 0.019751857966184616
  view-data: 0.02653326280415058
