times:
  edit-metadata: 2.2681139949709177
  landing: 0.021249564364552498
  view-data: 0.027048857882618904
