times:
  edit-metadata: 2.961375568062067
  landing: 0.25993900187313557
  view-data: 0.3776339329779148
