times:
  edit-metadata: 2.280980059877038
  landing: 0.01914875954389572
  view-data: 0.02897532656788826
