times:
  edit-metadata: 2.2367796041071415
  landing: 0.02022487483918667
  view-data: 0.023783238604664803
