times:
  edit-metadata: 1.3771843989379704
  landing: 0.04991016583517194
  view-data: 0.24707324104383588
