times:
  edit-metadata: 2.808620797470212
  landing: 0.2762842755764723
  view-data: 0.1403454653918743
