times:
  edit-metadata: 3.084001272916794
  landing: 0.05711505189538002
  view-data: 0.4192952401936054
