times:
  edit-metadata: 2.206247052177787
  landing: 0.02095791883766651
  view-data: 0.12098230049014091
