times:
  edit-metadata: 1.4203289384022355
  landing: 0.06812959210947156
  view-data: 0.24722945084795356
