times:
  edit-metadata: 0.8299854840151966
  landing: 0.08984500914812088
  view-data: 0.22146408492699265
