times:
  edit-metadata: 1.938814140856266
  landing: 0.13104419596493244
  view-data: 0.0263952799141407
