times:
  edit-metadata: 0.673620545770973
  landing: 0.10661946469917893
  view-data: 0.2894109319895506
