times:
  edit-metadata: 1.4752146117389202
  landing: 0.020625591278076172
  view-data: 0.026595402508974075
