times:
  edit-metadata: 1.5214438363909721
  landing: 0.14976397156715393
  view-data: 0.15631166845560074
