times:
  edit-metadata: 1.564020985737443
  landing: 0.25301674008369446
  view-data: 0.3463151231408119
