times:
  edit-metadata: 1.9306631460785866
  landing: 0.025134660303592682
  view-data: 0.18342733196914196
