times:
  edit-metadata: 0.5898256869986653
  landing: 0.1333633940666914
  view-data: 0.31809822702780366
