times:
  edit-metadata: 1.8178579192608595
  landing: 0.15650592744350433
  view-data: 0.4984091632068157
