times:
  edit-metadata: 0.7182281077839434
  landing: 0.08555266773328185
  view-data: 0.21366344299167395
