times:
  edit-metadata: 2.053315007011406
  landing: 0.03339262801455334
  view-data: 0.3924155819986481
