times:
  edit-metadata: 0.7385881873778999
  landing: 0.06912121176719666
  view-data: 0.1875635590404272
