times:
  edit-metadata: 0.7098893970251083
  landing: 0.1589778088964522
  view-data: 0.20832284493371844
