times:
  edit-metadata: 2.933269340006518
  landing: 0.23981218998960685
  view-data: 0.4746593929885421
