times:
  edit-metadata: 0.7891988698393106
  landing: 0.13616190291941166
  view-data: 0.31490781996399164
