times:
  edit-metadata: 1.5716112982481718
  landing: 0.02099478431046009
  view-data: 0.1415861938148737
