times:
  edit-metadata: 1.8148820362985134
  landing: 0.2483386993408203
  view-data: 0.06226332113146782
