times:
  edit-metadata: 1.7569867316633463
  landing: 0.03242856450378895
  view-data: 0.02716805599629879
