times:
  edit-metadata: 0.7468255432322621
  landing: 0.09814521577209234
  view-data: 0.2126307711005211
