times:
  edit-metadata: 0.5607603630051017
  landing: 0.06985893985256553
  view-data: 0.2930480861105025
