times:
  edit-metadata: 0.6396727510727942
  landing: 0.07063991203904152
  view-data: 0.21776148537173867
