times:
  edit-metadata: 1.6790560595691204
  landing: 0.24504579231142998
  view-data: 0.2849819287657738
