times:
  edit-metadata: 1.6754986140877008
  landing: 0.2699522767215967
  view-data: 0.16792578250169754
