times:
  edit-metadata: 0.5906853349879384
  landing: 0.06484596617519855
  view-data: 0.21626649191603065
