times:
  edit-metadata: 1.414900228381157
  landing: 0.11883904226124287
  view-data: 0.025926733389496803
