times:
  edit-metadata: 1.6827123276889324
  landing: 0.05662168748676777
  view-data: 0.16658164374530315
