times:
  edit-metadata: 0.5571490046568215
  landing: 0.07252834504470229
  view-data: 0.21274890145286918
