times:
  edit-metadata: 0.5649250880815089
  landing: 0.15512019721791148
  view-data: 0.29682363476604223
