times:
  edit-metadata: 0.6975830569863319
  landing: 0.11305896937847137
  view-data: 0.277781899087131
