times:
  edit-metadata: 1.5865408927202225
  landing: 0.22899265214800835
  view-data: 0.3599633723497391
