times:
  edit-metadata: 0.7878407170064747
  landing: 0.061015014071017504
  view-data: 0.21705483505502343
