times:
  edit-metadata: 1.708344055339694
  landing: 0.01992315612733364
  view-data: 0.6769702304154634
