times:
  edit-metadata: 0.8046520203351974
  landing: 0.04565125564113259
  view-data: 0.24303860403597355
