times:
  edit-metadata: 1.434116143733263
  landing: 0.01916874386370182
  view-data: 0.024849819019436836
