times:
  edit-metadata: 0.857560507953167
  landing: 0.13647044589743018
  view-data: 0.3169158040545881
