times:
  edit-metadata: 0.6148924566805363
  landing: 0.04634877108037472
  view-data: 0.2170943571254611
