times:
  edit-metadata: 0.6062759617343545
  landing: 0.048871319741010666
  view-data: 0.21340924594551325
