times:
  edit-metadata: 1.4163895789533854
  landing: 0.12387908808887005
  view-data: 0.29942203126847744
