times:
  edit-metadata: 0.5828880099579692
  landing: 0.07323025772348046
  view-data: 0.22509172186255455
