times:
  edit-metadata: 0.8633312759920955
  landing: 0.06782966433092952
  view-data: 0.20078181521967053
