times:
  edit-metadata: 1.422538259997964
  landing: 0.11486253887414932
  view-data: 0.026539845392107964
