times:
  edit-metadata: 0.6989524029195309
  landing: 0.04677659086883068
  view-data: 0.2157866358757019
