times:
  edit-metadata: 0.5661616371944547
  landing: 0.07939208718016744
  view-data: 0.30408055102452636
