times:
  edit-metadata: 1.3884487487375736
  landing: 0.019478928297758102
  view-data: 0.028139764443039894
