times:
  edit-metadata: 1.4086862578988075
  landing: 0.022641759365797043
  view-data: 0.023243339732289314
