times:
  edit-metadata: 1.9790432751178741
  landing: 0.027791129425168037
  view-data: 0.14969324506819248
