times:
  edit-metadata: 0.5878204009495676
  landing: 0.08253493020310998
  view-data: 0.2029112223535776
