times:
  edit-metadata: 0.64122308883816
  landing: 0.07124023837968707
  view-data: 0.32995880022644997
