times:
  edit-metadata: 0.7757203858345747
  landing: 0.14942700788378716
  view-data: 0.25439546117559075
