times:
  edit-metadata: 0.5621360493823886
  landing: 0.059793169144541025
  view-data: 0.22558549465611577
