times:
  edit-metadata: 1.6767613142728806
  landing: 0.15349603444337845
  view-data: 0.39452510699629784
