times:
  edit-metadata: 1.6421823278069496
  landing: 0.23686171136796474
  view-data: 0.29399169981479645
