times:
  edit-metadata: 1.5991559345275164
  landing: 0.15429250337183475
  view-data: 0.3353349845856428
