times:
  edit-metadata: 0.45137668028473854
  landing: 0.04374899249523878
  view-data: 0.33139577973634005
