times:
  edit-metadata: 0.43053273390978575
  landing: 0.049159723334014416
  view-data: 0.45269905496388674
