times:
  edit-metadata: 0.44080145098268986
  landing: 0.04990888573229313
  view-data: 0.3470828291028738
