times:
  edit-metadata: 0.4378397590480745
  landing: 0.04369595134630799
  view-data: 0.5567226666025817
