times:
  edit-metadata: 0.4375173388980329
  landing: 0.051579286344349384
  view-data: 0.3261501118540764
