times:
  edit-metadata: 0.44814770901575685
  landing: 0.05101498914882541
  view-data: 0.4532815180718899
