times:
  edit-metadata: 0.4441693420521915
  landing: 0.04639875702559948
  view-data: 0.2155063347890973
