times:
  edit-metadata: 0.4351069647818804
  landing: 0.04658401105552912
  view-data: 0.21193453297019005
