times:
  edit-metadata: 0.4561725100502372
  landing: 0.04036899469792843
  view-data: 0.22516214288771152
