times:
  edit-metadata: 0.4378851670771837
  landing: 0.049818266183137894
  view-data: 0.20186654012650251
