times:
  edit-metadata: 1.5443217726424336
  landing: 0.23199604451656342
  view-data: 0.022803617641329765
