times:
  edit-metadata: 1.5616852240636945
  landing: 0.12701157666742802
  view-data: 0.024127003736793995
