times:
  edit-metadata: 1.8417311906814575
  landing: 0.02213391102850437
  view-data: 0.15827692113816738
