times:
  edit-metadata: 1.4690175224095583
  landing: 0.020698091946542263
  view-data: 0.12528669368475676
