times:
  edit-metadata: 0.8270471920259297
  landing: 0.13751550391316414
  view-data: 0.322091531008482
