times:
  edit-metadata: 1.6252384651452303
  landing: 0.020365411415696144
  view-data: 0.024974869564175606
