times:
  edit-metadata: 1.6263102795928717
  landing: 0.01882564276456833
  view-data: 0.1133813876658678
