times:
  edit-metadata: 1.7624588077887893
  landing: 0.02003004401922226
  view-data: 0.2519063213840127
