times:
  edit-metadata: 2.240093095228076
  landing: 0.35519084706902504
  view-data: 0.36809868179261684
