times:
  edit-metadata: 2.145789487287402
  landing: 0.1822117492556572
  view-data: 0.46214903704822063
