times:
  edit-metadata: 0.7921019117347896
  landing: 0.09207683289423585
  view-data: 0.23316533025354147
