times:
  edit-metadata: 0.9351506400853395
  landing: 0.047121888026595116
  view-data: 0.2133814012631774
