times:
  edit-metadata: 1.5924274884164333
  landing: 0.01968793012201786
  view-data: 0.022807810455560684
