times:
  edit-metadata: 2.260816751047969
  landing: 0.2924058511853218
  view-data: 0.18284275569021702
