times:
  edit-metadata: 1.8096731770783663
  landing: 0.1604791209101677
  view-data: 0.3174884933978319
