times:
  edit-metadata: 1.5899406410753727
  landing: 0.20361821725964546
  view-data: 0.3702158611267805
