times:
  edit-metadata: 1.5703269056975842
  landing: 0.01943928748369217
  view-data: 0.30469137243926525
