times:
  edit-metadata: 0.6657180287875235
  landing: 0.046411313116550446
  view-data: 0.22394108586013317
