times:
  edit-metadata: 1.692565517500043
  landing: 0.024009648710489273
  view-data: 0.1423167884349823
