times:
  edit-metadata: 1.5821927264332771
  landing: 0.02083745039999485
  view-data: 0.02471988834440708
