times:
  edit-metadata: 1.6018169578164816
  landing: 0.18011768721044064
  view-data: 0.1276125805452466
