times:
  edit-metadata: 1.6967685595154762
  landing: 0.17225241847336292
  view-data: 0.1371910059824586
