times:
  edit-metadata: 1.5631500985473394
  landing: 0.01991383358836174
  view-data: 0.025926854461431503
