times:
  edit-metadata: 1.7880922928452492
  landing: 0.1574882585555315
  view-data: 0.02556592971086502
