times:
  edit-metadata: 1.9555488489568233
  landing: 0.13338742963969707
  view-data: 0.1574579607695341
