times:
  edit-metadata: 1.7730093244463205
  landing: 0.030401792377233505
  view-data: 0.33950985968112946
