times:
  edit-metadata: 1.7094552237540483
  landing: 0.022223850712180138
  view-data: 0.4181002862751484
