times:
  edit-metadata: 1.665767265483737
  landing: 0.02316977083683014
  view-data: 0.02611531876027584
