times:
  edit-metadata: 2.090284936130047
  landing: 0.023516424000263214
  view-data: 0.03017694130539894
