times:
  edit-metadata: 0.6494502169080079
  landing: 0.04970165202394128
  view-data: 0.5732023189775646
