times:
  edit-metadata: 0.7430102322250605
  landing: 0.041436794213950634
  view-data: 0.2182638100348413
