times:
  edit-metadata: 1.466850914992392
  landing: 0.020338126458227634
  view-data: 0.025229383260011673
