times:
  edit-metadata: 1.5897844918072224
  landing: 0.01860508881509304
  view-data: 0.12090327218174934
