times:
  edit-metadata: 1.563680361956358
  landing: 0.19760733842849731
  view-data: 0.024903539568185806
