times:
  edit-metadata: 1.6335267908871174
  landing: 0.020125722512602806
  view-data: 0.3231791965663433
