times:
  edit-metadata: 1.5694242361932993
  landing: 0.0222596637904644
  view-data: 0.3094593081623316
