times:
  edit-metadata: 2.0077810706570745
  landing: 0.0193891953676939
  view-data: 0.021891411393880844
