times:
  edit-metadata: 1.7642166763544083
  landing: 0.05170978605747223
  view-data: 0.3343480285257101
