times:
  edit-metadata: 1.6316460613161325
  landing: 0.02014589123427868
  view-data: 0.10079649090766907
