times:
  edit-metadata: 1.5541966063901782
  landing: 0.20722163934260607
  view-data: 0.4494494292885065
