times:
  edit-metadata: 1.7043563518673182
  landing: 0.024722663685679436
  view-data: 0.2757158447057009
