times:
  edit-metadata: 0.7276887972839177
  landing: 0.05444483505561948
  view-data: 0.29293306916952133
