times:
  edit-metadata: 1.6413178071379662
  landing: 0.02105976641178131
  view-data: 0.1435628980398178
