times:
  edit-metadata: 1.8041319586336613
  landing: 0.15576228871941566
  view-data: 0.3248201049864292
