times:
  edit-metadata: 1.879706159234047
  landing: 0.046483997255563736
  view-data: 0.055802442133426666
