times:
  edit-metadata: 0.7003392009064555
  landing: 0.07042954303324223
  view-data: 0.23227755026891828
