times:
  edit-metadata: 1.4616205422207713
  landing: 0.2235525855794549
  view-data: 0.02343418449163437
