times:
  edit-metadata: 1.5856461310759187
  landing: 0.02118685655295849
  view-data: 0.4195740856230259
