times:
  edit-metadata: 0.7239698069170117
  landing: 0.04799034399911761
  view-data: 0.24556435830891132
