times:
  edit-metadata: 2.0934578981250525
  landing: 0.330051826313138
  view-data: 0.6846909150481224
