times:
  edit-metadata: 1.8868370354175568
  landing: 0.22171867825090885
  view-data: 0.4132535345852375
