times:
  edit-metadata: 0.6743068140931427
  landing: 0.07028812589123845
  view-data: 0.2531334860250354
