times:
  edit-metadata: 0.8879145211540163
  landing: 0.04657618887722492
  view-data: 0.2294308659620583
