times:
  edit-metadata: 1.7255713660269976
  landing: 0.019306840375065804
  view-data: 0.2784127052873373
