times:
  edit-metadata: 1.7363034337759018
  landing: 0.025504807010293007
  view-data: 0.14273105189204216
