times:
  edit-metadata: 1.6302385870367289
  landing: 0.02168041653931141
  view-data: 0.02465878054499626
