times:
  edit-metadata: 1.6133095007389784
  landing: 0.01956307515501976
  view-data: 0.3153057396411896
