times:
  edit-metadata: 1.615363409742713
  landing: 0.1503786090761423
  view-data: 0.025535449385643005
