times:
  edit-metadata: 1.5877416487783194
  landing: 0.11277345940470695
  view-data: 0.3081154525279999
