times:
  edit-metadata: 1.5500749330967665
  landing: 0.018651437014341354
  view-data: 0.2930812742561102
