times:
  edit-metadata: 1.6261807940900326
  landing: 0.019760447554290295
  view-data: 0.48856224585324526
