times:
  edit-metadata: 1.584493389353156
  landing: 0.023746585473418236
  view-data: 0.12721522338688374
