times:
  edit-metadata: 1.6123424600809813
  landing: 0.01982676237821579
  view-data: 0.023341236636042595
