times:
  edit-metadata: 1.848605228587985
  landing: 0.05722213163971901
  view-data: 0.36800319515168667
