times:
  edit-metadata: 2.1501682456582785
  landing: 0.020608823746442795
  view-data: 0.02451077476143837
