times:
  edit-metadata: 1.5942080281674862
  landing: 0.20919773168861866
  view-data: 0.022770565003156662
