times:
  edit-metadata: 1.6130677200853825
  landing: 0.02402899693697691
  view-data: 0.43371704313904047
