times:
  edit-metadata: 1.5786461308598518
  landing: 0.020417403429746628
  view-data: 0.026316747069358826
