times:
  edit-metadata: 1.8749948143959045
  landing: 0.3492972031235695
  view-data: 0.14043149165809155
