times:
  edit-metadata: 1.5551803456619382
  landing: 0.028117965906858444
  view-data: 0.4233444184064865
