times:
  edit-metadata: 1.6915534418076277
  landing: 0.01891195960342884
  view-data: 0.022826967760920525
