times:
  edit-metadata: 2.86948973685503
  landing: 0.26719670556485653
  view-data: 0.4599730186164379
