times:
  edit-metadata: 1.6073702350258827
  landing: 0.023085106164216995
  view-data: 0.10251184739172459
