times:
  edit-metadata: 2.0920390859246254
  landing: 0.02068122662603855
  view-data: 0.030289823189377785
