times:
  edit-metadata: 1.9512625560164452
  landing: 0.3372065629810095
  view-data: 0.4746537934988737
