times:
  edit-metadata: 1.5561187379062176
  landing: 0.15165954269468784
  view-data: 0.13912575505673885
