times:
  edit-metadata: 0.7621723180636764
  landing: 0.0863098381087184
  view-data: 0.30149794602766633
