times:
  edit-metadata: 1.6547207795083523
  landing: 0.2358338199555874
  view-data: 0.5283373109996319
