times:
  edit-metadata: 1.6441220380365849
  landing: 0.019409840926527977
  view-data: 0.1417553462088108
