times:
  edit-metadata: 1.5860000718384981
  landing: 0.022414510138332844
  view-data: 0.026601110585033894
