times:
  edit-metadata: 0.7875817660242319
  landing: 0.07493036007508636
  view-data: 0.22484218701720238
