times:
  edit-metadata: 1.5976571254432201
  landing: 0.2090227920562029
  view-data: 0.3228591848164797
