times:
  edit-metadata: 1.5669582188129425
  landing: 0.02099749818444252
  view-data: 0.024894101545214653
