times:
  edit-metadata: 0.680830140132457
  landing: 0.05442955903708935
  view-data: 0.2213502167724073
