times:
  edit-metadata: 1.5806822581216693
  landing: 0.18523823376744986
  view-data: 0.024132775142788887
