times:
  edit-metadata: 2.828738523647189
  landing: 0.08283565379679203
  view-data: 0.023906931281089783
