times:
  edit-metadata: 1.6041073203086853
  landing: 0.15236628986895084
  view-data: 0.022493459284305573
