times:
  edit-metadata: 0.6427428359165788
  landing: 0.09605120401829481
  view-data: 0.32492834609001875
