times:
  edit-metadata: 1.6093507204204798
  landing: 0.14653095789253712
  view-data: 0.14156448282301426
