times:
  edit-metadata: 1.5684714559465647
  landing: 0.026836035773158073
  view-data: 0.3212566766887903
