times:
  edit-metadata: 2.7289068319951184
  landing: 0.31161721202079207
  view-data: 0.37784423600533046
