times:
  edit-metadata: 1.5962801314890385
  landing: 0.01892060413956642
  view-data: 0.022804101929068565
