times:
  edit-metadata: 1.5664453599601984
  landing: 0.020353375002741814
  view-data: 0.0284239174798131
