times:
  edit-metadata: 1.501276332885027
  landing: 0.02099063526839018
  view-data: 0.11793581955134869
