times:
  edit-metadata: 1.5505993906408548
  landing: 0.216971293091774
  view-data: 0.023050514981150627
