times:
  edit-metadata: 0.6584501988254488
  landing: 0.051427874248474836
  view-data: 0.22265960089862347
