times:
  edit-metadata: 2.1763008516281843
  landing: 0.2507369015365839
  view-data: 0.1294085942208767
