times:
  edit-metadata: 1.7517635934054852
  landing: 0.020290017127990723
  view-data: 0.22643522173166275
