times:
  edit-metadata: 1.616908635944128
  landing: 0.020477719604969025
  view-data: 0.12414144910871983
