times:
  edit-metadata: 1.5343426931649446
  landing: 0.25137602910399437
  view-data: 0.024849570356309414
