times:
  edit-metadata: 1.5326128359884024
  landing: 0.01944633759558201
  view-data: 0.1449892856180668
