times:
  edit-metadata: 0.9284795657731593
  landing: 0.08677565678954124
  view-data: 0.22342854784801602
