times:
  edit-metadata: 1.5837031453847885
  landing: 0.1353382058441639
  view-data: 0.3154698573052883
