times:
  edit-metadata: 1.547938283532858
  landing: 0.019531074911355972
  view-data: 0.0253737960010767
