times:
  edit-metadata: 1.561248678714037
  landing: 0.020964166149497032
  view-data: 0.026904625818133354
