times:
  edit-metadata: 1.6317541357129812
  landing: 0.12210287153720856
  view-data: 0.024321524426341057
