times:
  edit-metadata: 0.6595662222243845
  landing: 0.047045901883393526
  view-data: 0.22600041795521975
