times:
  edit-metadata: 1.57948091160506
  landing: 0.019567224197089672
  view-data: 0.386110320687294
