times:
  edit-metadata: 1.9805456083267927
  landing: 0.2628965489566326
  view-data: 0.024950720369815826
