times:
  edit-metadata: 1.8692531529814005
  landing: 0.13181293569505215
  view-data: 0.3043190985918045
