times:
  edit-metadata: 1.6940621808171272
  landing: 0.1358730597421527
  view-data: 0.13281947374343872
