times:
  edit-metadata: 1.5832206327468157
  landing: 0.019816219806671143
  view-data: 0.022364579141139984
