times:
  edit-metadata: 1.5561024695634842
  landing: 0.024595020338892937
  view-data: 0.027164211496710777
