times:
  edit-metadata: 1.7067041490226984
  landing: 0.022003956139087677
  view-data: 0.25003986433148384
