times:
  edit-metadata: 1.6279270481318235
  landing: 0.13802817463874817
  view-data: 0.025478998199105263
