times:
  edit-metadata: 1.760317623615265
  landing: 0.2890659775584936
  view-data: 0.3493301272392273
