times:
  edit-metadata: 1.6374277137219906
  landing: 0.01898987405002117
  view-data: 0.13374702259898186
