times:
  edit-metadata: 0.6584784835577011
  landing: 0.05477761384099722
  view-data: 0.21601135097444057
