times:
  edit-metadata: 1.6014065146446228
  landing: 0.0190543532371521
  view-data: 0.02593388222157955
