times:
  edit-metadata: 1.6575279850512743
  landing: 0.020049303770065308
  view-data: 0.37205997481942177
