times:
  edit-metadata: 0.9245504341088235
  landing: 0.058347566053271294
  view-data: 0.3387952479533851
