times:
  edit-metadata: 1.8576839119195938
  landing: 0.3618830945342779
  view-data: 0.4113145712763071
