times:
  edit-metadata: 1.5900815576314926
  landing: 0.022479979321360588
  view-data: 0.02506353333592415
