times:
  edit-metadata: 1.975920993834734
  landing: 0.020297924056649208
  view-data: 0.3844086956232786
