times:
  edit-metadata: 1.8133780602365732
  landing: 0.32084207609295845
  view-data: 0.3478400129824877
