times:
  edit-metadata: 0.6649592858739197
  landing: 0.0462973709218204
  view-data: 0.224691950250417
