times:
  edit-metadata: 1.5836936980485916
  landing: 0.018732989206910133
  view-data: 0.2864619828760624
