times:
  edit-metadata: 1.623216301202774
  landing: 0.16237505339086056
  view-data: 0.1291665192693472
