times:
  edit-metadata: 2.248101267963648
  landing: 0.2060626782476902
  view-data: 0.18405634723603725
