times:
  edit-metadata: 0.8379892739467323
  landing: 0.04771822923794389
  view-data: 0.23361085169017315
