times:
  edit-metadata: 1.6829588804394007
  landing: 0.02307301200926304
  view-data: 0.0272132009267807
