times:
  edit-metadata: 1.8595687206834555
  landing: 0.2644498888403177
  view-data: 0.3786083236336708
