times:
  edit-metadata: 1.7615982182323933
  landing: 0.1306413747370243
  view-data: 0.579962158575654
