times:
  edit-metadata: 1.5589629067108035
  landing: 0.19778283219784498
  view-data: 0.02701315563172102
