times:
  edit-metadata: 1.5290911262854934
  landing: 0.12117451056838036
  view-data: 0.32125910464674234
