times:
  edit-metadata: 1.5865151677280664
  landing: 0.18157097417861223
  view-data: 0.29630472231656313
