times:
  edit-metadata: 0.6562917311675847
  landing: 0.04698191303759813
  view-data: 0.21544090611860156
