times:
  edit-metadata: 1.5664291214197874
  landing: 0.14389837346971035
  view-data: 0.02593693695962429
