times:
  edit-metadata: 1.6919697429984808
  landing: 0.02008887007832527
  view-data: 0.17348110303282738
