times:
  edit-metadata: 2.1783830858767033
  landing: 0.21779259573668242
  view-data: 0.20199316833168268
