times:
  edit-metadata: 1.9485793486237526
  landing: 0.1853376254439354
  view-data: 0.03324591554701328
