times:
  edit-metadata: 1.6221194732934237
  landing: 0.18730873707681894
  view-data: 0.26818446442484856
