times:
  edit-metadata: 0.7672616504132748
  landing: 0.07900681300088763
  view-data: 0.22888725623488426
