times:
  edit-metadata: 1.588231235742569
  landing: 0.01962599717080593
  view-data: 0.1204868946224451
