times:
  edit-metadata: 1.6296123005449772
  landing: 0.1399094220250845
  view-data: 0.3285999223589897
