times:
  edit-metadata: 2.0199760030955076
  landing: 0.019115272909402847
  view-data: 0.15231038816273212
