times:
  edit-metadata: 0.9042129567824304
  landing: 0.12614559242501855
  view-data: 0.2996401651762426
