times:
  edit-metadata: 1.6813056897372007
  landing: 0.14933406561613083
  view-data: 0.022542620077729225
