times:
  edit-metadata: 1.8016901798546314
  landing: 0.02234303578734398
  view-data: 0.026455475017428398
