times:
  edit-metadata: 2.17538820579648
  landing: 0.2684731464833021
  view-data: 0.13950368389487267
