times:
  edit-metadata: 1.507486842572689
  landing: 0.1348571190610528
  view-data: 0.47299109026789665
