times:
  edit-metadata: 1.921819617971778
  landing: 0.01974532939493656
  view-data: 0.02219503652304411
