times:
  edit-metadata: 0.9711124370805919
  landing: 0.07912949472665787
  view-data: 0.3147885808721185
