times:
  edit-metadata: 1.9076361302286386
  landing: 0.1919925343245268
  view-data: 0.43180335871875286
