times:
  edit-metadata: 1.5444171577692032
  landing: 0.02155785635113716
  view-data: 0.023728065192699432
