times:
  edit-metadata: 0.6897833296097815
  landing: 0.0663661640137434
  view-data: 0.22566265100613236
