times:
  edit-metadata: 1.579338300973177
  landing: 0.11612360179424286
  view-data: 0.28787179850041866
