times:
  edit-metadata: 2.164106572046876
  landing: 0.19442679546773434
  view-data: 0.4635658413171768
