times:
  edit-metadata: 1.655871532857418
  landing: 0.11224071867763996
  view-data: 0.02712247334420681
