times:
  edit-metadata: 1.5586272608488798
  landing: 0.021739916875958443
  view-data: 0.024941783398389816
