times:
  edit-metadata: 1.5486772377043962
  landing: 0.219065323472023
  view-data: 0.11893978901207447
