times:
  edit-metadata: 1.5251384917646646
  landing: 0.01948517933487892
  view-data: 0.022621992975473404
