times:
  edit-metadata: 1.5670432839542627
  landing: 0.12169267237186432
  view-data: 0.025908246636390686
