times:
  edit-metadata: 1.5558819882571697
  landing: 0.020498456433415413
  view-data: 0.027458593249320984
