times:
  edit-metadata: 1.664996074512601
  landing: 0.19853164069354534
  view-data: 0.2572167394682765
