times:
  edit-metadata: 1.75562241114676
  landing: 0.20895021595060825
  view-data: 0.1738939080387354
