times:
  edit-metadata: 1.6452733017504215
  landing: 0.11230883002281189
  view-data: 0.026281215250492096
