times:
  edit-metadata: 1.606469402089715
  landing: 0.22524871490895748
  view-data: 0.02450268715620041
