times:
  edit-metadata: 1.7871387526392937
  landing: 0.022109143435955048
  view-data: 0.12065968103706837
