times:
  edit-metadata: 1.5963733736425638
  landing: 0.20220624841749668
  view-data: 0.33654286712408066
