times:
  edit-metadata: 1.3627722691744566
  landing: 0.15076533891260624
  view-data: 0.024723997339606285
