times:
  edit-metadata: 1.2951259231194854
  landing: 0.12591191288083792
  view-data: 0.13223081454634666
