times:
  edit-metadata: 1.3776053451001644
  landing: 0.1279212199151516
  view-data: 0.02484426088631153
