times:
  edit-metadata: 1.2867366131395102
  landing: 0.020477752201259136
  view-data: 0.024383381009101868
