times:
  edit-metadata: 1.5498492196202278
  landing: 0.02349647507071495
  view-data: 0.33491394855082035
