times:
  edit-metadata: 1.4231876451522112
  landing: 0.019570983946323395
  view-data: 0.2754750046879053
