times:
  edit-metadata: 1.33829184807837
  landing: 0.020897042006254196
  view-data: 0.024452047422528267
