times:
  edit-metadata: 0.48662854731082916
  landing: 0.04216320812702179
  view-data: 0.19728880748152733
