times:
  edit-metadata: 1.328701863065362
  landing: 0.020991306751966476
  view-data: 0.027129794470965862
