times:
  edit-metadata: 1.5064013469964266
  landing: 0.019006578251719475
  view-data: 0.023331785574555397
