times:
  edit-metadata: 1.5309190936386585
  landing: 0.026029491797089577
  view-data: 0.3906936850398779
