times:
  edit-metadata: 0.4858628185465932
  landing: 0.04452959913760424
  view-data: 0.21699502877891064
