times:
  edit-metadata: 1.2896646410226822
  landing: 0.020599677227437496
  view-data: 0.11632244288921356
