times:
  edit-metadata: 1.4811253119260073
  landing: 0.019303983077406883
  view-data: 0.26335224136710167
