times:
  edit-metadata: 1.2988333888351917
  landing: 0.02150271087884903
  view-data: 0.0242495434358716
