times:
  edit-metadata: 1.3989444095641375
  landing: 0.11203811131417751
  view-data: 0.37431973963975906
