times:
  edit-metadata: 1.3363209515810013
  landing: 0.146553386002779
  view-data: 0.024119216948747635
