times:
  edit-metadata: 1.3202152643352747
  landing: 0.018843122757971287
  view-data: 0.12152495235204697
