times:
  edit-metadata: 1.7740384470671415
  landing: 0.020578167401254177
  view-data: 0.02760640438646078
