times:
  edit-metadata: 0.5527711119502783
  landing: 0.05355723574757576
  view-data: 0.20702425576746464
