times:
  edit-metadata: 1.3289943626150489
  landing: 0.17067505232989788
  view-data: 0.11984747927635908
