times:
  edit-metadata: 1.4661111067980528
  landing: 0.022330380976200104
  view-data: 0.12485936190932989
