times:
  edit-metadata: 1.370209414511919
  landing: 0.020883683115243912
  view-data: 0.026736820116639137
