times:
  edit-metadata: 1.3522208016365767
  landing: 0.021628431975841522
  view-data: 0.1373260747641325
