times:
  edit-metadata: 1.3389884727075696
  landing: 0.14467019867151976
  view-data: 0.025745482183992863
