times:
  edit-metadata: 1.3534167241305113
  landing: 0.02098432369530201
  view-data: 0.028479034081101418
