times:
  edit-metadata: 1.3035815870389342
  landing: 0.11446455121040344
  view-data: 0.12205732613801956
