times:
  edit-metadata: 1.3723185658454895
  landing: 0.02087825909256935
  view-data: 0.023666152730584145
