times:
  edit-metadata: 1.2883671186864376
  landing: 0.01904558576643467
  view-data: 0.026640046387910843
