times:
  edit-metadata: 0.5764627703465521
  landing: 0.0527825178578496
  view-data: 0.21021470380946994
