times:
  edit-metadata: 1.3341661989688873
  landing: 0.02212212048470974
  view-data: 0.026281703263521194
