times:
  edit-metadata: 1.3699281783774495
  landing: 0.020343818701803684
  view-data: 0.033772881142795086
