times:
  edit-metadata: 1.7670919392257929
  landing: 0.22942296043038368
  view-data: 0.41926808282732964
