times:
  edit-metadata: 1.4830176662653685
  landing: 0.11288280598819256
  view-data: 0.14985673874616623
