times:
  edit-metadata: 1.3312917985022068
  landing: 0.15916789136826992
  view-data: 0.024949347600340843
