times:
  edit-metadata: 1.8584046233445406
  landing: 0.019671956077218056
  view-data: 0.028397683054208755
