times:
  edit-metadata: 0.4896798338741064
  landing: 0.05216594319790602
  view-data: 0.21657289657741785
