times:
  edit-metadata: 1.3430270832031965
  landing: 0.027442539110779762
  view-data: 0.27346254512667656
