times:
  edit-metadata: 1.7832002956420183
  landing: 0.31423236057162285
  view-data: 0.47039862908422947
