times:
  edit-metadata: 1.4518594536930323
  landing: 0.02229718491435051
  view-data: 0.027645079419016838
