times:
  edit-metadata: 1.3526271265000105
  landing: 0.020504556596279144
  view-data: 0.028420441783964634
