times:
  edit-metadata: 1.323651596903801
  landing: 0.01999909058213234
  view-data: 0.3200034908950329
