times:
  edit-metadata: 1.3245752146467566
  landing: 0.022757687605917454
  view-data: 0.024890984408557415
