times:
  edit-metadata: 1.398342428728938
  landing: 0.022025099024176598
  view-data: 0.12868636474013329
