times:
  edit-metadata: 1.289653591811657
  landing: 0.019996714778244495
  view-data: 0.12457244843244553
