times:
  edit-metadata: 1.3066011583432555
  landing: 0.01971922442317009
  view-data: 0.025337797589600086
