times:
  edit-metadata: 2.065958747640252
  landing: 0.1907971389591694
  view-data: 0.3795046880841255
