times:
  edit-metadata: 1.4673998216167092
  landing: 0.04818321485072374
  view-data: 0.04501096531748772
