times:
  edit-metadata: 1.3232502397149801
  landing: 0.020755396224558353
  view-data: 0.39612310472875834
