times:
  edit-metadata: 0.5587936127558351
  landing: 0.0453056488186121
  view-data: 0.22718291217461228
