times:
  edit-metadata: 1.2969610588625073
  landing: 0.021236072294414043
  view-data: 0.478466534987092
