times:
  edit-metadata: 0.4658519336953759
  landing: 0.036967252381145954
  view-data: 0.32908098958432674
