times:
  edit-metadata: 0.46112062595784664
  landing: 0.041856410913169384
  view-data: 0.1946104746311903
