times:
  edit-metadata: 0.465263944119215
  landing: 0.04505196399986744
  view-data: 0.20386118534952402
