times:
  edit-metadata: 0.4576606024056673
  landing: 0.04042767267674208
  view-data: 0.34629297349601984
