times:
  edit-metadata: 1.3925754968076944
  landing: 0.02141531929373741
  view-data: 0.027295267209410667
