times:
  edit-metadata: 1.546233767643571
  landing: 0.279044222086668
  view-data: 0.3734109718352556
