times:
  edit-metadata: 1.3968752976506948
  landing: 0.023814947344362736
  view-data: 0.24812777899205685
