times:
  edit-metadata: 0.5301252664066851
  landing: 0.06439294805750251
  view-data: 0.21860301913693547
