times:
  edit-metadata: 1.3163714529946446
  landing: 0.019880360923707485
  view-data: 0.027691169641911983
