times:
  edit-metadata: 0.4591827718541026
  landing: 0.04771515820175409
  view-data: 0.1993479672819376
