times:
  edit-metadata: 1.3282062485814095
  landing: 0.12591028399765491
  view-data: 0.026523027569055557
