times:
  edit-metadata: 1.9962549787014723
  landing: 0.02097596600651741
  view-data: 0.027694102376699448
