times:
  edit-metadata: 1.3103027828037739
  landing: 0.019334793090820312
  view-data: 0.42026436794549227
