times:
  edit-metadata: 1.5293005555868149
  landing: 0.15362802147865295
  view-data: 0.4000526648014784
