times:
  edit-metadata: 1.4214305132627487
  landing: 0.11899909190833569
  view-data: 0.02551436237990856
