times:
  edit-metadata: 1.6064464431256056
  landing: 0.15557930804789066
  view-data: 0.3328937850892544
