times:
  edit-metadata: 1.3014891259372234
  landing: 0.021613385528326035
  view-data: 0.026333840563893318
