times:
  edit-metadata: 1.4136046878993511
  landing: 0.19064082950353622
  view-data: 0.14746063016355038
