times:
  edit-metadata: 1.3991685267537832
  landing: 0.022119469940662384
  view-data: 0.02419693674892187
