times:
  edit-metadata: 1.4727467596530914
  landing: 0.1623649913817644
  view-data: 0.37603553384542465
