times:
  edit-metadata: 1.4317931532859802
  landing: 0.235012361779809
  view-data: 0.13724866323173046
