times:
  edit-metadata: 0.5178383220918477
  landing: 0.06470645312219858
  view-data: 0.2114308774471283
