times:
  edit-metadata: 1.2967116655781865
  landing: 0.02044228557497263
  view-data: 0.026523355394601822
