times:
  edit-metadata: 1.4162586573511362
  landing: 0.22915344964712858
  view-data: 0.41532136406749487
