times:
  edit-metadata: 1.6804461609572172
  landing: 0.17636538483202457
  view-data: 0.03282936103641987
