times:
  edit-metadata: 1.3444980848580599
  landing: 0.021432096138596535
  view-data: 0.025897745043039322
