times:
  edit-metadata: 1.3434443287551403
  landing: 0.019331397488713264
  view-data: 0.026567941531538963
