times:
  edit-metadata: 0.5191555782221258
  landing: 0.11551102297380567
  view-data: 0.2749002827331424
