times:
  edit-metadata: 1.4141951370984316
  landing: 0.021643545478582382
  view-data: 0.22079745028167963
