times:
  edit-metadata: 0.5651675499975681
  landing: 0.0962219056673348
  view-data: 0.28912263782694936
