times:
  edit-metadata: 1.320309136994183
  landing: 0.020360328257083893
  view-data: 0.02688437607139349
