times:
  edit-metadata: 1.31782940402627
  landing: 0.024017011746764183
  view-data: 0.12792381830513477
