times:
  edit-metadata: 1.3217843901365995
  landing: 0.022746792063117027
  view-data: 0.4612606754526496
