times:
  edit-metadata: 0.48402724601328373
  landing: 0.05055416468530893
  view-data: 0.32913775369524956
