times:
  edit-metadata: 0.47343264427036047
  landing: 0.05457202531397343
  view-data: 0.20521039329469204
