times:
  edit-metadata: 1.326499911956489
  landing: 0.020925317890942097
  view-data: 0.025171144865453243
