times:
  edit-metadata: 1.3300200589001179
  landing: 0.020664053969085217
  view-data: 0.02376650460064411
