times:
  edit-metadata: 0.476843168027699
  landing: 0.04180703964084387
  view-data: 0.2037597931921482
