times:
  edit-metadata: 1.3207609066739678
  landing: 0.021959086880087852
  view-data: 0.028689841739833355
