times:
  edit-metadata: 1.2963437158614397
  landing: 0.02449660375714302
  view-data: 0.026641644537448883
