times:
  edit-metadata: 1.3542219754308462
  landing: 0.02189704868942499
  view-data: 0.02331406529992819
