times:
  edit-metadata: 1.4116792613640428
  landing: 0.11752108670771122
  view-data: 0.026116473600268364
