times:
  edit-metadata: 1.3710399400442839
  landing: 0.19345148466527462
  view-data: 0.35063839703798294
