times:
  edit-metadata: 1.3506339695304632
  landing: 0.13757804967463017
  view-data: 0.13565765414386988
