times:
  edit-metadata: 0.48229398485273123
  landing: 0.04641350172460079
  view-data: 0.20040994510054588
