times:
  edit-metadata: 1.244479444809258
  landing: 0.02136984094977379
  view-data: 0.42003453336656094
