times:
  edit-metadata: 1.4197930190712214
  landing: 0.020949249155819416
  view-data: 0.4494224553927779
