times:
  edit-metadata: 1.321021156385541
  landing: 0.020037169568240643
  view-data: 0.025599909014999866
