times:
  edit-metadata: 1.2653664201498032
  landing: 0.02078873198479414
  view-data: 0.40723805874586105
