times:
  edit-metadata: 1.469072598963976
  landing: 0.19516173005104065
  view-data: 0.02810022421181202
