times:
  edit-metadata: 0.4910376500338316
  landing: 0.04278990998864174
  view-data: 0.20925816986709833
