times:
  edit-metadata: 1.4389632362872362
  landing: 0.14712993800640106
  view-data: 0.28532251715660095
