times:
  edit-metadata: 1.264064097777009
  landing: 0.020852535031735897
  view-data: 0.02697013970464468
