times:
  edit-metadata: 1.422959154471755
  landing: 0.02140311524271965
  view-data: 0.294103030115366
