times:
  edit-metadata: 1.3501841146498919
  landing: 0.020269944332540035
  view-data: 0.02513796091079712
