times:
  edit-metadata: 1.3130185194313526
  landing: 0.11604417487978935
  view-data: 0.024634002707898617
