times:
  edit-metadata: 1.4288017600774765
  landing: 0.021243399009108543
  view-data: 0.28727747686207294
