times:
  edit-metadata: 1.4735402557998896
  landing: 0.14240232110023499
  view-data: 0.023400165140628815
