times:
  edit-metadata: 1.2811456583440304
  landing: 0.022261589765548706
  view-data: 0.02598785236477852
