times:
  edit-metadata: 1.2736806264147162
  landing: 0.02022907231003046
  view-data: 0.026299539022147655
