times:
  edit-metadata: 1.4863954465836287
  landing: 0.02363523282110691
  view-data: 0.025222990661859512
