times:
  edit-metadata: 0.5295225302688777
  landing: 0.10179729899391532
  view-data: 0.23564158426597714
