times:
  edit-metadata: 1.399732731282711
  landing: 0.14460906945168972
  view-data: 0.03049461543560028
