times:
  edit-metadata: 1.3135007275268435
  landing: 0.17837969586253166
  view-data: 0.024937953799962997
