times:
  edit-metadata: 1.3354043159633875
  landing: 0.019727970473468304
  view-data: 0.02596404030919075
