times:
  edit-metadata: 1.3508581584319472
  landing: 0.019101276993751526
  view-data: 0.12333953659981489
