times:
  edit-metadata: 1.2711925655603409
  landing: 0.021500201895833015
  view-data: 0.02641083113849163
