times:
  edit-metadata: 0.6792110386304557
  landing: 0.04089675610885024
  view-data: 0.2569853882305324
