times:
  edit-metadata: 1.3373242057859898
  landing: 0.022700868546962738
  view-data: 0.025908763520419598
