times:
  edit-metadata: 0.4736596988514066
  landing: 0.05423108022660017
  view-data: 0.42216149251908064
