times:
  edit-metadata: 1.4163551405072212
  landing: 0.13678733259439468
  view-data: 0.02640414983034134
