times:
  edit-metadata: 1.3797680661082268
  landing: 0.020870850421488285
  view-data: 0.02528032660484314
