times:
  edit-metadata: 1.343993335030973
  landing: 0.022945767268538475
  view-data: 0.030184272676706314
