times:
  edit-metadata: 1.3208494111895561
  landing: 0.02015063352882862
  view-data: 0.12603231146931648
