times:
  edit-metadata: 1.5977755468338728
  landing: 0.25960061326622963
  view-data: 0.4315200597047806
