times:
  edit-metadata: 1.3463788516819477
  landing: 0.01836404763162136
  view-data: 0.023290211334824562
