times:
  edit-metadata: 1.3940427675843239
  landing: 0.0222513098269701
  view-data: 0.2468852363526821
