times:
  edit-metadata: 1.3423731066286564
  landing: 0.01965218223631382
  view-data: 0.10302244406193495
