times:
  edit-metadata: 1.3032295750454068
  landing: 0.018947101198136806
  view-data: 0.10185146052390337
