times:
  edit-metadata: 0.5457870769314468
  landing: 0.10424759332090616
  view-data: 0.3147727372124791
