times:
  edit-metadata: 1.290803149342537
  landing: 0.020456135272979736
  view-data: 0.026288170367479324
