times:
  edit-metadata: 1.3025713870301843
  landing: 0.14392424002289772
  view-data: 0.02580669429153204
