times:
  edit-metadata: 0.48108217492699623
  landing: 0.04026774503290653
  view-data: 0.1940090162679553
