times:
  edit-metadata: 1.2747674584388733
  landing: 0.12613784428685904
  view-data: 0.027397939004004
