times:
  edit-metadata: 1.4506925772875547
  landing: 0.019008785486221313
  view-data: 0.28151388466358185
