times:
  edit-metadata: 1.3396516581997275
  landing: 0.02170117385685444
  view-data: 0.027751843445003033
