times:
  edit-metadata: 1.9441718608140945
  landing: 0.18351502902805805
  view-data: 0.36846286430954933
