times:
  edit-metadata: 1.6108593679964542
  landing: 0.025823716074228287
  view-data: 0.16494113206863403
