times:
  edit-metadata: 1.3265811996534467
  landing: 0.024523913860321045
  view-data: 0.027549528516829014
