times:
  edit-metadata: 0.47280372586101294
  landing: 0.042007720563560724
  view-data: 0.4490808821283281
