times:
  edit-metadata: 1.5406461730599403
  landing: 0.1689925529062748
  view-data: 0.16438806615769863
