times:
  edit-metadata: 1.426995171001181
  landing: 0.0204698629968334
  view-data: 0.12448048900114372
