times:
  edit-metadata: 1.3099063355475664
  landing: 0.020661085844039917
  view-data: 0.023288503289222717
