times:
  edit-metadata: 1.2991337552666664
  landing: 0.01994946226477623
  view-data: 0.30237188935279846
