times:
  edit-metadata: 1.3773550931364298
  landing: 0.021594738587737083
  view-data: 0.10392988845705986
