times:
  edit-metadata: 1.3479785080999136
  landing: 0.019600888714194298
  view-data: 0.024642763659358025
