times:
  edit-metadata: 1.333637984469533
  landing: 0.02000679261982441
  view-data: 0.2872608583420515
