times:
  edit-metadata: 1.373724464327097
  landing: 0.020213115960359573
  view-data: 0.2921573556959629
