times:
  edit-metadata: 1.339019427075982
  landing: 0.020121419802308083
  view-data: 0.12301690503954887
