times:
  edit-metadata: 1.2703015208244324
  landing: 0.13843748718500137
  view-data: 0.32920737378299236
