times:
  edit-metadata: 1.4035082291811705
  landing: 0.01998872496187687
  view-data: 0.14905282855033875
