times:
  edit-metadata: 1.9320968315005302
  landing: 0.1996958591043949
  view-data: 0.028720976784825325
