times:
  edit-metadata: 1.2611574931070209
  landing: 0.019716558046638966
  view-data: 0.09765712823718786
