times:
  edit-metadata: 0.5014461418613791
  landing: 0.044795879162847996
  view-data: 0.22312503773719072
