times:
  edit-metadata: 1.478251801803708
  landing: 0.019818181172013283
  view-data: 0.10174081660807133
