times:
  edit-metadata: 1.4439067728817463
  landing: 0.02008901908993721
  view-data: 0.025164324790239334
