times:
  edit-metadata: 1.3049249518662691
  landing: 0.22738434746861458
  view-data: 0.12131783924996853
