times:
  edit-metadata: 1.5220988281071186
  landing: 0.11755619570612907
  view-data: 0.28553050197660923
