times:
  edit-metadata: 1.2889958173036575
  landing: 0.11721127666532993
  view-data: 0.02703225612640381
