times:
  edit-metadata: 1.9198518581688404
  landing: 0.023869283497333527
  view-data: 0.056828152388334274
