times:
  edit-metadata: 1.4194966033101082
  landing: 0.25719933956861496
  view-data: 0.1256012637168169
