times:
  edit-metadata: 1.4034440238028765
  landing: 0.019875625148415565
  view-data: 0.028880225494503975
