times:
  edit-metadata: 0.6272811437956989
  landing: 0.06888836482539773
  view-data: 0.3017116151750088
