times:
  edit-metadata: 1.396723324432969
  landing: 0.019737611524760723
  view-data: 0.4547611176967621
