times:
  edit-metadata: 1.355377258732915
  landing: 0.11606893874704838
  view-data: 0.024552853778004646
