times:
  edit-metadata: 0.46851013507694006
  landing: 0.04487619083374739
  view-data: 0.21308535058051348
