times:
  edit-metadata: 0.559648621827364
  landing: 0.07952480157837272
  view-data: 0.3189920950680971
