times:
  edit-metadata: 1.4457147121429443
  landing: 0.02161680907011032
  view-data: 0.026067480444908142
