times:
  edit-metadata: 1.2892260607331991
  landing: 0.022436099126935005
  view-data: 0.025334442034363747
