times:
  edit-metadata: 1.264600083231926
  landing: 0.02083695400506258
  view-data: 0.12233114801347256
