times:
  edit-metadata: 0.6338874362409115
  landing: 0.06109486985951662
  view-data: 0.21242418885231018
