times:
  edit-metadata: 1.3891677297651768
  landing: 0.02117088995873928
  view-data: 0.33745027892291546
