times:
  edit-metadata: 1.3687198730185628
  landing: 0.23513748683035374
  view-data: 0.42847453709691763
