times:
  edit-metadata: 0.5303642470389605
  landing: 0.06620806781575084
  view-data: 0.21254846407100558
