times:
  edit-metadata: 1.3597152158617973
  landing: 0.19821468368172646
  view-data: 0.2880837395787239
