times:
  edit-metadata: 1.71183180809021
  landing: 0.3211022764444351
  view-data: 0.3769341241568327
