times:
  edit-metadata: 0.4709360580891371
  landing: 0.04479521978646517
  view-data: 0.19605517759919167
