times:
  edit-metadata: 1.6276029385626316
  landing: 0.022183991968631744
  view-data: 0.02532060630619526
