times:
  edit-metadata: 1.5018521398305893
  landing: 0.19431708939373493
  view-data: 0.16106042079627514
