times:
  edit-metadata: 1.4742034040391445
  landing: 0.027779828757047653
  view-data: 0.1250087060034275
