times:
  edit-metadata: 0.6105232005938888
  landing: 0.11045993072912097
  view-data: 0.23784198192879558
