times:
  edit-metadata: 1.5320577956736088
  landing: 0.02151014283299446
  view-data: 0.0679045282304287
