times:
  edit-metadata: 0.4821526110172272
  landing: 0.0451462147757411
  view-data: 0.20061946101486683
