times:
  edit-metadata: 0.46540767792612314
  landing: 0.0453010369092226
  view-data: 0.31525192921981215
