times:
  edit-metadata: 1.5591894574463367
  landing: 0.2406285349279642
  view-data: 0.2579338550567627
