times:
  edit-metadata: 1.8321675639599562
  landing: 0.04291296936571598
  view-data: 0.026114609092473984
