times:
  edit-metadata: 1.848647851496935
  landing: 0.3214386720210314
  view-data: 0.4117848351597786
