times:
  edit-metadata: 1.4063764065504074
  landing: 0.16847971454262733
  view-data: 0.31046232394874096
