times:
  edit-metadata: 1.3819568315520883
  landing: 0.02274348959326744
  view-data: 0.025814509950578213
