times:
  edit-metadata: 0.5217465632595122
  landing: 0.06286805914714932
  view-data: 0.22517806524410844
