times:
  edit-metadata: 1.508429516106844
  landing: 0.16390648670494556
  view-data: 0.37958881072700024
