times:
  edit-metadata: 1.328872075304389
  landing: 0.018870282918214798
  view-data: 0.026905604638159275
