times:
  edit-metadata: 1.400083426386118
  landing: 0.18766993936151266
  view-data: 0.43325735721737146
