times:
  edit-metadata: 1.3524606293067336
  landing: 0.01940806955099106
  view-data: 0.11899030208587646
