times:
  edit-metadata: 1.5427834670990705
  landing: 0.024632584303617477
  view-data: 0.32710489071905613
