times:
  edit-metadata: 1.3994631599634886
  landing: 0.2120773196220398
  view-data: 0.025605056434869766
