times:
  edit-metadata: 1.8103790171444416
  landing: 0.018860080279409885
  view-data: 0.42668495513498783
