times:
  edit-metadata: 1.3900411538779736
  landing: 0.018994318321347237
  view-data: 0.10298146307468414
