times:
  edit-metadata: 1.4981802767142653
  landing: 0.316137638874352
  view-data: 0.28573172725737095
