times:
  edit-metadata: 1.289006993174553
  landing: 0.019700370728969574
  view-data: 0.13833424262702465
