times:
  edit-metadata: 1.319065736606717
  landing: 0.022502057254314423
  view-data: 0.026563825085759163
