times:
  edit-metadata: 0.6029181489720941
  landing: 0.0489493440836668
  view-data: 0.20967891765758395
