times:
  edit-metadata: 1.3070742525160313
  landing: 0.02264290116727352
  view-data: 0.024699950590729713
