times:
  edit-metadata: 0.49835984501987696
  landing: 0.044585488736629486
  view-data: 0.20642369333654642
