times:
  edit-metadata: 1.4167955834418535
  landing: 0.0207771435379982
  view-data: 0.023409701883792877
