times:
  edit-metadata: 1.5239917077124119
  landing: 0.02183232270181179
  view-data: 0.39242962189018726
