times:
  edit-metadata: 1.7109958278015256
  landing: 0.14566348306834698
  view-data: 0.022824229672551155
