times:
  edit-metadata: 1.760244713164866
  landing: 0.01996809709817171
  view-data: 0.02958484087139368
