times:
  edit-metadata: 1.373553154990077
  landing: 0.02173018455505371
  view-data: 0.027058256790041924
