times:
  edit-metadata: 1.7261461867019534
  landing: 0.024552696384489536
  view-data: 0.03035662230104208
