times:
  edit-metadata: 1.397396618500352
  landing: 0.022386139258742332
  view-data: 0.2411670759320259
