times:
  edit-metadata: 1.3777706511318684
  landing: 0.113329341635108
  view-data: 0.02491782046854496
