times:
  edit-metadata: 1.3143424587324262
  landing: 0.13440370373427868
  view-data: 0.1231329282745719
