times:
  edit-metadata: 1.3385252738371491
  landing: 0.021584701724350452
  view-data: 0.02391560561954975
