times:
  edit-metadata: 1.4352272544056177
  landing: 0.02287981938570738
  view-data: 0.026270690374076366
