times:
  edit-metadata: 1.4320455258712173
  landing: 0.23800715990364552
  view-data: 0.3178304210305214
