times:
  edit-metadata: 1.3410488869994879
  landing: 0.02194230630993843
  view-data: 0.0260588051751256
