times:
  edit-metadata: 1.3539573568850756
  landing: 0.14419606886804104
  view-data: 0.11780313774943352
