times:
  edit-metadata: 1.5672852154821157
  landing: 0.2326973881572485
  view-data: 0.3623486962169409
