times:
  edit-metadata: 1.3295159274712205
  landing: 0.020224138163030148
  view-data: 0.21135858818888664
