times:
  edit-metadata: 1.378988804295659
  landing: 0.2125845793634653
  view-data: 0.026174793019890785
