times:
  edit-metadata: 0.559647835791111
  landing: 0.04259817162528634
  view-data: 0.20215613394975662
