times:
  edit-metadata: 1.3223817041143775
  landing: 0.021180205047130585
  view-data: 0.02877992670983076
