times:
  edit-metadata: 1.3424960002303123
  landing: 0.020504646934568882
  view-data: 0.024960613809525967
