times:
  edit-metadata: 1.7024539783596992
  landing: 0.053972529247403145
  view-data: 0.06045122258365154
