times:
  edit-metadata: 1.5236890204250813
  landing: 0.14868031069636345
  view-data: 0.33564972691237926
