times:
  edit-metadata: 1.3411097694188356
  landing: 0.019957810640335083
  view-data: 0.03181294538080692
