times:
  edit-metadata: 0.7343198619782925
  landing: 0.05654209014028311
  view-data: 0.3155872980132699
