times:
  edit-metadata: 1.4452933063730597
  landing: 0.13284528721123934
  view-data: 0.1323567358776927
