times:
  edit-metadata: 1.4493816699832678
  landing: 0.023532168939709663
  view-data: 0.10492869839072227
