times:
  edit-metadata: 1.5275984946638346
  landing: 0.15035015624016523
  view-data: 0.06277670245617628
