times:
  edit-metadata: 1.5606851978227496
  landing: 0.28346414119005203
  view-data: 0.4348759111016989
