times:
  edit-metadata: 1.4071898814290762
  landing: 0.021954008378088474
  view-data: 0.11933488305658102
