times:
  edit-metadata: 0.7657299060374498
  landing: 0.05960357002913952
  view-data: 0.21140590170398355
