times:
  edit-metadata: 1.3886803546920419
  landing: 0.018699496053159237
  view-data: 0.12450317945331335
