times:
  edit-metadata: 1.578980054706335
  landing: 0.1772696990519762
  view-data: 0.35661632381379604
