times:
  edit-metadata: 0.47478365479037166
  landing: 0.0451822723262012
  view-data: 0.2193165118806064
