times:
  edit-metadata: 1.3348910473287106
  landing: 0.020963254384696484
  view-data: 0.1187484823167324
