times:
  edit-metadata: 1.548501305282116
  landing: 0.1539764665067196
  view-data: 0.027042919769883156
