times:
  edit-metadata: 1.3868694761767983
  landing: 0.2497927090153098
  view-data: 0.42266448959708214
