times:
  edit-metadata: 1.4435937386006117
  landing: 0.19632035121321678
  view-data: 0.024606339633464813
