times:
  edit-metadata: 0.4597049839794636
  landing: 0.04334491956979036
  view-data: 0.20336822886019945
