times:
  edit-metadata: 1.5822636429220438
  landing: 0.2964242920279503
  view-data: 0.05218958109617233
