times:
  edit-metadata: 1.3433562517166138
  landing: 0.11318468675017357
  view-data: 0.12046147510409355
