times:
  edit-metadata: 1.2741296868771315
  landing: 0.01995938178151846
  view-data: 0.02584320679306984
