times:
  edit-metadata: 1.306178517639637
  landing: 0.09335369803011417
  view-data: 0.4026165585964918
