times:
  edit-metadata: 1.401621650904417
  landing: 0.027523383498191833
  view-data: 0.30586094968020916
