times:
  edit-metadata: 1.2922127470374107
  landing: 0.02133160177618265
  view-data: 0.027080588974058628
