times:
  edit-metadata: 1.3569758096709847
  landing: 0.021072210744023323
  view-data: 0.28544826805591583
