times:
  edit-metadata: 1.3932181093841791
  landing: 0.15865810867398977
  view-data: 0.229084231890738
