times:
  edit-metadata: 1.4901988487690687
  landing: 0.022367939352989197
  view-data: 0.024609940126538277
