times:
  edit-metadata: 0.5334226177074015
  landing: 0.05225636763498187
  view-data: 0.2123267906717956
