times:
  edit-metadata: 1.308487394824624
  landing: 0.019382680766284466
  view-data: 0.12315570283681154
