times:
  edit-metadata: 0.5647804872132838
  landing: 0.06215746095404029
  view-data: 0.286397707182914
