times:
  edit-metadata: 0.5357284699566662
  landing: 0.04815751127898693
  view-data: 0.2030068808235228
