times:
  edit-metadata: 1.327329147607088
  landing: 0.022152353078126907
  view-data: 0.024526026099920273
