times:
  edit-metadata: 1.3542239647358656
  landing: 0.023065028712153435
  view-data: 0.02495211362838745
