times:
  edit-metadata: 1.284903695806861
  landing: 0.022456327453255653
  view-data: 0.025145948864519596
