times:
  edit-metadata: 0.47203502617776394
  landing: 0.04073447082191706
  view-data: 0.332764383405447
