times:
  edit-metadata: 1.3320522159337997
  landing: 0.024579539895057678
  view-data: 0.022782946936786175
