times:
  edit-metadata: 1.3020879328250885
  landing: 0.022406157106161118
  view-data: 0.0256749726831913
