times:
  edit-metadata: 0.49250440299510956
  landing: 0.0471267020329833
  view-data: 0.2152780289761722
