times:
  edit-metadata: 0.4693118901923299
  landing: 0.043222456239163876
  view-data: 0.34806675324216485
