times:
  edit-metadata: 1.4452800517901778
  landing: 0.12134229019284248
  view-data: 0.13313444703817368
