times:
  edit-metadata: 0.7751746140420437
  landing: 0.10572548396885395
  view-data: 0.2316702539101243
