times:
  edit-metadata: 1.2743083508685231
  landing: 0.13144037313759327
  view-data: 0.14928450714796782
