times:
  edit-metadata: 1.3260736465454102
  landing: 0.022531969472765923
  view-data: 0.12710225395858288
