times:
  edit-metadata: 0.5550855398178101
  landing: 0.06953694298863411
  view-data: 0.21008060593158007
