times:
  edit-metadata: 1.3082454297691584
  landing: 0.018737376667559147
  view-data: 0.02440825942903757
