times:
  edit-metadata: 0.4892477737739682
  landing: 0.04274050518870354
  view-data: 0.2051636977121234
