times:
  edit-metadata: 1.3042999533936381
  landing: 0.01999886054545641
  view-data: 0.11916185077279806
