times:
  edit-metadata: 1.2934593800455332
  landing: 0.02137762401252985
  view-data: 0.12082739640027285
