times:
  edit-metadata: 0.47609184961766005
  landing: 0.04255516640841961
  view-data: 0.33308758959174156
