times:
  edit-metadata: 1.3269493598490953
  landing: 0.022214660421013832
  view-data: 0.02556073572486639
