times:
  edit-metadata: 0.521603433880955
  landing: 0.07015382032841444
  view-data: 0.20942565519362688
