times:
  edit-metadata: 1.3038310827687383
  landing: 0.019094045273959637
  view-data: 0.024273538030683994
