times:
  edit-metadata: 0.4979360233992338
  landing: 0.04819067474454641
  view-data: 0.19902889244258404
