times:
  edit-metadata: 0.4982559820637107
  landing: 0.040790106169879436
  view-data: 0.19701452925801277
