times:
  edit-metadata: 0.4889063788577914
  landing: 0.04481979086995125
  view-data: 0.20777369942516088
