times:
  edit-metadata: 0.480961992405355
  landing: 0.049534235149621964
  view-data: 0.22779647540301085
