times:
  edit-metadata: 1.3939350433647633
  landing: 0.19096261821687222
  view-data: 0.22792905569076538
