times:
  edit-metadata: 1.445833895355463
  landing: 0.13969630002975464
  view-data: 0.2136283339932561
