times:
  edit-metadata: 1.4894052799791098
  landing: 0.1302705081179738
  view-data: 0.024105247110128403
