times:
  edit-metadata: 1.3497701436281204
  landing: 0.18788429163396358
  view-data: 0.31986732594668865
