times:
  edit-metadata: 1.3044821824878454
  landing: 0.022639519535005093
  view-data: 0.027448088862001896
