times:
  edit-metadata: 0.7593704788014293
  landing: 0.07066998071968555
  view-data: 0.30051328521221876
