times:
  edit-metadata: 1.299001531675458
  landing: 0.022422486916184425
  view-data: 0.026807723566889763
