times:
  edit-metadata: 0.5018935119733214
  landing: 0.04375212360173464
  view-data: 0.2054033037275076
