times:
  edit-metadata: 0.4758491571992636
  landing: 0.052099318243563175
  view-data: 0.3290200661867857
