times:
  edit-metadata: 1.641406361013651
  landing: 0.13331486470997334
  view-data: 0.1458475925028324
