times:
  edit-metadata: 0.4829119499772787
  landing: 0.04070582427084446
  view-data: 0.2004838902503252
