times:
  edit-metadata: 1.3939788360148668
  landing: 0.023832302540540695
  view-data: 0.02454972453415394
