times:
  edit-metadata: 0.48813470359891653
  landing: 0.04220960382372141
  view-data: 0.20501389633864164
