times:
  edit-metadata: 1.3157592993229628
  landing: 0.019380217418074608
  view-data: 0.11951465997844934
