times:
  edit-metadata: 0.5324618448503315
  landing: 0.11434712400659919
  view-data: 0.2870033821091056
