times:
  edit-metadata: 1.385528109036386
  landing: 0.26608224399387836
  view-data: 0.204675137065351
