times:
  edit-metadata: 1.309687189757824
  landing: 0.02054321113973856
  view-data: 0.028524011373519897
