times:
  edit-metadata: 1.4395673144608736
  landing: 0.1486159022897482
  view-data: 0.45899277552962303
