times:
  edit-metadata: 1.3780483826994896
  landing: 0.02148582600057125
  view-data: 0.028568562120199203
