times:
  edit-metadata: 1.4158751480281353
  landing: 0.020048458129167557
  view-data: 0.12034305557608604
