times:
  edit-metadata: 1.403587331995368
  landing: 0.09376028925180435
  view-data: 0.027459735050797462
