times:
  edit-metadata: 1.3452640753239393
  landing: 0.02165413275361061
  view-data: 0.269292738288641
