times:
  edit-metadata: 1.3215719480067492
  landing: 0.11624976433813572
  view-data: 0.025725126266479492
