times:
  edit-metadata: 1.3415510663762689
  landing: 0.1436816994100809
  view-data: 0.02650815900415182
