times:
  edit-metadata: 1.5656889351084828
  landing: 0.019018086604773998
  view-data: 0.023859625682234764
