times:
  edit-metadata: 1.2897024350240827
  landing: 0.020053112879395485
  view-data: 0.024224205873906612
