times:
  edit-metadata: 0.49901738902553916
  landing: 0.1484071919694543
  view-data: 0.29868942592293024
