times:
  edit-metadata: 1.421724732965231
  landing: 0.20585880056023598
  view-data: 0.1248629093170166
