times:
  edit-metadata: 1.3612958751618862
  landing: 0.12861962616443634
  view-data: 0.3337442744523287
