times:
  edit-metadata: 1.2946078293025494
  landing: 0.017905788496136665
  view-data: 0.02383891213685274
