times:
  edit-metadata: 1.695463452488184
  landing: 0.21085546910762787
  view-data: 0.1931323055177927
