times:
  edit-metadata: 1.7134513035416603
  landing: 0.021063603460788727
  view-data: 0.02868829108774662
