times:
  edit-metadata: 1.5291451830416918
  landing: 0.0222485288977623
  view-data: 0.12106982991099358
