times:
  edit-metadata: 0.6668929280713201
  landing: 0.06529241986572742
  view-data: 0.2077289642766118
