times:
  edit-metadata: 1.554686889052391
  landing: 0.25388820841908455
  view-data: 0.14825247786939144
