times:
  edit-metadata: 1.275316247716546
  landing: 0.021047361195087433
  view-data: 0.28131010942161083
