times:
  edit-metadata: 1.6499680168926716
  landing: 0.18236852250993252
  view-data: 0.058058444410562515
