times:
  edit-metadata: 1.3438418786972761
  landing: 0.14125869050621986
  view-data: 0.13368614576756954
