times:
  edit-metadata: 0.47576533537358046
  landing: 0.10973840486258268
  view-data: 0.23882901575416327
