times:
  edit-metadata: 1.5778130907565355
  landing: 0.26673370227217674
  view-data: 0.27388809248805046
