times:
  edit-metadata: 0.5392198730260134
  landing: 0.05658264318481088
  view-data: 0.31088369619101286
