times:
  edit-metadata: 1.347978051751852
  landing: 0.019420798867940903
  view-data: 0.022609738633036613
