times:
  edit-metadata: 1.303767992183566
  landing: 0.1893200594931841
  view-data: 0.024789229035377502
