times:
  edit-metadata: 1.371025200933218
  landing: 0.01897316426038742
  view-data: 0.09551103599369526
