times:
  edit-metadata: 1.396146947517991
  landing: 0.02124686725437641
  view-data: 0.026332078501582146
