times:
  edit-metadata: 1.4833313468843699
  landing: 0.13231454603374004
  view-data: 0.2961788959801197
