times:
  edit-metadata: 0.5414482490159571
  landing: 0.04330839915201068
  view-data: 0.3761252611875534
