times:
  edit-metadata: 0.4836644660681486
  landing: 0.06996658211573958
  view-data: 0.219543082639575
