times:
  edit-metadata: 0.5705723911523819
  landing: 0.16110946098342538
  view-data: 0.2173842960037291
