times:
  edit-metadata: 1.3016142379492521
  landing: 0.02089228294789791
  view-data: 0.024563999846577644
