times:
  edit-metadata: 1.9253500942140818
  landing: 0.13639781437814236
  view-data: 0.40344902500510216
