times:
  edit-metadata: 2.1319567635655403
  landing: 0.28877564519643784
  view-data: 0.024909663945436478
