times:
  edit-metadata: 0.4910273212008178
  landing: 0.06330551160499454
  view-data: 0.21399921318516135
