times:
  edit-metadata: 1.3737407065927982
  landing: 0.12379048950970173
  view-data: 0.10477142967283726
