times:
  edit-metadata: 1.3493246985599399
  landing: 0.20501837600022554
  view-data: 0.4156963946297765
