times:
  edit-metadata: 1.3164542764425278
  landing: 0.024324161931872368
  view-data: 0.02372455596923828
