times:
  edit-metadata: 1.731311859562993
  landing: 0.022089188918471336
  view-data: 0.4335887096822262
