times:
  edit-metadata: 0.5301017430610955
  landing: 0.1150575247593224
  view-data: 0.22150395903736353
