times:
  edit-metadata: 2.15393075812608
  landing: 0.2825239561498165
  view-data: 0.28512932546436787
