times:
  edit-metadata: 1.4938587369397283
  landing: 0.21071540005505085
  view-data: 0.22304978501051664
