times:
  edit-metadata: 1.3599545005708933
  landing: 0.020742176100611687
  view-data: 0.025701824575662613
