times:
  edit-metadata: 1.376338587142527
  landing: 0.12880800664424896
  view-data: 0.2197956321761012
