times:
  edit-metadata: 0.5113081620074809
  landing: 0.06287221284583211
  view-data: 0.22606192203238606
