times:
  edit-metadata: 1.3169734934344888
  landing: 0.020634897984564304
  view-data: 0.026696713641285896
