times:
  edit-metadata: 1.5840983958914876
  landing: 0.019957556389272213
  view-data: 0.029405340552330017
