times:
  edit-metadata: 2.062713336199522
  landing: 0.27564530819654465
  view-data: 0.4486075136810541
