times:
  edit-metadata: 1.6925108171999454
  landing: 0.24303760193288326
  view-data: 0.12872145883738995
