times:
  edit-metadata: 1.5133328847587109
  landing: 0.2509980648756027
  view-data: 0.3275183979421854
