times:
  edit-metadata: 1.4328844044357538
  landing: 0.200834097340703
  view-data: 0.027065439149737358
