times:
  edit-metadata: 1.3288795072585344
  landing: 0.15167912282049656
  view-data: 0.41045869141817093
