times:
  edit-metadata: 1.7710616923868656
  landing: 0.023728853091597557
  view-data: 0.29382507503032684
