times:
  edit-metadata: 1.448309998959303
  landing: 0.023548029363155365
  view-data: 0.025897732004523277
