times:
  edit-metadata: 1.3535149060189724
  landing: 0.02014511078596115
  view-data: 0.026540633291006088
