times:
  edit-metadata: 1.3588829543441534
  landing: 0.23726734705269337
  view-data: 0.029770782217383385
