times:
  edit-metadata: 1.5043993666768074
  landing: 0.33757621981203556
  view-data: 0.24033530801534653
