times:
  edit-metadata: 1.3961492888629436
  landing: 0.2375179398804903
  view-data: 0.34048097394406796
