times:
  edit-metadata: 0.5804735221900046
  landing: 0.12305032694712281
  view-data: 0.20889437571167946
