times:
  edit-metadata: 1.4065239392220974
  landing: 0.024815458804368973
  view-data: 0.027936987578868866
