times:
  edit-metadata: 1.4126877151429653
  landing: 0.019996240735054016
  view-data: 0.32158220559358597
