times:
  edit-metadata: 1.3135117646306753
  landing: 0.0218304842710495
  view-data: 0.0269818976521492
