times:
  edit-metadata: 0.4900815337896347
  landing: 0.11828464874997735
  view-data: 0.3156561846844852
