times:
  edit-metadata: 1.6995460409671068
  landing: 0.08627143688499928
  view-data: 0.1845959685742855
