times:
  edit-metadata: 1.4550178367644548
  landing: 0.022816061973571777
  view-data: 0.16130276396870613
