times:
  edit-metadata: 1.7010781578719616
  landing: 0.17765643261373043
  view-data: 0.3644893243908882
