times:
  edit-metadata: 0.4817688870243728
  landing: 0.06039870297536254
  view-data: 0.2144190608523786
