times:
  edit-metadata: 1.5880343280732632
  landing: 0.020874295383691788
  view-data: 0.03791646659374237
