times:
  edit-metadata: 1.3808058183640242
  landing: 0.14726019091904163
  view-data: 0.025610314682126045
