times:
  edit-metadata: 1.7198022045195103
  landing: 0.17365428060293198
  view-data: 0.6572819277644157
