times:
  edit-metadata: 1.3662240281701088
  landing: 0.02111918479204178
  view-data: 0.12429709918797016
