times:
  edit-metadata: 1.3985671726986766
  landing: 0.14444311428815126
  view-data: 0.20522732846438885
