times:
  edit-metadata: 1.3333073314279318
  landing: 0.020578570663928986
  view-data: 0.12219359166920185
