times:
  edit-metadata: 1.3554238006472588
  landing: 0.022017214447259903
  view-data: 0.026163864880800247
