times:
  edit-metadata: 1.4341853074729443
  landing: 0.020854249596595764
  view-data: 0.04544667340815067
