times:
  edit-metadata: 0.5017402083612978
  landing: 0.09923275792971253
  view-data: 0.21637837681919336
