times:
  edit-metadata: 1.5902054123580456
  landing: 0.24132424406707287
  view-data: 0.1892655659466982
