times:
  edit-metadata: 1.4470227612182498
  landing: 0.13235692493617535
  view-data: 0.1855568289756775
