times:
  edit-metadata: 1.396135720424354
  landing: 0.21395285241305828
  view-data: 0.024568209424614906
