times:
  edit-metadata: 1.4610859956592321
  landing: 0.04918045736849308
  view-data: 0.3742921482771635
