times:
  edit-metadata: 0.4911809363402426
  landing: 0.0705802021548152
  view-data: 0.2288915542885661
