times:
  edit-metadata: 1.6987928077578545
  landing: 0.14453385025262833
  view-data: 0.3275648429989815
