times:
  edit-metadata: 1.2690222291275859
  landing: 0.1438233219087124
  view-data: 0.1236665491014719
