times:
  edit-metadata: 1.5127938445657492
  landing: 0.3277436066418886
  view-data: 0.02430046908557415
