times:
  edit-metadata: 1.5404914245009422
  landing: 0.01898955926299095
  view-data: 0.15273482725024223
