times:
  edit-metadata: 1.5681166667491198
  landing: 0.244056336581707
  view-data: 0.4099141228944063
