times:
  edit-metadata: 1.2978912256658077
  landing: 0.1679362878203392
  view-data: 0.022866280749440193
