times:
  edit-metadata: 2.1075103289913386
  landing: 0.3082952459808439
  view-data: 0.37121159801608883
