times:
  edit-metadata: 1.3577149417251348
  landing: 0.021169088780879974
  view-data: 0.02679763361811638
