times:
  edit-metadata: 1.4139088075608015
  landing: 0.1840488761663437
  view-data: 0.0243056807667017
