times:
  edit-metadata: 0.6137982839718461
  landing: 0.11652899999171495
  view-data: 0.2180328811518848
