times:
  edit-metadata: 1.3589558862149715
  landing: 0.02120877616107464
  view-data: 0.13140714541077614
