times:
  edit-metadata: 0.59289820631966
  landing: 0.07714705588296056
  view-data: 0.2125837136991322
