times:
  edit-metadata: 1.38284757360816
  landing: 0.20912349969148636
  view-data: 0.024095386266708374
