times:
  edit-metadata: 1.405332451686263
  landing: 0.021749747917056084
  view-data: 0.35636014491319656
