times:
  edit-metadata: 1.3890811624005437
  landing: 0.18331830576062202
  view-data: 0.40169371757656336
