times:
  edit-metadata: 1.343615172430873
  landing: 0.021114006638526917
  view-data: 0.02877551130950451
