times:
  edit-metadata: 1.2985787652432919
  landing: 0.12009171955287457
  view-data: 0.029968511313199997
