times:
  edit-metadata: 0.6196191143244505
  landing: 0.06194306584075093
  view-data: 0.2930829068645835
