times:
  edit-metadata: 0.5343710137531161
  landing: 0.08029068820178509
  view-data: 0.2789511801674962
