times:
  edit-metadata: 1.3173208553344011
  landing: 0.1490059457719326
  view-data: 0.1225740872323513
