times:
  edit-metadata: 1.3436508998274803
  landing: 0.12082673981785774
  view-data: 0.28222872503101826
