times:
  edit-metadata: 1.35257797408849
  landing: 0.021947212517261505
  view-data: 0.12173836957663298
