times:
  edit-metadata: 1.3829303067177534
  landing: 0.020142944529652596
  view-data: 0.37095656618475914
