times:
  edit-metadata: 1.297494700178504
  landing: 0.019672228023409843
  view-data: 0.3653176221996546
