times:
  edit-metadata: 1.374380186200142
  landing: 0.01879025623202324
  view-data: 0.14034913666546345
