times:
  edit-metadata: 1.3260066080838442
  landing: 0.021091295406222343
  view-data: 0.02460208162665367
