times:
  edit-metadata: 0.4975846982561052
  landing: 0.07646111212670803
  view-data: 0.30681412713602185
