times:
  edit-metadata: 1.582933321595192
  landing: 0.15253823436796665
  view-data: 0.14157038740813732
