times:
  edit-metadata: 1.3102299440652132
  landing: 0.19393946416676044
  view-data: 0.02691798284649849
