times:
  edit-metadata: 1.4995521288365126
  landing: 0.02947131358087063
  view-data: 0.18623806908726692
