times:
  edit-metadata: 0.5406191661022604
  landing: 0.09245899599045515
  view-data: 0.23489370103925467
