times:
  edit-metadata: 1.4804895035922527
  landing: 0.13164534978568554
  view-data: 0.3596541415899992
