times:
  edit-metadata: 1.3912663655355573
  landing: 0.049416652880609035
  view-data: 0.022939694114029408
