times:
  edit-metadata: 1.6674631349742413
  landing: 0.14184301160275936
  view-data: 0.3381756357848644
