times:
  edit-metadata: 1.429085398092866
  landing: 0.022311074659228325
  view-data: 0.14678305760025978
