times:
  edit-metadata: 1.670911867171526
  landing: 0.25113826617598534
  view-data: 0.15853701904416084
