times:
  edit-metadata: 1.3948893481865525
  landing: 0.019863855093717575
  view-data: 0.5144933583214879
