times:
  edit-metadata: 1.5075765494257212
  landing: 0.022745003923773766
  view-data: 0.39192562364041805
