times:
  edit-metadata: 1.4869873840361834
  landing: 0.2076609767973423
  view-data: 0.36422348767518997
