times:
  edit-metadata: 1.4444566164165735
  landing: 0.022310534492135048
  view-data: 0.3846838977187872
