times:
  edit-metadata: 1.4288064781576395
  landing: 0.22601399756968021
  view-data: 0.028861744329333305
