times:
  edit-metadata: 1.4701679274439812
  landing: 0.26607471890747547
  view-data: 0.34887575451284647
