times:
  edit-metadata: 1.3982746787369251
  landing: 0.22147053480148315
  view-data: 0.2374339746311307
