times:
  edit-metadata: 1.368409113958478
  landing: 0.12044764496386051
  view-data: 0.12097963318228722
