times:
  edit-metadata: 1.3541313223540783
  landing: 0.14556553214788437
  view-data: 0.02279585599899292
