times:
  edit-metadata: 1.4961055889725685
  landing: 0.19212723150849342
  view-data: 0.34665584936738014
