times:
  edit-metadata: 1.4600032158195972
  landing: 0.14938274398446083
  view-data: 0.15278740413486958
