times:
  edit-metadata: 1.2913841921836138
  landing: 0.02143268845975399
  view-data: 0.025883134454488754
