times:
  edit-metadata: 1.3176067108288407
  landing: 0.20854010246694088
  view-data: 0.4126366628333926
