times:
  edit-metadata: 1.5329093225300312
  landing: 0.12411970272660255
  view-data: 0.0254342220723629
