times:
  edit-metadata: 1.5195801481604576
  landing: 0.16016415134072304
  view-data: 0.18403161130845547
