times:
  edit-metadata: 0.47497738106176257
  landing: 0.06469201995059848
  view-data: 0.213444699998945
