times:
  edit-metadata: 1.3197529399767518
  landing: 0.23642269428819418
  view-data: 0.02639321517199278
