times:
  edit-metadata: 1.3735485337674618
  landing: 0.13873609341681004
  view-data: 0.027751240879297256
