times:
  edit-metadata: 1.306451601907611
  landing: 0.022420525550842285
  view-data: 0.11999940872192383
