times:
  edit-metadata: 1.299445765092969
  landing: 0.020272433757781982
  view-data: 0.28307706862688065
