times:
  edit-metadata: 1.2972169108688831
  landing: 0.021322252228856087
  view-data: 0.028834400698542595
