times:
  edit-metadata: 1.3253088016062975
  landing: 0.01911676675081253
  view-data: 0.023116040974855423
