times:
  edit-metadata: 1.371926411986351
  landing: 0.021293165162205696
  view-data: 0.3465276714414358
