times:
  edit-metadata: 1.493412645533681
  landing: 0.21372065134346485
  view-data: 0.41823628917336464
