times:
  edit-metadata: 1.312746973708272
  landing: 0.0935861449688673
  view-data: 0.026307906955480576
