times:
  edit-metadata: 1.7755742818117142
  landing: 0.021266749128699303
  view-data: 0.3055511862039566
