times:
  edit-metadata: 1.3144417256116867
  landing: 0.01877540908753872
  view-data: 0.023094255477190018
