times:
  edit-metadata: 1.315710436552763
  landing: 0.018896959722042084
  view-data: 0.14866639859974384
