times:
  edit-metadata: 1.3913982342928648
  landing: 0.1441968884319067
  view-data: 0.024683980271220207
