times:
  edit-metadata: 0.4931076858192682
  landing: 0.04509816691279411
  view-data: 0.23006943799555302
