times:
  edit-metadata: 0.6434437539428473
  landing: 0.05361249390989542
  view-data: 0.2854983597062528
