times:
  edit-metadata: 1.3355795163661242
  landing: 0.1520539429038763
  view-data: 0.028356514871120453
