times:
  edit-metadata: 0.7620355440303683
  landing: 0.0626417868770659
  view-data: 0.21388790011405945
