times:
  edit-metadata: 1.4315441828221083
  landing: 0.2421244066208601
  view-data: 0.025702500715851784
