times:
  edit-metadata: 1.3103065583854914
  landing: 0.021009353920817375
  view-data: 0.025785652920603752
