times:
  edit-metadata: 1.641329051926732
  landing: 0.30931805819272995
  view-data: 0.26535054109990597
