times:
  edit-metadata: 1.6069386135786772
  landing: 0.3442526273429394
  view-data: 0.1378885619342327
