times:
  edit-metadata: 1.4303954001516104
  landing: 0.11999469995498657
  view-data: 0.026444796472787857
