times:
  edit-metadata: 1.3920896016061306
  landing: 0.19401595368981361
  view-data: 0.34261793456971645
