times:
  edit-metadata: 1.4511003820225596
  landing: 0.27091769967228174
  view-data: 0.22882724087685347
