times:
  edit-metadata: 1.3377866558730602
  landing: 0.1962218852713704
  view-data: 0.3951655412092805
