times:
  edit-metadata: 1.6549063343554735
  landing: 0.23315562307834625
  view-data: 0.1641599964350462
