times:
  edit-metadata: 1.3060204479843378
  landing: 0.01956511102616787
  view-data: 0.02479061670601368
