times:
  edit-metadata: 0.529210299719125
  landing: 0.044609298929572105
  view-data: 0.20253496803343296
