times:
  edit-metadata: 1.294236901216209
  landing: 0.021237269975245
  view-data: 0.024876989424228668
