times:
  edit-metadata: 1.7252760156989098
  landing: 0.2194573599845171
  view-data: 0.1569899208843708
