times:
  edit-metadata: 1.3456048630177975
  landing: 0.023986350744962692
  view-data: 0.027798224240541458
