times:
  edit-metadata: 0.48233653232455254
  landing: 0.14083722466602921
  view-data: 0.23711293982341886
