times:
  edit-metadata: 0.44846035819500685
  landing: 0.09859088994562626
  view-data: 0.28578341007232666
