times:
  edit-metadata: 0.660684703849256
  landing: 0.05738453520461917
  view-data: 0.20722029684111476
