times:
  edit-metadata: 1.4603016003966331
  landing: 0.18754610791802406
  view-data: 0.17687819711863995
