times:
  edit-metadata: 0.6784938098862767
  landing: 0.04506183136254549
  view-data: 0.20579724991694093
