times:
  edit-metadata: 0.45249293791130185
  landing: 0.07243052264675498
  view-data: 0.20831974083557725
