times:
  edit-metadata: 0.4671151041984558
  landing: 0.0596202751621604
  view-data: 0.20145998103544116
