times:
  edit-metadata: 0.43335159309208393
  landing: 0.062062038108706474
  view-data: 0.20599139016121626
