times:
  edit-metadata: 0.5338399480096996
  landing: 0.06575072603300214
  view-data: 0.2800035043619573
