times:
  edit-metadata: 0.4564712578430772
  landing: 0.13493852876126766
  view-data: 0.2587690306827426
