times:
  edit-metadata: 0.4829426878131926
  landing: 0.15012332377955317
  view-data: 0.21489963680505753
