times:
  edit-metadata: 0.45498175639659166
  landing: 0.06857923977077007
  view-data: 0.20022655464708805
