times:
  edit-metadata: 0.6428915336728096
  landing: 0.08694998500868678
  view-data: 0.2892807270400226
