times:
  edit-metadata: 0.45296198409050703
  landing: 0.10900366213172674
  view-data: 0.20662609301507473
