times:
  edit-metadata: 0.44013440422713757
  landing: 0.11559650395065546
  view-data: 0.3038136647082865
