times:
  edit-metadata: 0.4512998512946069
  landing: 0.07066584983840585
  view-data: 0.20252789417281747
