times:
  edit-metadata: 0.4361374448053539
  landing: 0.1072588711977005
  view-data: 0.24901506770402193
