times:
  edit-metadata: 0.448361003305763
  landing: 0.0698103909380734
  view-data: 0.2082826611585915
