times:
  edit-metadata: 0.5345426872372627
  landing: 0.13557902537286282
  view-data: 0.25391408475115895
