times:
  edit-metadata: 0.5224570212885737
  landing: 0.06671877205371857
  view-data: 0.19850414898246527
