times:
  edit-metadata: 0.6221230211667717
  landing: 0.1505026719532907
  view-data: 0.2653083740733564
