times:
  edit-metadata: 1.3808247726410627
  landing: 0.2205523308366537
  view-data: 0.14045801758766174
