times:
  edit-metadata: 0.45853865472599864
  landing: 0.07076761405915022
  view-data: 0.21102580474689603
