times:
  edit-metadata: 2.6343777650035918
  landing: 0.369614494004054
  view-data: 0.4766684710048139
