times:
  edit-metadata: 0.4542850609868765
  landing: 0.06976663507521152
  view-data: 0.21306404005736113
