times:
  edit-metadata: 0.649940705858171
  landing: 0.0414913697168231
  view-data: 0.29639197001233697
