times:
  edit-metadata: 1.7234732490032911
  landing: 0.1687492672353983
  view-data: 0.2749477680772543
