times:
  edit-metadata: 0.5900673940777779
  landing: 0.06755566783249378
  view-data: 0.30760329915210605
