times:
  edit-metadata: 0.48550502210855484
  landing: 0.05325888888910413
  view-data: 0.2062494521960616
