times:
  edit-metadata: 1.5351659636944532
  landing: 0.1734544187784195
  view-data: 0.1350726317614317
