times:
  edit-metadata: 0.5110868066549301
  landing: 0.07435589237138629
  view-data: 0.21093939803540707
