times:
  edit-metadata: 2.126180784776807
  landing: 0.017956817522644997
  view-data: 0.03489126078784466
