times:
  edit-metadata: 1.0760844820179045
  landing: 0.047992350067943335
  view-data: 0.35131089901551604
