times:
  edit-metadata: 2.107028851285577
  landing: 0.14225738495588303
  view-data: 0.026148779317736626
