times:
  edit-metadata: 2.1034786999225616
  landing: 0.25176645442843437
  view-data: 0.16114766988903284
