times:
  edit-metadata: 2.441830864176154
  landing: 0.02674899622797966
  view-data: 0.39568675123155117
