times:
  edit-metadata: 2.4079996831715107
  landing: 0.2672895770519972
  view-data: 0.3278471753001213
