times:
  edit-metadata: 2.175014827400446
  landing: 0.019187847152352333
  view-data: 0.13633871637284756
