times:
  edit-metadata: 1.9794753417372704
  landing: 0.021205460652709007
  view-data: 0.023508213460445404
