times:
  edit-metadata: 3.188203463330865
  landing: 0.39783397130668163
  view-data: 0.0299124326556921
