times:
  edit-metadata: 1.9847999457269907
  landing: 0.12074767518788576
  view-data: 0.33520127926021814
