times:
  edit-metadata: 2.174262072890997
  landing: 0.2401636205613613
  view-data: 0.10006170719861984
