times:
  edit-metadata: 2.0062246527522802
  landing: 0.021373325958848
  view-data: 0.02624993771314621
