times:
  edit-metadata: 1.2791292099282146
  landing: 0.05701142176985741
  view-data: 0.25011936016380787
