times:
  edit-metadata: 2.9586164839565754
  landing: 0.2567683421075344
  view-data: 0.35114786960184574
