times:
  edit-metadata: 2.07175381667912
  landing: 0.02154681645333767
  view-data: 0.023272929713129997
