times:
  edit-metadata: 1.3280521910637617
  landing: 0.048173898831009865
  view-data: 0.24777367617934942
