times:
  edit-metadata: 2.222066519781947
  landing: 0.22013929672539234
  view-data: 0.022252671420574188
