times:
  edit-metadata: 2.109200183302164
  landing: 0.0195679422467947
  view-data: 0.0965622328221798
