times:
  edit-metadata: 2.115088228136301
  landing: 0.01957222819328308
  view-data: 0.0969293974339962
