times:
  edit-metadata: 1.9657277660444379
  landing: 0.133543336763978
  view-data: 0.022379743866622448
