times:
  edit-metadata: 2.710158310830593
  landing: 0.28626441955566406
  view-data: 0.1678857747465372
