times:
  edit-metadata: 1.967440903186798
  landing: 0.018717927858233452
  view-data: 0.3000440336763859
