times:
  edit-metadata: 3.612623443012126
  landing: 0.24919248599326238
  view-data: 0.3657626780041028
