times:
  edit-metadata: 2.3258794490247965
  landing: 0.16332202032208443
  view-data: 0.27851539850234985
