times:
  edit-metadata: 2.2954126112163067
  landing: 0.1701799090951681
  view-data: 0.36611579172313213
