times:
  edit-metadata: 1.9150800500065088
  landing: 0.1265509119257331
  view-data: 0.026483465917408466
