times:
  edit-metadata: 2.08111122995615
  landing: 0.020227687433362007
  view-data: 0.3352658739313483
