times:
  edit-metadata: 2.053301550447941
  landing: 0.13483182713389397
  view-data: 0.023483674973249435
