times:
  edit-metadata: 2.7604868728667498
  landing: 0.18841097876429558
  view-data: 0.3816722296178341
