times:
  edit-metadata: 2.2498123422265053
  landing: 0.0207812637090683
  view-data: 0.10066548734903336
