times:
  edit-metadata: 2.065464284271002
  landing: 0.02008214220404625
  view-data: 0.02654138021171093
