times:
  edit-metadata: 2.027419649064541
  landing: 0.019718453288078308
  view-data: 0.02727704681456089
