times:
  edit-metadata: 2.22208321839571
  landing: 0.18689184077084064
  view-data: 0.283592177554965
