times:
  edit-metadata: 1.9803637731820345
  landing: 0.020169781520962715
  view-data: 0.13576650619506836
