times:
  edit-metadata: 1.347005721181631
  landing: 0.04621233604848385
  view-data: 0.23467910895124078
