times:
  edit-metadata: 1.011288904119283
  landing: 0.0505213588476181
  view-data: 0.2520821928046644
