times:
  edit-metadata: 1.047567327041179
  landing: 0.045955441892147064
  view-data: 0.24822681304067373
