times:
  edit-metadata: 2.2905788077041507
  landing: 0.019081465899944305
  view-data: 0.0495626013725996
