times:
  edit-metadata: 1.8389917807653546
  landing: 0.022097635082900524
  view-data: 0.026686493307352066
