times:
  edit-metadata: 2.021982677280903
  landing: 0.021938463672995567
  view-data: 0.13325404562056065
