times:
  edit-metadata: 2.1416753567755222
  landing: 0.20865896716713905
  view-data: 0.025603435933589935
