times:
  edit-metadata: 2.0627547930926085
  landing: 0.019470740109682083
  view-data: 0.03530328907072544
