times:
  edit-metadata: 2.08383752964437
  landing: 0.020983099937438965
  view-data: 0.0263302493840456
