times:
  edit-metadata: 1.9415504531934857
  landing: 0.12808918859809637
  view-data: 0.2581016840413213
