times:
  edit-metadata: 2.4974202439188957
  landing: 0.25637215562164783
  view-data: 0.2761419340968132
