times:
  edit-metadata: 2.054923677816987
  landing: 0.019905345514416695
  view-data: 0.026243237778544426
