times:
  edit-metadata: 2.10733543895185
  landing: 0.024187788367271423
  view-data: 0.024534404277801514
