times:
  edit-metadata: 3.0201080963015556
  landing: 0.439399566501379
  view-data: 0.6596656963229179
