times:
  edit-metadata: 2.1348517443984747
  landing: 0.020443834364414215
  view-data: 0.26205514930188656
