times:
  edit-metadata: 1.1774991704151034
  landing: 0.04466294031590223
  view-data: 0.25263363867998123
