times:
  edit-metadata: 2.118374787271023
  landing: 0.2467893734574318
  view-data: 0.026978161185979843
