times:
  edit-metadata: 2.0464994218200445
  landing: 0.11717514321208
  view-data: 0.13692339323461056
