times:
  edit-metadata: 2.02837629057467
  landing: 0.12834529764950275
  view-data: 0.10068872570991516
