times:
  edit-metadata: 2.4461166691035032
  landing: 0.25150248035788536
  view-data: 0.17395592294633389
