times:
  edit-metadata: 2.2935393042862415
  landing: 0.021556537598371506
  view-data: 0.14813927561044693
