times:
  edit-metadata: 2.0190732926130295
  landing: 0.19207156635820866
  view-data: 0.02565871737897396
