times:
  edit-metadata: 2.0622931523248553
  landing: 0.14777880255132914
  view-data: 0.4171004593372345
