times:
  edit-metadata: 2.17477367259562
  landing: 0.19759055133908987
  view-data: 0.050210122019052505
