times:
  edit-metadata: 1.2060634358786047
  landing: 0.09281460614874959
  view-data: 0.2734579062089324
