times:
  edit-metadata: 1.048778704367578
  landing: 0.04994818288832903
  view-data: 0.23879218799993396
