times:
  edit-metadata: 2.093041067942977
  landing: 0.21793180890381336
  view-data: 0.32039607875049114
