times:
  edit-metadata: 2.05878166295588
  landing: 0.2125864364206791
  view-data: 0.030790498480200768
