times:
  edit-metadata: 2.4613576978445053
  landing: 0.19393541105091572
  view-data: 0.4310619570314884
