times:
  edit-metadata: 2.0260072899982333
  landing: 0.24236807227134705
  view-data: 0.13321314007043839
