times:
  edit-metadata: 2.0375047624111176
  landing: 0.1344973687082529
  view-data: 0.3372687455266714
