times:
  edit-metadata: 3.0931746112182736
  landing: 0.019814766943454742
  view-data: 0.45462802797555923
