times:
  edit-metadata: 2.1464843498542905
  landing: 0.04382289480417967
  view-data: 0.12114910781383514
