times:
  edit-metadata: 2.5281196031719446
  landing: 0.16594734974205494
  view-data: 0.4674471728503704
