times:
  edit-metadata: 2.057767130434513
  landing: 0.22540990263223648
  view-data: 0.024971557781100273
