times:
  edit-metadata: 1.9910275228321552
  landing: 0.021362194791436195
  view-data: 0.32504643127322197
