times:
  edit-metadata: 2.2948168013244867
  landing: 0.025396760553121567
  view-data: 0.1959245428442955
