times:
  edit-metadata: 1.9843088276684284
  landing: 0.043751850724220276
  view-data: 0.12239751033484936
