times:
  edit-metadata: 1.3020323780365288
  landing: 0.04386972822248936
  view-data: 0.3787332298234105
