times:
  edit-metadata: 2.0275784507393837
  landing: 0.022505201399326324
  view-data: 0.02490060217678547
