times:
  edit-metadata: 2.352064112201333
  landing: 0.17113304696977139
  view-data: 0.134246613830328
