times:
  edit-metadata: 2.0944424737244844
  landing: 0.020028209313750267
  view-data: 0.3134160600602627
