times:
  edit-metadata: 1.8735402096062899
  landing: 0.021032989025115967
  view-data: 0.024144139140844345
