times:
  edit-metadata: 1.1220589661970735
  landing: 0.04447310697287321
  view-data: 0.24722916493192315
