times:
  edit-metadata: 2.06283575668931
  landing: 0.021140290424227715
  view-data: 0.12269243411719799
