times:
  edit-metadata: 1.8800761606544256
  landing: 0.12747514061629772
  view-data: 0.11526388302445412
