times:
  edit-metadata: 1.8702366882935166
  landing: 0.02350887469947338
  view-data: 0.11736659612506628
