times:
  edit-metadata: 2.003973361104727
  landing: 0.021401580423116684
  view-data: 0.028003577142953873
