times:
  edit-metadata: 1.0552881401963532
  landing: 0.04926295159384608
  view-data: 0.2416683747433126
