times:
  edit-metadata: 1.9738086014986038
  landing: 0.20644023828208447
  view-data: 0.22939476184546947
