times:
  edit-metadata: 2.406351860612631
  landing: 0.2501019984483719
  view-data: 0.025636130943894386
