times:
  edit-metadata: 2.082465449348092
  landing: 0.01960357092320919
  view-data: 0.025728870183229446
