times:
  edit-metadata: 1.2500899881124496
  landing: 0.06380386324599385
  view-data: 0.25210053473711014
