times:
  edit-metadata: 1.9713351828977466
  landing: 0.1309564420953393
  view-data: 0.13592934608459473
