times:
  edit-metadata: 2.075724273920059
  landing: 0.13878185860812664
  view-data: 0.33289069309830666
