times:
  edit-metadata: 2.246221698820591
  landing: 0.4843272604048252
  view-data: 0.3423430286347866
