times:
  edit-metadata: 2.0385414995253086
  landing: 0.024802934378385544
  view-data: 0.11710147559642792
