times:
  edit-metadata: 1.3615414560772479
  landing: 0.04258602624759078
  view-data: 0.3554770261980593
