times:
  edit-metadata: 2.374600740149617
  landing: 0.20547965541481972
  view-data: 0.33461448922753334
