times:
  edit-metadata: 1.090227582026273
  landing: 0.07987956004217267
  view-data: 0.25220110081136227
