times:
  edit-metadata: 2.133572071790695
  landing: 0.14807159826159477
  view-data: 0.3304872829467058
