times:
  edit-metadata: 2.0002324115484953
  landing: 0.019808920100331306
  view-data: 0.0255705788731575
