times:
  edit-metadata: 2.053701888769865
  landing: 0.1427384428679943
  view-data: 0.025086361914873123
