times:
  edit-metadata: 2.759104749187827
  landing: 0.13231908343732357
  view-data: 0.3983879126608372
