times:
  edit-metadata: 2.217760941013694
  landing: 0.12987913936376572
  view-data: 0.022912710905075073
