times:
  edit-metadata: 1.1612863936461508
  landing: 0.055757937021553516
  view-data: 0.37401099083945155
