times:
  edit-metadata: 2.0955705419182777
  landing: 0.2597197089344263
  view-data: 0.02780456468462944
