times:
  edit-metadata: 2.0560825280845165
  landing: 0.019779013469815254
  view-data: 0.33666625432670116
