times:
  edit-metadata: 2.3891665376722813
  landing: 0.25086033530533314
  view-data: 0.41929635405540466
