times:
  edit-metadata: 2.732843831181526
  landing: 0.03476909175515175
  view-data: 0.15580834820866585
