times:
  edit-metadata: 2.216867422685027
  landing: 0.020411254838109016
  view-data: 0.026009781286120415
