times:
  edit-metadata: 2.551758712157607
  landing: 0.029117709025740623
  view-data: 0.022696305066347122
