times:
  edit-metadata: 2.022435247898102
  landing: 0.019870804622769356
  view-data: 0.3116826917976141
