times:
  edit-metadata: 2.2073801439255476
  landing: 0.021629855036735535
  view-data: 0.027020910754799843
