times:
  edit-metadata: 2.21813065931201
  landing: 0.16096972301602364
  view-data: 0.30512519367039204
