times:
  edit-metadata: 2.974187484011054
  landing: 0.1946314536035061
  view-data: 0.44249443896114826
