times:
  edit-metadata: 2.5625816015526652
  landing: 0.22678768821060658
  view-data: 0.02842959761619568
