times:
  edit-metadata: 2.360410751774907
  landing: 0.03464935161173344
  view-data: 0.3532184734940529
