times:
  edit-metadata: 2.267984488978982
  landing: 0.049072710797190666
  view-data: 0.15240857657045126
