times:
  edit-metadata: 2.258414452895522
  landing: 0.21968324482440948
  view-data: 0.4069613628089428
