times:
  edit-metadata: 2.2049455996602774
  landing: 0.16830850206315517
  view-data: 0.05665067210793495
