times:
  edit-metadata: 2.046933237463236
  landing: 0.19449499063193798
  view-data: 0.023351194337010384
