times:
  edit-metadata: 1.0615775170736015
  landing: 0.04581044381484389
  view-data: 0.23953168792650104
