times:
  edit-metadata: 1.3005832843482494
  landing: 0.06976556312292814
  view-data: 0.26683152886107564
