times:
  edit-metadata: 2.173737719655037
  landing: 0.0217040553689003
  view-data: 0.14521382749080658
