times:
  edit-metadata: 2.0351390819996595
  landing: 0.13006571121513844
  view-data: 0.14093679562211037
