times:
  edit-metadata: 1.8855959326028824
  landing: 0.23337400797754526
  view-data: 0.025270575657486916
