times:
  edit-metadata: 2.652736868709326
  landing: 0.23454335145652294
  view-data: 0.040016891434788704
