times:
  edit-metadata: 2.080355005338788
  landing: 0.020187877118587494
  view-data: 0.1034896019846201
