times:
  edit-metadata: 2.201363880187273
  landing: 0.1441398411989212
  view-data: 0.02631726861000061
