times:
  edit-metadata: 1.1915163109079003
  landing: 0.05457123788073659
  view-data: 0.24869465781375766
