times:
  edit-metadata: 2.0556623358279467
  landing: 0.019858436658978462
  view-data: 0.10750212892889977
