times:
  edit-metadata: 2.262384297326207
  landing: 0.020540008321404457
  view-data: 0.04863270744681358
