times:
  edit-metadata: 1.9069266356527805
  landing: 0.021586177870631218
  view-data: 0.022364999167621136
