times:
  edit-metadata: 2.021192567422986
  landing: 0.1365742888301611
  view-data: 0.02246881276369095
