times:
  edit-metadata: 2.3772623855620623
  landing: 0.3289704769849777
  view-data: 0.13287022523581982
