times:
  edit-metadata: 1.995566550642252
  landing: 0.021303705871105194
  view-data: 0.0996375773102045
