times:
  edit-metadata: 2.0502720158547163
  landing: 0.019521521404385567
  view-data: 0.024492789059877396
