times:
  edit-metadata: 2.211712757125497
  landing: 0.02141973190009594
  view-data: 0.14932075515389442
