times:
  edit-metadata: 2.0515134390443563
  landing: 0.020422250032424927
  view-data: 0.2832652609795332
