times:
  edit-metadata: 1.9417847590520978
  landing: 0.02118062973022461
  view-data: 0.023052847012877464
