times:
  edit-metadata: 1.0329548488371074
  landing: 0.05316919879987836
  view-data: 0.24076982913538814
