times:
  edit-metadata: 2.0082618221640587
  landing: 0.021102234721183777
  view-data: 0.02792852744460106
