times:
  edit-metadata: 2.3472351729869843
  landing: 0.020936565473675728
  view-data: 0.14848443120718002
