times:
  edit-metadata: 1.89542746078223
  landing: 0.02140238508582115
  view-data: 0.12459322437644005
