times:
  edit-metadata: 1.0350698460824788
  landing: 0.0487914988771081
  view-data: 0.24192148400470614
