times:
  edit-metadata: 2.2842583004385233
  landing: 0.019554438069462776
  view-data: 0.23586789332330227
