times:
  edit-metadata: 1.098397680092603
  landing: 0.07020029099658132
  view-data: 0.24849044904112816
