times:
  edit-metadata: 1.3046402567997575
  landing: 0.08517550304532051
  view-data: 0.26066102739423513
