times:
  edit-metadata: 2.180493241176009
  landing: 0.16186144016683102
  view-data: 0.028141332790255547
