times:
  edit-metadata: 2.0331491250544786
  landing: 0.211798544973135
  view-data: 0.026623137295246124
