times:
  edit-metadata: 2.1773751862347126
  landing: 0.2914069853723049
  view-data: 0.20625184662640095
