times:
  edit-metadata: 2.159062409773469
  landing: 0.22589541785418987
  view-data: 0.47923952247947454
