times:
  edit-metadata: 1.2916943901218474
  landing: 0.047390650026500225
  view-data: 0.2372310860082507
