times:
  edit-metadata: 1.3763185199350119
  landing: 0.08026736415922642
  view-data: 0.3389371568337083
