times:
  edit-metadata: 2.249428492039442
  landing: 0.27648558653891087
  view-data: 0.1513738799840212
