times:
  edit-metadata: 2.0052096731960773
  landing: 0.01998918689787388
  view-data: 0.027383392676711082
