times:
  edit-metadata: 1.131638864055276
  landing: 0.08275194093585014
  view-data: 0.24270562827587128
