times:
  edit-metadata: 2.055241037160158
  landing: 0.02115320973098278
  view-data: 0.027463484555482864
