times:
  edit-metadata: 1.257383378688246
  landing: 0.04583559790626168
  view-data: 0.2891265647485852
