times:
  edit-metadata: 2.1604789830744267
  landing: 0.022793367505073547
  view-data: 0.02410931885242462
