times:
  edit-metadata: 2.1481324303895235
  landing: 0.13288966938853264
  view-data: 0.46502431482076645
