times:
  edit-metadata: 2.066489500924945
  landing: 0.18117669597268105
  view-data: 0.12084829807281494
