times:
  edit-metadata: 1.9636286832392216
  landing: 0.021385807543992996
  view-data: 0.02475910633802414
