times:
  edit-metadata: 2.0465904511511326
  landing: 0.0205832552164793
  view-data: 0.14063452184200287
