times:
  edit-metadata: 1.9203001745045185
  landing: 0.13333885371685028
  view-data: 0.13209381140768528
