times:
  edit-metadata: 2.409451190382242
  landing: 0.02725362777709961
  view-data: 0.37584718875586987
