times:
  edit-metadata: 2.4935031794011593
  landing: 0.26102403923869133
  view-data: 0.4013336505740881
