times:
  edit-metadata: 2.632450358942151
  landing: 0.17822789959609509
  view-data: 0.41391129419207573
