times:
  edit-metadata: 2.010487888008356
  landing: 0.043080274015665054
  view-data: 0.025446278974413872
