times:
  edit-metadata: 2.0485715959221125
  landing: 0.0188839640468359
  view-data: 0.022804131731390953
