times:
  edit-metadata: 2.1367056779563427
  landing: 0.13672088459134102
  view-data: 0.023761937394738197
