times:
  edit-metadata: 2.7761856764554977
  landing: 0.02582092024385929
  view-data: 0.41104752011597157
