times:
  edit-metadata: 1.925081430003047
  landing: 0.21294729504734278
  view-data: 0.023904831148684025
