times:
  edit-metadata: 1.2233523894101381
  landing: 0.02182182017713785
  view-data: 0.02366904728114605
