times:
  edit-metadata: 1.2620512954890728
  landing: 0.021922843530774117
  view-data: 0.1013019997626543
