times:
  edit-metadata: 1.2129735192283988
  landing: 0.19233405962586403
  view-data: 0.026445909403264523
