times:
  edit-metadata: 1.2722413465380669
  landing: 0.022326222620904446
  view-data: 0.027141539379954338
