times:
  edit-metadata: 1.261954115703702
  landing: 0.019824350252747536
  view-data: 0.11676256358623505
