times:
  edit-metadata: 1.228237334638834
  landing: 0.02200307697057724
  view-data: 0.12489170208573341
