times:
  edit-metadata: 0.4964501275680959
  landing: 0.04804808273911476
  view-data: 0.20435789972543716
