times:
  edit-metadata: 1.3465698165819049
  landing: 0.13636045437306166
  view-data: 0.5316869784146547
