times:
  edit-metadata: 1.233410231769085
  landing: 0.021898086182773113
  view-data: 0.11717846058309078
