times:
  edit-metadata: 1.3565815724432468
  landing: 0.2246985100209713
  view-data: 0.3997563924640417
