times:
  edit-metadata: 1.2940894542261958
  landing: 0.1276807514950633
  view-data: 0.2200188459828496
