times:
  edit-metadata: 0.4559513577260077
  landing: 0.07361117610707879
  view-data: 0.362846857868135
