times:
  edit-metadata: 1.2590170092880726
  landing: 0.1809062585234642
  view-data: 0.024495428428053856
