times:
  edit-metadata: 1.8916937373578548
  landing: 0.14450887218117714
  view-data: 0.3974989289417863
