times:
  edit-metadata: 1.497505372390151
  landing: 0.2741610463708639
  view-data: 0.02295294590294361
