times:
  edit-metadata: 1.2221349319443107
  landing: 0.22983077727258205
  view-data: 0.026453941129148006
