times:
  edit-metadata: 1.3504133755341172
  landing: 0.019684800878167152
  view-data: 0.023766868747770786
