times:
  edit-metadata: 1.786084759994992
  landing: 0.03178894099255558
  view-data: 0.03765696499613114
