times:
  edit-metadata: 0.38998249638825655
  landing: 0.04810715559870005
  view-data: 0.33101902063935995
