times:
  edit-metadata: 1.3689761888235807
  landing: 0.14271312206983566
  view-data: 0.025172986090183258
