times:
  edit-metadata: 1.3731340412050486
  landing: 0.2516094073653221
  view-data: 0.19338829070329666
