times:
  edit-metadata: 1.25017527397722
  landing: 0.020309315994381905
  view-data: 0.02748130913823843
