times:
  edit-metadata: 1.34096010774374
  landing: 0.20093034394085407
  view-data: 0.3285799417644739
