times:
  edit-metadata: 1.3361139772459865
  landing: 0.20537381619215012
  view-data: 0.46936044562608004
