times:
  edit-metadata: 1.250006241723895
  landing: 0.020664398558437824
  view-data: 0.02753879502415657
