times:
  edit-metadata: 1.320511725731194
  landing: 0.02045250777155161
  view-data: 0.02622100245207548
