times:
  edit-metadata: 1.350887008011341
  landing: 0.13450847007334232
  view-data: 0.12095693685114384
