times:
  edit-metadata: 1.3539905501529574
  landing: 0.019874566234648228
  view-data: 0.023790061473846436
