times:
  edit-metadata: 1.218764546327293
  landing: 0.021433438174426556
  view-data: 0.02510237041860819
