times:
  edit-metadata: 1.256042642518878
  landing: 0.02217244543135166
  view-data: 0.11921923607587814
