times:
  edit-metadata: 1.204887862317264
  landing: 0.021397904492914677
  view-data: 0.02919593546539545
