times:
  edit-metadata: 1.302692573517561
  landing: 0.020168090239167213
  view-data: 0.028184102848172188
