times:
  edit-metadata: 1.2156044328585267
  landing: 0.02139370609074831
  view-data: 0.0933753252029419
