times:
  edit-metadata: 1.8082999475300312
  landing: 0.17185277678072453
  view-data: 0.36179604940116405
