times:
  edit-metadata: 0.5170119358226657
  landing: 0.04430834902450442
  view-data: 0.2123347599990666
