times:
  edit-metadata: 1.2383183985948563
  landing: 0.020724911242723465
  view-data: 0.027472730726003647
