times:
  edit-metadata: 1.246306818909943
  landing: 0.020190642215311527
  view-data: 0.12968605663627386
