times:
  edit-metadata: 1.33048184402287
  landing: 0.1200553048402071
  view-data: 0.30104908533394337
