times:
  edit-metadata: 1.3252922426909208
  landing: 0.1342400573194027
  view-data: 0.39654280710965395
