times:
  edit-metadata: 1.3018527515232563
  landing: 0.12760338187217712
  view-data: 0.42617040406912565
