times:
  edit-metadata: 0.6311194389127195
  landing: 0.04534589825198054
  view-data: 0.23391510779038072
