times:
  edit-metadata: 0.6281148339621723
  landing: 0.03898094594478607
  view-data: 0.2093122899532318
