times:
  edit-metadata: 1.3414684403687716
  landing: 0.028360076248645782
  view-data: 0.11940284073352814
