times:
  edit-metadata: 1.4874593000859022
  landing: 0.338938906788826
  view-data: 0.15468590334057808
