times:
  edit-metadata: 1.5467532742768526
  landing: 0.15438123419880867
  view-data: 0.1453339271247387
