times:
  edit-metadata: 1.2917663976550102
  landing: 0.02086968906223774
  view-data: 0.2808425761759281
