times:
  edit-metadata: 0.4036318203434348
  landing: 0.05009091831743717
  view-data: 0.3317013615742326
