times:
  edit-metadata: 1.3014856204390526
  landing: 0.018574032932519913
  view-data: 0.051592012867331505
