times:
  edit-metadata: 0.3874855008907616
  landing: 0.04066425422206521
  view-data: 0.5846799118444324
