times:
  edit-metadata: 1.2514819391071796
  landing: 0.01922464743256569
  view-data: 0.022928696125745773
