times:
  edit-metadata: 1.286577713675797
  landing: 0.021818624809384346
  view-data: 0.1319001903757453
