times:
  edit-metadata: 1.3503648079931736
  landing: 0.020098062232136726
  view-data: 0.3052634969353676
