times:
  edit-metadata: 1.4487521070986986
  landing: 0.021922752261161804
  view-data: 0.13164979964494705
