times:
  edit-metadata: 1.2148943366482854
  landing: 0.020940975286066532
  view-data: 0.025809159502387047
