times:
  edit-metadata: 1.2487784624099731
  landing: 0.02153200376778841
  view-data: 0.02494752686470747
