times:
  edit-metadata: 1.2581270961090922
  landing: 0.02081781718879938
  view-data: 0.1186599126085639
