times:
  edit-metadata: 1.6540912687778473
  landing: 0.1578805148601532
  view-data: 0.36458807811141014
