times:
  edit-metadata: 1.4664908535778522
  landing: 0.22429699823260307
  view-data: 0.40935360081493855
