times:
  edit-metadata: 1.5263987248763442
  landing: 0.18063037376850843
  view-data: 0.46728056110441685
