times:
  edit-metadata: 1.5783679243177176
  landing: 0.29530447348952293
  view-data: 0.4936494715511799
