times:
  edit-metadata: 1.2985596377402544
  landing: 0.022845137864351273
  view-data: 0.025349963456392288
