times:
  edit-metadata: 1.2965018153190613
  landing: 0.15084031783044338
  view-data: 0.4543181238695979
