times:
  edit-metadata: 1.3105694204568863
  landing: 0.02300054393708706
  view-data: 0.025261882692575455
