times:
  edit-metadata: 0.470918090082705
  landing: 0.0537407211959362
  view-data: 0.20193670690059662
