times:
  edit-metadata: 1.2884216010570526
  landing: 0.019689487293362617
  view-data: 0.02856440469622612
