times:
  edit-metadata: 1.416058098897338
  landing: 0.023282315582036972
  view-data: 0.02589772641658783
