times:
  edit-metadata: 1.322053431533277
  landing: 0.022073476575315
  view-data: 0.027121644467115402
