times:
  edit-metadata: 1.2504980908706784
  landing: 0.019955554977059364
  view-data: 0.025881702080368996
