times:
  edit-metadata: 1.2998696211725473
  landing: 0.18002942390739918
  view-data: 0.16091164574027061
