times:
  edit-metadata: 0.4204469732940197
  landing: 0.041988473385572433
  view-data: 0.4711786713451147
