times:
  edit-metadata: 1.562722872942686
  landing: 0.03773423284292221
  view-data: 0.13730435073375702
