times:
  edit-metadata: 0.395344914868474
  landing: 0.051885356195271015
  view-data: 0.1948729008436203
