times:
  edit-metadata: 0.6424554479308426
  landing: 0.11208247812464833
  view-data: 0.2047826200723648
