times:
  edit-metadata: 1.2665478251874447
  landing: 0.0185862984508276
  view-data: 0.31135289184749126
