times:
  edit-metadata: 0.5223837192170322
  landing: 0.049895008094608784
  view-data: 0.23641178756952286
