times:
  edit-metadata: 1.4111811527982354
  landing: 0.13974619284272194
  view-data: 0.15535352937877178
