times:
  edit-metadata: 0.4079552385956049
  landing: 0.04700745269656181
  view-data: 0.206142938695848
