times:
  edit-metadata: 1.2544073509052396
  landing: 0.02348100859671831
  view-data: 0.13217587023973465
