times:
  edit-metadata: 1.2895079581066966
  landing: 0.020347271114587784
  view-data: 0.1326153799891472
