times:
  edit-metadata: 0.4141075471416116
  landing: 0.0435754032805562
  view-data: 0.33311198838055134
