times:
  edit-metadata: 0.40091024059802294
  landing: 0.047469690442085266
  view-data: 0.20255909767001867
