times:
  edit-metadata: 0.389500149525702
  landing: 0.04685041308403015
  view-data: 0.20601658057421446
