times:
  edit-metadata: 1.215445164591074
  landing: 0.019010761752724648
  view-data: 0.11824481561779976
