times:
  edit-metadata: 1.2279206328094006
  landing: 0.020667762495577335
  view-data: 0.029697428457438946
