times:
  edit-metadata: 1.3582295663654804
  landing: 0.023002376779913902
  view-data: 0.027052748948335648
