times:
  edit-metadata: 1.5039577279239893
  landing: 0.23524409160017967
  view-data: 0.3815655764192343
