times:
  edit-metadata: 1.2395134819671512
  landing: 0.02296195738017559
  view-data: 0.13341816049069166
