times:
  edit-metadata: 0.41796859074383974
  landing: 0.03508754726499319
  view-data: 0.201508573256433
