times:
  edit-metadata: 1.30450124386698
  landing: 0.022133884020149708
  view-data: 0.02633324172347784
