times:
  edit-metadata: 0.5178354219533503
  landing: 0.05520722223445773
  view-data: 0.3401649249717593
