times:
  edit-metadata: 1.2837814949452877
  landing: 0.020497435703873634
  view-data: 0.15906155668199062
