times:
  edit-metadata: 1.5451362282037735
  landing: 0.14161437936127186
  view-data: 0.023947788402438164
