times:
  edit-metadata: 1.257957256399095
  landing: 0.02084928285330534
  view-data: 0.025949275121092796
