times:
  edit-metadata: 1.537560323253274
  landing: 0.3535453025251627
  view-data: 0.25003732927143574
