times:
  edit-metadata: 1.2968259043991566
  landing: 0.02145589143037796
  view-data: 0.3107860665768385
