times:
  edit-metadata: 1.2435257695615292
  landing: 0.0210653617978096
  view-data: 0.027728164568543434
