times:
  edit-metadata: 0.4544685576111078
  landing: 0.04403448896482587
  view-data: 0.3464274322614074
