times:
  edit-metadata: 1.3250921200960875
  landing: 0.1345131229609251
  view-data: 0.26557272486388683
