times:
  edit-metadata: 0.6321866000071168
  landing: 0.04121958510950208
  view-data: 0.22388108167797327
