times:
  edit-metadata: 1.2812858056277037
  landing: 0.022548601031303406
  view-data: 0.025891484692692757
