times:
  edit-metadata: 1.3022798728197813
  landing: 0.021896151825785637
  view-data: 0.1286290567368269
