times:
  edit-metadata: 0.5254233623854816
  landing: 0.055549758952111006
  view-data: 0.22104352386668324
