times:
  edit-metadata: 0.42044322565197945
  landing: 0.044265348464250565
  view-data: 0.32661104295402765
