times:
  edit-metadata: 1.2326170895248652
  landing: 0.023834114894270897
  view-data: 0.025230567902326584
