times:
  edit-metadata: 1.2742408895865083
  landing: 0.022832131013274193
  view-data: 0.23171190917491913
