times:
  edit-metadata: 1.2509610243141651
  landing: 0.0188174182549119
  view-data: 0.11828681919723749
