times:
  edit-metadata: 0.40969417802989483
  landing: 0.044566226191818714
  view-data: 0.20821921480819583
