times:
  edit-metadata: 1.2590093463659286
  landing: 0.20572077855467796
  view-data: 0.023946288973093033
