times:
  edit-metadata: 1.2244703117758036
  landing: 0.022953330539166927
  view-data: 0.02322549745440483
