times:
  edit-metadata: 1.4286930076777935
  landing: 0.16001243516802788
  view-data: 0.024543918669223785
