times:
  edit-metadata: 1.3281589392572641
  landing: 0.020409835502505302
  view-data: 0.026571914553642273
