times:
  edit-metadata: 1.332154093310237
  landing: 0.020200328901410103
  view-data: 0.10539077036082745
