times:
  edit-metadata: 1.390076695010066
  landing: 0.2460017241537571
  view-data: 0.023760073818266392
