times:
  edit-metadata: 0.6243975581601262
  landing: 0.07253916515037417
  view-data: 0.21740720607340336
