times:
  edit-metadata: 1.3229041900485754
  landing: 0.021804950200021267
  view-data: 0.10831582546234131
