times:
  edit-metadata: 0.6111981510184705
  landing: 0.17563648335635662
  view-data: 0.27616563998162746
