times:
  edit-metadata: 1.66202462464571
  landing: 0.2741941809654236
  view-data: 0.17772310599684715
