times:
  edit-metadata: 0.4228505939245224
  landing: 0.045723636634647846
  view-data: 0.33504896238446236
