times:
  edit-metadata: 1.3789618704468012
  landing: 0.019753364846110344
  view-data: 0.14624116010963917
