times:
  edit-metadata: 1.5260766129940748
  landing: 0.35221564769744873
  view-data: 0.41208380088210106
