times:
  edit-metadata: 1.332226948812604
  landing: 0.019700816832482815
  view-data: 0.4255553614348173
