times:
  edit-metadata: 1.6429841741919518
  landing: 0.019272414967417717
  view-data: 0.6474914308637381
