times:
  edit-metadata: 1.29466980881989
  landing: 0.018562912940979004
  view-data: 0.024618860334157944
