times:
  edit-metadata: 1.2453173696994781
  landing: 0.11620256304740906
  view-data: 0.2837620507925749
