times:
  edit-metadata: 0.7790692374110222
  landing: 0.09322675596922636
  view-data: 0.296241981908679
