times:
  edit-metadata: 1.2611010242253542
  landing: 0.022386951372027397
  view-data: 0.023462576791644096
