times:
  edit-metadata: 0.4057986857369542
  landing: 0.04684049263596535
  view-data: 0.1938145700842142
