times:
  edit-metadata: 1.2901518866419792
  landing: 0.019015628844499588
  view-data: 0.022256087511777878
