times:
  edit-metadata: 1.2605442116037011
  landing: 0.020733509212732315
  view-data: 0.02778940089046955
