times:
  edit-metadata: 0.39755500201135874
  landing: 0.05238400865346193
  view-data: 0.19980027619749308
