times:
  edit-metadata: 1.4776430185884237
  landing: 0.02143184468150139
  view-data: 0.12677615694701672
