times:
  edit-metadata: 1.435973521322012
  landing: 0.021723341196775436
  view-data: 0.152385039255023
