times:
  edit-metadata: 1.2429409585893154
  landing: 0.02994707692414522
  view-data: 0.0254250168800354
