times:
  edit-metadata: 0.389486575499177
  landing: 0.05522068589925766
  view-data: 0.4238719567656517
