times:
  edit-metadata: 1.3317581284791231
  landing: 0.02075948193669319
  view-data: 0.026635339483618736
