times:
  edit-metadata: 1.3487640488892794
  landing: 0.026341859251260757
  view-data: 0.02732710726559162
