times:
  edit-metadata: 1.479229897260666
  landing: 0.22577392309904099
  view-data: 0.29352086409926414
