times:
  edit-metadata: 0.4123709313571453
  landing: 0.0466011818498373
  view-data: 0.33121609780937433
