times:
  edit-metadata: 1.7028329651802778
  landing: 0.01802222989499569
  view-data: 0.02308209054172039
