times:
  edit-metadata: 0.4392113033682108
  landing: 0.038454657420516014
  view-data: 0.2015376714989543
