times:
  edit-metadata: 0.43068838585168123
  landing: 0.049913967959582806
  view-data: 0.33719340059906244
