times:
  edit-metadata: 1.6248900406062603
  landing: 0.2727210447192192
  view-data: 0.22835442051291466
