times:
  edit-metadata: 1.2044393606483936
  landing: 0.02153652347624302
  view-data: 0.025377917103469372
