times:
  edit-metadata: 1.297184214927256
  landing: 0.12555926851928234
  view-data: 0.19259695895016193
