times:
  edit-metadata: 1.2265696628019214
  landing: 0.021343284286558628
  view-data: 0.465903140604496
