times:
  edit-metadata: 1.2981379926204681
  landing: 0.0231045950204134
  view-data: 0.3424383979290724
