times:
  edit-metadata: 0.4100296851247549
  landing: 0.04603814799338579
  view-data: 0.2068008529022336
