times:
  edit-metadata: 1.398753760382533
  landing: 0.02331135980784893
  view-data: 0.05135295353829861
