times:
  edit-metadata: 1.2326006349176168
  landing: 0.02103145606815815
  view-data: 0.02574082836508751
