times:
  edit-metadata: 1.333661513403058
  landing: 0.019980136305093765
  view-data: 0.024036703631281853
