times:
  edit-metadata: 1.4267849791795015
  landing: 0.13937249965965748
  view-data: 0.31544447503983974
