times:
  edit-metadata: 1.292106032371521
  landing: 0.19001629017293453
  view-data: 0.028338728472590446
