times:
  edit-metadata: 1.2877063071355224
  landing: 0.02211332507431507
  view-data: 0.026088004000484943
