times:
  edit-metadata: 1.2835294660180807
  landing: 0.021553965285420418
  view-data: 0.02696838602423668
