times:
  edit-metadata: 1.3416715245693922
  landing: 0.2299832385033369
  view-data: 0.28568077087402344
