times:
  edit-metadata: 1.318692872300744
  landing: 0.11416588723659515
  view-data: 0.02469097077846527
