times:
  edit-metadata: 0.5043124407529831
  landing: 0.044865277130156755
  view-data: 0.2051401841454208
