times:
  edit-metadata: 1.474530043080449
  landing: 0.1497513446956873
  view-data: 0.13336428813636303
