times:
  edit-metadata: 1.2982305586338043
  landing: 0.11316009983420372
  view-data: 0.02740226872265339
