times:
  edit-metadata: 1.2598228324204683
  landing: 0.115551239810884
  view-data: 0.025762666016817093
