times:
  edit-metadata: 1.3827112838625908
  landing: 0.18625799380242825
  view-data: 0.0264448095113039
