times:
  edit-metadata: 1.2756034778431058
  landing: 0.23069113958626986
  view-data: 0.022994383238255978
