times:
  edit-metadata: 1.2488406877964735
  landing: 0.0198604604229331
  view-data: 0.02757388912141323
