times:
  edit-metadata: 1.5466095078736544
  landing: 0.23032958805561066
  view-data: 0.39530253037810326
