times:
  edit-metadata: 1.3417185936123133
  landing: 0.1348887924104929
  view-data: 0.2798084691166878
