times:
  edit-metadata: 1.2865068009123206
  landing: 0.019174404442310333
  view-data: 0.023254753090441227
