times:
  edit-metadata: 1.3237173594534397
  landing: 0.021721062250435352
  view-data: 0.022938435897231102
