times:
  edit-metadata: 1.233764948323369
  landing: 0.022382168099284172
  view-data: 0.02697831019759178
