times:
  edit-metadata: 1.3201110567897558
  landing: 0.2002402450889349
  view-data: 0.030067382380366325
