times:
  edit-metadata: 1.2403969699516892
  landing: 0.019139960408210754
  view-data: 0.12481895461678505
