times:
  edit-metadata: 1.255037714727223
  landing: 0.023732980713248253
  view-data: 0.12039994262158871
