times:
  edit-metadata: 1.2339238850399852
  landing: 0.02065307553857565
  view-data: 0.11978654935956001
