times:
  edit-metadata: 0.4289609743282199
  landing: 0.05013984255492687
  view-data: 0.32257357705384493
