times:
  edit-metadata: 1.252317468635738
  landing: 0.02032778412103653
  view-data: 0.024441830813884735
