times:
  edit-metadata: 0.46278044674545527
  landing: 0.053825920913368464
  view-data: 0.23010142799466848
