times:
  edit-metadata: 0.634387182071805
  landing: 0.04882893990725279
  view-data: 0.2922249739058316
