times:
  edit-metadata: 1.3146152254194021
  landing: 0.01999950408935547
  view-data: 0.29457369819283485
