times:
  edit-metadata: 1.2560106767341495
  landing: 0.02260675188153982
  view-data: 0.10305668599903584
