times:
  edit-metadata: 1.3191627524793148
  landing: 0.02060505747795105
  view-data: 0.32022467255592346
