times:
  edit-metadata: 1.2468157792463899
  landing: 0.02092534303665161
  view-data: 0.025991207920014858
