times:
  edit-metadata: 1.2724001575261354
  landing: 0.019403740763664246
  view-data: 0.026819327846169472
