times:
  edit-metadata: 1.4135657008737326
  landing: 0.019311578944325447
  view-data: 0.13719381857663393
