times:
  edit-metadata: 0.4250684781000018
  landing: 0.047053770162165165
  view-data: 0.3352607972919941
