times:
  edit-metadata: 1.1814352255314589
  landing: 0.020930451340973377
  view-data: 0.02799869515001774
