times:
  edit-metadata: 0.5324069829657674
  landing: 0.05831944802775979
  view-data: 0.20799353020265698
