times:
  edit-metadata: 1.4947748370468616
  landing: 0.2583902105689049
  view-data: 0.4434034116566181
