times:
  edit-metadata: 1.426387459039688
  landing: 0.2084762156009674
  view-data: 0.13063671253621578
