times:
  edit-metadata: 1.4307022355496883
  landing: 0.1475337715819478
  view-data: 0.2287916848435998
