times:
  edit-metadata: 1.2733627185225487
  landing: 0.02243232913315296
  view-data: 0.028073621913790703
