times:
  edit-metadata: 1.2572060525417328
  landing: 0.019913654774427414
  view-data: 0.024206247180700302
