times:
  edit-metadata: 1.4620712660253048
  landing: 0.13745242729783058
  view-data: 0.054756803438067436
