times:
  edit-metadata: 1.2559097902849317
  landing: 0.020958906039595604
  view-data: 0.1196608291938901
