times:
  edit-metadata: 1.2336928760632873
  landing: 0.02034378331154585
  view-data: 0.12218831665813923
