times:
  edit-metadata: 1.4093103986233473
  landing: 0.12521846406161785
  view-data: 0.5771714318543673
