times:
  edit-metadata: 1.5860203355550766
  landing: 0.14902555756270885
  view-data: 0.17779002338647842
