times:
  edit-metadata: 1.3268061811104417
  landing: 0.020096290856599808
  view-data: 0.47762400563806295
