times:
  edit-metadata: 0.39768909849226475
  landing: 0.051494802348315716
  view-data: 0.231099016033113
