times:
  edit-metadata: 1.4697724524885416
  landing: 0.267807824537158
  view-data: 0.15253316797316074
