times:
  edit-metadata: 0.3976226709783077
  landing: 0.0405798489227891
  view-data: 0.21057682670652866
