times:
  edit-metadata: 1.2921211803331971
  landing: 0.02078454289585352
  view-data: 0.5030920123681426
