times:
  edit-metadata: 1.2140923887491226
  landing: 0.02563962433487177
  view-data: 0.02619061339646578
