times:
  edit-metadata: 1.307596055790782
  landing: 0.019358498975634575
  view-data: 0.31295735016465187
