times:
  edit-metadata: 1.2327509364113212
  landing: 0.020175128243863583
  view-data: 0.02510767336934805
