times:
  edit-metadata: 1.204020974226296
  landing: 0.02011504676192999
  view-data: 0.1161903478205204
