times:
  edit-metadata: 1.2283685058355331
  landing: 0.021465829573571682
  view-data: 0.02612906228750944
