times:
  edit-metadata: 1.3466102592647076
  landing: 0.13151148986071348
  view-data: 0.12054458539932966
