times:
  edit-metadata: 0.4129342879168689
  landing: 0.039562535006552935
  view-data: 0.33550418773666024
