times:
  edit-metadata: 0.4128858931362629
  landing: 0.04632493481040001
  view-data: 0.2014542929828167
