times:
  edit-metadata: 1.3460982479155064
  landing: 0.13857238739728928
  view-data: 0.025421954691410065
