times:
  edit-metadata: 0.42347689252346754
  landing: 0.04671281948685646
  view-data: 0.20497728046029806
