times:
  edit-metadata: 1.6298375446349382
  landing: 0.23628072999417782
  view-data: 0.27113907411694527
