times:
  edit-metadata: 1.455187138170004
  landing: 0.33287118189036846
  view-data: 0.16157162003219128
