times:
  edit-metadata: 0.673398959916085
  landing: 0.04801212623715401
  view-data: 0.2188460910692811
