times:
  edit-metadata: 0.403154413215816
  landing: 0.0424521379172802
  view-data: 0.2233435744419694
