times:
  edit-metadata: 0.41762681771069765
  landing: 0.049148338846862316
  view-data: 0.2053645122796297
