times:
  edit-metadata: 1.28946596942842
  landing: 0.21447208151221275
  view-data: 0.12347014993429184
