times:
  edit-metadata: 1.5081894006580114
  landing: 0.2992360405623913
  view-data: 0.02371292933821678
