times:
  edit-metadata: 1.3989048711955547
  landing: 0.01906500943005085
  view-data: 0.16036887280642986
