times:
  edit-metadata: 1.218050784431398
  landing: 0.021419976837933064
  view-data: 0.1187401320785284
