times:
  edit-metadata: 1.2722711926326156
  landing: 0.02269809227436781
  view-data: 0.10683911014348269
