times:
  edit-metadata: 0.5063716480508447
  landing: 0.04845392890274525
  view-data: 0.20961287105455995
