times:
  edit-metadata: 1.3025191063061357
  landing: 0.022179811261594296
  view-data: 0.02633207757025957
