times:
  edit-metadata: 1.7422522734850645
  landing: 0.020995253697037697
  view-data: 0.025405464693903923
