times:
  edit-metadata: 0.3992937793955207
  landing: 0.04110527876764536
  view-data: 0.2579888952895999
