times:
  edit-metadata: 1.5350748961791396
  landing: 0.02086455561220646
  view-data: 0.361143009737134
