times:
  edit-metadata: 1.3202245058491826
  landing: 0.020246000960469246
  view-data: 0.0268198074772954
