times:
  edit-metadata: 1.4958804044872522
  landing: 0.02115054428577423
  view-data: 0.4610397648066282
