times:
  edit-metadata: 1.2771564470604062
  landing: 0.11462312191724777
  view-data: 0.026229226030409336
