times:
  edit-metadata: 1.420989640057087
  landing: 0.13723784312605858
  view-data: 0.33092869259417057
