times:
  edit-metadata: 1.2272770144045353
  landing: 0.021544160321354866
  view-data: 0.11733378004282713
