times:
  edit-metadata: 1.2585119819268584
  landing: 0.12864295858889818
  view-data: 0.13465904723852873
