times:
  edit-metadata: 0.4154464416205883
  landing: 0.041462795808911324
  view-data: 0.20792540814727545
