times:
  edit-metadata: 1.257596048526466
  landing: 0.02021320816129446
  view-data: 0.0992506667971611
