times:
  edit-metadata: 1.2978848535567522
  landing: 0.09754208475351334
  view-data: 0.02471279725432396
