times:
  edit-metadata: 1.2366697806864977
  landing: 0.022327585145831108
  view-data: 0.45320539362728596
