times:
  edit-metadata: 1.239768410101533
  landing: 0.02330539096146822
  view-data: 0.02635713666677475
