times:
  edit-metadata: 1.2110113808885217
  landing: 0.02041666116565466
  view-data: 0.0264970064163208
