times:
  edit-metadata: 1.262139542028308
  landing: 0.14638290088623762
  view-data: 0.4144878787919879
