times:
  edit-metadata: 1.234199358150363
  landing: 0.021311664022505283
  view-data: 0.11980221699923277
