times:
  edit-metadata: 1.9008754268288612
  landing: 0.028146199882030487
  view-data: 0.26014112681150436
