times:
  edit-metadata: 1.4642282165586948
  landing: 0.37089511193335056
  view-data: 0.15987120382487774
