times:
  edit-metadata: 1.2131173256784678
  landing: 0.024276128038764
  view-data: 0.026599399745464325
