times:
  edit-metadata: 0.4056819430552423
  landing: 0.041335327085107565
  view-data: 0.34333260217681527
