times:
  edit-metadata: 0.4055047929286957
  landing: 0.048560554161667824
  view-data: 0.3665425577200949
