times:
  edit-metadata: 1.1920199301093817
  landing: 0.16618782561272383
  view-data: 0.028399933129549026
