times:
  edit-metadata: 0.40083225443959236
  landing: 0.04293656349182129
  view-data: 0.44045099057257175
