times:
  edit-metadata: 0.41959053184837103
  landing: 0.045741486363112926
  view-data: 0.21596737019717693
