times:
  edit-metadata: 1.3256131205707788
  landing: 0.19596938975155354
  view-data: 0.02323390543460846
