times:
  edit-metadata: 1.3536176402121782
  landing: 0.02343488670885563
  view-data: 0.02376437932252884
