times:
  edit-metadata: 1.4197937650606036
  landing: 0.04453080706298351
  view-data: 0.445973570458591
