times:
  edit-metadata: 1.3226954825222492
  landing: 0.13261199928820133
  view-data: 0.27519417367875576
