times:
  edit-metadata: 1.2347493562847376
  landing: 0.022566343657672405
  view-data: 0.026177793741226196
