times:
  edit-metadata: 0.49089181888848543
  landing: 0.047147560864686966
  view-data: 0.2093325569294393
