times:
  edit-metadata: 1.2814229922369123
  landing: 0.01981901191174984
  view-data: 0.029397953301668167
