times:
  edit-metadata: 1.2412052433937788
  landing: 0.01973142009228468
  view-data: 0.02533008810132742
