times:
  edit-metadata: 1.305648966692388
  landing: 0.02025957964360714
  view-data: 0.024425177834928036
