times:
  edit-metadata: 1.3284046947956085
  landing: 0.021040119230747223
  view-data: 0.0264976155012846
