times:
  edit-metadata: 0.6959062190726399
  landing: 0.07061957102268934
  view-data: 0.2778551117517054
