times:
  edit-metadata: 1.500555170699954
  landing: 0.05908479914069176
  view-data: 0.02527511864900589
