times:
  edit-metadata: 0.5271753831766546
  landing: 0.04472355730831623
  view-data: 0.2111209058202803
