times:
  edit-metadata: 0.4055687393993139
  landing: 0.043420106172561646
  view-data: 0.19243567902594805
