times:
  edit-metadata: 1.279320701956749
  landing: 0.02186392806470394
  view-data: 0.27463881112635136
