times:
  edit-metadata: 1.2872251830995083
  landing: 0.020731979981064796
  view-data: 0.024962978437542915
