times:
  edit-metadata: 0.6193635468371212
  landing: 0.09488122863695025
  view-data: 0.2205980229191482
