times:
  edit-metadata: 1.3082439303398132
  landing: 0.019409772008657455
  view-data: 0.027160294353961945
