times:
  edit-metadata: 1.323542209342122
  landing: 0.019729282706975937
  view-data: 0.023169076070189476
