times:
  edit-metadata: 1.251831004396081
  landing: 0.01958768628537655
  view-data: 0.0239966893568635
