times:
  edit-metadata: 1.710332240909338
  landing: 0.19667006097733974
  view-data: 0.05010302551090717
