times:
  edit-metadata: 1.2894917856901884
  landing: 0.021136436611413956
  view-data: 0.1400755885988474
