times:
  edit-metadata: 1.265172346495092
  landing: 0.02094601932913065
  view-data: 0.12350116670131683
