times:
  edit-metadata: 1.244410628452897
  landing: 0.022135729901492596
  view-data: 0.02838512510061264
