times:
  edit-metadata: 1.2364839231595397
  landing: 0.02017008140683174
  view-data: 0.12277769204229116
