times:
  edit-metadata: 1.3831797111779451
  landing: 0.022089866921305656
  view-data: 0.02581561543047428
