times:
  edit-metadata: 1.2254451802000403
  landing: 0.023515227250754833
  view-data: 0.12088063172996044
