times:
  edit-metadata: 1.254751767963171
  landing: 0.02226938307285309
  view-data: 0.10154945217072964
