times:
  edit-metadata: 1.355279573239386
  landing: 0.11986332200467587
  view-data: 0.4652801137417555
