times:
  edit-metadata: 1.304807860404253
  landing: 0.01979776844382286
  view-data: 0.1391582153737545
