times:
  edit-metadata: 1.2192435394972563
  landing: 0.1879885345697403
  view-data: 0.026793716475367546
