times:
  edit-metadata: 0.4219116661697626
  landing: 0.04179506655782461
  view-data: 0.19974330347031355
