times:
  edit-metadata: 1.336950607597828
  landing: 0.19938821159303188
  view-data: 0.1187688447535038
