times:
  edit-metadata: 1.2771993093192577
  landing: 0.02202451042830944
  view-data: 0.023582441732287407
