times:
  edit-metadata: 1.2956408243626356
  landing: 0.11392413452267647
  view-data: 0.11894287914037704
