times:
  edit-metadata: 1.731117257848382
  landing: 0.021263052709400654
  view-data: 0.024544003419578075
