times:
  edit-metadata: 1.7064453158527613
  landing: 0.23335110675543547
  view-data: 0.024222763255238533
