times:
  edit-metadata: 1.2856475124135613
  landing: 0.17663927841931581
  view-data: 0.026198772713541985
