times:
  edit-metadata: 0.7798500726930797
  landing: 0.036717678885906935
  view-data: 0.20515257492661476
