times:
  edit-metadata: 1.2733691316097975
  landing: 0.20528690051287413
  view-data: 0.11846075858920813
