times:
  edit-metadata: 0.5107849598862231
  landing: 0.04340700805187225
  view-data: 0.2993944832123816
