times:
  edit-metadata: 1.289274673908949
  landing: 0.02086457796394825
  view-data: 0.027457719668745995
