times:
  edit-metadata: 1.49103426001966
  landing: 0.020947471261024475
  view-data: 0.5689457934349775
