times:
  edit-metadata: 1.2952334973961115
  landing: 0.24462862871587276
  view-data: 0.024823496118187904
