times:
  edit-metadata: 1.3136478941887617
  landing: 0.018090469762682915
  view-data: 0.31846078112721443
