times:
  edit-metadata: 1.2677807426080108
  landing: 0.23164774291217327
  view-data: 0.12878757063299417
