times:
  edit-metadata: 1.2381072025746107
  landing: 0.02062828652560711
  view-data: 0.0250792084261775
