times:
  edit-metadata: 1.227424243465066
  landing: 0.02251923643052578
  view-data: 0.3176491744816303
