times:
  edit-metadata: 2.484474403987406
  landing: 0.3529542429896537
  view-data: 0.16695198099478148
