times:
  edit-metadata: 0.5452410010620952
  landing: 0.11822044337168336
  view-data: 0.2143583819270134
