times:
  edit-metadata: 0.5418347218073905
  landing: 0.07157284300774336
  view-data: 0.20997731015086174
