times:
  edit-metadata: 0.607191052287817
  landing: 0.07096764538437128
  view-data: 0.21638717968016863
