times:
  edit-metadata: 0.642801848705858
  landing: 0.05263287713751197
  view-data: 0.22190017206594348
