times:
  edit-metadata: 0.707772214896977
  landing: 0.12718101684004068
  view-data: 0.32027891790494323
