times:
  edit-metadata: 0.6414396669715643
  landing: 0.10257901903241873
  view-data: 0.25962964026257396
