times:
  edit-metadata: 0.5311042051762342
  landing: 0.06462079333141446
  view-data: 0.2640146519988775
