times:
  edit-metadata: 0.6516021890565753
  landing: 0.08252204908058047
  view-data: 0.20795155316591263
