times:
  edit-metadata: 0.5386348888278008
  landing: 0.06681610690429807
  view-data: 0.2177502429112792
