times:
  edit-metadata: 0.6810901360586286
  landing: 0.05784044833853841
  view-data: 0.29124040016904473
