times:
  edit-metadata: 0.5501561723649502
  landing: 0.06858962401747704
  view-data: 0.3109358618967235
