times:
  edit-metadata: 0.7847831179387867
  landing: 0.06180417677387595
  view-data: 0.22349902987480164
