times:
  edit-metadata: 0.5488357050344348
  landing: 0.06108257779851556
  view-data: 0.2177851740270853
