times:
  edit-metadata: 0.832651577424258
  landing: 0.11353887198492885
  view-data: 0.26266821194440126
