times:
  edit-metadata: 1.5365277640521526
  landing: 0.02278323471546173
  view-data: 0.3784146774560213
