times:
  edit-metadata: 0.9007806279696524
  landing: 0.06763421511277556
  view-data: 0.22297714790329337
