times:
  edit-metadata: 0.5209476458840072
  landing: 0.07402482815086842
  view-data: 0.21443523233756423
