times:
  edit-metadata: 0.5214159446768463
  landing: 0.061424994841217995
  view-data: 0.21485803835093975
