times:
  edit-metadata: 0.5393043495714664
  landing: 0.050186771899461746
  view-data: 0.22101331502199173
