times:
  edit-metadata: 1.4897622633725405
  landing: 0.19218916818499565
  view-data: 0.1475873626768589
