times:
  edit-metadata: 0.8787399628199637
  landing: 0.06940428307279944
  view-data: 0.2182224029675126
