times:
  edit-metadata: 1.6176306065171957
  landing: 0.17363629676401615
  view-data: 0.02999776415526867
