times:
  edit-metadata: 0.7516516898758709
  landing: 0.06846577161923051
  view-data: 0.31434785202145576
