times:
  edit-metadata: 0.5404757210053504
  landing: 0.0719528328627348
  view-data: 0.22103739902377129
