times:
  edit-metadata: 0.6103001851588488
  landing: 0.0935819586738944
  view-data: 0.2193031026981771
