times:
  edit-metadata: 1.6510722246021032
  landing: 0.23149595968425274
  view-data: 0.15581600554287434
