times:
  edit-metadata: 0.6924620843492448
  landing: 0.11226143687963486
  view-data: 0.22524797078222036
