times:
  edit-metadata: 0.5905366158112884
  landing: 0.059431695844978094
  view-data: 0.3153923009522259
