times:
  edit-metadata: 0.7760778227820992
  landing: 0.12238288810476661
  view-data: 0.28423551097512245
