times:
  edit-metadata: 0.5577855352312326
  landing: 0.07943831570446491
  view-data: 0.2990630241110921
