times:
  edit-metadata: 0.5520084691233933
  landing: 0.076093596406281
  view-data: 0.21936941891908646
