times:
  edit-metadata: 1.6217290591448545
  landing: 0.024039288982748985
  view-data: 0.1033617202192545
