times:
  edit-metadata: 1.828501507639885
  landing: 0.14181897975504398
  view-data: 0.3993400763720274
