times:
  edit-metadata: 1.5862027257680893
  landing: 0.021440912038087845
  view-data: 0.02489721029996872
