times:
  edit-metadata: 1.900294316932559
  landing: 0.2615331504493952
  view-data: 0.3923202343285084
