times:
  edit-metadata: 2.230668878182769
  landing: 0.2762516736984253
  view-data: 0.18127191811800003
