times:
  edit-metadata: 2.7839487200253643
  landing: 0.23517551901750267
  view-data: 0.7513776870328002
