times:
  edit-metadata: 1.5174338705837727
  landing: 0.13196973502635956
  view-data: 0.45170227717608213
