times:
  edit-metadata: 1.5539405634626746
  landing: 0.1288141356781125
  view-data: 0.47501897998154163
