times:
  edit-metadata: 1.3921780306845903
  landing: 0.02293960563838482
  view-data: 0.02605493552982807
