times:
  edit-metadata: 1.5701174177229404
  landing: 0.14724615029990673
  view-data: 0.02476300112903118
