times:
  edit-metadata: 1.536602659150958
  landing: 0.021683216094970703
  view-data: 0.025621788576245308
