times:
  edit-metadata: 1.5382578186690807
  landing: 0.01976160705089569
  view-data: 0.28924392350018024
