times:
  edit-metadata: 1.8696220014244318
  landing: 0.21104944311082363
  view-data: 0.4360287915915251
