times:
  edit-metadata: 0.6183969439007342
  landing: 0.07564670220017433
  view-data: 0.21730862185359
