times:
  edit-metadata: 1.4709633234888315
  landing: 0.02346760220825672
  view-data: 0.12073032185435295
