times:
  edit-metadata: 2.068938902579248
  landing: 0.04605562146753073
  view-data: 0.3767310455441475
