times:
  edit-metadata: 1.3823550576344132
  landing: 0.02228822559118271
  view-data: 0.024129061959683895
