times:
  edit-metadata: 1.459532425738871
  landing: 0.20954097993671894
  view-data: 0.26750269811600447
