times:
  edit-metadata: 1.5569463893771172
  landing: 0.01890856772661209
  view-data: 0.3687640503048897
