times:
  edit-metadata: 1.3800054704770446
  landing: 0.02273860014975071
  view-data: 0.10034133307635784
