times:
  edit-metadata: 1.4789706133306026
  landing: 0.18116998858749866
  view-data: 0.14425660111010075
