times:
  edit-metadata: 0.835931264795363
  landing: 0.0613146610558033
  view-data: 0.25872529577463865
