times:
  edit-metadata: 1.6674749981611967
  landing: 0.02411101758480072
  view-data: 0.02614855021238327
