times:
  edit-metadata: 1.4673581952229142
  landing: 0.1371296625584364
  view-data: 0.48451793286949396
