times:
  edit-metadata: 1.658699894323945
  landing: 0.16292544826865196
  view-data: 0.17571100778877735
