times:
  edit-metadata: 1.453112743794918
  landing: 0.17151003517210484
  view-data: 0.02331908978521824
