times:
  edit-metadata: 1.9657179359346628
  landing: 0.33031951263546944
  view-data: 0.23136449418962002
