times:
  edit-metadata: 1.50896474160254
  landing: 0.11980140022933483
  view-data: 0.1439481470733881
