times:
  edit-metadata: 1.7828202545642853
  landing: 0.16336874663829803
  view-data: 0.43711489997804165
