times:
  edit-metadata: 1.5257420558482409
  landing: 0.02181413397192955
  view-data: 0.02501586824655533
