times:
  edit-metadata: 1.5852069351822138
  landing: 0.021732645109295845
  view-data: 0.13043144531548023
