times:
  edit-metadata: 1.4995315242558718
  landing: 0.019235432147979736
  view-data: 0.2851200867444277
