times:
  edit-metadata: 1.792424239218235
  landing: 0.1655153501778841
  view-data: 0.025051072239875793
