times:
  edit-metadata: 1.4992288164794445
  landing: 0.12070763017982244
  view-data: 0.4429788738489151
