times:
  edit-metadata: 1.6414043884724379
  landing: 0.12681300938129425
  view-data: 0.200494097545743
