times:
  edit-metadata: 1.8322423361241817
  landing: 0.21026381477713585
  view-data: 0.1523813232779503
