times:
  edit-metadata: 2.099296038970351
  landing: 0.11144853569567204
  view-data: 0.39425228536129
