times:
  edit-metadata: 1.4439427331089973
  landing: 0.022587347775697708
  view-data: 0.29723201505839825
