times:
  edit-metadata: 1.4657824523746967
  landing: 0.19464819133281708
  view-data: 0.026312404312193394
