times:
  edit-metadata: 1.7143050227314234
  landing: 0.24675879441201687
  view-data: 0.14023474790155888
