times:
  edit-metadata: 1.445641279220581
  landing: 0.020629683509469032
  view-data: 0.13474992010742426
