times:
  edit-metadata: 1.6055552791804075
  landing: 0.21272786427289248
  view-data: 0.14013393130153418
