times:
  edit-metadata: 0.6294335536658764
  landing: 0.10233785398304462
  view-data: 0.20736712077632546
