times:
  edit-metadata: 1.4901444055140018
  landing: 0.01931968331336975
  view-data: 0.02757471427321434
