times:
  edit-metadata: 1.456347320228815
  landing: 0.13924498856067657
  view-data: 0.33892872370779514
