times:
  edit-metadata: 0.6081095160916448
  landing: 0.07612938527017832
  view-data: 0.22745842998847365
