times:
  edit-metadata: 1.561497868038714
  landing: 0.01817854680120945
  view-data: 0.13577895611524582
