times:
  edit-metadata: 1.4943374190479517
  landing: 0.018966300413012505
  view-data: 0.025864386931061745
