times:
  edit-metadata: 1.5687354523688555
  landing: 0.02498229779303074
  view-data: 0.11469786800444126
