times:
  edit-metadata: 1.554102137684822
  landing: 0.023048561066389084
  view-data: 0.5695343539118767
