times:
  edit-metadata: 0.6159218358807266
  landing: 0.04333401471376419
  view-data: 0.22505568666383624
