times:
  edit-metadata: 1.6176210828125477
  landing: 0.01992172934114933
  view-data: 0.02592524327337742
