times:
  edit-metadata: 0.6058204770088196
  landing: 0.07582424115389585
  view-data: 0.21896734973415732
