times:
  edit-metadata: 1.4270475190132856
  landing: 0.01936016045510769
  view-data: 0.023108942434191704
