times:
  edit-metadata: 2.912536283954978
  landing: 0.38355335034430027
  view-data: 0.6947038285434246
