times:
  edit-metadata: 1.4909836258739233
  landing: 0.023220369592308998
  view-data: 0.026153257116675377
