times:
  edit-metadata: 1.4590337071567774
  landing: 0.23305898532271385
  view-data: 0.2744943518191576
