times:
  edit-metadata: 1.5076555386185646
  landing: 0.23961533047258854
  view-data: 0.13334921002388
