times:
  edit-metadata: 0.7709334003739059
  landing: 0.07067392533645034
  view-data: 0.32861735206097364
