times:
  edit-metadata: 1.5216588266193867
  landing: 0.019177773967385292
  view-data: 0.025518225505948067
