times:
  edit-metadata: 1.384518826380372
  landing: 0.1457608761265874
  view-data: 0.029927263036370277
