times:
  edit-metadata: 1.4378968961536884
  landing: 0.048062048852443695
  view-data: 0.026032861322164536
