times:
  edit-metadata: 1.9216390810906887
  landing: 0.24149656668305397
  view-data: 0.2714403197169304
