times:
  edit-metadata: 1.4732729848474264
  landing: 0.02026340365409851
  view-data: 0.023483680561184883
