times:
  edit-metadata: 1.5395397767424583
  landing: 0.19167575612664223
  view-data: 0.02440141700208187
