times:
  edit-metadata: 1.4249115902930498
  landing: 0.021436210721731186
  view-data: 0.12301168963313103
