times:
  edit-metadata: 0.7615313651040196
  landing: 0.05638011870905757
  view-data: 0.23633997002616525
