times:
  edit-metadata: 1.8895101007074118
  landing: 0.24218623898923397
  view-data: 0.26741740852594376
