times:
  edit-metadata: 1.6713661700487137
  landing: 0.22678355686366558
  view-data: 0.17843609303236008
