times:
  edit-metadata: 1.9281666167080402
  landing: 0.14741935580968857
  view-data: 0.4467314910143614
