times:
  edit-metadata: 0.7097497028298676
  landing: 0.06411759974434972
  view-data: 0.361762962769717
