times:
  edit-metadata: 2.0917125772684813
  landing: 0.05184679850935936
  view-data: 0.029713215306401253
