times:
  edit-metadata: 1.4568206742405891
  landing: 0.04760034568607807
  view-data: 0.14093737304210663
