times:
  edit-metadata: 1.6119744256138802
  landing: 0.02252156287431717
  view-data: 0.33816391229629517
