times:
  edit-metadata: 1.497606348246336
  landing: 0.018566088750958443
  view-data: 0.024997275322675705
