times:
  edit-metadata: 1.4359885025769472
  landing: 0.021338580176234245
  view-data: 0.12675834074616432
