times:
  edit-metadata: 2.001387882977724
  landing: 0.144996652379632
  view-data: 0.33292018063366413
