times:
  edit-metadata: 2.548670142889023
  landing: 0.16356770135462284
  view-data: 0.35476792603731155
