times:
  edit-metadata: 1.7703030928969383
  landing: 0.021152714267373085
  view-data: 0.4613833371549845
