times:
  edit-metadata: 1.6631416268646717
  landing: 0.18309017829596996
  view-data: 0.5267439801245928
