times:
  edit-metadata: 0.7478671506978571
  landing: 0.1384876468218863
  view-data: 0.22545206872746348
