times:
  edit-metadata: 0.7169352262280881
  landing: 0.042800379917025566
  view-data: 0.27023959578946233
