times:
  edit-metadata: 1.476661704480648
  landing: 0.02210620790719986
  view-data: 0.027062812820076942
