times:
  edit-metadata: 1.552631488069892
  landing: 0.01973334141075611
  view-data: 0.026396190747618675
