times:
  edit-metadata: 1.4840832445770502
  landing: 0.09631122648715973
  view-data: 0.34952916763722897
