times:
  edit-metadata: 1.4430182725191116
  landing: 0.13423140719532967
  view-data: 0.13075856119394302
