times:
  edit-metadata: 1.6054569780826569
  landing: 0.09830437786877155
  view-data: 0.03223399445414543
