times:
  edit-metadata: 1.606943091377616
  landing: 0.21543981693685055
  view-data: 0.02483387663960457
