times:
  edit-metadata: 1.5194775685667992
  landing: 0.021813219413161278
  view-data: 0.12553098239004612
