times:
  edit-metadata: 0.7665848420001566
  landing: 0.05346979992464185
  view-data: 0.212365937884897
