times:
  edit-metadata: 1.6519443113356829
  landing: 0.23330212384462357
  view-data: 0.34805023670196533
