times:
  edit-metadata: 1.5626531559973955
  landing: 0.184981232509017
  view-data: 0.3669282626360655
