times:
  edit-metadata: 1.5912015549838543
  landing: 0.020348895341157913
  view-data: 0.028754238039255142
