times:
  edit-metadata: 0.6220806408673525
  landing: 0.07598331291228533
  view-data: 0.23149346373975277
