times:
  edit-metadata: 1.8045173715800047
  landing: 0.11567865125834942
  view-data: 0.12901423126459122
