times:
  edit-metadata: 1.6931117828935385
  landing: 0.25494083762168884
  view-data: 0.028056330978870392
