times:
  edit-metadata: 1.911924498155713
  landing: 0.18949373997747898
  view-data: 0.15648158453404903
