times:
  edit-metadata: 1.5413496550172567
  landing: 0.11500936932861805
  view-data: 0.2498957570642233
