times:
  edit-metadata: 1.4392489586025476
  landing: 0.16341868788003922
  view-data: 0.028099654242396355
