times:
  edit-metadata: 1.6229405105113983
  landing: 0.2625443544238806
  view-data: 0.39349330216646194
