times:
  edit-metadata: 1.5916255787014961
  landing: 0.020974941551685333
  view-data: 0.023154817521572113
