times:
  edit-metadata: 2.0616589970886707
  landing: 0.21899446845054626
  view-data: 0.5971124973148108
