times:
  edit-metadata: 1.5495906164869666
  landing: 0.1651035901159048
  view-data: 0.33523416239768267
