times:
  edit-metadata: 0.85690797585994
  landing: 0.0842405091971159
  view-data: 0.24350279197096825
