times:
  edit-metadata: 1.3855856424197555
  landing: 0.021237690933048725
  view-data: 0.02403998002409935
