times:
  edit-metadata: 0.674815536942333
  landing: 0.04642578633502126
  view-data: 0.22143829986453056
