times:
  edit-metadata: 1.5034485729411244
  landing: 0.22428921423852444
  view-data: 0.09346104599535465
