times:
  edit-metadata: 1.5547473635524511
  landing: 0.20233972370624542
  view-data: 0.31973406858742237
