times:
  edit-metadata: 1.5094540677964687
  landing: 0.19296432100236416
  view-data: 0.022435594350099564
