times:
  edit-metadata: 0.7982045309618115
  landing: 0.07747770985588431
  view-data: 0.29244274366647005
