times:
  edit-metadata: 1.6308607514947653
  landing: 0.09826469980180264
  view-data: 0.13099047541618347
