times:
  edit-metadata: 1.4512881562113762
  landing: 0.1809886209666729
  view-data: 0.1276974081993103
