times:
  edit-metadata: 1.4729707464575768
  landing: 0.023090777918696404
  view-data: 0.025643903762102127
