times:
  edit-metadata: 1.8409505393356085
  landing: 0.020931930281221867
  view-data: 0.4511968772858381
