times:
  edit-metadata: 1.5392201049253345
  landing: 0.019517073407769203
  view-data: 0.024364355951547623
