times:
  edit-metadata: 1.4608294013887644
  landing: 0.020758455619215965
  view-data: 0.023534348234534264
