times:
  edit-metadata: 1.4301544968038797
  landing: 0.1156338769942522
  view-data: 0.025871528312563896
