times:
  edit-metadata: 1.6664258316159248
  landing: 0.022001132369041443
  view-data: 0.3798006381839514
