times:
  edit-metadata: 0.6598463198170066
  landing: 0.06130508007481694
  view-data: 0.2305513070896268
