times:
  edit-metadata: 1.4862944297492504
  landing: 0.021131649613380432
  view-data: 0.026357190683484077
