times:
  edit-metadata: 0.7554982388392091
  landing: 0.09692750684916973
  view-data: 0.29777063615620136
