times:
  edit-metadata: 1.4269072767347097
  landing: 0.02024182677268982
  view-data: 0.025385266169905663
