times:
  edit-metadata: 1.540713232010603
  landing: 0.21095863357186317
  view-data: 0.127760611474514
