times:
  edit-metadata: 1.5264611821621656
  landing: 0.019394775852560997
  view-data: 0.024060385301709175
