times:
  edit-metadata: 1.5857938937842846
  landing: 0.024218812584877014
  view-data: 0.028469505719840527
