times:
  edit-metadata: 1.7051892019808292
  landing: 0.019498934969305992
  view-data: 0.14426062628626823
