times:
  edit-metadata: 1.5474706590175629
  landing: 0.022893128916621208
  view-data: 0.025062421336770058
