times:
  edit-metadata: 0.6359101692214608
  landing: 0.06326867314055562
  view-data: 0.21631131460890174
