times:
  edit-metadata: 1.5076608220115304
  landing: 0.020438318140804768
  view-data: 0.412643326446414
