times:
  edit-metadata: 2.1461591068655252
  landing: 0.31308585964143276
  view-data: 0.34117433428764343
