times:
  edit-metadata: 1.9739599265158176
  landing: 0.1861565848812461
  view-data: 0.38119154144078493
