times:
  edit-metadata: 0.9052966302260756
  landing: 0.10978821804746985
  view-data: 0.3071895008906722
