times:
  edit-metadata: 1.6635837350040674
  landing: 0.2288948018103838
  view-data: 0.4004735164344311
