times:
  edit-metadata: 0.7753332811407745
  landing: 0.0548620019108057
  view-data: 0.2932400698773563
