times:
  edit-metadata: 1.756452141329646
  landing: 0.021750040352344513
  view-data: 0.4237081687897444
