times:
  edit-metadata: 1.4605133812874556
  landing: 0.16544207744300365
  view-data: 0.09918196499347687
