times:
  edit-metadata: 0.617652309127152
  landing: 0.05346232373267412
  view-data: 0.2345038978382945
