times:
  edit-metadata: 1.5256050620228052
  landing: 0.020939752459526062
  view-data: 0.3130061440169811
