times:
  edit-metadata: 1.4337101224809885
  landing: 0.021617187187075615
  view-data: 0.12590771168470383
