times:
  edit-metadata: 1.7282119654119015
  landing: 0.2110399343073368
  view-data: 0.13465447165071964
