times:
  edit-metadata: 0.6668879403732717
  landing: 0.04797357879579067
  view-data: 0.27984871296212077
