times:
  edit-metadata: 1.6097687892615795
  landing: 0.20472545735538006
  view-data: 0.2727559953927994
