times:
  edit-metadata: 1.6724678184837103
  landing: 0.020992586389183998
  view-data: 0.024561071768403053
