times:
  edit-metadata: 1.4941957537084818
  landing: 0.021260052919387817
  view-data: 0.026735853403806686
