times:
  edit-metadata: 1.486841520294547
  landing: 0.020261157304048538
  view-data: 0.022770756855607033
