times:
  edit-metadata: 1.5313951633870602
  landing: 0.024163607507944107
  view-data: 0.2969999723136425
