times:
  edit-metadata: 0.6584279839880764
  landing: 0.12797773256897926
  view-data: 0.2228361526504159
