times:
  edit-metadata: 0.8342079208232462
  landing: 0.060816189274191856
  view-data: 0.3396947351284325
