times:
  edit-metadata: 0.8411688092164695
  landing: 0.06278423219919205
  view-data: 0.21899935510009527
