times:
  edit-metadata: 2.064143944531679
  landing: 0.021426493301987648
  view-data: 0.16483374871313572
