times:
  edit-metadata: 1.5942286755889654
  landing: 0.019745057448744774
  view-data: 0.1017971783876419
