times:
  edit-metadata: 0.7454560566693544
  landing: 0.14525908697396517
  view-data: 0.30773670598864555
