times:
  edit-metadata: 1.58695063367486
  landing: 0.2629875596612692
  view-data: 0.3641594182699919
