times:
  edit-metadata: 1.5913628190755844
  landing: 0.023728186264634132
  view-data: 0.13146676309406757
