times:
  edit-metadata: 1.4976110253483057
  landing: 0.13481490034610033
  view-data: 0.30887799989432096
