times:
  edit-metadata: 1.50970515049994
  landing: 0.021805893629789352
  view-data: 0.28106212243437767
