times:
  edit-metadata: 1.4561427049338818
  landing: 0.02219274453818798
  view-data: 0.12333999015390873
