times:
  edit-metadata: 1.54269646294415
  landing: 0.0232797060161829
  view-data: 0.10922788456082344
