times:
  edit-metadata: 1.5710688922554255
  landing: 0.022109027951955795
  view-data: 0.14201906509697437
