times:
  edit-metadata: 1.4920683223754168
  landing: 0.023903529159724712
  view-data: 0.2485887100920081
