times:
  edit-metadata: 1.7136860834434628
  landing: 0.04959317669272423
  view-data: 0.027358018793165684
