times:
  edit-metadata: 1.6726431287825108
  landing: 0.2677290327847004
  view-data: 0.02392423152923584
