times:
  edit-metadata: 1.8000436499714851
  landing: 0.2663797903805971
  view-data: 0.14364495314657688
