times:
  edit-metadata: 1.4451355505734682
  landing: 0.022605862468481064
  view-data: 0.025986377149820328
