times:
  edit-metadata: 1.474339148029685
  landing: 0.24665135145187378
  view-data: 0.025895030237734318
