times:
  edit-metadata: 1.4607546916231513
  landing: 0.22665967233479023
  view-data: 0.2542078122496605
