times:
  edit-metadata: 1.8386353626847267
  landing: 0.36446685530245304
  view-data: 0.4045834746211767
