times:
  edit-metadata: 1.452864108607173
  landing: 0.20492193195968866
  view-data: 0.40486877877265215
