times:
  edit-metadata: 1.8044046889990568
  landing: 0.028016455471515656
  view-data: 0.13932424038648605
