times:
  edit-metadata: 1.8049395978450775
  landing: 0.020461397245526314
  view-data: 0.02383202686905861
