times:
  edit-metadata: 2.221120808273554
  landing: 0.13908066786825657
  view-data: 0.13350086845457554
