times:
  edit-metadata: 1.7013239916414022
  landing: 0.021598124876618385
  view-data: 0.14164592325687408
