times:
  edit-metadata: 1.66847094707191
  landing: 0.021950459107756615
  view-data: 0.3182217590510845
