times:
  edit-metadata: 1.8402016889303923
  landing: 0.19365635141730309
  view-data: 0.3629434872418642
