times:
  edit-metadata: 1.6867127548903227
  landing: 0.136941472068429
  view-data: 0.32306009344756603
