times:
  edit-metadata: 1.5968779549002647
  landing: 0.10892151482403278
  view-data: 0.02601037174463272
