times:
  edit-metadata: 2.102372271940112
  landing: 0.2419055663049221
  view-data: 0.2951112240552902
