times:
  edit-metadata: 1.7971947267651558
  landing: 0.3134145364165306
  view-data: 0.026706848293542862
