times:
  edit-metadata: 0.8207020247355103
  landing: 0.05135771119967103
  view-data: 0.31030489271506667
