times:
  edit-metadata: 1.6634147549048066
  landing: 0.022090920247137547
  view-data: 0.02365600224584341
