times:
  edit-metadata: 1.809520497918129
  landing: 0.21787812933325768
  view-data: 0.1583191677927971
