times:
  edit-metadata: 2.041679762303829
  landing: 0.14347528107464314
  view-data: 0.140947837382555
