times:
  edit-metadata: 1.6064526438713074
  landing: 0.02077011950314045
  view-data: 0.025929564610123634
