times:
  edit-metadata: 1.8397318813949823
  landing: 0.269868740811944
  view-data: 0.15027840621769428
