times:
  edit-metadata: 0.7080923509784043
  landing: 0.051300279796123505
  view-data: 0.232213718816638
