times:
  edit-metadata: 1.7713948246091604
  landing: 0.25886077620089054
  view-data: 0.03204747289419174
