times:
  edit-metadata: 2.9139624927192926
  landing: 0.1995838489383459
  view-data: 0.15347289852797985
