times:
  edit-metadata: 0.7288768673315644
  landing: 0.055547877214848995
  view-data: 0.23072119103744626
