times:
  edit-metadata: 1.8979303743690252
  landing: 0.390514625236392
  view-data: 0.38751055113971233
