times:
  edit-metadata: 0.7051333258859813
  landing: 0.08731490839272738
  view-data: 0.314843712374568
