times:
  edit-metadata: 1.7983112782239914
  landing: 0.09858856722712517
  view-data: 0.29409399442374706
