times:
  edit-metadata: 1.6762900557368994
  landing: 0.23352814465761185
  view-data: 0.306724701076746
