times:
  edit-metadata: 1.6227196007966995
  landing: 0.021913476288318634
  view-data: 0.12364201992750168
