times:
  edit-metadata: 1.6643007881939411
  landing: 0.019659160636365414
  view-data: 0.02333654183894396
