times:
  edit-metadata: 1.8541730074211955
  landing: 0.02062030602246523
  view-data: 0.1373097039759159
