times:
  edit-metadata: 1.6979791317135096
  landing: 0.12660757638514042
  view-data: 0.20694216713309288
