times:
  edit-metadata: 2.2125403843820095
  landing: 0.32347438484430313
  view-data: 0.3972960636019707
