times:
  edit-metadata: 1.6541580967605114
  landing: 0.09550981596112251
  view-data: 0.32184595614671707
