times:
  edit-metadata: 1.6011423766613007
  landing: 0.020777137950062752
  view-data: 0.027413681149482727
