times:
  edit-metadata: 1.784353282302618
  landing: 0.2248908206820488
  view-data: 0.028307555243372917
