times:
  edit-metadata: 1.6945603284984827
  landing: 0.020434970036149025
  view-data: 0.023765787482261658
