times:
  edit-metadata: 1.9258712399750948
  landing: 0.24605127982795238
  view-data: 0.3260812386870384
