times:
  edit-metadata: 1.9486759770661592
  landing: 0.019590623676776886
  view-data: 0.02584681659936905
