times:
  edit-metadata: 1.5318831074982882
  landing: 0.0220944881439209
  view-data: 0.02441181056201458
