times:
  edit-metadata: 1.7537455186247826
  landing: 0.021269578486680984
  view-data: 0.024924378842115402
