times:
  edit-metadata: 1.7052905149757862
  landing: 0.019665591418743134
  view-data: 0.02328895404934883
