times:
  edit-metadata: 0.9129424220882356
  landing: 0.08250496629625559
  view-data: 0.31488459603860974
