times:
  edit-metadata: 1.5905595626682043
  landing: 0.021639380604028702
  view-data: 0.02874254807829857
