times:
  edit-metadata: 0.8773425319232047
  landing: 0.07966364221647382
  view-data: 0.2323060818016529
