times:
  edit-metadata: 2.1426585279405117
  landing: 0.215640839189291
  view-data: 0.32530636712908745
