times:
  edit-metadata: 1.6004302855581045
  landing: 0.01902664080262184
  view-data: 0.10077822580933571
