times:
  edit-metadata: 1.0128857917152345
  landing: 0.03587464289739728
  view-data: 0.22846836876124144
