times:
  edit-metadata: 1.645298894494772
  landing: 0.019184481352567673
  view-data: 0.023604538291692734
