times:
  edit-metadata: 1.8736071642488241
  landing: 0.24673919193446636
  view-data: 0.128471240401268
