times:
  edit-metadata: 1.6837720349431038
  landing: 0.1406175084412098
  view-data: 0.13231451623141766
