times:
  edit-metadata: 0.7874942738562822
  landing: 0.05636982433497906
  view-data: 0.3317376826889813
