times:
  edit-metadata: 2.1137909535318613
  landing: 0.23305534571409225
  view-data: 0.33335016667842865
