times:
  edit-metadata: 1.695388162508607
  landing: 0.13202778808772564
  view-data: 0.026442233473062515
