times:
  edit-metadata: 1.6451217867434025
  landing: 0.1915692063048482
  view-data: 0.46748410910367966
