times:
  edit-metadata: 1.5683584762737155
  landing: 0.019859096966683865
  view-data: 0.027695434167981148
