times:
  edit-metadata: 1.736931974068284
  landing: 0.18917973525822163
  view-data: 0.025272227823734283
