times:
  edit-metadata: 1.5951715996488929
  landing: 0.13166790269315243
  view-data: 0.4681722242385149
