times:
  edit-metadata: 1.6309350803494453
  landing: 0.021239303052425385
  view-data: 0.024564359337091446
