times:
  edit-metadata: 1.612015213817358
  landing: 0.02173396199941635
  view-data: 0.027209565043449402
