times:
  edit-metadata: 1.6833845674991608
  landing: 0.020190127193927765
  view-data: 0.02492508664727211
