times:
  edit-metadata: 0.7154233860783279
  landing: 0.05438569327816367
  view-data: 0.22604202898219228
