times:
  edit-metadata: 0.7679384821094573
  landing: 0.050205681938678026
  view-data: 0.22702729888260365
