times:
  edit-metadata: 1.6024118326604366
  landing: 0.022885790094733238
  view-data: 0.026834523305296898
