times:
  edit-metadata: 1.6183104356750846
  landing: 0.01967585366219282
  view-data: 0.47506685089319944
