times:
  edit-metadata: 1.593172412365675
  landing: 0.022056279703974724
  view-data: 0.10376795567572117
