times:
  edit-metadata: 1.618899330496788
  landing: 0.018913840875029564
  view-data: 0.024349303916096687
