times:
  edit-metadata: 1.6574262026697397
  landing: 0.12401069328188896
  view-data: 0.02579205296933651
