times:
  edit-metadata: 2.126584503799677
  landing: 0.4929728154093027
  view-data: 0.37455013394355774
