times:
  edit-metadata: 1.9920517429709435
  landing: 0.2881598621606827
  view-data: 0.16346648707985878
