times:
  edit-metadata: 1.6316991280764341
  landing: 0.21222593542188406
  view-data: 0.38444771990180016
