times:
  edit-metadata: 1.5629618214443326
  landing: 0.12363218050450087
  view-data: 0.026830571703612804
