times:
  edit-metadata: 1.6227808091789484
  landing: 0.04550856910645962
  view-data: 0.026558900251984596
