times:
  edit-metadata: 1.6835889164358377
  landing: 0.2106001116335392
  view-data: 0.10217419639229774
