times:
  edit-metadata: 1.6244066338986158
  landing: 0.19501961208879948
  view-data: 0.4328856663778424
