times:
  edit-metadata: 1.6029439009726048
  landing: 0.021456457674503326
  view-data: 0.28390570543706417
