times:
  edit-metadata: 1.5631673699244857
  landing: 0.12093058507889509
  view-data: 0.12307756580412388
