times:
  edit-metadata: 0.9149198718369007
  landing: 0.07522793905809522
  view-data: 0.2517915400676429
