times:
  edit-metadata: 1.6114492900669575
  landing: 0.10458271205425262
  view-data: 0.23803302459418774
