times:
  edit-metadata: 1.5904454048722982
  landing: 0.2535784877836704
  view-data: 0.02650740183889866
