times:
  edit-metadata: 1.700582729652524
  landing: 0.1297123460099101
  view-data: 0.4194401176646352
