times:
  edit-metadata: 0.982148502022028
  landing: 0.1173950950615108
  view-data: 0.3132146382704377
