times:
  edit-metadata: 1.8395696263760328
  landing: 0.023626118898391724
  view-data: 0.3252826053649187
