times:
  edit-metadata: 1.645579838193953
  landing: 0.12009340710937977
  view-data: 0.12426397111266851
