times:
  edit-metadata: 1.7069958057254553
  landing: 0.02329849638044834
  view-data: 0.024766024202108383
