times:
  edit-metadata: 1.0309528741054237
  landing: 0.1201290637254715
  view-data: 0.2243265090510249
