times:
  edit-metadata: 1.6599222458899021
  landing: 0.2430026177316904
  view-data: 0.023928722366690636
