times:
  edit-metadata: 1.0381095372140408
  landing: 0.0984868686646223
  view-data: 0.22835824079811573
