times:
  edit-metadata: 1.604993173852563
  landing: 0.023226043209433556
  view-data: 0.13089076150208712
