times:
  edit-metadata: 1.6518797595053911
  landing: 0.019343353807926178
  view-data: 0.14795342832803726
