times:
  edit-metadata: 1.710309974849224
  landing: 0.019577594473958015
  view-data: 0.09728162735700607
