times:
  edit-metadata: 1.8173228707164526
  landing: 0.32009349577128887
  view-data: 0.4171304199844599
