times:
  edit-metadata: 1.7028981130570173
  landing: 0.11356079764664173
  view-data: 0.3548940420150757
