times:
  edit-metadata: 1.8563325330615044
  landing: 0.022546928375959396
  view-data: 0.026014583185315132
