times:
  edit-metadata: 2.1885995883494616
  landing: 0.16596383787691593
  view-data: 0.35410927049815655
