times:
  edit-metadata: 1.7296638172119856
  landing: 0.21676961425691843
  view-data: 0.11685554962605238
