times:
  edit-metadata: 1.8739202935248613
  landing: 0.12435587495565414
  view-data: 0.26932022348046303
