times:
  edit-metadata: 1.7656018426641822
  landing: 0.2401403710246086
  view-data: 0.13466341979801655
