times:
  edit-metadata: 1.9801630787551403
  landing: 0.445812426507473
  view-data: 0.4143851902335882
