times:
  edit-metadata: 1.7017562538385391
  landing: 0.19823294691741467
  view-data: 0.025362053886055946
