times:
  edit-metadata: 2.2540497733280063
  landing: 0.13530287146568298
  view-data: 0.3903835630044341
