times:
  edit-metadata: 2.107846960425377
  landing: 0.22129062376916409
  view-data: 0.32817190513014793
