times:
  edit-metadata: 1.5873197354376316
  landing: 0.1285313032567501
  view-data: 0.10481861047446728
