times:
  edit-metadata: 1.6067067626863718
  landing: 0.024886514991521835
  view-data: 0.28659201972186565
