times:
  edit-metadata: 1.6179699683561921
  landing: 0.022550316527485847
  view-data: 0.36479765083640814
