times:
  edit-metadata: 1.7260325476527214
  landing: 0.3991959560662508
  view-data: 0.3092848565429449
