times:
  edit-metadata: 0.962241459172219
  landing: 0.047078805044293404
  view-data: 0.28584726015105844
