times:
  edit-metadata: 1.7793127382174134
  landing: 0.01792067475616932
  view-data: 0.49714707117527723
