times:
  edit-metadata: 1.8407523315399885
  landing: 0.1479344256222248
  view-data: 0.3659486956894398
