times:
  edit-metadata: 1.639757540076971
  landing: 0.020787691697478294
  view-data: 0.027073223143815994
