times:
  edit-metadata: 1.5856161238625646
  landing: 0.18530894722789526
  view-data: 0.02505592443048954
