times:
  edit-metadata: 1.6756295571103692
  landing: 0.05338450614362955
  view-data: 0.043760393746197224
