times:
  edit-metadata: 1.6444947067648172
  landing: 0.01928858831524849
  view-data: 0.024061169475317
