times:
  edit-metadata: 0.7125110672786832
  landing: 0.056503277737647295
  view-data: 0.22905197273939848
