times:
  edit-metadata: 1.6973935309797525
  landing: 0.20943622943013906
  view-data: 0.4541461318731308
