times:
  edit-metadata: 1.6801628954708576
  landing: 0.09929258562624454
  view-data: 0.02587917633354664
