times:
  edit-metadata: 1.613517020829022
  landing: 0.018796462565660477
  view-data: 0.02609203662723303
