times:
  edit-metadata: 1.6640190985053778
  landing: 0.12052558548748493
  view-data: 0.026093007996678352
