times:
  edit-metadata: 1.65489471424371
  landing: 0.020401306450366974
  view-data: 0.024699619971215725
