times:
  edit-metadata: 1.6195231284946203
  landing: 0.022057149559259415
  view-data: 0.02553561143577099
