times:
  edit-metadata: 0.7273486498743296
  landing: 0.0540102650411427
  view-data: 0.2303815996274352
