times:
  edit-metadata: 0.8090507667511702
  landing: 0.09119599359109998
  view-data: 0.2353569446131587
