times:
  edit-metadata: 1.6166580934077501
  landing: 0.021774545311927795
  view-data: 0.02515580505132675
