times:
  edit-metadata: 1.6506738308817148
  landing: 0.25562871992588043
  view-data: 0.2865203432738781
