times:
  edit-metadata: 1.639891842380166
  landing: 0.02059723623096943
  view-data: 0.11701440438628197
