times:
  edit-metadata: 1.7118889391422272
  landing: 0.025064988061785698
  view-data: 0.027924278751015663
