times:
  edit-metadata: 0.8819583151489496
  landing: 0.045407289173454046
  view-data: 0.2449689982458949
