times:
  edit-metadata: 1.6477118358016014
  landing: 0.01936257630586624
  view-data: 0.02529090642929077
