times:
  edit-metadata: 0.7169167972169816
  landing: 0.05269480496644974
  view-data: 0.23107098508626223
