times:
  edit-metadata: 1.9177316296845675
  landing: 0.02287202514708042
  view-data: 0.3999529555439949
