times:
  edit-metadata: 1.7408080492168665
  landing: 0.022747550159692764
  view-data: 0.024413734674453735
