times:
  edit-metadata: 1.6371093168854713
  landing: 0.02031431533396244
  view-data: 0.025628600269556046
