times:
  edit-metadata: 0.8233210640028119
  landing: 0.045604031067341566
  view-data: 0.35207349667325616
