times:
  edit-metadata: 1.6694929879158735
  landing: 0.02058805152773857
  view-data: 0.02739270217716694
