times:
  edit-metadata: 1.6652737203985453
  landing: 0.019971517845988274
  view-data: 0.4413640443235636
