times:
  edit-metadata: 1.6599753703922033
  landing: 0.019731804728507996
  view-data: 0.025498243048787117
