times:
  edit-metadata: 1.803865022957325
  landing: 0.0211626049131155
  view-data: 0.0283729899674654
