times:
  edit-metadata: 2.492133527994156
  landing: 0.018920330330729485
  view-data: 0.3068356104195118
