times:
  edit-metadata: 1.594951342791319
  landing: 0.026441678404808044
  view-data: 0.11686741560697556
