times:
  edit-metadata: 2.1036192793399096
  landing: 0.3009914830327034
  view-data: 0.29978152364492416
