times:
  edit-metadata: 1.6817093938589096
  landing: 0.22540784813463688
  view-data: 0.025176281109452248
