times:
  edit-metadata: 1.66101951058954
  landing: 0.019984835758805275
  view-data: 0.02443815767765045
