times:
  edit-metadata: 1.7237044032663107
  landing: 0.1668174359947443
  view-data: 0.26306460052728653
