times:
  edit-metadata: 1.8288046680390835
  landing: 0.3072366528213024
  view-data: 0.024771643802523613
