times:
  edit-metadata: 1.6790359169244766
  landing: 0.023067215457558632
  view-data: 0.11003836616873741
