times:
  edit-metadata: 1.9869657829403877
  landing: 0.019015802070498466
  view-data: 0.025677867233753204
