times:
  edit-metadata: 2.002497673034668
  landing: 0.2357648890465498
  view-data: 0.19216188415884972
