times:
  edit-metadata: 1.608700375072658
  landing: 0.15896854270249605
  view-data: 0.3984860284253955
