times:
  edit-metadata: 1.912643602117896
  landing: 0.2560060489922762
  view-data: 0.301241260021925
