times:
  edit-metadata: 0.9079250618815422
  landing: 0.041089174803346395
  view-data: 0.3191323992796242
