times:
  edit-metadata: 0.7043324210681021
  landing: 0.08280524099245667
  view-data: 0.29784303857013583
