times:
  edit-metadata: 1.7475530114024878
  landing: 0.020395908504724503
  view-data: 0.3457401730120182
