times:
  edit-metadata: 1.7726994194090366
  landing: 0.13476352766156197
  view-data: 0.2396820206195116
