times:
  edit-metadata: 1.7075122576206923
  landing: 0.021227143704891205
  view-data: 0.02418958768248558
