times:
  edit-metadata: 4.270435754035134
  landing: 0.03486171498661861
  view-data: 0.6821269389474764
