times:
  edit-metadata: 1.9310237616300583
  landing: 0.0647788718342781
  view-data: 0.290156714618206
