times:
  edit-metadata: 1.9661821853369474
  landing: 0.01935361698269844
  view-data: 0.5166684351861477
