times:
  edit-metadata: 0.6986953723244369
  landing: 0.0528946528211236
  view-data: 0.2256241417489946
