times:
  edit-metadata: 2.089438972994685
  landing: 0.2734627276659012
  view-data: 0.38524623587727547
