times:
  edit-metadata: 1.829616691917181
  landing: 0.025066902860999107
  view-data: 0.1368239913135767
