times:
  edit-metadata: 1.6537722162902355
  landing: 0.01812073588371277
  view-data: 0.3694070912897587
