times:
  edit-metadata: 1.7260446771979332
  landing: 0.1356154652312398
  view-data: 0.47920325212180614
