times:
  edit-metadata: 2.7615379337221384
  landing: 0.18438644520938396
  view-data: 0.6592120938003063
