times:
  edit-metadata: 1.7079332079738379
  landing: 0.0221005417406559
  view-data: 0.027721211314201355
