times:
  edit-metadata: 1.6764115002006292
  landing: 0.214640311896801
  view-data: 0.12539952620863914
