times:
  edit-metadata: 1.6950150299817324
  landing: 0.3217129483819008
  view-data: 0.14060712978243828
