times:
  edit-metadata: 1.891344640403986
  landing: 0.24060791358351707
  view-data: 0.43909608013927937
