times:
  edit-metadata: 1.736451379954815
  landing: 0.022327924147248268
  view-data: 0.2627265714108944
