times:
  edit-metadata: 2.1371453814208508
  landing: 0.4434145875275135
  view-data: 0.29936040192842484
