times:
  edit-metadata: 2.029474262148142
  landing: 0.30028812400996685
  view-data: 0.14780659042298794
