times:
  edit-metadata: 1.5570976603776217
  landing: 0.13838412333279848
  view-data: 0.13122349511832
