times:
  edit-metadata: 0.7301312140189111
  landing: 0.05347977206110954
  view-data: 0.2324484782293439
