times:
  edit-metadata: 1.6671537533402443
  landing: 0.09966208599507809
  view-data: 0.027118923142552376
