times:
  edit-metadata: 0.958442194852978
  landing: 0.054224512074142694
  view-data: 0.31386372772976756
