times:
  edit-metadata: 0.7443718588910997
  landing: 0.07694340404123068
  view-data: 0.2855155598372221
