times:
  edit-metadata: 1.376585442572832
  landing: 0.13457240257412195
  view-data: 0.11896303296089172
