times:
  edit-metadata: 1.5447858236730099
  landing: 0.15560892410576344
  view-data: 0.5178402960300446
