times:
  edit-metadata: 1.5525635797530413
  landing: 0.417168827727437
  view-data: 0.4323391169309616
