times:
  edit-metadata: 1.5839822720736265
  landing: 0.1690457332879305
  view-data: 0.37132957950234413
