times:
  edit-metadata: 1.3333044983446598
  landing: 0.019125381484627724
  view-data: 0.022659562528133392
