times:
  edit-metadata: 1.3588133826851845
  landing: 0.20694996416568756
  view-data: 0.022701654583215714
