times:
  edit-metadata: 1.6880684047937393
  landing: 0.02116629295051098
  view-data: 0.3907837104052305
