times:
  edit-metadata: 1.51395458355546
  landing: 0.139492467045784
  view-data: 0.15703877620398998
