times:
  edit-metadata: 1.4224654026329517
  landing: 0.020071417093276978
  view-data: 0.027584807947278023
