times:
  edit-metadata: 1.335268085822463
  landing: 0.019478315487504005
  view-data: 0.025299841538071632
