times:
  edit-metadata: 0.5062389969825745
  landing: 0.06737604970112443
  view-data: 0.21185038005933166
