times:
  edit-metadata: 1.4454691298305988
  landing: 0.019237644970417023
  view-data: 0.02405133657157421
