times:
  edit-metadata: 1.4561466686427593
  landing: 0.11296797916293144
  view-data: 0.027190912514925003
