times:
  edit-metadata: 1.4132467452436686
  landing: 0.14650928787887096
  view-data: 0.024361180141568184
