times:
  edit-metadata: 1.3678894843906164
  landing: 0.021507713943719864
  view-data: 0.02669377624988556
