times:
  edit-metadata: 1.3640851974487305
  landing: 0.01987276878207922
  view-data: 0.027222009375691414
