times:
  edit-metadata: 1.399498963728547
  landing: 0.021152621135115623
  view-data: 0.161288658156991
