times:
  edit-metadata: 1.428858619183302
  landing: 0.017981797456741333
  view-data: 0.024098915979266167
