times:
  edit-metadata: 1.3054401688277721
  landing: 0.019274416379630566
  view-data: 0.023735053837299347
