times:
  edit-metadata: 1.333664420992136
  landing: 0.019938483834266663
  view-data: 0.31104836985468864
