times:
  edit-metadata: 1.3898868542164564
  landing: 0.019848782569169998
  view-data: 0.02286185510456562
