times:
  edit-metadata: 1.3522639088332653
  landing: 0.019728565588593483
  view-data: 0.025797072798013687
