times:
  edit-metadata: 1.4601916130632162
  landing: 0.13855991326272488
  view-data: 0.3975002570077777
