times:
  edit-metadata: 0.5069310837425292
  landing: 0.062155605759471655
  view-data: 0.19330504490062594
