times:
  edit-metadata: 2.548669329029508
  landing: 0.2393277019727975
  view-data: 0.4831707699922845
