times:
  edit-metadata: 0.5184927028603852
  landing: 0.13179560797289014
  view-data: 0.27125932881608605
