times:
  edit-metadata: 0.8105436372570693
  landing: 0.06362965703010559
  view-data: 0.3216941310092807
