times:
  edit-metadata: 1.352451890707016
  landing: 0.020580759271979332
  view-data: 0.02671179734170437
