times:
  edit-metadata: 1.8686049543321133
  landing: 0.57230444252491
  view-data: 0.3846540246158838
