times:
  edit-metadata: 2.4531455785036087
  landing: 0.05841351207345724
  view-data: 0.4384183371439576
