times:
  edit-metadata: 1.4605127237737179
  landing: 0.021885089576244354
  view-data: 0.0486743301153183
