times:
  edit-metadata: 0.5402857330627739
  landing: 0.11955470498651266
  view-data: 0.2163164052180946
