times:
  edit-metadata: 1.315921574831009
  landing: 0.14742791280150414
  view-data: 0.02490600384771824
