times:
  edit-metadata: 1.4594043605029583
  landing: 0.2014767788350582
  view-data: 0.030843478627502918
