times:
  edit-metadata: 1.4162774430587888
  landing: 0.114470767788589
  view-data: 0.12489078287035227
