times:
  edit-metadata: 1.3626525402069092
  landing: 0.021203670650720596
  view-data: 0.024722838774323463
