times:
  edit-metadata: 1.3537778034806252
  landing: 0.020145148038864136
  view-data: 0.1332135796546936
