times:
  edit-metadata: 1.3891989067196846
  landing: 0.09695603884756565
  view-data: 0.3447235431522131
