times:
  edit-metadata: 1.4076545275747776
  landing: 0.023118028417229652
  view-data: 0.12035676464438438
