times:
  edit-metadata: 1.5937543157488108
  landing: 0.4776348751038313
  view-data: 0.4195285588502884
