times:
  edit-metadata: 1.3197782095521688
  landing: 0.02005397528409958
  view-data: 0.02900579571723938
