times:
  edit-metadata: 1.3451618161052465
  landing: 0.020407887175679207
  view-data: 0.13444920256733894
