times:
  edit-metadata: 1.4014587346464396
  landing: 0.021396631374955177
  view-data: 0.02750355377793312
