times:
  edit-metadata: 1.3316126065328717
  landing: 0.02249100524932146
  view-data: 0.09859255142509937
