times:
  edit-metadata: 1.393874567002058
  landing: 0.13501432351768017
  view-data: 0.02643963135778904
