times:
  edit-metadata: 1.3649814892560244
  landing: 0.12436790391802788
  view-data: 0.023828445002436638
