times:
  edit-metadata: 1.6540394965559244
  landing: 0.19371767714619637
  view-data: 0.3151905480772257
