times:
  edit-metadata: 0.5294969202950597
  landing: 0.07253922102972865
  view-data: 0.2518739909864962
