times:
  edit-metadata: 1.5182778034359217
  landing: 0.022362390533089638
  view-data: 0.3580371327698231
