times:
  edit-metadata: 1.5162447961047292
  landing: 0.04452789667993784
  view-data: 0.02322574518620968
