times:
  edit-metadata: 1.369406446814537
  landing: 0.2084278166294098
  view-data: 0.02278498001396656
