times:
  edit-metadata: 1.6086148843169212
  landing: 0.16605237498879433
  view-data: 0.3495449349284172
