times:
  edit-metadata: 0.6187820839695632
  landing: 0.10675984108820558
  view-data: 0.204953882843256
