times:
  edit-metadata: 1.296552705578506
  landing: 0.19657575152814388
  view-data: 0.22101037856191397
