times:
  edit-metadata: 1.6523940060287714
  landing: 0.02059413120150566
  view-data: 0.3265203293412924
