times:
  edit-metadata: 1.5846777819097042
  landing: 0.2817262839525938
  view-data: 0.3527792152017355
