times:
  edit-metadata: 0.4846871793270111
  landing: 0.06928579602390528
  view-data: 0.20869384286925197
