times:
  edit-metadata: 0.5157643118873239
  landing: 0.07564261695370078
  view-data: 0.2104471167549491
