times:
  edit-metadata: 1.3469881527125835
  landing: 0.11075090244412422
  view-data: 0.024068403989076614
