times:
  edit-metadata: 1.329204499721527
  landing: 0.020117174834012985
  view-data: 0.1429105792194605
