times:
  edit-metadata: 1.3339166529476643
  landing: 0.13529851287603378
  view-data: 0.03264847584068775
