times:
  edit-metadata: 1.4286780077964067
  landing: 0.21271603740751743
  view-data: 0.026842104271054268
