times:
  edit-metadata: 0.5363238849677145
  landing: 0.15333336917683482
  view-data: 0.277939650695771
