times:
  edit-metadata: 1.36843316629529
  landing: 0.134371817111969
  view-data: 0.02866598404943943
