times:
  edit-metadata: 1.3153741117566824
  landing: 0.018976744264364243
  view-data: 0.0273697879165411
