times:
  edit-metadata: 0.5227678520604968
  landing: 0.061085006687790155
  view-data: 0.21277445601299405
