times:
  edit-metadata: 1.4009949080646038
  landing: 0.02026776783168316
  view-data: 0.3270840086042881
