times:
  edit-metadata: 1.3719454295933247
  landing: 0.20879288762807846
  view-data: 0.5836759451776743
