times:
  edit-metadata: 1.8045844696462154
  landing: 0.27304384484887123
  view-data: 0.36055122315883636
