times:
  edit-metadata: 1.3773264046758413
  landing: 0.2189910151064396
  view-data: 0.02540571615099907
