times:
  edit-metadata: 1.4390373453497887
  landing: 0.02124701254069805
  view-data: 0.026755349710583687
