times:
  edit-metadata: 1.5093075027689338
  landing: 0.24520113412290812
  view-data: 0.4782391572371125
