times:
  edit-metadata: 1.3498252015560865
  landing: 0.11538591049611568
  view-data: 0.1277717724442482
