times:
  edit-metadata: 1.6791704185307026
  landing: 0.14449883252382278
  view-data: 0.45798744075000286
