times:
  edit-metadata: 1.3718616245314479
  landing: 0.22307684179395437
  view-data: 0.4282893221825361
