times:
  edit-metadata: 1.5583690628409386
  landing: 0.1924493908882141
  view-data: 0.31771902926266193
