times:
  edit-metadata: 0.49243950890377164
  landing: 0.05940371984615922
  view-data: 0.2201321292668581
