times:
  edit-metadata: 1.6565515249967575
  landing: 0.14299380220472813
  view-data: 0.02390301041305065
