times:
  edit-metadata: 1.4504908518865705
  landing: 0.1408318830654025
  view-data: 0.13273828849196434
