times:
  edit-metadata: 1.3360828757286072
  landing: 0.021244332194328308
  view-data: 0.025468481704592705
