times:
  edit-metadata: 1.66667789965868
  landing: 0.02575734443962574
  view-data: 0.3586359806358814
