times:
  edit-metadata: 1.6991107501089573
  landing: 0.1502637043595314
  view-data: 0.34260149113833904
