times:
  edit-metadata: 1.3353849239647388
  landing: 0.24330694787204266
  view-data: 0.12043753080070019
