times:
  edit-metadata: 1.4683435345068574
  landing: 0.21795751992613077
  view-data: 0.2390976957976818
