times:
  edit-metadata: 1.2721270322799683
  landing: 0.02134471945464611
  view-data: 0.026859603822231293
