times:
  edit-metadata: 1.515738107264042
  landing: 0.23295162804424763
  view-data: 0.1517291683703661
