times:
  edit-metadata: 1.3557799719274044
  landing: 0.022345155477523804
  view-data: 0.1413598395884037
