times:
  edit-metadata: 1.3539345916360617
  landing: 0.01972152851521969
  view-data: 0.4397897319868207
