times:
  edit-metadata: 1.3088080640882254
  landing: 0.20567095652222633
  view-data: 0.022803915664553642
