times:
  edit-metadata: 1.3144148159772158
  landing: 0.020498495548963547
  view-data: 0.12210545968264341
