times:
  edit-metadata: 1.3313957024365664
  landing: 0.019421905279159546
  view-data: 0.022269131615757942
