times:
  edit-metadata: 0.8014608547091484
  landing: 0.14274156419560313
  view-data: 0.30103756207972765
