times:
  edit-metadata: 1.3742506057024002
  landing: 0.12124036811292171
  view-data: 0.0246970746666193
