times:
  edit-metadata: 1.4934738334268332
  landing: 0.21487522311508656
  view-data: 0.025359146296977997
