times:
  edit-metadata: 0.8784687481820583
  landing: 0.04550485499203205
  view-data: 0.23210212495177984
