times:
  edit-metadata: 1.9198166374117136
  landing: 0.42434257082641125
  view-data: 0.5590435843914747
