times:
  edit-metadata: 2.054921155795455
  landing: 0.2402066420763731
  view-data: 0.17703869193792343
