times:
  edit-metadata: 1.4929307643324137
  landing: 0.2628797460347414
  view-data: 0.3309232983738184
