times:
  edit-metadata: 1.4330932144075632
  landing: 0.02145925909280777
  view-data: 0.027161909267306328
