times:
  edit-metadata: 1.9339766930788755
  landing: 0.4132475424557924
  view-data: 0.1790520939975977
