times:
  edit-metadata: 1.3226024229079485
  landing: 0.1958674807101488
  view-data: 0.1391266817227006
