times:
  edit-metadata: 1.3970456700772047
  landing: 0.022120565176010132
  view-data: 0.02629837766289711
