times:
  edit-metadata: 1.4446401856839657
  landing: 0.2393590211868286
  view-data: 0.027286481112241745
