times:
  edit-metadata: 1.424591038376093
  landing: 0.23825673945248127
  view-data: 0.23710225149989128
