times:
  edit-metadata: 0.4879537299275398
  landing: 0.11546109989285469
  view-data: 0.2075976049527526
