times:
  edit-metadata: 0.6554827950894833
  landing: 0.05353588191792369
  view-data: 0.31212875293567777
