times:
  edit-metadata: 1.3062677029520273
  landing: 0.021051539108157158
  view-data: 0.029045168310403824
