times:
  edit-metadata: 1.3601805213838816
  landing: 0.11917061731219292
  view-data: 0.12103868275880814
