times:
  edit-metadata: 0.6374444663524628
  landing: 0.15390894608572125
  view-data: 0.22024446912109852
