times:
  edit-metadata: 1.4106216486543417
  landing: 0.12262764573097229
  view-data: 0.025078780949115753
