times:
  edit-metadata: 1.3588859476149082
  landing: 0.1907163541764021
  view-data: 0.0254659540951252
