times:
  edit-metadata: 1.3384687155485153
  landing: 0.019587437622249126
  view-data: 0.024493927136063576
