times:
  edit-metadata: 1.3432248327881098
  landing: 0.02101622335612774
  view-data: 0.02792985737323761
