times:
  edit-metadata: 0.5002529518678784
  landing: 0.12887899298220873
  view-data: 0.29290724033489823
