times:
  edit-metadata: 1.7693578489124775
  landing: 0.2751290798187256
  view-data: 0.4578244909644127
