times:
  edit-metadata: 1.8622741289436817
  landing: 0.2580658681690693
  view-data: 0.07209744304418564
