times:
  edit-metadata: 1.437894567847252
  landing: 0.020221540704369545
  view-data: 0.41504624485969543
