times:
  edit-metadata: 1.351741822436452
  landing: 0.020062336698174477
  view-data: 0.022646242752671242
