times:
  edit-metadata: 1.4198800548911095
  landing: 0.23968030512332916
  view-data: 0.024243544787168503
