times:
  edit-metadata: 1.5136823281645775
  landing: 0.24376053549349308
  view-data: 0.404669476673007
