times:
  edit-metadata: 1.4459067583084106
  landing: 0.14446165226399899
  view-data: 0.24902250338345766
