times:
  edit-metadata: 1.34032959677279
  landing: 0.13651469349861145
  view-data: 0.024008015170693398
