times:
  edit-metadata: 1.458891587331891
  landing: 0.2774655222892761
  view-data: 0.1605950240045786
