times:
  edit-metadata: 1.4730404745787382
  landing: 0.24008477106690407
  view-data: 0.3434851597994566
