times:
  edit-metadata: 0.6629682932980359
  landing: 0.053610655944794416
  view-data: 0.2898368681780994
