times:
  edit-metadata: 1.3599924352020025
  landing: 0.0200318805873394
  view-data: 0.026025978848338127
