times:
  edit-metadata: 1.4166660737246275
  landing: 0.22106397431343794
  view-data: 0.3166565289720893
