times:
  edit-metadata: 1.4279674012213945
  landing: 0.14747274294495583
  view-data: 0.02492240071296692
