times:
  edit-metadata: 1.2663329634815454
  landing: 0.021264768205583096
  view-data: 0.024173923768103123
