times:
  edit-metadata: 1.8110653776675463
  landing: 0.26539658568799496
  view-data: 0.36742184683680534
