times:
  edit-metadata: 1.6536443699151278
  landing: 0.26842852495610714
  view-data: 0.05626899190247059
