times:
  edit-metadata: 1.306729681789875
  landing: 0.021116497926414013
  view-data: 0.02624588832259178
