times:
  edit-metadata: 1.2933041863143444
  landing: 0.12452595122158527
  view-data: 0.02621597610414028
