times:
  edit-metadata: 1.4830150101333857
  landing: 0.2833393635228276
  view-data: 0.023107590153813362
