times:
  edit-metadata: 1.7931933533400297
  landing: 0.2124441284686327
  view-data: 0.3646836169064045
