times:
  edit-metadata: 2.2684388868510723
  landing: 0.2965009342879057
  view-data: 0.35245305113494396
