times:
  edit-metadata: 1.3902372866868973
  landing: 0.0197012759745121
  view-data: 0.05054817348718643
