times:
  edit-metadata: 1.441040450707078
  landing: 0.021440185606479645
  view-data: 0.023909172043204308
