times:
  edit-metadata: 0.6514783878810704
  landing: 0.04524266207590699
  view-data: 0.2964326608926058
