times:
  edit-metadata: 0.6993986908346415
  landing: 0.08803654555231333
  view-data: 0.24283625464886427
