times:
  edit-metadata: 1.5812859274446964
  landing: 0.023138824850320816
  view-data: 0.16286096535623074
