times:
  edit-metadata: 1.3105662260204554
  landing: 0.11937558278441429
  view-data: 0.023153269663453102
