times:
  edit-metadata: 1.6013412605971098
  landing: 0.16548614390194416
  view-data: 0.03561507351696491
