times:
  edit-metadata: 0.5237184702418745
  landing: 0.05479827290400863
  view-data: 0.2062288587912917
