times:
  edit-metadata: 1.3903274610638618
  landing: 0.01866856962442398
  view-data: 0.023520663380622864
