times:
  edit-metadata: 1.3906442103907466
  landing: 0.021470665000379086
  view-data: 0.11574006360024214
