times:
  edit-metadata: 1.2858320716768503
  landing: 0.021541784517467022
  view-data: 0.1207198053598404
