times:
  edit-metadata: 2.1353832464665174
  landing: 0.4444486778229475
  view-data: 0.35019552893936634
