times:
  edit-metadata: 1.3135122284293175
  landing: 0.1920864563435316
  view-data: 0.028118276968598366
