times:
  edit-metadata: 0.5280425120145082
  landing: 0.07804223708808422
  view-data: 0.21891235513612628
