times:
  edit-metadata: 1.4319349713623524
  landing: 0.24081469140946865
  view-data: 0.13008386455476284
