times:
  edit-metadata: 1.3327238354831934
  landing: 0.0188099667429924
  view-data: 0.32092108577489853
