times:
  edit-metadata: 1.9484267309308052
  landing: 0.11864426359534264
  view-data: 0.034225402399897575
