times:
  edit-metadata: 1.4012904642149806
  landing: 0.12061477359384298
  view-data: 0.026970840990543365
