times:
  edit-metadata: 1.4392018988728523
  landing: 0.028610017150640488
  view-data: 0.139241311699152
