times:
  edit-metadata: 1.7681696079671383
  landing: 0.15897757932543755
  view-data: 0.3551867622882128
