times:
  edit-metadata: 1.3234585169702768
  landing: 0.01914808340370655
  view-data: 0.11833099089562893
