times:
  edit-metadata: 1.7738627139478922
  landing: 0.24970635026693344
  view-data: 0.15111377462744713
