times:
  edit-metadata: 0.6417478104121983
  landing: 0.10669086407870054
  view-data: 0.2271508858539164
