times:
  edit-metadata: 1.3630803693085909
  landing: 0.020288046449422836
  view-data: 0.12488824874162674
