times:
  edit-metadata: 1.577686209231615
  landing: 0.17002511210739613
  view-data: 0.23001163825392723
