times:
  edit-metadata: 1.3879196671769023
  landing: 0.13817694690078497
  view-data: 0.022790574468672276
