times:
  edit-metadata: 1.5756308566778898
  landing: 0.20295214280486107
  view-data: 0.18296056240797043
