times:
  edit-metadata: 1.3496613837778568
  landing: 0.14039459265768528
  view-data: 0.026970509439706802
