times:
  edit-metadata: 1.4280030615627766
  landing: 0.01897718384861946
  view-data: 0.023000916466116905
