times:
  edit-metadata: 0.5104768807068467
  landing: 0.061744915787130594
  view-data: 0.20262082619592547
