times:
  edit-metadata: 0.5282312510535121
  landing: 0.12528637796640396
  view-data: 0.29724640492349863
