times:
  edit-metadata: 1.5809772796928883
  landing: 0.19826363772153854
  view-data: 0.3033065516501665
