times:
  edit-metadata: 0.4506586268544197
  landing: 0.052177876234054565
  view-data: 0.21429937426000834
