times:
  edit-metadata: 0.4441043557599187
  landing: 0.04486540425568819
  view-data: 0.3321433234959841
