times:
  edit-metadata: 0.4378122487105429
  landing: 0.051378595642745495
  view-data: 0.3612840217538178
