times:
  edit-metadata: 0.4686540002003312
  landing: 0.047281891107559204
  view-data: 0.2048739967867732
