times:
  edit-metadata: 0.46189828496426344
  landing: 0.043435268104076385
  view-data: 0.326036648824811
