times:
  edit-metadata: 0.43240180891007185
  landing: 0.04080556705594063
  view-data: 0.6088588517159224
