times:
  edit-metadata: 0.4284069398418069
  landing: 0.05228433012962341
  view-data: 0.1985997688025236
