times:
  edit-metadata: 0.43463231064379215
  landing: 0.042584788985550404
  view-data: 0.24383506691083312
