times:
  edit-metadata: 0.44256444415077567
  landing: 0.052175909746438265
  view-data: 0.6019958038814366
