times:
  edit-metadata: 1.6836662646383047
  landing: 0.0257862638682127
  view-data: 0.02770528756082058
