times:
  edit-metadata: 1.3814013712108135
  landing: 0.19998356141149998
  view-data: 0.026201872155070305
