times:
  edit-metadata: 1.3804959878325462
  landing: 0.021290838718414307
  view-data: 0.02675790712237358
