times:
  edit-metadata: 0.6774269128218293
  landing: 0.07621945813298225
  view-data: 0.20099433977156878
