times:
  edit-metadata: 1.4384691873565316
  landing: 0.14446767792105675
  view-data: 0.13171265833079815
