times:
  edit-metadata: 1.3883542194962502
  landing: 0.020502649247646332
  view-data: 0.023687012493610382
