times:
  edit-metadata: 1.3743095565587282
  landing: 0.019292453303933144
  view-data: 0.02627326361835003
