times:
  edit-metadata: 1.4159390972927213
  landing: 0.01812926586717367
  view-data: 0.02716305758804083
