times:
  edit-metadata: 1.4067149246111512
  landing: 0.019130464643239975
  view-data: 0.026109253987669945
