times:
  edit-metadata: 1.6960836686193943
  landing: 0.025960467755794525
  view-data: 0.35971699096262455
