times:
  edit-metadata: 1.421424364671111
  landing: 0.01898844540119171
  view-data: 0.02243403159081936
