times:
  edit-metadata: 2.095028715208173
  landing: 0.4318302311003208
  view-data: 0.35063910111784935
