times:
  edit-metadata: 1.625552679412067
  landing: 0.238763396628201
  view-data: 0.4200152736157179
