times:
  edit-metadata: 1.5248350035399199
  landing: 0.23420783132314682
  view-data: 0.30763379484415054
