times:
  edit-metadata: 1.5029938071966171
  landing: 0.369843577966094
  view-data: 0.1629726141691208
