times:
  edit-metadata: 1.448355769738555
  landing: 0.023330707103013992
  view-data: 0.02778196893632412
