times:
  edit-metadata: 1.4062010776251554
  landing: 0.020740460604429245
  view-data: 0.02454223856329918
