times:
  edit-metadata: 1.3511616345494986
  landing: 0.30724745243787766
  view-data: 0.3166172057390213
