times:
  edit-metadata: 1.4076431225985289
  landing: 0.19477631337940693
  view-data: 0.2878742590546608
