times:
  edit-metadata: 1.4152729157358408
  landing: 0.0229937843978405
  view-data: 0.30174965783953667
