times:
  edit-metadata: 0.5273897279985249
  landing: 0.06355564715340734
  view-data: 0.22571991197764874
