times:
  edit-metadata: 1.776780003681779
  landing: 0.022712139412760735
  view-data: 0.12852377444505692
