times:
  edit-metadata: 1.387530965730548
  landing: 0.020322258584201336
  view-data: 0.32255845330655575
