times:
  edit-metadata: 1.4190993309020996
  landing: 0.13848780654370785
  view-data: 0.11696256790310144
