times:
  edit-metadata: 0.6615250748582184
  landing: 0.06406722590327263
  view-data: 0.20508546102792025
