times:
  edit-metadata: 1.503649927675724
  landing: 0.4317773599177599
  view-data: 0.2764530424028635
