times:
  edit-metadata: 1.3726094914600253
  landing: 0.1278849197551608
  view-data: 0.13084525801241398
