times:
  edit-metadata: 1.3379246965050697
  landing: 0.02193344756960869
  view-data: 0.023642029613256454
