times:
  edit-metadata: 0.5294512398540974
  landing: 0.06991420779377222
  view-data: 0.21157374931499362
