times:
  edit-metadata: 2.064035472460091
  landing: 0.38262792117893696
  view-data: 0.0312044620513916
