times:
  edit-metadata: 1.4405415803194046
  landing: 0.05452759191393852
  view-data: 0.15238185599446297
