times:
  edit-metadata: 0.668147343210876
  landing: 0.061286167707294226
  view-data: 0.25092072412371635
