times:
  edit-metadata: 0.5288990647532046
  landing: 0.13016075314953923
  view-data: 0.2099030208773911
