times:
  edit-metadata: 0.5484664449468255
  landing: 0.058242132887244225
  view-data: 0.2249408019706607
