times:
  edit-metadata: 1.411842416971922
  landing: 0.11169766448438168
  view-data: 0.1442319992929697
