times:
  edit-metadata: 1.4949569962918758
  landing: 0.02085770107805729
  view-data: 0.03012854792177677
