times:
  edit-metadata: 1.4602820072323084
  landing: 0.017891444265842438
  view-data: 0.022720148786902428
