times:
  edit-metadata: 0.5134446020238101
  landing: 0.07163480296730995
  view-data: 0.23499219864606857
