times:
  edit-metadata: 2.4189861845225096
  landing: 0.13572154939174652
  view-data: 0.1678988616913557
