times:
  edit-metadata: 1.4399087587371469
  landing: 0.11249354388564825
  view-data: 0.026091530919075012
