times:
  edit-metadata: 1.3401988931000233
  landing: 0.02295871265232563
  view-data: 0.10326066426932812
