times:
  edit-metadata: 2.487896027043462
  landing: 0.36511131934821606
  view-data: 0.38920312002301216
