times:
  edit-metadata: 1.3727997411042452
  landing: 0.017687255516648293
  view-data: 0.027580352500081062
