times:
  edit-metadata: 1.4637843519449234
  landing: 0.20121446810662746
  view-data: 0.4952703071758151
