times:
  edit-metadata: 1.3491539675742388
  landing: 0.029134622775018215
  view-data: 0.1352874208241701
