times:
  edit-metadata: 1.750356557779014
  landing: 0.019035988487303257
  view-data: 0.4229125929996371
