times:
  edit-metadata: 1.3915126956999302
  landing: 0.14669623039662838
  view-data: 0.14608666114509106
