times:
  edit-metadata: 1.5732300505042076
  landing: 0.26692489348351955
  view-data: 0.463535750284791
