times:
  edit-metadata: 1.7339140456169844
  landing: 0.021212292835116386
  view-data: 0.40558592788875103
