times:
  edit-metadata: 1.3362369798123837
  landing: 0.020989486016333103
  view-data: 0.1163098020479083
