times:
  edit-metadata: 1.810641799122095
  landing: 0.22959990240633488
  view-data: 0.15398481860756874
