times:
  edit-metadata: 1.4364793561398983
  landing: 0.021861854940652847
  view-data: 0.12136148847639561
