times:
  edit-metadata: 1.4787172991782427
  landing: 0.023956621065735817
  view-data: 0.1344697717577219
