times:
  edit-metadata: 1.4083438068628311
  landing: 0.13571411184966564
  view-data: 0.029057227075099945
