times:
  edit-metadata: 1.3485315646976233
  landing: 0.023186257109045982
  view-data: 0.027086680755019188
