times:
  edit-metadata: 0.6258414457552135
  landing: 0.04964962787926197
  view-data: 0.2852655961178243
