times:
  edit-metadata: 1.4660895708948374
  landing: 0.20843304693698883
  view-data: 0.02925405651330948
