times:
  edit-metadata: 1.4222542457282543
  landing: 0.1152487387880683
  view-data: 0.5083548808470368
