times:
  edit-metadata: 1.3644539956003428
  landing: 0.02009938471019268
  view-data: 0.023200303316116333
