times:
  edit-metadata: 1.5334844160825014
  landing: 0.2454238496720791
  view-data: 0.3541979603469372
