times:
  edit-metadata: 1.4041793532669544
  landing: 0.025572510436177254
  view-data: 0.27075329422950745
