times:
  edit-metadata: 1.5950084701180458
  landing: 0.033329134806990623
  view-data: 0.35144955664873123
