times:
  edit-metadata: 1.3498232085257769
  landing: 0.1871770080178976
  view-data: 0.10502452589571476
