times:
  edit-metadata: 1.8376882523298264
  landing: 0.2291067000478506
  view-data: 0.30585628375411034
