times:
  edit-metadata: 0.5011745588853955
  landing: 0.0735720326192677
  view-data: 0.22157104406505823
