times:
  edit-metadata: 2.3672007040004246
  landing: 0.27775506902253255
  view-data: 0.5688151480280794
