times:
  edit-metadata: 1.750207081437111
  landing: 0.3457005489617586
  view-data: 0.364629615098238
