times:
  edit-metadata: 1.5820402968674898
  landing: 0.021357478573918343
  view-data: 0.35436099395155907
