times:
  edit-metadata: 0.7485041487962008
  landing: 0.04019161919131875
  view-data: 0.21173265716060996
