times:
  edit-metadata: 1.3698528967797756
  landing: 0.021672853268682957
  view-data: 0.12228024937212467
