times:
  edit-metadata: 1.5303494036197662
  landing: 0.023348776623606682
  view-data: 0.1746931243687868
