times:
  edit-metadata: 0.5285922307521105
  landing: 0.07279106182977557
  view-data: 0.2081343769095838
