times:
  edit-metadata: 1.361784080043435
  landing: 0.03299345821142197
  view-data: 0.02875363640487194
