times:
  edit-metadata: 1.4907896630465984
  landing: 0.0199692714959383
  view-data: 0.3229575026780367
