times:
  edit-metadata: 1.4507411271333694
  landing: 0.021903131157159805
  view-data: 0.025744952261447906
