times:
  edit-metadata: 0.6994887259788811
  landing: 0.08001865167170763
  view-data: 0.19937597308307886
