times:
  edit-metadata: 1.4116467200219631
  landing: 0.019962670281529427
  view-data: 0.026550179347395897
