times:
  edit-metadata: 1.5552351921796799
  landing: 0.019946696236729622
  view-data: 0.02637169323861599
