times:
  edit-metadata: 1.6517550479620695
  landing: 0.020631620660424232
  view-data: 0.3052553776651621
