times:
  edit-metadata: 1.3573272470384836
  landing: 0.1266915062442422
  view-data: 0.2605228330940008
