times:
  edit-metadata: 1.703502370044589
  landing: 0.378318740054965
  view-data: 0.4840291365981102
