times:
  edit-metadata: 1.4990736972540617
  landing: 0.17777889966964722
  view-data: 0.338057616725564
