times:
  edit-metadata: 1.5549934096634388
  landing: 0.017656359821558
  view-data: 0.05038417503237724
