times:
  edit-metadata: 1.3602283522486687
  landing: 0.12230929173529148
  view-data: 0.02395635098218918
