times:
  edit-metadata: 1.408239551819861
  landing: 0.025549443438649178
  view-data: 0.4524713261052966
