times:
  edit-metadata: 1.3588001057505608
  landing: 0.02145046554505825
  view-data: 0.025133678689599037
