times:
  edit-metadata: 1.3289965689182281
  landing: 0.020199816673994064
  view-data: 0.12413504160940647
