times:
  edit-metadata: 0.5102855009026825
  landing: 0.057882930152118206
  view-data: 0.2058566459454596
