times:
  edit-metadata: 1.3941632146015763
  landing: 0.1291884481906891
  view-data: 0.1356522412970662
