times:
  edit-metadata: 1.7632018979638815
  landing: 0.2874822188168764
  view-data: 0.1476386860013008
