times:
  edit-metadata: 1.7850728332996368
  landing: 0.2580464445054531
  view-data: 0.2807909417897463
