times:
  edit-metadata: 1.397045349702239
  landing: 0.026066793128848076
  view-data: 0.1505090333521366
