times:
  edit-metadata: 0.5215641129761934
  landing: 0.16521800495684147
  view-data: 0.3076075683347881
