times:
  edit-metadata: 1.3003973383456469
  landing: 0.13300001993775368
  view-data: 0.02491150237619877
