times:
  edit-metadata: 0.6501443102024496
  landing: 0.09497934812679887
  view-data: 0.2969992347061634
