times:
  edit-metadata: 1.4183554630726576
  landing: 0.022900981828570366
  view-data: 0.026454970240592957
