times:
  edit-metadata: 1.407405724748969
  landing: 0.2518589310348034
  view-data: 0.1298597753047943
