times:
  edit-metadata: 1.51439892873168
  landing: 0.023963939398527145
  view-data: 0.02359158545732498
