times:
  edit-metadata: 1.3394645005464554
  landing: 0.019920293241739273
  view-data: 0.0259968601167202
