times:
  edit-metadata: 1.4458039980381727
  landing: 0.023272566497325897
  view-data: 0.36949506774544716
