times:
  edit-metadata: 1.436941884458065
  landing: 0.021708058193325996
  view-data: 0.14396480657160282
