times:
  edit-metadata: 0.5409901789389551
  landing: 0.0711797229014337
  view-data: 0.2774780699983239
