times:
  edit-metadata: 1.6008326560258865
  landing: 0.32920119538903236
  view-data: 0.3619813248515129
