times:
  edit-metadata: 1.4169552121311426
  landing: 0.022134365513920784
  view-data: 0.32361121475696564
