times:
  edit-metadata: 1.4704004880040884
  landing: 0.02121596969664097
  view-data: 0.3271412570029497
