times:
  edit-metadata: 1.3502110783010721
  landing: 0.09521744027733803
  view-data: 0.3279191888868809
