times:
  edit-metadata: 1.3208869928494096
  landing: 0.09637927543371916
  view-data: 0.23192901629954576
