times:
  edit-metadata: 1.4219950996339321
  landing: 0.14520615711808205
  view-data: 0.02712156157940626
