times:
  edit-metadata: 1.7332081403583288
  landing: 0.022861802950501442
  view-data: 0.14829560741782188
