times:
  edit-metadata: 1.3694202024489641
  landing: 0.13347377814352512
  view-data: 0.41322355903685093
