times:
  edit-metadata: 1.4599829390645027
  landing: 0.019412046298384666
  view-data: 0.13406757358461618
