times:
  edit-metadata: 1.412676202133298
  landing: 0.021255526691675186
  view-data: 0.1026143841445446
