times:
  edit-metadata: 1.6803181115537882
  landing: 0.26362768933176994
  view-data: 0.4074670486152172
