times:
  edit-metadata: 1.4157353304326534
  landing: 0.019375620409846306
  view-data: 0.1756207812577486
