times:
  edit-metadata: 1.5127165783196688
  landing: 0.15513610653579235
  view-data: 0.19695867039263248
