times:
  edit-metadata: 0.5792887881398201
  landing: 0.05881461361423135
  view-data: 0.20055384142324328
