times:
  edit-metadata: 0.5197751661762595
  landing: 0.058068017940968275
  view-data: 0.20006157085299492
