times:
  edit-metadata: 1.3580706305801868
  landing: 0.023664887994527817
  view-data: 0.025089776143431664
