times:
  edit-metadata: 1.7465060167014599
  landing: 0.29470277205109596
  view-data: 0.032949045300483704
