times:
  edit-metadata: 1.4429579004645348
  landing: 0.026256904006004333
  view-data: 0.12972357496619225
