times:
  edit-metadata: 1.3531299382448196
  landing: 0.021860625594854355
  view-data: 0.026690738275647163
