times:
  edit-metadata: 0.7122452189214528
  landing: 0.08468706393614411
  view-data: 0.2721081911586225
