times:
  edit-metadata: 1.4438507594168186
  landing: 0.27384780533611774
  view-data: 0.027320479974150658
