times:
  edit-metadata: 1.620698319748044
  landing: 0.16767271235585213
  view-data: 0.3386877663433552
