times:
  edit-metadata: 1.4814978893846273
  landing: 0.02206474542617798
  view-data: 0.048364972695708275
