times:
  edit-metadata: 1.4838534276932478
  landing: 0.1436783615499735
  view-data: 0.14642669446766376
