times:
  edit-metadata: 1.4763858523219824
  landing: 0.15816956013441086
  view-data: 0.29629271663725376
