times:
  edit-metadata: 1.4002857767045498
  landing: 0.1405261680483818
  view-data: 0.13132583163678646
