times:
  edit-metadata: 1.5877212472259998
  landing: 0.020666172727942467
  view-data: 0.39544428139925003
