times:
  edit-metadata: 1.4230573158711195
  landing: 0.21310204826295376
  view-data: 0.026911083608865738
