times:
  edit-metadata: 0.52484648860991
  landing: 0.08325358713045716
  view-data: 0.21985322097316384
