times:
  edit-metadata: 1.4688170719891787
  landing: 0.02062523551285267
  view-data: 0.026306385174393654
