times:
  edit-metadata: 1.375508438795805
  landing: 0.019814237020909786
  view-data: 0.027517644688487053
