times:
  edit-metadata: 0.7464499450288713
  landing: 0.06705373618751764
  view-data: 0.2431790609844029
