times:
  edit-metadata: 0.666031681932509
  landing: 0.06274989526718855
  view-data: 0.2617478519678116
