times:
  edit-metadata: 0.658408812712878
  landing: 0.12167000211775303
  view-data: 0.2001551017165184
