times:
  edit-metadata: 1.4051630645990372
  landing: 0.025570746511220932
  view-data: 0.3447969760745764
