times:
  edit-metadata: 1.4680498903617263
  landing: 0.2539150780066848
  view-data: 0.3423598948866129
