times:
  edit-metadata: 1.3657951466739178
  landing: 0.13911016657948494
  view-data: 0.3491005413234234
