times:
  edit-metadata: 1.4431983577087522
  landing: 0.137091850861907
  view-data: 0.1137315034866333
