times:
  edit-metadata: 1.6720341052860022
  landing: 0.024043235927820206
  view-data: 0.4355258848518133
