times:
  edit-metadata: 1.7955210730433464
  landing: 0.24916243739426136
  view-data: 0.43122227117419243
