times:
  edit-metadata: 1.3433168344199657
  landing: 0.020090559497475624
  view-data: 0.023467890918254852
