times:
  edit-metadata: 1.3859111089259386
  landing: 0.15027893148362637
  view-data: 0.31693320348858833
