times:
  edit-metadata: 1.3552674110978842
  landing: 0.01960594393312931
  view-data: 0.26980699971318245
