times:
  edit-metadata: 1.3770451787859201
  landing: 0.13969232700765133
  view-data: 0.30902228876948357
