times:
  edit-metadata: 1.4798567220568657
  landing: 0.2682603057473898
  view-data: 0.2916256207972765
