times:
  edit-metadata: 1.4274528101086617
  landing: 0.1963482378050685
  view-data: 0.40220106579363346
