times:
  edit-metadata: 0.5161365699023008
  landing: 0.11351997638121247
  view-data: 0.27950614504516125
