times:
  edit-metadata: 1.5884077046066523
  landing: 0.2553444877266884
  view-data: 0.12977370992302895
