times:
  edit-metadata: 1.4091060310602188
  landing: 0.02222391404211521
  view-data: 0.2558321934193373
