times:
  edit-metadata: 1.4961062613874674
  landing: 0.24735752493143082
  view-data: 0.12851654179394245
