times:
  edit-metadata: 1.3537281844764948
  landing: 0.11539909802377224
  view-data: 0.023474372923374176
