times:
  edit-metadata: 0.5315287648700178
  landing: 0.1762517699971795
  view-data: 0.21369210397824645
