times:
  edit-metadata: 1.484136089682579
  landing: 0.1362341195344925
  view-data: 0.024089635349810123
