times:
  edit-metadata: 1.4364648684859276
  landing: 0.054813675582408905
  view-data: 0.12785068340599537
