times:
  edit-metadata: 1.4385325536131859
  landing: 0.021548038348555565
  view-data: 0.14678790047764778
