times:
  edit-metadata: 1.8631022460758686
  landing: 0.15190279856324196
  view-data: 0.6179423909634352
