times:
  edit-metadata: 1.3662611544132233
  landing: 0.020088009536266327
  view-data: 0.025862321257591248
