times:
  edit-metadata: 1.928267316892743
  landing: 0.2347179800271988
  view-data: 0.33511295542120934
