times:
  edit-metadata: 1.3740997221320868
  landing: 0.11309749819338322
  view-data: 0.261059682816267
