times:
  edit-metadata: 1.9337390195578337
  landing: 0.21081123501062393
  view-data: 0.22461513429880142
