times:
  edit-metadata: 0.6005523870699108
  landing: 0.058867827989161015
  view-data: 0.313502776902169
