times:
  edit-metadata: 1.3170868717133999
  landing: 0.11167112272232771
  view-data: 0.1974437441676855
