times:
  edit-metadata: 2.798301063477993
  landing: 0.14655889943242073
  view-data: 0.42081561498343945
