times:
  edit-metadata: 1.5487142354249954
  landing: 0.1804557517170906
  view-data: 0.24531795643270016
