times:
  edit-metadata: 1.4543140102177858
  landing: 0.024156741797924042
  view-data: 0.3206088822335005
