times:
  edit-metadata: 1.4035966787487268
  landing: 0.11293293070048094
  view-data: 0.026113906875252724
