times:
  edit-metadata: 1.5203678235411644
  landing: 0.2829130683094263
  view-data: 0.35612259060144424
