times:
  edit-metadata: 0.5840188260190189
  landing: 0.06779178278520703
  view-data: 0.20611345302313566
