times:
  edit-metadata: 0.5766630312427878
  landing: 0.07151205092668533
  view-data: 0.2071535768918693
