times:
  edit-metadata: 0.5713347801938653
  landing: 0.07192735793069005
  view-data: 0.239398879930377
