times:
  edit-metadata: 0.8604052779264748
  landing: 0.06553072389215231
  view-data: 0.21776757296174765
