times:
  edit-metadata: 0.5542587139643729
  landing: 0.0717273261398077
  view-data: 0.21519381925463676
