times:
  edit-metadata: 0.8184802439063787
  landing: 0.04577098414301872
  view-data: 0.28319944301620126
