times:
  edit-metadata: 0.6005687988363206
  landing: 0.06133730197325349
  view-data: 0.21325989719480276
