times:
  edit-metadata: 0.6253732540644705
  landing: 0.04324548505246639
  view-data: 0.21663200575858355
