times:
  edit-metadata: 0.6935357069596648
  landing: 0.11187209002673626
  view-data: 0.2616136157885194
