times:
  edit-metadata: 0.7012309799902141
  landing: 0.10489844670519233
  view-data: 0.2017174200154841
