times:
  edit-metadata: 0.5904500791803002
  landing: 0.06307412590831518
  view-data: 0.22009418765082955
