times:
  edit-metadata: 0.8014307413250208
  landing: 0.058328533079475164
  view-data: 0.20984693570062518
