times:
  edit-metadata: 0.8862441796809435
  landing: 0.054227740969508886
  view-data: 0.20861037401482463
