times:
  edit-metadata: 0.5955945472232997
  landing: 0.103859752882272
  view-data: 0.31492963805794716
